1685512429113	1685512429112	-7.997	-3.426	1.829	-0.803	1.069	2.571	1.949	-2.148	2.863	126.974663	37.295013
1685512429114	1685512429113	-8.064	-3.677	1.827	-0.908	1.071	2.415	1.877	-2.583	3.067	126.974663	37.295013
1685512429122	1685512429114	-8.186	-3.953	1.822	-1.010	1.027	2.293	1.702	-3.043	3.191	126.974663	37.295013
1685512429132	1685512429122	-8.183	-4.187	1.793	-1.091	0.948	2.206	1.628	-3.541	3.294	126.974663	37.295013
1685512429142	1685512429132	-8.205	-4.214	1.808	-1.131	0.853	2.153	1.489	-4.080	3.400	126.974663	37.295013
1685512429153	1685512429142	-8.176	-4.345	1.607	-1.130	0.750	2.116	1.472	-4.520	3.450	126.974663	37.295013
1685512429162	1685512429153	-8.238	-4.413	1.516	-1.104	0.663	2.081	1.439	-4.712	3.493	126.974663	37.295013
1685512429173	1685512429162	-8.449	-4.518	1.415	-1.076	0.585	2.031	1.456	-5.001	3.309	126.974663	37.295013
1685512429182	1685512429173	-8.708	-4.465	1.326	-1.054	0.529	1.957	1.377	-5.241	3.232	126.974663	37.295013
1685512429192	1685512429182	-9.038	-4.556	1.319	-1.041	0.491	1.858	1.156	-5.468	3.129	126.974663	37.295013
1685512429202	1685512429192	-9.254	-4.604	1.264	-1.062	0.452	1.743	0.881	-5.571	3.038	126.974663	37.295013
1685512429212	1685512429202	-9.455	-4.647	1.300	-1.109	0.400	1.618	0.539	-5.770	3.024	126.974663	37.295013
1685512429222	1685512429212	-9.534	-4.729	1.307	-1.170	0.349	1.484	0.306	-5.940	2.964	126.974663	37.295013
1685512429233	1685512429222	-9.668	-4.982	1.439	-1.246	0.296	1.348	0.089	-6.103	2.993	126.974663	37.295013
1685512429242	1685512429234	-9.996	-5.109	1.499	-1.306	0.260	1.208	-0.005	-6.302	2.995	126.974663	37.295013
1685512429253	1685512429242	-10.254	-5.260	1.583	-1.338	0.257	1.059	-0.156	-6.670	3.117	126.974663	37.295013
1685512429262	1685512429253	-10.436	-5.430	1.788	-1.340	0.266	0.905	-0.508	-6.924	3.168	126.974663	37.295013
1685512429272	1685512429262	-10.374	-5.516	1.846	-1.305	0.271	0.760	-0.785	-7.178	3.247	126.974663	37.295013
1685512429287	1685512429272	-10.190	-5.605	1.856	-1.221	0.257	0.629	-0.991	-7.465	3.452	126.974648	37.295002
1685512429293	1685512429287	-9.919	-5.557	1.712	-1.087	0.221	0.513	-0.948	-7.638	3.508	126.974648	37.295002
1685512429302	1685512429293	-9.720	-5.509	1.626	-0.930	0.187	0.400	-0.781	-7.805	3.515	126.974648	37.295002
1685512429312	1685512429302	-9.658	-5.466	1.365	-0.786	0.165	0.277	-0.524	-7.822	3.369	126.974648	37.295002
1685512429322	1685512429312	-9.898	-5.389	1.259	-0.666	0.156	0.136	-0.340	-7.834	3.278	126.974648	37.295002
1685512429332	1685512429322	-10.582	-5.437	1.161	-0.566	0.154	-0.016	-0.285	-7.824	3.014	126.974648	37.295002
1685512429342	1685512429332	-11.789	-5.681	1.111	-0.494	0.166	-0.180	-0.532	-7.772	2.907	126.974648	37.295002
1685512429354	1685512429342	-13.161	-5.720	1.247	-0.435	0.241	-0.368	-1.219	-7.829	2.811	126.974648	37.295002
1685512429362	1685512429354	-14.016	-5.760	1.494	-0.367	0.329	-0.563	-2.423	-8.064	2.763	126.974648	37.295002
1685512429372	1685512429362	-13.712	-5.686	1.877	-0.279	0.341	-0.721	-3.792	-8.076	2.911	126.974648	37.295002
1685512429383	1685512429372	-12.129	-5.461	1.908	-0.161	0.214	-0.781	-4.638	-8.059	3.187	126.974648	37.295002
1685512429393	1685512429383	-10.379	-5.399	1.563	-0.009	-0.056	-0.742	-4.324	-7.934	3.589	126.974648	37.295002
1685512429402	1685512429393	-9.625	-5.385	1.257	0.167	-0.331	-0.698	-2.727	-7.640	3.637	126.974648	37.295002
1685512429414	1685512429402	-10.700	-5.490	1.228	0.316	-0.403	-0.767	-0.960	-7.508	3.287	126.974648	37.295002
1685512429422	1685512429414	-12.866	-5.705	1.288	0.435	-0.217	-0.986	-0.187	-7.424	2.952	126.974648	37.295002
1685512429432	1685512429422	-14.806	-5.880	1.276	0.557	0.066	-1.272	-1.238	-7.451	2.892	126.974648	37.295002
1685512429444	1685512429433	-15.977	-5.806	1.058	0.711	0.205	-1.487	-3.383	-7.556	2.938	126.974648	37.295002
1685512429453	1685512429444	-16.372	-5.569	0.512	0.894	0.115	-1.581	-5.303	-7.614	2.940	126.974648	37.295002
1685512429462	1685512429454	-16.369	-5.356	0.093	1.081	-0.094	-1.598	-6.452	-7.386	2.753	126.974648	37.295002
1685512429474	1685512429462	-15.977	-5.207	-0.105	1.216	-0.299	-1.597	-6.826	-6.984	2.231	126.974648	37.295002
1685512429482	1685512429474	-15.244	-5.080	-0.215	1.262	-0.496	-1.610	-6.800	-6.582	1.820	126.974648	37.295002
1685512429492	1685512429483	-14.530	-4.875	-0.129	1.264	-0.650	-1.651	-6.385	-6.278	1.607	126.974648	37.295002
1685512429504	1685512429492	-13.683	-4.544	-0.093	1.242	-0.790	-1.719	-5.624	-5.957	1.458	126.974648	37.295002
1685512429512	1685512429504	-12.924	-4.286	0.017	1.174	-0.938	-1.831	-4.889	-5.588	1.496	126.974648	37.295002
1685512429524	1685512429512	-12.198	-4.154	0.115	1.071	-1.040	-1.999	-4.020	-5.071	1.463	126.974648	37.295002
1685512429534	1685512429525	-11.571	-3.780	0.342	0.976	-1.071	-2.199	-3.237	-4.618	1.489	126.974648	37.295002
1685512429545	1685512429534	-10.891	-3.433	0.460	0.900	-1.071	-2.412	-2.492	-4.276	1.489	126.974648	37.295002
1685512429554	1685512429546	-10.290	-3.187	0.484	0.843	-1.070	-2.625	-1.851	-3.677	1.611	126.974648	37.295002
1685512429562	1685512429554	-9.728	-3.079	0.546	0.783	-1.067	-2.843	-1.164	-3.060	1.611	126.974648	37.295002
1685512429574	1685512429563	-9.436	-3.031	0.431	0.706	-1.042	-3.071	-0.563	-2.574	1.539	126.974648	37.295002
1685512429583	1685512429574	-9.409	-3.098	0.369	0.626	-0.994	-3.312	-0.012	-2.155	1.480	126.974648	37.295002
1685512429595	1685512429583	-9.390	-3.000	0.323	0.552	-0.941	-3.549	0.256	-1.832	1.267	126.974648	37.295002
1685512429602	1685512429595	-9.538	-3.036	0.165	0.492	-0.898	-3.753	0.247	-1.573	1.101	126.974648	37.295002
1685512429612	1685512429603	-9.577	-3.079	0.084	0.464	-0.878	-3.907	0.211	-1.130	0.955	126.974648	37.295002
1685512429622	1685512429613	-9.498	-2.981	0.050	0.483	-0.878	-4.018	-0.022	-0.733	0.682	126.974648	37.295002
1685512429633	1685512429623	-9.383	-3.005	-0.072	0.540	-0.893	-4.093	-0.134	-0.476	0.524	126.974648	37.295002
1685512429643	1685512429633	-9.242	-2.780	-0.141	0.624	-0.904	-4.137	-0.175	0.036	0.385	126.974648	37.295002
1685512429655	1685512429643	-9.124	-2.612	-0.215	0.724	-0.902	-4.148	-0.175	0.354	0.172	126.974648	37.295002
1685512429663	1685512429656	-8.909	-2.507	-0.244	0.823	-0.896	-4.122	-0.194	0.996	-0.010	126.974648	37.295002
1685512429673	1685512429663	-8.598	-2.404	-0.163	0.907	-0.900	-4.057	-0.225	1.499	-0.182	126.974648	37.295002
1685512429684	1685512429674	-8.384	-2.270	-0.117	0.963	-0.911	-3.956	-0.239	2.071	-0.359	126.974648	37.295002
1685512429693	1685512429684	-8.155	-2.191	-0.079	1.002	-0.907	-3.825	-0.053	2.397	-0.362	126.974648	37.295002
1685512429705	1685512429693	-7.944	-2.018	-0.053	1.031	-0.878	-3.666	-0.036	2.861	-0.448	126.974648	37.295002
1685512429714	1685512429705	-7.791	-2.064	-0.053	1.046	-0.834	-3.478	0.041	3.170	-0.515	126.974648	37.295002
1685512429725	1685512429714	-7.558	-1.927	-0.060	1.037	-0.800	-3.261	0.069	3.598	-0.615	126.974648	37.295002
1685512429733	1685512429725	-7.300	-1.839	-0.163	0.998	-0.770	-3.019	0.081	3.740	-0.716	126.974648	37.295002
1685512429743	1685512429733	-7.068	-1.717	-0.196	0.931	-0.738	-2.761	0.105	4.132	-0.860	126.974648	37.295002
1685512429755	1685512429743	-6.864	-1.616	-0.201	0.832	-0.710	-2.490	0.230	4.372	-1.053	126.974648	37.295002
1685512429762	1685512429755	-6.950	-1.726	-0.170	0.716	-0.665	-2.206	0.263	4.712	-1.211	126.974648	37.295002
1685512429774	1685512429763	-7.128	-1.729	-0.057	0.597	-0.588	-1.918	0.297	4.982	-1.322	126.974648	37.295002
1685512429785	1685512429774	-7.333	-1.875	-0.065	0.496	-0.491	-1.631	0.041	5.035	-1.396	126.974648	37.295002
1685512429793	1685512429785	-7.384	-1.822	-0.117	0.409	-0.396	-1.345	-0.259	5.145	-1.355	126.974648	37.295002
1685512429803	1685512429793	-7.372	-1.700	-0.259	0.331	-0.321	-1.049	-0.596	5.114	-1.437	126.974648	37.295002
1685512429815	1685512429803	-7.269	-1.686	-0.393	0.253	-0.270	-0.738	-0.737	5.243	-1.539	126.974648	37.295002
1685512429823	1685512429815	-7.053	-1.602	-0.412	0.166	-0.226	-0.425	-0.804	5.430	-1.726	126.974648	37.295002
1685512429834	1685512429823	-7.087	-1.681	-0.402	0.072	-0.170	-0.130	-0.759	5.490	-1.896	126.974648	37.295002
1685512429845	1685512429835	-7.590	-1.788	-0.429	-0.026	-0.089	0.138	-0.577	5.598	-1.942	126.974648	37.295002
1685512429854	1685512429846	-8.413	-2.078	-0.309	-0.111	0.037	0.380	-0.622	5.526	-1.949	126.974648	37.295002
1685512429863	1685512429855	-9.390	-2.404	-0.144	-0.165	0.215	0.612	-1.116	5.409	-1.978	126.974648	37.295002
1685512429874	1685512429863	-10.271	-2.454	-0.141	-0.183	0.406	0.858	-1.913	5.097	-1.851	126.974648	37.295002
1685512429883	1685512429875	-10.925	-2.562	-0.292	-0.178	0.562	1.147	-2.840	4.731	-1.657	126.974648	37.295002
1685512429894	1685512429883	-11.171	-2.851	-0.285	-0.161	0.673	1.502	-3.661	4.633	-1.618	126.974648	37.295002
1685512429903	1685512429894	-11.018	-2.837	-0.297	-0.158	0.740	1.905	-4.226	4.451	-1.719	126.974648	37.295002
1685512429913	1685512429903	-10.764	-2.883	-0.220	-0.193	0.773	2.305	-4.357	4.063	-1.654	126.974648	37.295002
1685512429923	1685512429913	-10.987	-2.933	-0.292	-0.272	0.804	2.652	-4.051	3.934	-1.599	126.974648	37.295002
1685512429933	1685512429923	-11.612	-3.261	-0.079	-0.384	0.886	2.922	-3.649	3.745	-1.460	126.974648	37.295002
1685512429943	1685512429933	-12.668	-3.570	0.259	-0.505	1.058	3.118	-3.689	3.508	-1.458	126.974648	37.295002
1685512429955	1685512429943	-13.929	-4.049	0.644	-0.578	1.280	3.268	-4.118	2.966	-1.154	126.974648	37.295002
1685512429963	1685512429955	-14.911	-4.379	1.039	-0.566	1.492	3.401	-4.973	2.425	-0.706	126.974648	37.295002
1685512429973	1685512429963	-15.577	-4.599	1.295	-0.465	1.677	3.530	-6.031	1.697	-0.187	126.974648	37.295002
1685512429983	1685512429973	-15.677	-4.640	1.456	-0.286	1.806	3.676	-6.773	1.044	0.388	126.974648	37.295002
1685512429994	1685512429983	-15.304	-4.630	1.403	-0.065	1.851	3.842	-7.281	0.594	0.776	126.974648	37.295002
1685512430004	1685512429995	-14.638	-4.705	1.322	0.154	1.844	4.000	-7.187	0.247	1.101	126.974648	37.295002
1685512430015	1685512430005	-13.901	-4.664	1.087	0.341	1.824	4.109	-6.627	-0.072	1.211	126.974648	37.295002
1685512430024	1685512430015	-13.151	-4.597	0.912	0.496	1.802	4.153	-5.784	-0.498	1.283	126.974648	37.295002
1685512430035	1685512430024	-12.060	-4.367	0.864	0.623	1.754	4.137	-4.882	-0.824	1.199	126.974648	37.295002
1685512430044	1685512430035	-10.963	-4.123	0.742	0.718	1.668	4.073	-3.970	-1.171	1.185	126.974648	37.295002
1685512430056	1685512430045	-9.764	-3.742	0.773	0.777	1.543	3.963	-2.763	-1.283	1.264	126.974648	37.295002
1685512430064	1685512430056	-8.799	-3.443	0.953	0.786	1.399	3.807	-1.556	-1.417	1.276	126.974648	37.295002
1685512430076	1685512430065	-7.968	-3.223	1.171	0.761	1.284	3.605	-0.263	-1.405	1.434	126.974648	37.295002
1685512430085	1685512430077	-7.597	-3.053	1.384	0.706	1.219	3.361	0.776	-1.501	1.743	126.974648	37.295002
1685512430095	1685512430086	-7.518	-2.990	1.501	0.613	1.222	3.076	1.657	-1.585	2.059	126.974648	37.295002
1685512430104	1685512430095	-7.764	-2.899	1.669	0.481	1.267	2.775	2.069	-1.765	2.389	126.974648	37.295002
1685512430114	1685512430104	-8.066	-3.091	1.736	0.294	1.316	2.494	2.169	-1.966	2.607	126.974648	37.295002
1685512430124	1685512430114	-8.207	-3.244	1.676	0.062	1.328	2.254	1.932	-2.138	2.895	126.974648	37.295002
1685512430134	1685512430124	-8.329	-3.464	1.583	-0.188	1.255	2.061	1.628	-2.567	3.086	126.974648	37.295002
1685512430143	1685512430134	-8.305	-3.790	1.525	-0.434	1.123	1.912	1.477	-2.938	3.156	126.974648	37.295002
1685512430155	1685512430144	-8.497	-3.790	1.453	-0.634	0.996	1.801	1.341	-3.361	3.184	126.974648	37.295002
1685512430164	1685512430155	-8.765	-3.845	1.374	-0.786	0.898	1.706	1.343	-3.898	3.247	126.974648	37.295002
1685512430173	1685512430164	-8.935	-4.034	1.501	-0.933	0.808	1.613	1.142	-4.013	3.218	126.974648	37.295002
1685512430183	1685512430173	-9.098	-4.240	1.451	-1.074	0.713	1.519	0.862	-4.207	3.189	126.974648	37.295002
1685512430194	1685512430183	-9.218	-4.164	1.389	-1.178	0.628	1.420	0.682	-4.494	3.340	126.974648	37.295002
1685512430204	1685512430194	-9.225	-4.326	1.427	-1.260	0.540	1.321	0.510	-4.810	3.311	126.974648	37.295002
1685512430213	1685512430204	-9.163	-4.513	1.437	-1.332	0.442	1.227	0.378	-4.841	3.266	126.974648	37.295002
1685512430223	1685512430213	-9.206	-4.429	1.326	-1.385	0.376	1.120	0.359	-5.124	3.321	126.974648	37.295002
1685512430233	1685512430223	-9.170	-4.374	1.334	-1.416	0.340	0.998	0.414	-5.397	3.330	126.974632	37.294998
1685512430243	1685512430233	-9.337	-4.441	1.343	-1.450	0.315	0.871	0.362	-5.409	3.218	126.974632	37.294998
1685512430255	1685512430243	-9.560	-4.537	1.302	-1.484	0.304	0.743	0.390	-5.440	3.223	126.974632	37.294998
1685512430263	1685512430256	-9.792	-4.707	1.451	-1.489	0.320	0.611	0.213	-5.586	3.227	126.974632	37.294998
1685512430274	1685512430263	-10.092	-4.932	1.561	-1.464	0.330	0.484	-0.014	-5.751	3.182	126.974632	37.294998
1685512430284	1685512430274	-10.197	-5.092	1.733	-1.395	0.336	0.379	-0.259	-6.002	3.333	126.974632	37.294998
1685512430295	1685512430284	-10.082	-5.049	1.925	-1.272	0.341	0.298	-0.565	-6.275	3.445	126.974632	37.294998
1685512430305	1685512430295	-9.835	-5.104	1.954	-1.098	0.324	0.248	-0.680	-6.498	3.630	126.974632	37.294998
1685512430316	1685512430305	-9.649	-4.922	1.949	-0.899	0.281	0.225	-0.577	-6.507	3.836	126.974632	37.294998
1685512430325	1685512430317	-9.708	-4.956	1.894	-0.709	0.253	0.197	-0.340	-6.606	3.879	126.974632	37.294998
1685512430335	1685512430325	-9.972	-4.920	1.774	-0.541	0.260	0.143	-0.163	-6.462	3.888	126.974632	37.294998
1685512430346	1685512430336	-10.611	-4.812	1.547	-0.392	0.291	0.068	-0.230	-6.531	3.845	126.974632	37.294998
1685512430358	1685512430346	-11.420	-4.954	1.465	-0.286	0.310	-0.007	-0.500	-6.517	3.740	126.974632	37.294998
1685512430366	1685512430359	-12.452	-5.004	1.441	-0.239	0.319	-0.088	-1.147	-6.424	3.534	126.974632	37.294998
1685512430379	1685512430368	-13.604	-4.994	1.290	-0.197	0.352	-0.184	-1.963	-6.570	3.479	126.974632	37.294998
1685512430388	1685512430379	-14.255	-5.193	1.568	-0.153	0.364	-0.275	-3.000	-6.618	3.484	126.974632	37.294998
1685512430398	1685512430389	-14.217	-5.576	2.140	-0.145	0.297	-0.329	-4.156	-6.596	3.359	126.974632	37.294998
1685512430407	1685512430398	-12.785	-5.234	2.330	-0.110	0.187	-0.352	-4.812	-6.766	3.675	126.974632	37.294998
1685512430420	1685512430407	-10.616	-4.803	1.887	0.009	-0.027	-0.337	-4.774	-7.128	4.269	126.974632	37.294998
1685512430427	1685512430421	-9.043	-4.839	1.532	0.106	-0.414	-0.297	-3.340	-6.752	4.475	126.974632	37.294998
1685512430439	1685512430427	-8.835	-5.004	1.456	0.136	-0.666	-0.320	-1.166	-6.292	4.029	126.974632	37.294998
1685512430458	1685512430439	-10.266	-5.088	1.381	0.156	-0.586	-0.495	0.421	-6.294	3.634	126.974632	37.294998
1685512430460	1685512430459	-12.526	-5.289	1.525	0.216	-0.324	-0.809	0.644	-6.428	3.503	126.974632	37.294998
1685512430466	1685512430460	-14.334	-5.521	1.475	0.336	-0.050	-1.145	-0.761	-6.452	3.364	126.974632	37.294998
1685512430478	1685512430467	-15.385	-5.337	1.147	0.497	0.071	-1.388	-3.010	-6.589	3.486	126.974632	37.294998
1685512430488	1685512430478	-15.431	-5.167	0.759	0.681	-0.038	-1.517	-4.800	-6.682	3.433	126.974632	37.294998
1685512430497	1685512430488	-14.856	-4.894	0.503	0.860	-0.299	-1.560	-5.839	-6.371	3.117	126.974632	37.294998
1685512430506	1685512430499	-14.145	-4.774	0.328	0.987	-0.594	-1.556	-5.868	-6.043	2.732	126.974632	37.294998
1685512430517	1685512430507	-13.379	-4.599	0.292	1.043	-0.820	-1.566	-5.277	-5.602	2.454	126.974632	37.294998
1685512430525	1685512430517	-12.718	-4.360	0.373	1.068	-0.952	-1.611	-4.542	-5.298	2.224	126.974632	37.294998
1685512430535	1685512430526	-12.016	-4.029	0.462	1.065	-1.052	-1.687	-3.754	-4.970	2.121	126.974632	37.294998
1685512430545	1685512430536	-11.497	-3.733	0.548	1.019	-1.135	-1.792	-3.072	-4.556	2.114	126.974632	37.294998
1685512430557	1685512430545	-10.915	-3.515	0.608	0.936	-1.178	-1.935	-2.351	-4.044	2.102	126.974632	37.294998
1685512430564	1685512430557	-10.484	-3.227	0.611	0.834	-1.183	-2.111	-1.815	-3.558	2.076	126.974632	37.294998
1685512430574	1685512430564	-10.060	-3.038	0.608	0.724	-1.179	-2.307	-1.221	-3.139	2.021	126.974632	37.294998
1685512430584	1685512430574	-9.711	-2.931	0.567	0.601	-1.168	-2.506	-0.783	-2.593	1.879	126.974632	37.294998
1685512430595	1685512430584	-9.507	-2.866	0.409	0.470	-1.153	-2.706	-0.362	-2.217	1.781	126.974632	37.294998
1685512430607	1685512430595	-9.424	-3.033	0.259	0.338	-1.126	-2.903	-0.022	-1.860	1.621	126.974632	37.294998
1685512430620	1685512430607	-9.280	-2.974	0.201	0.217	-1.108	-3.085	0.158	-1.528	1.346	126.974632	37.294998
1685512430626	1685512430620	-9.139	-3.151	0.122	0.139	-1.089	-3.236	0.208	-1.413	1.082	126.974632	37.294998
1685512430636	1685512430627	-9.060	-3.081	0.067	0.114	-1.080	-3.349	0.306	-1.053	0.915	126.974632	37.294998
1685512430649	1685512430636	-8.954	-3.043	-0.034	0.132	-1.086	-3.433	0.381	-0.891	0.718	126.974632	37.294998
1685512430658	1685512430649	-8.806	-3.033	-0.136	0.187	-1.081	-3.494	0.393	-0.534	0.567	126.974632	37.294998
1685512430666	1685512430658	-8.727	-2.950	-0.101	0.272	-1.056	-3.534	0.409	-0.172	0.362	126.974632	37.294998
1685512430678	1685512430666	-8.650	-2.844	-0.105	0.381	-1.021	-3.552	0.457	0.160	0.151	126.974632	37.294998
1685512430687	1685512430678	-8.507	-2.686	-0.057	0.501	-0.991	-3.541	0.407	0.601	0.067	126.974632	37.294998
1685512430697	1685512430687	-8.382	-2.586	-0.163	0.618	-0.968	-3.500	0.373	0.984	-0.036	126.974632	37.294998
1685512430707	1685512430697	-8.361	-2.270	-0.239	0.716	-0.938	-3.437	0.373	1.463	-0.110	126.974632	37.294998
1685512430717	1685512430707	-8.353	-2.253	-0.268	0.776	-0.902	-3.359	0.385	1.796	-0.314	126.974632	37.294998
1685512430727	1685512430717	-8.329	-2.090	-0.371	0.789	-0.864	-3.262	0.285	2.344	-0.498	126.974632	37.294998
1685512430739	1685512430727	-8.327	-2.037	-0.359	0.766	-0.836	-3.129	0.170	2.576	-0.627	126.974632	37.294998
1685512430746	1685512430739	-8.135	-1.894	-0.371	0.711	-0.816	-2.963	0.065	2.952	-0.828	126.974632	37.294998
1685512430760	1685512430747	-8.004	-1.820	-0.402	0.630	-0.795	-2.776	-0.067	3.213	-0.912	126.974632	37.294998
1685512430769	1685512430760	-7.683	-1.827	-0.496	0.528	-0.783	-2.564	-0.029	3.579	-1.027	126.974632	37.294998
1685512430780	1685512430771	-7.389	-1.851	-0.512	0.412	-0.782	-2.327	-0.019	3.821	-1.137	126.974632	37.294998
1685512430788	1685512430780	-7.247	-1.860	-0.383	0.293	-0.749	-2.085	0.146	4.013	-1.326	126.974632	37.294998
1685512430799	1685512430788	-7.257	-1.963	-0.244	0.183	-0.691	-1.847	0.309	4.149	-1.420	126.974632	37.294998
1685512430808	1685512430800	-7.367	-2.102	-0.196	0.106	-0.610	-1.600	0.318	4.295	-1.365	126.974632	37.294998
1685512430819	1685512430809	-7.573	-2.186	-0.204	0.068	-0.507	-1.345	0.187	4.329	-1.290	126.974632	37.294998
1685512430836	1685512430819	-7.839	-2.049	-0.400	0.055	-0.417	-1.087	-0.041	4.319	-1.298	126.974632	37.294998
1685512430837	1685512430837	-7.800	-2.025	-0.436	0.042	-0.347	-0.828	-0.330	4.324	-1.343	126.974632	37.294998
1685512430846	1685512430837	-7.642	-1.853	-0.591	0.026	-0.286	-0.562	-0.673	4.537	-1.573	126.974632	37.294998
1685512430862	1685512430846	-7.487	-1.755	-0.728	-0.002	-0.260	-0.280	-0.694	4.621	-1.638	126.974632	37.294998
1685512430865	1685512430862	-7.877	-1.762	-0.915	-0.055	-0.246	-0.002	-0.577	4.831	-1.815	126.974632	37.294998
1685512430875	1685512430865	-8.811	-2.028	-0.874	-0.120	-0.169	0.243	-0.443	4.951	-1.968	126.974632	37.294998
1685512430884	1685512430875	-9.840	-2.339	-0.725	-0.187	0.010	0.456	-0.836	4.944	-2.172	126.974632	37.294998
1685512430895	1685512430884	-10.661	-2.682	-0.613	-0.238	0.213	0.674	-1.760	4.666	-2.136	126.974632	37.294998
1685512430904	1685512430895	-10.848	-2.756	-0.426	-0.253	0.356	0.955	-2.758	4.324	-1.973	126.974632	37.294998
1685512430916	1685512430904	-10.700	-2.890	-0.244	-0.252	0.406	1.306	-3.534	3.936	-1.829	126.974632	37.294998
1685512430924	1685512430916	-10.238	-2.971	-0.213	-0.292	0.392	1.687	-3.651	3.797	-1.599	126.974632	37.294998
1685512430934	1685512430925	-10.314	-3.065	-0.139	-0.363	0.397	2.029	-3.414	3.572	-1.372	126.974632	37.294998
1685512430944	1685512430934	-11.073	-3.268	0.022	-0.441	0.476	2.293	-2.818	3.345	-1.283	126.974632	37.294998
1685512430956	1685512430944	-12.313	-3.541	0.227	-0.498	0.662	2.490	-2.789	3.134	-1.168	126.974632	37.294998
1685512430964	1685512430956	-13.783	-3.991	0.505	-0.524	0.909	2.644	-3.402	2.761	-0.946	126.974632	37.294998
1685512430977	1685512430964	-15.040	-4.353	0.709	-0.503	1.139	2.778	-4.489	2.298	-0.658	126.974632	37.294998
1685512430986	1685512430977	-15.878	-4.300	0.776	-0.425	1.322	2.911	-5.784	1.623	-0.268	126.974632	37.294998
1685512430996	1685512430986	-16.015	-4.305	0.812	-0.272	1.438	3.075	-6.898	1.063	0.041	126.974632	37.294998
1685512431006	1685512430996	-15.610	-4.283	0.644	-0.083	1.456	3.277	-7.542	0.831	0.266	126.974632	37.294998
1685512431017	1685512431006	-14.787	-4.281	0.464	0.087	1.399	3.462	-7.535	0.594	0.424	126.974632	37.294998
1685512431026	1685512431018	-13.929	-4.441	0.373	0.191	1.312	3.581	-6.970	0.335	0.383	126.974632	37.294998
1685512431037	1685512431027	-12.907	-4.544	0.400	0.247	1.232	3.627	-6.002	0.065	0.311	126.974632	37.294998
1685512431046	1685512431037	-11.803	-4.503	0.601	0.287	1.152	3.615	-4.980	-0.443	0.340	126.974632	37.294998
1685512431058	1685512431046	-10.618	-4.310	0.936	0.315	1.068	3.554	-3.831	-0.840	0.457	126.974632	37.294998
1685512431066	1685512431058	-9.474	-4.068	1.120	0.340	0.970	3.457	-2.576	-1.195	0.773	126.974632	37.294998
1685512431076	1685512431067	-8.236	-3.632	1.168	0.346	0.876	3.323	-1.290	-1.298	1.188	126.974632	37.294998
1685512431087	1685512431077	-7.295	-3.184	1.566	0.321	0.817	3.140	-0.043	-1.413	1.463	126.974632	37.294998
1685512431097	1685512431087	-7.017	-2.983	2.385	0.264	0.832	2.922	1.267	-1.257	1.578	126.974632	37.294998
1685512431106	1685512431097	-6.900	-2.868	2.272	0.166	0.892	2.694	2.274	-1.109	2.045	126.974632	37.294998
1685512431116	1685512431107	-6.891	-3.347	2.095	-0.024	0.900	2.439	2.602	-1.185	2.938	126.974632	37.294998
1685512431126	1685512431116	-7.082	-4.173	2.112	-0.275	0.969	2.160	2.763	-1.355	2.919	126.974632	37.294998
1685512431135	1685512431126	-7.329	-3.967	1.935	-0.343	1.090	1.956	2.799	-2.047	2.820	126.974632	37.294998
1685512431145	1685512431135	-7.290	-3.541	1.786	-0.271	1.058	1.844	2.626	-3.086	2.933	126.974632	37.294998
1685512431157	1685512431146	-7.221	-3.536	1.626	-0.231	0.942	1.803	2.389	-3.072	2.866	126.974632	37.294998
1685512431165	1685512431158	-7.233	-3.589	1.573	-0.244	0.860	1.775	2.433	-2.828	2.823	126.974632	37.294998
1685512431175	1685512431166	-7.489	-3.685	1.695	-0.338	0.790	1.698	2.502	-3.002	2.756	126.974632	37.294998
1685512431185	1685512431175	-7.922	-3.603	1.628	-0.473	0.724	1.598	2.488	-3.266	2.804	126.974632	37.294998
1685512431195	1685512431185	-8.159	-3.768	1.513	-0.601	0.682	1.521	2.229	-3.464	2.964	126.974632	37.294998
1685512431205	1685512431195	-8.159	-3.768	1.513	-0.715	0.630	1.454	1.791	-3.517	2.947	126.974632	37.294998
1685512431218	1685512431205	-8.495	-3.984	1.312	-0.815	0.574	1.382	1.547	-3.814	2.880	126.974625	37.294991
1685512431228	1685512431218	-8.495	-3.984	1.312	-0.925	0.506	1.307	1.539	-3.936	2.921	126.974625	37.294991
1685512431235	1685512431228	-8.645	-4.106	1.293	-1.023	0.430	1.239	1.197	-4.269	2.753	126.974625	37.294991
1685512431245	1685512431235	-8.645	-4.053	1.214	-1.060	0.369	1.202	1.188	-4.389	2.780	126.974625	37.294991
1685512431259	1685512431245	-8.715	-4.082	1.099	-1.101	0.308	1.155	1.032	-4.592	2.768	126.974625	37.294991
1685512431265	1685512431259	-8.971	-4.360	1.099	-1.163	0.286	1.067	1.027	-4.623	2.691	126.974625	37.294991
1685512431277	1685512431265	-9.364	-4.635	1.166	-1.163	0.286	1.067	0.955	-4.726	2.567	126.974625	37.294991
1685512431285	1685512431277	-9.776	-4.836	1.192	-1.258	0.312	0.893	0.697	-5.080	2.555	126.974625	37.294991
1685512431296	1685512431286	-10.180	-4.934	1.176	-1.258	0.312	0.893	0.302	-5.397	2.602	126.974625	37.294991
1685512431306	1685512431296	-10.412	-4.934	1.398	-1.137	0.342	0.783	-0.108	-5.643	2.614	126.974625	37.294991
1685512431317	1685512431307	-10.400	-5.052	1.494	-1.137	0.342	0.783	-0.515	-5.782	2.588	126.974625	37.294991
1685512431327	1685512431317	-10.288	-5.162	1.506	-1.027	0.324	0.750	-0.754	-5.839	2.818	126.974625	37.294991
1685512431338	1685512431327	-10.226	-5.217	1.657	-0.896	0.303	0.738	-0.752	-6.036	2.931	126.974625	37.294991
1685512431347	1685512431339	-10.226	-5.212	1.484	-0.748	0.291	0.722	-0.651	-6.232	2.962	126.974625	37.294991
1685512431359	1685512431348	-10.683	-5.243	1.355	-0.611	0.293	0.663	-0.603	-6.371	3.132	126.974625	37.294991
1685512431368	1685512431359	-11.399	-5.411	1.302	-0.393	0.358	0.475	-0.615	-6.455	2.981	126.974625	37.294991
1685512431379	1685512431370	-12.440	-5.614	1.286	-0.393	0.358	0.475	-1.085	-6.553	2.871	126.974625	37.294991
1685512431388	1685512431379	-13.477	-5.636	1.257	-0.205	0.484	0.197	-1.815	-6.778	2.849	126.974625	37.294991
1685512431400	1685512431389	-14.186	-5.557	1.322	-0.205	0.484	0.197	-2.868	-7.027	2.859	126.974625	37.294991
1685512431410	1685512431400	-13.917	-5.590	1.621	-0.119	0.441	0.088	-3.915	-7.070	2.873	126.974625	37.294991
1685512431420	1685512431410	-12.579	-5.562	1.877	-0.050	0.297	0.026	-4.635	-7.015	2.981	126.974625	37.294991
1685512431430	1685512431420	-10.683	-5.145	1.695	0.032	0.082	-0.016	-4.377	-7.058	3.326	126.974625	37.294991
1685512431442	1685512431430	-9.251	-4.992	1.365	0.104	-0.206	-0.071	-3.043	-7.034	3.606	126.974625	37.294991
1685512431448	1685512431442	-8.911	-4.992	1.125	0.117	-0.456	-0.184	-1.147	-6.615	3.431	126.974625	37.294991
1685512431472	1685512431449	-10.223	-4.954	1.089	0.112	-0.469	-0.413	0.287	-6.452	3.084	126.974625	37.294991
1685512431473	1685512431472	-12.493	-5.080	1.159	0.198	0.023	-1.146	0.639	-6.433	2.801	126.974625	37.294991
1685512431480	1685512431473	-14.732	-5.260	1.120	0.198	0.023	-1.146	-0.658	-6.354	2.722	126.974625	37.294991
1685512431489	1685512431480	-15.991	-5.404	0.869	0.315	0.145	-1.442	-2.911	-6.345	2.799	126.974625	37.294991
1685512431498	1685512431489	-16.063	-5.195	0.488	0.447	0.045	-1.620	-5.138	-6.433	2.763	126.974625	37.294991
1685512431509	1685512431499	-15.352	-5.092	0.110	0.593	-0.211	-1.665	-6.385	-6.433	2.528	126.974625	37.294991
1685512431519	1685512431510	-14.298	-4.841	-0.065	0.721	-0.516	-1.620	-6.443	-6.062	2.157	126.974625	37.294991
1685512431527	1685512431520	-13.412	-4.714	-0.163	0.786	-0.777	-1.583	-5.715	-5.789	1.762	126.974625	37.294991
1685512431538	1685512431529	-12.546	-4.594	-0.062	0.790	-0.947	-1.611	-4.642	-5.370	1.542	126.974625	37.294991
1685512431548	1685512431540	-11.971	-4.362	0.043	0.781	-1.029	-1.687	-3.735	-5.061	1.365	126.974625	37.294991
1685512431559	1685512431548	-11.394	-4.051	0.093	0.754	-1.060	-1.786	-2.851	-4.788	1.386	126.974625	37.294991
1685512431568	1685512431561	-10.975	-3.689	0.170	0.707	-1.038	-2.089	-2.260	-4.384	1.391	126.974625	37.294991
1685512431580	1685512431568	-10.369	-3.409	0.254	0.707	-1.038	-2.089	-1.671	-3.888	1.338	126.974625	37.294991
1685512431589	1685512431582	-9.907	-3.278	0.302	0.661	-1.029	-2.279	-1.245	-3.294	1.302	126.974625	37.294991
1685512431600	1685512431591	-9.536	-3.086	0.251	0.595	-1.001	-2.461	-0.637	-2.823	1.293	126.974625	37.294991
1685512431610	1685512431601	-9.172	-3.199	0.266	0.520	-0.962	-2.633	-0.182	-2.440	1.223	126.974625	37.294991
1685512431620	1685512431611	-9.038	-3.254	0.259	0.453	-0.911	-2.804	0.172	-2.028	1.082	126.974625	37.294991
1685512431630	1685512431621	-8.878	-3.309	0.318	0.413	-0.860	-2.961	0.510	-1.856	0.986	126.974625	37.294991
1685512431642	1685512431630	-8.768	-3.266	0.283	0.411	-0.811	-3.095	0.613	-1.664	0.893	126.974625	37.294991
1685512431649	1685512431642	-8.531	-3.196	0.328	0.446	-0.781	-3.197	0.723	-1.403	0.855	126.974625	37.294991
1685512431679	1685512431649	-8.447	-3.172	0.215	0.517	-0.764	-3.277	0.781	-1.092	0.742	126.974625	37.294991
1685512431679	1685512431679	-8.475	-3.000	0.124	0.721	-0.731	-3.378	0.929	-0.656	0.685	126.974625	37.294991
1685512431680	1685512431680	-8.545	-2.919	0.050	0.721	-0.731	-3.378	0.946	-0.383	0.505	126.974625	37.294991
1685512431689	1685512431680	-8.547	-2.739	0.012	0.822	-0.723	-3.401	0.800	0.168	0.306	126.974625	37.294991
1685512431699	1685512431689	-8.454	-2.552	-0.079	0.907	-0.726	-3.401	0.642	0.498	0.151	126.974625	37.294991
1685512431711	1685512431699	-8.380	-2.423	-0.132	0.970	-0.748	-3.377	0.510	1.006	0.000	126.974625	37.294991
1685512431719	1685512431711	-8.317	-2.303	-0.108	1.010	-0.771	-3.324	0.498	1.441	-0.182	126.974625	37.294991
1685512431728	1685512431720	-8.270	-2.105	-0.132	1.021	-0.795	-3.247	0.426	1.877	-0.359	126.974625	37.294991
1685512431738	1685512431728	-8.162	-2.054	-0.101	0.993	-0.822	-3.151	0.402	2.164	-0.417	126.974625	37.294991
1685512431748	1685512431739	-8.159	-1.970	-0.103	0.933	-0.839	-3.032	0.316	2.607	-0.555	126.974625	37.294991
1685512431761	1685512431748	-8.219	-1.923	-0.024	0.856	-0.834	-2.893	0.311	2.849	-0.618	126.974625	37.294991
1685512431768	1685512431761	-8.200	-1.867	-0.034	0.665	-0.827	-2.541	0.163	3.170	-0.737	126.974625	37.294991
1685512431778	1685512431768	-8.179	-1.776	-0.069	0.665	-0.827	-2.541	-0.017	3.400	-0.754	126.974625	37.294991
1685512431788	1685512431778	-8.028	-1.697	-0.129	0.562	-0.837	-2.332	-0.172	3.694	-0.891	126.974625	37.294991
1685512431800	1685512431788	-7.879	-1.755	-0.141	0.442	-0.827	-2.115	-0.271	3.943	-1.010	126.974625	37.294991
1685512431810	1685512431801	-7.676	-1.872	-0.237	0.302	-0.810	-1.886	-0.263	4.199	-1.168	126.974625	37.294991
1685512431820	1685512431810	-7.638	-1.980	-0.254	0.158	-0.790	-1.646	-0.251	4.300	-1.269	126.974625	37.294991
1685512431830	1685512431821	-7.736	-2.021	-0.321	0.024	-0.749	-1.396	-0.172	4.322	-1.446	126.974625	37.294991
1685512431841	1685512431830	-7.922	-2.179	-0.297	-0.094	-0.684	-1.147	-0.247	4.334	-1.530	126.974625	37.294991
1685512431848	1685512431842	-7.992	-2.246	-0.232	-0.208	-0.605	-0.900	-0.453	4.405	-1.659	126.974625	37.294991
1685512431870	1685512431849	-7.829	-2.452	-0.182	-0.299	-0.525	-0.650	-0.716	4.324	-1.676	126.974625	37.294991
1685512431871	1685512431870	-7.922	-2.488	-0.251	-0.287	-0.387	-0.100	-0.852	4.324	-1.640	126.974625	37.294991
1685512431880	1685512431871	-8.320	-2.454	-0.275	-0.287	-0.387	-0.100	-0.740	4.168	-1.607	126.974625	37.294991
1685512431890	1685512431880	-9.165	-2.399	-0.421	-0.193	-0.261	0.177	-0.845	4.144	-1.686	126.974625	37.294991
1685512431898	1685512431890	-10.022	-2.488	-0.457	-0.095	-0.079	0.436	-1.255	4.187	-1.717	126.974625	37.294991
1685512431907	1685512431898	-10.685	-2.579	-0.500	-0.033	0.108	0.690	-2.093	4.233	-1.870	126.974625	37.294991
1685512431917	1685512431908	-10.973	-2.780	-0.575	-0.009	0.248	0.982	-2.923	4.118	-1.906	126.974625	37.294991
1685512431927	1685512431917	-10.817	-2.916	-0.445	-0.017	0.331	1.324	-3.541	3.977	-1.939	126.974625	37.294991
1685512431938	1685512431927	-10.482	-3.010	-0.254	-0.050	0.392	1.690	-3.761	3.706	-1.994	126.974625	37.294991
1685512431946	1685512431938	-10.127	-3.206	0.026	-0.101	0.450	2.039	-3.515	3.474	-1.839	126.974625	37.294991
1685512431958	1685512431946	-10.362	-3.354	0.266	-0.166	0.536	2.341	-3.067	3.256	-1.616	126.974625	37.294991
1685512431967	1685512431959	-11.023	-3.558	0.496	-0.254	0.891	2.707	-2.567	2.895	-1.293	126.974625	37.294991
1685512431978	1685512431967	-11.995	-3.615	0.548	-0.254	0.891	2.707	-2.670	2.586	-1.006	126.974625	37.294991
1685512431988	1685512431978	-13.123	-3.699	0.795	-0.237	1.108	2.803	-3.144	2.155	-0.685	126.974625	37.294991
1685512431999	1685512431989	-13.927	-4.003	0.912	-0.160	1.299	2.893	-3.970	1.906	-0.555	126.974625	37.294991
1685512432007	1685512431999	-14.471	-4.046	0.924	-0.028	1.436	2.993	-4.934	1.597	-0.206	126.974625	37.294991
1685512432018	1685512432007	-14.588	-4.183	0.953	0.131	1.497	3.100	-5.578	1.056	0.026	126.974625	37.294991
1685512432027	1685512432019	-14.336	-4.130	0.836	0.275	1.480	3.202	-5.947	0.735	0.172	126.974625	37.294991
1685512432036	1685512432027	-13.805	-4.140	0.692	0.376	1.388	3.293	-5.923	0.357	0.311	126.974625	37.294991
1685512432047	1685512432037	-13.125	-4.068	0.579	0.421	1.267	3.354	-5.523	0.129	0.311	126.974625	37.294991
1685512432060	1685512432047	-12.277	-3.881	0.711	0.432	1.153	3.374	-4.851	-0.172	0.275	126.974625	37.294991
1685512432067	1685512432060	-11.495	-3.618	0.843	0.384	0.918	3.283	-4.037	-0.405	0.261	126.974625	37.294991
1685512432077	1685512432067	-10.374	-3.407	1.030	0.384	0.918	3.283	-3.067	-0.529	0.484	126.974625	37.294991
1685512432088	1685512432077	-9.084	-3.311	1.326	0.291	0.773	3.166	-2.157	-0.632	0.702	126.974625	37.294991
1685512432099	1685512432088	-8.140	-3.079	1.494	0.184	0.656	2.996	-0.960	-0.668	0.948	126.974625	37.294991
1685512432108	1685512432100	-7.384	-2.902	1.741	0.068	0.597	2.792	0.409	-0.871	1.312	126.974625	37.294991
1685512432119	1685512432109	-6.919	-3.117	1.870	-0.099	0.574	2.558	1.422	-0.924	1.537	126.974625	37.294991
1685512432126	1685512432119	-6.771	-3.522	1.999	-0.287	0.595	2.319	2.236	-1.015	1.841	126.974625	37.294991
1685512432136	1685512432127	-6.816	-3.716	1.930	-0.457	0.651	2.082	2.744	-1.477	2.028	126.974625	37.294991
1685512432146	1685512432136	-6.917	-3.677	1.923	-0.563	0.685	1.870	2.931	-2.131	2.224	126.974625	37.294991
1685512432157	1685512432147	-6.972	-3.780	1.923	-0.611	0.654	1.720	2.907	-2.507	2.217	126.974625	37.294991
1685512432166	1685512432158	-6.998	-3.838	1.808	-0.637	0.556	1.526	2.825	-2.653	2.284	126.974625	37.294991
1685512432177	1685512432166	-7.025	-3.704	1.683	-0.637	0.556	1.526	2.784	-2.926	2.354	126.974625	37.294991
1685512432186	1685512432178	-7.250	-3.685	1.697	-0.652	0.494	1.420	2.768	-3.151	2.303	126.974625	37.294991
1685512432196	1685512432187	-7.539	-3.814	1.745	-0.689	0.421	1.321	2.749	-3.153	2.231	126.974625	37.294991
1685512432206	1685512432197	-7.891	-3.780	1.595	-0.742	0.374	1.232	2.526	-3.266	2.284	126.974625	37.294991
1685512432219	1685512432207	-8.212	-3.836	1.595	-0.810	0.338	1.134	2.239	-3.496	2.361	126.974609	37.294987
1685512432226	1685512432219	-8.528	-3.857	1.568	-0.858	0.294	1.043	1.887	-3.587	2.248	126.974609	37.294987
1685512432238	1685512432227	-8.794	-3.936	1.580	-0.902	0.242	0.982	1.566	-3.759	2.282	126.974609	37.294987
1685512432246	1685512432238	-8.859	-4.001	1.561	-0.964	0.192	0.935	1.250	-3.867	2.272	126.974609	37.294987
1685512432260	1685512432246	-8.918	-4.168	1.753	-1.029	0.145	0.887	0.982	-4.017	2.289	126.974609	37.294987
1685512432266	1685512432260	-8.973	-4.233	1.879	-1.097	0.078	0.823	0.917	-4.161	2.267	126.974609	37.294987
1685512432277	1685512432266	-9.120	-4.243	1.786	-1.097	0.078	0.823	0.855	-4.403	2.471	126.974609	37.294987
1685512432287	1685512432277	-9.234	-4.283	1.714	-1.111	0.061	0.798	0.797	-4.566	2.602	126.974609	37.294987
1685512432299	1685512432287	-9.495	-4.503	1.494	-1.141	0.055	0.756	0.651	-4.585	2.476	126.974609	37.294987
1685512432307	1685512432299	-9.828	-4.786	1.666	-1.163	0.065	0.710	0.539	-4.647	2.368	126.974609	37.294987
1685512432318	1685512432307	-10.048	-4.949	1.748	-1.137	0.090	0.674	0.280	-4.879	2.114	126.974609	37.294987
1685512432328	1685512432319	-9.938	-5.085	1.853	-1.051	0.098	0.652	-0.050	-5.200	2.263	126.974609	37.294987
1685512432339	1685512432328	-9.716	-4.987	1.997	-0.899	0.101	0.659	-0.271	-5.385	2.330	126.974609	37.294987
1685512432349	1685512432339	-9.627	-5.073	2.157	-0.727	0.111	0.690	-0.163	-5.576	2.430	126.974609	37.294987
1685512432362	1685512432349	-9.572	-5.073	2.332	-0.545	0.128	0.709	0.055	-5.535	2.576	126.974609	37.294987
1685512432370	1685512432364	-9.682	-4.918	2.303	-0.186	0.176	0.638	0.136	-5.698	2.744	126.974609	37.294987
1685512432380	1685512432370	-10.113	-4.908	2.184	-0.186	0.176	0.638	0.187	-5.765	2.926	126.974609	37.294987
1685512432391	1685512432380	-11.042	-4.990	2.179	-0.040	0.198	0.584	0.069	-5.691	2.919	126.974609	37.294987
1685512432401	1685512432391	-12.081	-5.066	2.533	0.049	0.221	0.507	-0.364	-5.727	2.811	126.974609	37.294987
1685512432410	1685512432402	-12.969	-5.284	2.689	0.110	0.254	0.396	-1.300	-5.871	2.825	126.974609	37.294987
1685512432421	1685512432414	-12.965	-4.958	2.818	0.195	0.283	0.299	-2.344	-5.995	3.201	126.974609	37.294987
1685512432431	1685512432421	-12.136	-4.599	2.988	0.369	0.271	0.269	-3.239	-6.251	3.383	126.974609	37.294987
1685512432442	1685512432431	-10.824	-4.743	2.935	0.452	0.205	0.293	-3.239	-5.954	3.543	126.974609	37.294987
1685512432458	1685512432442	-9.890	-4.918	2.763	0.436	0.122	0.314	-2.416	-5.619	3.745	126.974609	37.294987
1685512432473	1685512432459	-10.144	-5.080	2.847	0.395	0.035	0.224	-1.106	-5.787	3.716	126.974609	37.294987
1685512432474	1685512432473	-11.425	-5.430	2.950	0.506	-0.071	-0.265	-0.177	-5.988	3.560	126.974609	37.294987
1685512432480	1685512432474	-13.041	-5.114	2.926	0.506	-0.071	-0.265	-0.433	-6.170	3.651	126.974609	37.294987
1685512432489	1685512432480	-14.430	-5.155	2.777	0.623	-0.122	-0.584	-1.712	-6.486	3.752	126.974609	37.294987
1685512432500	1685512432490	-15.232	-5.171	2.598	0.734	-0.210	-0.821	-3.326	-6.144	3.728	126.974609	37.294987
1685512432508	1685512432500	-15.474	-5.188	2.392	0.852	-0.340	-0.971	-4.707	-6.117	3.572	126.974609	37.294987
1685512432519	1685512432509	-15.139	-5.112	2.033	0.927	-0.474	-1.089	-5.502	-6.057	3.381	126.974609	37.294987
1685512432529	1685512432520	-14.581	-4.939	1.607	0.947	-0.604	-1.184	-5.732	-5.971	3.148	126.974609	37.294987
1685512432541	1685512432530	-13.894	-4.774	1.408	0.903	-0.696	-1.285	-5.385	-5.782	2.749	126.974609	37.294987
1685512432549	1685512432542	-13.233	-4.561	1.106	0.803	-0.760	-1.431	-4.815	-5.488	2.270	126.974609	37.294987
1685512432560	1685512432549	-12.763	-4.489	0.888	0.672	-0.805	-1.609	-4.118	-5.191	2.006	126.974609	37.294987
1685512432570	1685512432561	-12.321	-4.386	0.682	0.431	-0.836	-2.045	-3.448	-4.820	1.626	126.974609	37.294987
1685512432580	1685512432570	-11.665	-4.233	0.591	0.431	-0.836	-2.045	-2.971	-4.602	1.338	126.974609	37.294987
1685512432591	1685512432580	-11.032	-3.938	0.582	0.358	-0.849	-2.276	-2.523	-4.276	1.044	126.974609	37.294987
1685512432602	1685512432591	-10.561	-3.663	0.611	0.310	-0.844	-2.469	-1.870	-3.943	0.876	126.974609	37.294987
1685512432610	1685512432602	-10.211	-3.512	0.709	0.280	-0.833	-2.649	-1.245	-3.424	0.783	126.974609	37.294987
1685512432620	1685512432611	-9.756	-3.464	0.754	0.241	-0.825	-2.858	-0.788	-2.907	0.728	126.974609	37.294987
1685512432630	1685512432621	-9.450	-3.438	0.745	0.187	-0.843	-3.067	-0.462	-2.471	0.733	126.974609	37.294987
1685512432640	1685512432630	-9.129	-3.560	0.572	0.120	-0.874	-3.234	-0.038	-2.172	0.704	126.974609	37.294987
1685512432652	1685512432640	-8.957	-3.723	0.457	0.078	-0.902	-3.367	0.223	-1.848	0.611	126.974609	37.294987
1685512432675	1685512432652	-8.722	-3.587	0.417	0.098	-0.927	-3.478	0.484	-1.659	0.352	126.974609	37.294987
1685512432676	1685512432676	-8.631	-3.352	0.455	0.177	-0.947	-3.560	0.584	-1.499	0.148	126.974609	37.294987
1685512432681	1685512432678	-8.667	-3.091	0.462	0.308	-0.958	-3.598	0.733	-1.032	0.017	126.974609	37.294987
1685512432689	1685512432681	-8.693	-2.828	0.421	0.489	-0.946	-3.609	0.702	-0.397	-0.055	126.974609	37.294987
1685512432700	1685512432689	-8.722	-2.674	0.328	0.690	-0.921	-3.627	0.572	0.127	-0.127	126.974609	37.294987
1685512432711	1685512432700	-8.739	-2.478	0.278	0.865	-0.904	-3.641	0.419	0.718	-0.271	126.974609	37.294987
1685512432720	1685512432711	-8.571	-2.253	0.199	0.990	-0.888	-3.613	0.251	1.190	-0.472	126.974609	37.294987
1685512432729	1685512432720	-8.452	-2.231	0.010	1.071	-0.880	-3.544	0.089	1.686	-0.630	126.974609	37.294987
1685512432740	1685512432730	-8.373	-2.119	-0.180	1.126	-0.872	-3.453	0.110	2.184	-0.816	126.974609	37.294987
1685512432749	1685512432741	-8.181	-2.528	-1.269	1.151	-0.863	-3.348	0.072	2.473	-1.120	126.974609	37.294987
1685512432761	1685512432750	-8.581	-2.124	0.249	1.129	-0.852	-3.213	0.034	2.775	-1.398	126.974609	37.294987
1685512432771	1685512432761	-8.282	-1.477	0.220	1.076	-0.842	-3.049	0.086	2.569	-2.591	126.974609	37.294987
1685512432782	1685512432771	-8.329	-1.664	0.239	0.942	-0.975	-2.881	-0.455	3.175	-1.173	126.974609	37.294987
1685512432791	1685512432782	-8.193	-1.774	0.069	0.760	-0.952	-2.607	-0.318	4.032	-1.317	126.974609	37.294987
1685512432803	1685512432791	-7.949	-1.508	-0.086	0.690	-0.864	-2.343	-0.500	4.005	-1.398	126.974609	37.294987
1685512432812	1685512432803	-7.772	-1.391	-0.172	0.679	-0.826	-2.138	-0.524	4.077	-1.683	126.974609	37.294987
1685512432823	1685512432813	-7.812	-1.465	-0.136	0.648	-0.771	-1.914	-0.402	4.472	-1.925	126.974609	37.294987
1685512432832	1685512432823	-7.951	-1.470	0.002	0.550	-0.713	-1.652	-0.369	4.738	-2.114	126.974609	37.294987
1685512432844	1685512432834	-8.080	-1.477	-0.136	0.432	-0.656	-1.389	-0.543	4.791	-2.174	126.974609	37.294987
1685512432858	1685512432847	-8.198	-1.456	-0.304	0.335	-0.578	-1.133	-0.802	4.894	-2.121	126.974609	37.294987
1685512432860	1685512432860	-8.114	-1.532	-0.268	0.255	-0.490	-0.874	-1.034	4.975	-2.334	126.974609	37.294987
1685512432871	1685512432861	-7.932	-1.805	-0.113	0.172	-0.409	-0.597	-1.247	5.076	-2.571	126.974609	37.294987
1685512432900	1685512432871	-7.927	-2.014	0.141	0.059	-0.341	-0.308	-1.226	5.049	-2.581	126.974609	37.294987
1685512432902	1685512432901	-8.305	-2.203	0.192	-0.073	-0.254	-0.031	-1.097	4.817	-2.468	126.974609	37.294987
1685512432903	1685512432902	-9.093	-2.389	0.177	-0.155	-0.130	0.227	-1.118	4.626	-2.239	126.974609	37.294987
1685512432909	1685512432903	-9.716	-2.456	0.146	-0.156	0.044	0.469	-1.504	4.441	-2.200	126.974609	37.294987
1685512432923	1685512432910	-10.357	-2.626	0.041	-0.112	0.217	0.716	-2.279	4.243	-2.215	126.974609	37.294987
1685512432932	1685512432923	-10.803	-2.772	-0.002	-0.075	0.357	0.997	-2.868	4.144	-2.231	126.974609	37.294987
1685512432939	1685512432933	-10.970	-3.036	0.081	-0.065	0.489	1.319	-3.462	3.931	-2.315	126.974609	37.294987
1685512432949	1685512432941	-10.743	-3.261	0.251	-0.078	0.630	1.657	-3.836	3.718	-2.330	126.974609	37.294987
1685512432960	1685512432951	-10.118	-3.400	0.405	-0.122	0.751	1.983	-3.905	3.364	-2.207	126.974609	37.294987
1685512432968	1685512432961	-9.744	-3.601	0.596	-0.189	0.847	2.283	-3.560	3.021	-1.987	126.974609	37.294987
1685512432979	1685512432969	-9.855	-3.742	0.730	-0.257	0.953	2.508	-2.794	2.741	-1.772	126.974609	37.294987
1685512432988	1685512432980	-10.645	-3.757	0.970	-0.308	1.125	2.608	-2.217	2.325	-1.484	126.974609	37.294987
1685512432998	1685512432989	-11.700	-4.156	1.199	-0.342	1.345	2.615	-2.212	2.054	-1.288	126.974609	37.294987
1685512433009	1685512432998	-12.713	-4.436	1.475	-0.331	1.580	2.634	-2.813	1.824	-0.934	126.974609	37.294987
1685512433020	1685512433009	-13.506	-4.583	1.686	-0.233	1.784	2.732	-3.711	1.235	-0.587	126.974609	37.294987
1685512433029	1685512433020	-13.908	-4.645	2.088	-0.033	1.943	2.896	-4.542	0.728	-0.151	126.974609	37.294987
1685512433040	1685512433030	-14.040	-4.805	2.315	0.260	2.051	3.103	-5.186	0.383	0.201	126.974609	37.294987
1685512433050	1685512433040	-13.958	-4.846	2.437	0.608	2.117	3.308	-5.387	0.029	0.802	126.974609	37.294987
1685512433062	1685512433050	-13.573	-4.645	2.392	0.955	2.151	3.457	-5.370	-0.373	1.178	126.974609	37.294987
1685512433070	1685512433062	-13.185	-4.489	2.456	1.261	2.155	3.542	-5.124	-0.711	1.458	126.974609	37.294987
1685512433079	1685512433070	-12.684	-4.197	2.550	1.492	2.125	3.572	-4.597	-0.795	1.551	126.974609	37.294987
1685512433087	1685512433079	-12.129	-3.850	2.634	1.611	2.051	3.543	-4.034	-1.034	1.796	126.974609	37.294987
1685512433098	1685512433088	-11.478	-3.591	2.787	1.611	1.951	3.455	-3.417	-1.046	2.021	126.974609	37.294987
1685512433107	1685512433098	-10.748	-3.201	3.002	1.503	1.841	3.329	-2.734	-1.073	2.263	126.974609	37.294987
1685512433118	1685512433108	-9.907	-3.033	3.115	1.293	1.712	3.173	-1.997	-1.111	2.543	126.974609	37.294987
1685512433128	1685512433119	-9.014	-2.928	3.244	1.002	1.549	2.992	-1.185	-1.041	2.899	126.974609	37.294987
1685512433139	1685512433128	-8.327	-2.883	3.361	0.667	1.381	2.787	-0.280	-1.178	3.151	126.974609	37.294987
1685512433147	1685512433139	-7.743	-2.962	3.450	0.323	1.229	2.552	0.661	-1.360	3.412	126.974609	37.294987
1685512433159	1685512433148	-7.547	-2.895	3.316	0.002	1.119	2.302	1.384	-1.583	3.654	126.974609	37.294987
1685512433168	1685512433159	-7.415	-2.847	3.048	-0.281	1.040	2.046	1.997	-1.935	3.869	126.974609	37.294987
1685512433178	1685512433168	-7.350	-2.820	2.758	-0.527	0.953	1.804	2.207	-2.069	3.833	126.974609	37.294987
1685512433187	1685512433178	-7.463	-2.804	2.555	-0.722	0.856	1.598	2.349	-2.243	3.680	126.974609	37.294987
1685512433199	1685512433188	-7.463	-2.971	2.461	-0.885	0.766	1.420	2.416	-2.377	3.476	126.974609	37.294987
1685512433208	1685512433199	-7.568	-3.213	2.425	-1.049	0.659	1.252	2.303	-2.523	3.359	126.974609	37.294987
1685512433218	1685512433208	-7.638	-3.364	2.535	-1.199	0.549	1.106	2.298	-2.837	3.342	126.974586	37.294987
1685512433229	1685512433218	-7.683	-3.610	2.823	-1.300	0.465	1.003	2.188	-3.225	3.376	126.974586	37.294987
1685512433238	1685512433229	-7.683	-3.747	2.919	-1.335	0.398	0.942	2.114	-3.484	3.534	126.974586	37.294987
1685512433248	1685512433238	-7.539	-3.764	2.907	-1.295	0.337	0.905	2.069	-3.795	3.816	126.974586	37.294987
1685512433262	1685512433248	-7.424	-3.778	2.907	-1.192	0.307	0.878	2.066	-3.994	3.905	126.974586	37.294987
1685512433268	1685512433262	-7.242	-3.843	2.775	-1.046	0.287	0.867	2.210	-4.070	3.883	126.974586	37.294987
1685512433279	1685512433268	-7.130	-3.723	2.646	-0.892	0.258	0.871	2.325	-4.144	3.871	126.974586	37.294987
1685512433288	1685512433279	-7.029	-3.843	2.670	-0.743	0.232	0.870	2.502	-4.290	3.737	126.974586	37.294987
1685512433299	1685512433288	-7.001	-3.836	2.796	-0.606	0.220	0.858	2.614	-4.214	3.596	126.974586	37.294987
1685512433309	1685512433299	-7.228	-3.943	2.962	-0.492	0.217	0.831	2.713	-4.403	3.618	126.974586	37.294987
1685512433321	1685512433310	-7.688	-3.974	3.146	-0.387	0.249	0.790	2.737	-4.465	3.747	126.974586	37.294987
1685512433330	1685512433322	-8.171	-4.049	3.146	-0.279	0.287	0.731	2.500	-4.659	3.931	126.974586	37.294987
1685512433341	1685512433330	-8.674	-3.934	2.964	-0.164	0.316	0.668	2.033	-4.772	4.137	126.974586	37.294987
1685512433350	1685512433341	-9.155	-3.771	2.811	-0.048	0.320	0.618	1.542	-4.908	4.149	126.974586	37.294987
1685512433361	1685512433351	-9.570	-3.682	2.478	0.031	0.292	0.574	1.034	-4.827	3.972	126.974586	37.294987
1685512433371	1685512433362	-10.063	-3.608	2.119	0.034	0.233	0.529	0.551	-4.685	3.819	126.974586	37.294987
1685512433383	1685512433372	-10.621	-3.778	1.839	-0.037	0.170	0.469	0.129	-4.652	3.515	126.974586	37.294987
1685512433392	1685512433384	-11.672	-4.027	1.702	-0.176	0.098	0.392	-0.371	-4.635	3.179	126.974586	37.294987
1685512433401	1685512433393	-13.506	-4.484	1.834	-0.357	0.068	0.285	-0.934	-4.846	2.914	126.974586	37.294987
1685512433412	1685512433402	-15.917	-4.956	2.033	-0.533	0.145	0.130	-1.992	-5.138	2.787	126.974586	37.294987
1685512433425	1685512433414	-17.504	-5.318	2.346	-0.668	0.291	-0.065	-3.831	-5.624	2.921	126.974586	37.294987
1685512433432	1685512433426	-17.401	-5.509	2.576	-0.728	0.329	-0.213	-6.244	-6.115	3.127	126.974586	37.294987
1685512433445	1685512433433	-15.026	-5.569	2.488	-0.704	0.111	-0.219	-7.836	-6.479	3.462	126.974586	37.294987
1685512433457	1685512433446	-11.830	-5.440	2.119	-0.582	-0.303	-0.106	-7.733	-6.656	3.713	126.974586	37.294987
1685512433480	1685512433457	-9.371	-5.148	1.690	-0.371	-0.728	-0.053	-5.356	-6.704	3.627	126.974586	37.294987
1685512433482	1685512433481	-8.250	-4.932	1.425	-0.195	-1.010	-0.167	-2.155	-6.570	3.220	126.974586	37.294987
1685512433482	1685512433482	-8.516	-4.688	1.298	-0.068	-1.025	-0.437	0.311	-6.278	2.725	126.974586	37.294987
1685512433493	1685512433483	-10.214	-4.685	1.300	0.061	-0.843	-0.856	1.444	-6.045	2.349	126.974586	37.294987
1685512433502	1685512433493	-12.361	-4.786	1.413	0.204	-0.577	-1.351	1.192	-5.763	2.131	126.974586	37.294987
1685512433511	1685512433502	-13.939	-4.831	1.389	0.349	-0.325	-1.801	-0.488	-5.677	2.052	126.974586	37.294987
1685512433520	1685512433511	-14.463	-4.578	1.324	0.503	-0.264	-2.088	-2.622	-5.646	2.109	126.974586	37.294987
1685512433531	1685512433521	-13.865	-4.283	0.979	0.684	-0.442	-2.175	-4.180	-5.495	2.054	126.974586	37.294987
1685512433541	1685512433531	-12.907	-3.919	0.680	0.869	-0.717	-2.126	-4.693	-5.054	1.968	126.974586	37.294987
1685512433552	1685512433541	-12.163	-3.606	0.393	1.015	-0.969	-2.068	-4.085	-4.542	1.583	126.974586	37.294987
1685512433563	1685512433553	-11.949	-3.345	0.283	1.097	-1.098	-2.090	-3.120	-3.965	1.216	126.974586	37.294987
1685512433571	1685512433565	-11.985	-3.261	0.481	1.109	-1.080	-2.188	-2.370	-3.445	0.833	126.974586	37.294987
1685512433582	1685512433571	-11.815	-3.203	0.591	1.064	-1.013	-2.291	-2.160	-2.974	0.613	126.974586	37.294987
1685512433591	1685512433582	-11.296	-3.089	0.718	0.966	-0.988	-2.370	-2.205	-2.631	0.678	126.974586	37.294987
1685512433603	1685512433591	-10.613	-3.019	0.766	0.845	-1.010	-2.421	-2.047	-2.392	0.702	126.974586	37.294987
1685512433612	1685512433604	-9.823	-2.928	0.826	0.732	-1.041	-2.453	-1.549	-2.023	0.713	126.974586	37.294987
1685512433623	1685512433613	-9.280	-2.875	0.788	0.629	-1.058	-2.483	-0.893	-1.741	0.663	126.974586	37.294987
1685512433632	1685512433624	-8.531	-2.942	0.697	0.542	-1.054	-2.517	-0.144	-1.389	0.601	126.974586	37.294987
1685512433642	1685512433633	-8.124	-2.892	0.702	0.483	-1.037	-2.558	0.359	-1.123	0.462	126.974586	37.294987
1685512433656	1685512433644	-7.803	-2.844	0.656	0.457	-1.013	-2.606	1.046	-0.903	0.237	126.974586	37.294987
1685512433675	1685512433656	-7.451	-2.761	0.536	0.461	-0.988	-2.654	1.405	-0.658	0.153	126.974586	37.294987
1685512433676	1685512433676	-7.290	-2.720	0.553	0.492	-0.962	-2.694	1.652	-0.340	-0.007	126.974586	37.294987
1685512433683	1685512433676	-7.207	-2.665	0.608	0.550	-0.929	-2.726	1.935	-0.034	-0.223	126.974586	37.294987
1685512433691	1685512433683	-7.274	-2.650	0.563	0.618	-0.894	-2.748	1.992	0.302	-0.330	126.974586	37.294987
1685512433701	1685512433691	-7.381	-2.547	0.596	0.683	-0.864	-2.759	2.002	0.553	-0.357	126.974586	37.294987
1685512433712	1685512433702	-7.539	-2.385	0.496	0.749	-0.833	-2.746	1.812	0.862	-0.527	126.974586	37.294987
1685512433721	1685512433712	-7.728	-2.231	0.503	0.803	-0.806	-2.704	1.618	1.159	-0.575	126.974586	37.294987
1685512433731	1685512433722	-7.884	-2.167	0.345	0.844	-0.782	-2.632	1.331	1.580	-0.790	126.974586	37.294987
1685512433743	1685512433731	-7.872	-1.997	0.192	0.855	-0.775	-2.539	1.034	1.939	-0.876	126.974586	37.294987
1685512433752	1685512433744	-7.875	-1.956	0.105	0.820	-0.798	-2.425	0.742	2.243	-1.147	126.974586	37.294987
1685512433764	1685512433752	-7.769	-1.851	0.115	0.733	-0.834	-2.290	0.639	2.598	-1.396	126.974586	37.294987
1685512433773	1685512433766	-7.659	-1.824	0.050	0.611	-0.856	-2.147	0.486	2.866	-1.609	126.974586	37.294987
1685512433783	1685512433775	-7.738	-1.822	-0.038	0.475	-0.861	-2.004	0.476	3.132	-1.695	126.974586	37.294987
1685512433793	1685512433783	-7.824	-1.812	0.012	0.325	-0.845	-1.857	0.450	3.338	-1.870	126.974586	37.294987
1685512433806	1685512433793	-7.920	-1.815	-0.007	0.173	-0.821	-1.706	0.261	3.479	-2.042	126.974586	37.294987
1685512433814	1685512433807	-8.102	-1.875	0.172	0.034	-0.782	-1.547	0.057	3.627	-2.078	126.974586	37.294987
1685512433821	1685512433814	-8.262	-2.093	0.297	-0.084	-0.717	-1.378	-0.136	3.742	-2.164	126.974586	37.294987
1685512433830	1685512433821	-8.526	-2.286	0.381	-0.173	-0.645	-1.197	-0.443	3.826	-2.059	126.974586	37.294987
1685512433840	1685512433832	-8.835	-2.289	0.362	-0.220	-0.569	-1.004	-0.680	3.692	-1.973	126.974586	37.294987
1685512433849	1685512433841	-9.115	-2.284	0.373	-0.226	-0.496	-0.799	-1.037	3.603	-1.932	126.974586	37.294987
1685512433863	1685512433850	-9.278	-2.195	0.261	-0.217	-0.439	-0.585	-1.420	3.680	-1.980	126.974586	37.294987
1685512433869	1685512433863	-9.359	-2.198	0.232	-0.233	-0.389	-0.376	-1.760	3.749	-1.992	126.974586	37.294987
1685512433880	1685512433869	-9.328	-2.210	0.038	-0.276	-0.337	-0.177	-1.968	3.886	-2.124	126.974586	37.294987
1685512433889	1685512433880	-9.519	-2.143	-0.132	-0.346	-0.312	0.016	-2.088	3.924	-2.169	126.974586	37.294987
1685512433899	1685512433890	-10.161	-2.318	-0.045	-0.434	-0.263	0.199	-2.052	3.910	-2.358	126.974586	37.294987
1685512433909	1685512433899	-11.085	-2.373	-0.041	-0.520	-0.139	0.373	-2.227	3.960	-2.516	126.974586	37.294987
1685512433920	1685512433909	-11.866	-2.562	-0.022	-0.615	0.023	0.534	-2.830	3.749	-2.401	126.974586	37.294987
1685512433929	1685512433920	-12.139	-2.765	-0.024	-0.696	0.180	0.716	-3.692	3.637	-2.349	126.974586	37.294987
1685512433940	1685512433929	-11.729	-2.899	0.055	-0.755	0.257	0.966	-4.441	3.421	-2.291	126.974586	37.294987
1685512433950	1685512433940	-10.827	-3.077	0.299	-0.809	0.271	1.280	-4.662	3.177	-2.234	126.974586	37.294987
1685512433962	1685512433951	-9.876	-3.160	0.546	-0.850	0.265	1.600	-4.195	2.993	-2.097	126.974586	37.294987
1685512433971	1685512433962	-9.400	-3.326	0.895	-0.878	0.303	1.858	-3.213	2.734	-1.784	126.974586	37.294987
1685512433982	1685512433972	-9.749	-3.366	1.149	-0.880	0.436	2.029	-2.164	2.545	-1.468	126.974586	37.294987
1685512433992	1685512433983	-10.623	-3.488	1.463	-0.844	0.657	2.109	-1.566	2.241	-1.039	126.974586	37.294987
1685512434002	1685512433993	-11.870	-3.670	1.784	-0.746	0.911	2.132	-1.808	2.071	-0.711	126.974586	37.294987
1685512434013	1685512434002	-13.036	-3.697	2.095	-0.588	1.153	2.167	-2.543	1.779	-0.290	126.974586	37.294987
1685512434021	1685512434013	-13.848	-3.697	2.097	-0.393	1.326	2.248	-3.677	1.453	0.132	126.974586	37.294987
1685512434031	1685512434023	-14.119	-3.519	1.975	-0.161	1.395	2.396	-4.717	1.257	0.567	126.974586	37.294987
1685512434042	1685512434032	-13.898	-3.381	1.717	0.048	1.368	2.593	-5.399	1.075	0.702	126.974586	37.294987
1685512434051	1685512434043	-13.458	-3.041	1.346	0.180	1.277	2.798	-5.540	1.049	0.704	126.974586	37.294987
1685512434071	1685512434056	-12.926	-2.859	1.214	0.189	1.150	2.947	-5.188	0.965	0.563	126.974586	37.294987
1685512434071	1685512434071	-12.392	-2.629	1.032	0.087	1.007	3.018	-4.602	1.032	0.306	126.974586	37.294987
1685512434080	1685512434071	-11.712	-2.559	1.099	-0.142	0.841	3.019	-3.955	0.974	0.261	126.974586	37.294987
1685512434091	1685512434081	-10.580	-2.741	1.178	-0.573	0.646	2.944	-3.287	0.905	0.175	126.974586	37.294987
1685512434102	1685512434091	-9.658	-2.986	1.398	-1.140	0.457	2.834	-2.509	0.725	0.316	126.974586	37.294987
