1685512389053	1685512389053	-8.727	-3.002	-0.151	1.118	-0.481	-3.343	-0.127	1.899	-1.207	126.975166	37.295242
1685512389053	1685512389053	-8.768	-2.883	-0.259	1.213	-0.452	-3.263	-0.400	2.121	-1.341	126.975166	37.295242
1685512389059	1685512389053	-8.854	-2.796	-0.261	1.262	-0.432	-3.158	-0.776	2.595	-1.389	126.975166	37.295242
1685512389069	1685512389059	-8.969	-2.741	-0.285	1.277	-0.412	-3.021	-0.922	2.854	-1.544	126.975166	37.295242
1685512389080	1685512389070	-9.091	-2.677	-0.347	1.253	-0.395	-2.858	-1.154	3.117	-1.621	126.975166	37.295242
1685512389091	1685512389080	-9.335	-2.624	-0.340	1.194	-0.387	-2.683	-1.413	3.338	-1.721	126.975166	37.295242
1685512389098	1685512389091	-9.503	-2.598	-0.369	0.994	-0.363	-2.309	-1.688	3.567	-1.870	126.975166	37.295242
1685512389108	1685512389099	-9.828	-2.485	-0.426	0.994	-0.363	-2.309	-2.042	3.733	-1.927	126.975166	37.295242
1685512389118	1685512389109	-10.048	-2.473	-0.421	0.876	-0.332	-2.125	-2.361	3.905	-2.042	126.975166	37.295242
1685512389128	1685512389119	-10.099	-2.461	-0.400	0.757	-0.320	-1.932	-2.741	4.070	-2.131	126.975166	37.295242
1685512389138	1685512389129	-10.070	-2.497	-0.397	0.651	-0.298	-1.740	-3.067	4.180	-2.186	126.975166	37.295242
1685512389150	1685512389139	-10.092	-2.540	-0.505	0.549	-0.280	-1.552	-3.191	4.257	-2.203	126.975166	37.295242
1685512389158	1685512389150	-10.056	-2.495	-0.457	0.454	-0.263	-1.355	-3.256	4.302	-2.248	126.975166	37.295242
1685512389168	1685512389159	-9.902	-2.569	-0.376	0.380	-0.235	-1.151	-3.340	4.314	-2.389	126.975166	37.295242
1685512389178	1685512389169	-9.658	-2.526	-0.405	0.327	-0.206	-0.948	-3.390	4.432	-2.382	126.975166	37.295242
1685512389189	1685512389179	-9.697	-2.538	-0.438	0.292	-0.178	-0.750	-3.275	4.389	-2.320	126.975166	37.295242
1685512389198	1685512389190	-10.137	-2.442	-0.491	0.257	-0.040	-0.378	-3.081	4.472	-2.375	126.975166	37.295242
1685512389210	1685512389199	-10.839	-2.526	-0.622	0.257	-0.040	-0.378	-3.144	4.477	-2.425	126.975166	37.295242
1685512389218	1685512389210	-11.492	-2.591	-0.776	0.235	0.100	-0.208	-3.587	4.573	-2.488	126.975166	37.295242
1685512389229	1685512389219	-11.909	-2.631	-0.962	0.194	0.224	-0.002	-4.286	4.487	-2.624	126.975166	37.295242
1685512389239	1685512389229	-11.964	-2.722	-0.879	0.127	0.315	0.277	-4.942	4.422	-2.782	126.975166	37.295231
1685512389248	1685512389240	-11.025	-2.727	-0.673	0.051	0.370	0.623	-5.353	4.377	-2.969	126.975166	37.295231
1685512389258	1685512389249	-9.663	-2.931	-0.469	-0.029	0.385	0.983	-5.385	4.264	-2.873	126.975166	37.295231
1685512389270	1685512389259	-8.487	-3.144	-0.180	-0.092	0.385	1.307	-4.393	4.219	-2.646	126.975166	37.295231
1685512389278	1685512389273	-7.954	-3.261	0.187	-0.136	0.436	1.537	-2.957	3.950	-2.416	126.975166	37.295231
1685512389290	1685512389279	-8.375	-3.405	0.251	-0.159	0.575	1.643	-1.683	3.649	-2.093	126.975166	37.295231
1685512389299	1685512389290	-9.598	-3.280	0.338	0.031	1.079	1.556	-1.025	3.419	-1.683	126.975166	37.295231
1685512389309	1685512389299	-11.250	-3.488	0.481	0.031	1.079	1.556	-1.341	3.175	-1.573	126.975166	37.295231
1685512389319	1685512389309	-12.531	-3.642	0.646	0.217	1.327	1.537	-2.430	3.177	-1.405	126.975166	37.295231
1685512389330	1685512389319	-13.185	-3.733	0.730	0.408	1.443	1.631	-3.977	2.868	-1.192	126.975166	37.295231
1685512389339	1685512389330	-13.214	-4.013	0.800	0.589	1.432	1.845	-5.140	2.598	-0.943	126.975166	37.295231
1685512389349	1685512389339	-12.682	-3.994	0.778	0.765	1.354	2.147	-5.669	2.377	-0.778	126.975166	37.295231
1685512389359	1685512389349	-12.021	-3.663	0.773	0.897	1.255	2.443	-5.555	1.935	-0.627	126.975166	37.295231
1685512389369	1685512389359	-11.360	-3.455	0.735	0.958	1.162	2.656	-4.891	1.796	-0.596	126.975166	37.295231
1685512389379	1685512389369	-10.839	-3.311	0.747	0.935	1.080	2.771	-4.075	1.920	-0.553	126.975166	37.295231
1685512389391	1685512389379	-10.123	-3.270	0.771	0.808	1.021	2.800	-3.254	1.903	-0.551	126.975166	37.295231
1685512389399	1685512389391	-9.383	-3.060	0.826	0.301	0.909	2.724	-2.571	1.808	-0.498	126.975166	37.295231
1685512389409	1685512389399	-8.502	-2.986	1.022	0.301	0.909	2.724	-1.702	1.607	-0.429	126.975166	37.295231
1685512389419	1685512389409	-7.767	-3.105	1.259	-0.011	0.845	2.646	-0.795	1.535	-0.299	126.975166	37.295231
1685512389429	1685512389419	-7.149	-3.189	1.350	-0.320	0.808	2.538	0.189	1.417	-0.050	126.975166	37.295231
1685512389439	1685512389429	-6.819	-3.407	1.465	-0.584	0.806	2.407	1.046	1.065	0.259	126.975166	37.295231
1685512389452	1685512389439	-6.677	-3.754	1.614	-0.771	0.841	2.268	1.776	0.761	0.436	126.975166	37.295231
1685512389461	1685512389452	-6.653	-4.075	1.856	-0.866	0.876	2.128	2.205	0.330	0.644	126.975166	37.295231
1685512389469	1685512389461	-6.874	-4.195	2.030	-0.863	0.891	2.011	2.435	-0.213	0.898	126.975166	37.295231
1685512389479	1685512389469	-6.843	-4.135	1.887	-0.766	0.891	1.928	2.547	-0.742	1.259	126.975166	37.295231
1685512389490	1685512389479	-6.840	-3.907	1.848	-0.615	0.867	1.888	2.389	-1.025	1.535	126.975166	37.295231
1685512389499	1685512389490	-6.814	-3.864	1.786	-0.336	0.756	1.847	2.485	-1.142	1.496	126.975166	37.295231
1685512389510	1685512389499	-6.828	-3.766	1.745	-0.336	0.756	1.847	2.545	-1.089	1.559	126.975166	37.295231
1685512389519	1685512389510	-6.998	-3.754	1.738	-0.285	0.693	1.812	2.629	-1.235	1.585	126.975166	37.295231
1685512389529	1685512389519	-7.398	-3.680	1.659	-0.285	0.654	1.764	2.658	-1.295	1.616	126.975166	37.295231
1685512389542	1685512389530	-7.834	-3.673	1.652	-0.334	0.635	1.709	2.535	-1.472	1.688	126.975166	37.295231
1685512389550	1685512389543	-8.265	-3.701	1.585	-0.425	0.618	1.648	2.172	-1.549	1.671	126.975166	37.295231
1685512389559	1685512389550	-8.547	-3.742	1.585	-0.553	0.579	1.585	1.769	-1.707	1.731	126.975166	37.295231
1685512389572	1685512389559	-8.641	-3.828	1.520	-0.711	0.517	1.520	1.369	-1.894	1.731	126.975166	37.295231
1685512389579	1685512389572	-8.796	-4.005	1.401	-0.883	0.431	1.459	1.113	-2.088	1.798	126.975166	37.295231
1685512389590	1685512389579	-8.847	-4.219	1.446	-1.059	0.342	1.392	1.041	-2.322	1.793	126.975166	37.295231
1685512389599	1685512389591	-9.136	-4.326	1.420	-1.354	0.269	1.230	0.907	-2.660	1.733	126.975166	37.295231
1685512389610	1685512389599	-9.424	-4.427	1.472	-1.354	0.269	1.230	0.871	-2.998	1.822	126.975166	37.295231
1685512389619	1685512389611	-9.814	-4.673	1.566	-1.466	0.247	1.136	0.596	-3.242	1.841	126.975166	37.295231
1685512389631	1685512389619	-10.154	-4.882	1.626	-1.539	0.242	1.041	0.318	-3.457	1.930	126.975166	37.295231
1685512389642	1685512389631	-10.506	-5.071	1.678	-1.555	0.252	0.952	-0.060	-3.821	2.061	126.975166	37.295231
1685512389650	1685512389642	-10.645	-5.171	1.633	-1.509	0.252	0.881	-0.395	-4.082	2.124	126.975166	37.295231
1685512389659	1685512389650	-10.484	-5.262	1.621	-1.407	0.235	0.842	-0.742	-4.343	2.193	126.975166	37.295231
1685512389671	1685512389659	-10.173	-5.358	1.595	-1.268	0.200	0.820	-0.879	-4.513	2.172	126.975166	37.295231
1685512389679	1685512389674	-9.893	-5.277	1.604	-1.120	0.140	0.797	-0.713	-4.693	2.191	126.975166	37.295231
1685512389692	1685512389679	-9.677	-5.284	1.487	-0.974	0.092	0.746	-0.400	-4.877	2.191	126.975166	37.295231
1685512389699	1685512389692	-9.749	-5.171	1.398	-0.744	0.100	0.550	-0.115	-4.879	2.219	126.975166	37.295231
1685512389711	1685512389699	-10.185	-5.265	1.247	-0.744	0.100	0.550	0.101	-4.966	2.114	126.975166	37.295231
1685512389719	1685512389711	-11.040	-5.387	1.348	-0.674	0.122	0.423	0.029	-4.925	2.040	126.975166	37.295231
1685512389731	1685512389719	-11.801	-5.545	1.393	-0.645	0.155	0.285	-0.405	-5.064	1.899	126.975166	37.295231
1685512389739	1685512389731	-12.299	-5.456	1.338	-0.632	0.203	0.134	-1.259	-5.231	2.011	126.975166	37.295231
1685512389751	1685512389739	-12.160	-5.473	1.408	-0.600	0.225	0.007	-2.021	-5.423	2.073	126.975166	37.295231
1685512389762	1685512389751	-11.262	-5.552	1.484	-0.553	0.155	-0.049	-2.521	-5.351	2.037	126.975166	37.295231
1685512389769	1685512389762	-9.938	-5.401	1.504	-0.505	0.006	-0.065	-2.385	-5.373	2.131	126.975166	37.295231
1685512389780	1685512389770	-8.916	-5.334	1.365	-0.445	-0.149	-0.117	-1.487	-5.452	2.224	126.975166	37.295231
1685512389791	1685512389780	-8.990	-5.375	1.314	-0.371	-0.243	-0.235	-0.163	-5.298	2.243	126.975166	37.295231
1685512389799	1685512389792	-10.096	-5.540	1.298	-0.216	-0.145	-0.671	0.860	-5.222	2.093	126.975166	37.295231
1685512389811	1685512389799	-11.868	-5.600	1.245	-0.216	-0.145	-0.671	0.785	-5.243	2.018	126.975166	37.295231
1685512389822	1685512389811	-13.647	-5.705	0.974	-0.119	-0.005	-0.948	-0.318	-5.339	1.985	126.975166	37.295231
1685512389830	1685512389823	-14.688	-5.564	0.759	0.004	0.064	-1.151	-2.090	-5.339	1.920	126.975166	37.295231
1685512389840	1685512389830	-14.973	-5.437	0.426	0.123	-0.004	-1.240	-3.874	-5.334	1.650	126.975166	37.295231
1685512389852	1685512389840	-14.619	-5.203	0.079	0.216	-0.176	-1.232	-4.920	-5.104	1.439	126.975166	37.295231
1685512389859	1685512389852	-13.843	-5.145	-0.268	0.247	-0.384	-1.188	-5.212	-4.843	1.106	126.975166	37.295231
1685512389871	1685512389860	-13.099	-5.102	-0.338	0.202	-0.567	-1.181	-4.865	-4.499	0.742	126.975166	37.295231
1685512389879	1685512389871	-12.522	-5.198	-0.388	0.103	-0.688	-1.260	-4.096	-4.312	0.352	126.975166	37.295231
1685512389891	1685512389880	-12.134	-5.107	-0.326	-0.002	-0.720	-1.405	-3.357	-4.164	0.230	126.975166	37.295231
1685512389900	1685512389891	-11.612	-4.858	-0.247	-0.061	-0.685	-1.577	-2.792	-4.113	0.098	126.975166	37.295231
1685512389910	1685512389900	-10.872	-4.669	-0.120	-0.066	-0.639	-1.734	-2.413	-3.912	0.105	126.975166	37.295231
1685512389921	1685512389910	-10.123	-4.571	-0.096	-0.027	-0.608	-1.870	-1.913	-3.479	0.105	126.975166	37.295231
1685512389933	1685512389922	-9.440	-4.456	0.045	0.043	-0.582	-2.010	-1.190	-3.156	0.182	126.975166	37.295231
1685512389942	1685512389933	-8.844	-4.391	0.038	0.137	-0.538	-2.164	-0.472	-2.859	0.141	126.975166	37.295231
1685512389952	1685512389942	-8.437	-4.243	0.026	0.263	-0.484	-2.332	0.172	-2.550	0.227	126.975166	37.295231
1685512389961	1685512389952	-8.164	-4.015	0.093	0.412	-0.425	-2.507	0.723	-2.258	0.160	126.975166	37.295231
1685512389972	1685512389962	-8.054	-3.768	0.136	0.552	-0.367	-2.677	1.082	-1.908	0.101	126.975166	37.295231
1685512389983	1685512389972	-8.011	-3.646	0.213	0.668	-0.329	-2.831	1.295	-1.441	0.117	126.975166	37.295231
1685512389995	1685512389985	-8.023	-3.565	0.158	0.766	-0.291	-2.965	1.334	-0.943	0.113	126.975166	37.295231
1685512390004	1685512389995	-8.040	-3.534	0.120	0.849	-0.268	-3.081	1.293	-0.555	0.136	126.975166	37.295231
1685512390013	1685512390005	-8.135	-3.347	0.151	0.931	-0.254	-3.175	1.183	-0.201	0.031	126.975166	37.295231
1685512390024	1685512390013	-8.246	-3.232	0.187	1.019	-0.243	-3.234	1.037	0.165	-0.069	126.975166	37.295231
1685512390033	1685512390025	-8.270	-3.086	0.170	1.112	-0.239	-3.260	0.843	0.579	-0.086	126.975166	37.295231
1685512390044	1685512390033	-8.344	-2.995	0.139	1.195	-0.243	-3.260	0.603	0.972	-0.108	126.975166	37.295231
1685512390055	1685512390046	-8.373	-2.851	0.089	1.266	-0.255	-3.225	0.450	1.379	-0.184	126.975166	37.295231
1685512390067	1685512390066	-8.423	-2.612	0.043	1.321	-0.265	-3.155	0.249	1.702	-0.278	126.975166	37.295231
1685512390074	1685512390067	-8.337	-2.456	-0.077	1.349	-0.280	-3.059	0.093	2.064	-0.395	126.975166	37.295231
1685512390093	1685512390075	-8.432	-2.447	-0.005	1.335	-0.304	-2.941	-0.096	2.533	-0.522	126.975166	37.295231
1685512390096	1685512390094	-8.464	-2.318	0.079	1.285	-0.320	-2.795	-0.124	2.859	-0.711	126.975166	37.295231
1685512390104	1685512390096	-8.334	-2.342	0.055	1.212	-0.329	-2.617	-0.352	3.060	-0.723	126.975166	37.295231
1685512390113	1685512390105	-8.408	-2.286	-0.022	1.125	-0.334	-2.415	-0.517	3.366	-0.725	126.975166	37.295231
1685512390130	1685512390114	-8.511	-2.219	0.017	1.030	-0.332	-2.208	-0.532	3.527	-0.845	126.975166	37.295231
1685512390130	1685512390130	-8.645	-2.138	0.014	0.927	-0.324	-2.002	-0.718	3.716	-0.996	126.975166	37.295231
1685512390140	1685512390131	-8.710	-2.073	-0.007	0.817	-0.315	-1.795	-0.953	3.931	-1.049	126.975166	37.295231
1685512390150	1685512390140	-8.801	-2.131	0.069	0.704	-0.299	-1.576	-1.183	4.118	-1.116	126.975166	37.295231
1685512390160	1685512390151	-8.777	-2.116	0.122	0.590	-0.285	-1.346	-1.346	4.286	-1.207	126.975166	37.295231
1685512390171	1685512390160	-8.811	-2.021	0.026	0.478	-0.266	-1.113	-1.523	4.314	-1.190	126.975166	37.295231
1685512390180	1685512390171	-8.746	-2.028	-0.043	0.379	-0.249	-0.877	-1.568	4.398	-1.188	126.975166	37.295231
1685512390191	1685512390180	-8.734	-2.133	-0.096	0.288	-0.220	-0.638	-1.657	4.544	-1.326	126.975166	37.295231
1685512390200	1685512390192	-8.645	-2.207	-0.010	0.202	-0.187	-0.411	-1.638	4.578	-1.434	126.975166	37.295231
1685512390210	1685512390200	-8.677	-2.236	0.002	0.112	-0.155	-0.189	-1.642	4.487	-1.508	126.975166	37.295231
1685512390220	1685512390211	-9.038	-2.301	-0.089	0.035	-0.104	0.031	-1.563	4.417	-1.444	126.975166	37.295231
1685512390233	1685512390220	-9.821	-2.509	-0.129	-0.028	-0.018	0.241	-1.585	4.377	-1.439	126.975159	37.295219
1685512390243	1685512390233	-11.016	-2.682	-0.124	-0.081	0.108	0.450	-1.923	4.288	-1.532	126.975159	37.295219
1685512390251	1685512390244	-11.914	-2.868	-0.194	-0.125	0.264	0.662	-2.665	4.037	-1.561	126.975159	37.295219
1685512390261	1685512390252	-12.309	-3.029	-0.168	-0.159	0.396	0.924	-3.788	3.792	-1.528	126.975159	37.295219
1685512390270	1685512390261	-11.887	-3.093	0.019	-0.167	0.459	1.272	-4.645	3.563	-1.573	126.975159	37.295219
1685512390280	1685512390271	-10.681	-3.213	0.247	-0.171	0.447	1.670	-4.975	3.338	-1.508	126.975159	37.295219
1685512390292	1685512390280	-9.598	-3.369	0.362	-0.194	0.378	2.024	-4.468	3.182	-1.276	126.975159	37.295219
1685512390300	1685512390293	-9.072	-3.505	0.567	-0.220	0.342	2.252	-3.151	2.938	-1.006	126.975159	37.295219
1685512390311	1685512390301	-9.517	-3.486	0.692	-0.250	0.408	2.331	-1.942	2.631	-0.850	126.975159	37.295219
1685512390321	1685512390312	-10.726	-3.462	0.788	-0.255	0.575	2.294	-1.250	2.289	-0.596	126.975159	37.295219
1685512390330	1685512390322	-12.282	-3.620	0.922	-0.204	0.787	2.192	-1.585	2.164	-0.433	126.975159	37.295219
1685512390340	1685512390331	-13.680	-3.819	0.986	-0.134	0.959	2.107	-2.660	2.006	-0.278	126.975159	37.295219
1685512390352	1685512390340	-14.325	-3.989	0.955	-0.077	1.036	2.104	-4.092	1.674	-0.069	126.975159	37.295219
1685512390361	1685512390352	-14.236	-4.070	0.716	-0.032	1.004	2.209	-5.370	1.300	0.079	126.975159	37.295219
1685512390372	1685512390361	-13.582	-3.979	0.479	0.011	0.870	2.399	-5.899	0.955	0.139	126.975159	37.295219
1685512390383	1685512390372	-12.653	-3.800	0.299	0.011	0.674	2.593	-5.674	0.649	0.005	126.975159	37.295219
1685512390395	1685512390383	-11.830	-3.840	0.074	-0.073	0.481	2.706	-4.927	0.575	-0.172	126.975159	37.295219
1685512390404	1685512390395	-11.243	-3.869	0.072	-0.242	0.353	2.716	-3.867	0.505	-0.287	126.975159	37.295219
1685512390415	1685512390404	-10.738	-3.768	0.074	-0.473	0.307	2.647	-2.938	0.249	-0.472	126.975159	37.295219
1685512390425	1685512390415	-9.948	-3.654	0.055	-0.742	0.272	2.536	-2.219	-0.067	-0.424	126.975159	37.295219
1685512390435	1685512390425	-9.199	-3.627	0.194	-1.024	0.231	2.406	-1.626	-0.180	-0.381	126.975159	37.295219
1685512390445	1685512390435	-8.475	-3.634	0.469	-1.285	0.228	2.276	-0.737	-0.318	-0.345	126.975159	37.295219
1685512390456	1685512390445	-7.980	-3.936	0.608	-1.495	0.259	2.148	0.081	-0.488	-0.156	126.975159	37.295219
1685512390469	1685512390456	-7.523	-4.305	0.620	-1.622	0.316	2.011	0.874	-0.704	0.177	126.975159	37.295219
1685512390476	1685512390470	-7.278	-4.676	0.809	-1.643	0.397	1.883	1.432	-1.202	0.383	126.975159	37.295219
1685512390496	1685512390496	-6.993	-4.951	0.998	-1.553	0.473	1.795	1.942	-1.757	0.467	126.975159	37.295219
1685512390497	1685512390497	-6.821	-4.978	1.269	-1.352	0.522	1.750	2.234	-2.306	0.735	126.975159	37.295219
1685512390502	1685512390497	-6.871	-4.942	1.489	-1.043	0.557	1.735	2.564	-2.770	1.013	126.975159	37.295219
1685512390513	1685512390505	-7.025	-4.784	1.525	-0.643	0.607	1.718	2.770	-2.947	1.353	126.975159	37.295219
1685512390524	1685512390513	-6.986	-4.506	1.372	-0.216	0.660	1.684	2.756	-3.096	1.654	126.975159	37.295219
1685512390535	1685512390524	-6.962	-4.221	1.264	0.161	0.681	1.644	2.629	-3.089	1.755	126.975159	37.295219
1685512390543	1685512390535	-6.821	-3.991	1.214	0.432	0.654	1.614	2.691	-2.974	1.669	126.975159	37.295219
1685512390553	1685512390544	-6.855	-3.931	1.362	0.557	0.583	1.589	2.737	-2.849	1.623	126.975159	37.295219
1685512390563	1685512390554	-7.029	-3.953	1.530	0.564	0.529	1.556	2.895	-2.751	1.621	126.975159	37.295219
1685512390574	1685512390563	-7.321	-3.893	1.609	0.498	0.525	1.510	2.873	-2.804	1.805	126.975159	37.295219
1685512390584	1685512390574	-7.697	-3.831	1.719	0.386	0.536	1.459	2.713	-2.974	2.018	126.975159	37.295219
1685512390596	1685512390584	-8.040	-3.934	1.693	0.246	0.544	1.411	2.430	-3.060	2.145	126.975159	37.295219
1685512390604	1685512390596	-8.150	-3.979	1.575	0.092	0.534	1.367	2.064	-3.136	2.303	126.975159	37.295219
1685512390615	1685512390604	-8.102	-4.106	1.477	-0.070	0.472	1.326	1.726	-3.376	2.330	126.975159	37.295219
1685512390625	1685512390615	-8.045	-4.202	1.408	-0.247	0.375	1.275	1.618	-3.582	2.274	126.975159	37.295219
1685512390635	1685512390625	-8.116	-4.446	1.425	-0.428	0.280	1.210	1.669	-3.812	2.212	126.975159	37.295219
1685512390645	1685512390635	-8.497	-4.614	1.489	-0.585	0.217	1.128	1.726	-4.013	2.169	126.975159	37.295219
1685512390656	1685512390645	-9.179	-4.685	1.484	-0.702	0.191	1.026	1.654	-4.353	2.200	126.975159	37.295219
1685512390669	1685512390658	-9.845	-5.018	1.559	-0.784	0.199	0.913	1.274	-4.604	2.272	126.975159	37.295219
1685512390675	1685512390669	-10.185	-5.193	1.434	-0.825	0.213	0.805	0.591	-4.741	2.265	126.975159	37.295219
1685512390695	1685512390675	-10.154	-5.327	1.326	-0.816	0.189	0.732	-0.072	-5.119	2.332	126.975159	37.295219
1685512390696	1685512390696	-10.171	-5.397	1.195	-0.761	0.134	0.701	-0.412	-5.298	2.191	126.975159	37.295219
1685512390703	1685512390696	-10.199	-5.473	1.087	-0.673	0.081	0.683	-0.383	-5.511	2.102	126.975159	37.295219
1685512390715	1685512390704	-10.309	-5.385	1.089	-0.585	0.045	0.632	-0.402	-5.655	1.980	126.975159	37.295219
1685512390723	1685512390715	-10.752	-5.528	0.982	-0.503	0.043	0.536	-0.433	-5.811	1.879	126.975159	37.295219
1685512390734	1685512390724	-11.667	-5.744	0.886	-0.435	0.073	0.415	-0.546	-5.782	1.884	126.975159	37.295219
1685512390743	1685512390734	-12.852	-5.938	1.022	-0.385	0.122	0.280	-0.991	-5.988	1.779	126.975159	37.295219
1685512390754	1685512390744	-13.846	-6.098	1.085	-0.336	0.194	0.127	-1.908	-6.242	1.688	126.975159	37.295219
1685512390764	1685512390754	-14.164	-6.218	1.269	-0.257	0.257	-0.007	-3.096	-6.467	1.834	126.975159	37.295219
1685512390775	1685512390764	-13.147	-6.060	1.216	-0.139	0.214	-0.075	-4.094	-6.642	1.913	126.975159	37.295219
1685512390784	1685512390776	-11.389	-5.737	1.101	-0.018	0.061	-0.076	-4.413	-6.764	2.121	126.975159	37.295219
1685512390795	1685512390784	-9.608	-5.437	0.874	0.094	-0.158	-0.071	-3.397	-6.598	2.088	126.975159	37.295219
1685512390803	1685512390795	-8.691	-5.361	0.764	0.175	-0.374	-0.144	-1.640	-6.268	1.980	126.975159	37.295219
1685512390815	1685512390803	-9.203	-5.365	0.883	0.200	-0.447	-0.353	0.141	-5.962	1.738	126.975159	37.295219
1685512390825	1685512390815	-10.963	-5.385	0.994	0.191	-0.363	-0.706	1.063	-5.868	1.590	126.975159	37.295219
1685512390837	1685512390825	-13.063	-5.677	1.037	0.191	-0.172	-1.130	0.555	-5.839	1.671	126.975159	37.295219
1685512390844	1685512390838	-14.782	-5.655	0.536	0.252	0.012	-1.489	-1.197	-5.789	1.748	126.975159	37.295219
1685512390856	1685512390844	-15.428	-5.397	0.144	0.357	0.040	-1.701	-3.292	-5.969	1.774	126.975159	37.295219
1685512390875	1685512390857	-15.107	-5.112	-0.321	0.483	-0.106	-1.750	-5.009	-5.770	1.276	126.975159	37.295219
1685512390876	1685512390876	-14.257	-4.839	-0.603	0.584	-0.356	-1.680	-5.655	-5.377	0.886	126.975159	37.295219
1685512390892	1685512390876	-13.408	-4.781	-0.802	0.594	-0.605	-1.614	-5.334	-4.918	0.409	126.975159	37.295219
1685512390896	1685512390893	-12.759	-4.760	-0.939	0.506	-0.761	-1.636	-4.487	-4.475	0.091	126.975159	37.295219
1685512390903	1685512390897	-12.177	-4.678	-0.943	0.390	-0.797	-1.730	-3.639	-4.257	-0.168	126.975159	37.295219
1685512390915	1685512390903	-11.540	-4.472	-0.802	0.298	-0.764	-1.844	-2.995	-4.073	-0.381	126.975159	37.295219
1685512390925	1685512390916	-10.786	-4.266	-0.752	0.254	-0.715	-1.940	-2.425	-3.785	-0.484	126.975159	37.295219
1685512390936	1685512390925	-9.993	-4.130	-0.517	0.260	-0.666	-2.013	-1.800	-3.436	-0.402	126.975159	37.295219
1685512390944	1685512390936	-9.203	-4.154	-0.333	0.298	-0.613	-2.088	-1.065	-3.021	-0.433	126.975159	37.295219
1685512390955	1685512390945	-8.724	-4.223	-0.168	0.367	-0.546	-2.176	-0.297	-2.708	-0.259	126.975159	37.295219
1685512390965	1685512390957	-8.322	-4.128	-0.182	0.475	-0.465	-2.279	0.457	-2.509	-0.146	126.975159	37.295219
1685512390975	1685512390965	-8.126	-3.874	-0.323	0.621	-0.381	-2.397	0.903	-2.387	-0.034	126.975159	37.295219
1685512390986	1685512390976	-7.932	-3.673	-0.294	0.775	-0.316	-2.520	1.252	-2.028	-0.113	126.975159	37.295219
1685512390997	1685512390986	-7.731	-3.433	-0.256	0.896	-0.298	-2.633	1.403	-1.568	-0.299	126.975159	37.295219
1685512391006	1685512390997	-7.537	-3.299	-0.105	0.964	-0.312	-2.733	1.535	-1.128	-0.318	126.975159	37.295219
1685512391018	1685512391006	-7.513	-3.249	-0.134	0.992	-0.331	-2.833	1.666	-0.642	-0.333	126.975159	37.295219
1685512391026	1685512391018	-7.594	-3.268	-0.014	1.007	-0.335	-2.931	1.772	-0.227	-0.244	126.975159	37.295219
1685512391036	1685512391026	-7.913	-3.187	-0.055	1.034	-0.313	-3.021	1.712	0.057	-0.330	126.975159	37.295219
1685512391045	1685512391037	-8.143	-2.986	-0.062	1.080	-0.298	-3.091	1.520	0.330	-0.283	126.975159	37.295219
1685512391056	1685512391045	-8.334	-2.911	-0.101	1.131	-0.301	-3.126	1.099	0.656	-0.383	126.975159	37.295219
1685512391066	1685512391057	-8.499	-2.667	-0.165	1.168	-0.326	-3.119	0.749	1.120	-0.436	126.975159	37.295219
1685512391078	1685512391066	-8.571	-2.583	-0.187	1.179	-0.380	-3.078	0.436	1.446	-0.527	126.975159	37.295219
1685512391095	1685512391078	-8.717	-2.468	-0.163	1.158	-0.434	-3.012	0.144	1.930	-0.651	126.975159	37.295219
1685512391097	1685512391095	-8.940	-2.418	-0.232	1.109	-0.474	-2.926	-0.050	2.236	-0.740	126.975159	37.295219
1685512391106	1685512391098	-8.952	-2.337	-0.283	1.036	-0.507	-2.821	-0.342	2.586	-0.800	126.975159	37.295219
1685512391115	1685512391106	-8.942	-2.184	-0.409	0.942	-0.541	-2.693	-0.680	2.813	-0.939	126.975159	37.295219
1685512391123	1685512391115	-8.770	-2.085	-0.448	0.823	-0.599	-2.542	-0.836	3.105	-1.080	126.975159	37.295219
1685512391134	1685512391124	-8.712	-1.994	-0.417	0.679	-0.667	-2.377	-0.936	3.409	-1.276	126.975159	37.295219
1685512391142	1685512391134	-8.748	-2.002	-0.503	0.518	-0.713	-2.214	-0.886	3.666	-1.391	126.975159	37.295219
1685512391152	1685512391143	-9.007	-2.066	-0.481	0.353	-0.706	-2.055	-0.946	3.900	-1.434	126.975159	37.295219
1685512391162	1685512391153	-9.139	-2.025	-0.493	0.204	-0.668	-1.891	-1.106	4.041	-1.602	126.975159	37.295219
1685512391172	1685512391162	-8.990	-2.093	-0.527	0.083	-0.621	-1.702	-1.458	4.085	-1.633	126.975159	37.295219
1685512391182	1685512391172	-8.732	-2.047	-0.591	-0.004	-0.588	-1.480	-1.688	4.231	-1.690	126.975159	37.295219
1685512391194	1685512391183	-8.413	-2.085	-0.634	-0.062	-0.567	-1.227	-1.621	4.254	-1.760	126.975159	37.295219
1685512391202	1685512391195	-8.152	-2.100	-0.620	-0.098	-0.523	-0.963	-1.432	4.374	-1.851	126.975159	37.295219
1685512391212	1685512391202	-7.934	-2.083	-0.539	-0.114	-0.445	-0.713	-1.168	4.393	-1.915	126.975159	37.295219
1685512391222	1685512391212	-7.980	-2.169	-0.539	-0.106	-0.326	-0.479	-0.962	4.436	-1.925	126.975159	37.295219
1685512391232	1685512391222	-8.442	-2.222	-0.654	-0.076	-0.191	-0.239	-0.764	4.472	-1.851	126.975143	37.295208
1685512391242	1685512391232	-9.402	-2.284	-0.737	-0.033	-0.039	0.005	-0.828	4.408	-1.860	126.975143	37.295208
1685512391254	1685512391242	-10.518	-2.253	-0.749	0.004	0.140	0.253	-1.310	4.372	-1.982	126.975143	37.295208
1685512391263	1685512391255	-11.363	-2.342	-0.898	0.021	0.326	0.530	-2.270	4.310	-2.066	126.975143	37.295208
1685512391273	1685512391263	-11.722	-2.784	-0.941	0.023	0.474	0.881	-3.349	4.305	-2.059	126.975143	37.295208
1685512391283	1685512391274	-11.265	-3.065	-0.804	0.020	0.557	1.318	-4.152	4.173	-2.184	126.975143	37.295208
1685512391293	1685512391283	-10.247	-2.962	-0.615	-0.018	0.575	1.790	-4.453	3.673	-2.198	126.975143	37.295208
1685512391302	1685512391294	-9.333	-3.182	-0.345	-0.092	0.540	2.221	-3.905	3.297	-2.021	126.975143	37.295208
1685512391313	1685512391302	-9.163	-3.280	-0.108	-0.164	0.550	2.544	-2.768	3.266	-1.788	126.975143	37.295208
1685512391323	1685512391314	-9.826	-3.302	0.108	-0.224	0.684	2.709	-1.695	2.861	-1.465	126.975143	37.295208
1685512391333	1685512391324	-11.119	-3.469	0.151	-0.266	0.902	2.723	-1.384	2.588	-1.183	126.975143	37.295208
1685512391342	1685512391333	-12.498	-3.888	0.409	-0.246	1.131	2.688	-1.867	2.337	-0.893	126.975143	37.295208
1685512391352	1685512391342	-13.657	-4.164	0.582	-0.161	1.312	2.695	-3.017	1.973	-0.771	126.975143	37.295208
1685512391362	1685512391353	-14.425	-4.374	0.800	-0.056	1.385	2.770	-4.245	1.336	-0.407	126.975143	37.295208
1685512391374	1685512391362	-14.775	-4.518	0.804	0.059	1.372	2.911	-5.255	0.838	-0.117	126.975143	37.295208
1685512391383	1685512391374	-14.614	-4.602	0.891	0.205	1.329	3.112	-5.880	0.393	0.218	126.975143	37.295208
1685512391395	1685512391383	-14.159	-4.630	0.733	0.351	1.263	3.313	-6.088	0.000	0.338	126.975143	37.295208
1685512391404	1685512391395	-13.355	-4.436	0.615	0.448	1.147	3.442	-5.772	-0.385	0.543	126.975143	37.295208
1685512391416	1685512391404	-12.479	-4.223	0.579	0.469	1.014	3.477	-5.191	-0.680	0.474	126.975143	37.295208
1685512391424	1685512391416	-11.502	-3.996	0.520	0.396	0.882	3.437	-4.240	-0.831	0.453	126.975143	37.295208
1685512391437	1685512391424	-10.252	-3.776	0.752	0.235	0.754	3.348	-3.254	-0.905	0.486	126.975143	37.295208
1685512391444	1685512391437	-9.244	-3.615	1.056	0.000	0.638	3.211	-2.169	-0.996	0.496	126.975143	37.295208
1685512391457	1685512391445	-8.380	-3.472	1.307	-0.290	0.558	3.019	-0.824	-1.089	0.790	126.975143	37.295208
1685512391466	1685512391457	-7.827	-3.503	1.432	-0.595	0.541	2.792	0.271	-1.264	1.161	126.975143	37.295208
1685512391476	1685512391466	-7.537	-3.773	1.487	-0.874	0.567	2.545	1.195	-1.379	1.468	126.975143	37.295208
1685512391491	1685512391477	-7.377	-4.219	1.683	-1.101	0.601	2.294	1.803	-1.681	1.654	126.975143	37.295208
1685512391497	1685512391491	-7.240	-4.453	1.767	-1.266	0.622	2.073	2.133	-2.198	1.779	126.975143	37.295208
1685512391506	1685512391497	-7.163	-4.484	1.693	-1.350	0.594	1.905	2.327	-2.871	2.049	126.975143	37.295208
1685512391515	1685512391506	-7.010	-4.640	1.784	-1.337	0.534	1.789	2.485	-3.311	2.210	126.975143	37.295208
1685512391526	1685512391516	-6.785	-4.463	1.772	-1.252	0.454	1.706	2.583	-3.572	2.222	126.975143	37.295208
1685512391537	1685512391526	-6.653	-4.444	1.535	-1.152	0.360	1.620	2.746	-3.874	2.363	126.975143	37.295208
1685512391545	1685512391537	-6.591	-4.381	1.480	-1.067	0.294	1.517	2.978	-3.871	2.404	126.975143	37.295208
1685512391557	1685512391546	-6.855	-4.422	1.408	-0.997	0.257	1.399	3.117	-4.017	2.207	126.975143	37.295208
1685512391565	1685512391557	-7.022	-4.432	1.439	-0.951	0.230	1.277	3.182	-4.111	2.186	126.975143	37.295208
1685512391577	1685512391565	-7.324	-4.317	1.422	-0.930	0.203	1.164	2.921	-4.259	2.124	126.975143	37.295208
1685512391586	1685512391577	-7.496	-4.360	1.353	-0.932	0.180	1.071	2.753	-4.401	2.169	126.975143	37.295208
1685512391598	1685512391587	-7.736	-4.429	1.350	-0.952	0.145	1.005	2.452	-4.360	2.160	126.975143	37.295208
1685512391606	1685512391598	-7.793	-4.484	1.290	-0.979	0.130	0.949	2.277	-4.527	2.107	126.975143	37.295208
1685512391617	1685512391607	-7.877	-4.559	1.262	-1.002	0.125	0.886	2.033	-4.690	2.116	126.975143	37.295208
1685512391627	1685512391617	-7.831	-4.609	1.219	-1.021	0.112	0.815	1.973	-4.846	2.059	126.975143	37.295208
1685512391638	1685512391627	-7.942	-4.719	1.188	-1.036	0.106	0.749	1.887	-4.973	2.028	126.975143	37.295208
1685512391647	1685512391638	-8.159	-4.743	1.144	-1.027	0.106	0.685	1.930	-5.100	1.980	126.975143	37.295208
1685512391657	1685512391647	-8.478	-4.762	1.116	-0.998	0.110	0.608	1.817	-5.243	1.939	126.975143	37.295208
1685512391667	1685512391658	-8.995	-5.006	1.216	-0.966	0.125	0.516	1.599	-5.313	1.889	126.975143	37.295208
1685512391679	1685512391668	-9.378	-5.073	1.252	-0.925	0.154	0.424	1.279	-5.349	1.848	126.975143	37.295208
1685512391686	1685512391680	-9.641	-5.176	1.269	-0.863	0.172	0.345	0.761	-5.605	1.937	126.975143	37.295208
1685512391718	1685512391686	-9.862	-5.162	1.307	-0.770	0.172	0.296	0.381	-5.653	1.958	126.975143	37.295208
1685512391719	1685512391719	-10.163	-5.260	1.283	-0.649	0.166	0.275	0.120	-5.725	1.961	126.975143	37.295208
1685512391720	1685512391719	-10.429	-5.234	1.013	-0.516	0.162	0.260	-0.096	-5.684	1.992	126.975143	37.295208
1685512391726	1685512391720	-11.236	-5.301	0.752	-0.400	0.170	0.220	-0.400	-5.818	1.980	126.975143	37.295208
1685512391736	1685512391726	-12.735	-5.576	0.836	-0.331	0.194	0.155	-0.668	-5.818	1.721	126.975143	37.295208
1685512391746	1685512391738	-14.823	-5.837	1.063	-0.323	0.254	0.062	-1.477	-5.909	1.475	126.975143	37.295208
1685512391755	1685512391747	-16.532	-6.072	1.425	-0.342	0.376	-0.066	-2.978	-6.201	1.575	126.975143	37.295208
1685512391765	1685512391757	-16.731	-6.038	1.549	-0.319	0.505	-0.171	-5.071	-6.472	1.829	126.975143	37.295208
1685512391776	1685512391766	-14.629	-5.780	1.348	-0.221	0.445	-0.145	-6.783	-6.704	2.222	126.975143	37.295208
1685512391786	1685512391776	-11.509	-5.535	0.804	-0.098	0.089	-0.009	-6.984	-6.656	2.392	126.975143	37.295208
1685512391798	1685512391786	-9.076	-5.157	0.639	-0.040	-0.387	0.071	-4.884	-6.385	2.234	126.975143	37.295208
1685512391806	1685512391798	-8.016	-5.088	0.673	-0.079	-0.702	-0.035	-1.765	-6.141	1.697	126.975143	37.295208
1685512391816	1685512391806	-8.914	-5.057	0.735	-0.166	-0.739	-0.358	0.670	-5.770	1.494	126.975143	37.295208
1685512391826	1685512391816	-11.305	-5.102	0.864	-0.255	-0.547	-0.871	1.738	-5.696	1.446	126.975143	37.295208
1685512391837	1685512391826	-13.898	-5.325	0.852	-0.279	-0.178	-1.454	0.845	-5.638	1.448	126.975143	37.295208
1685512391846	1685512391837	-15.742	-5.296	0.553	-0.222	0.122	-1.916	-1.537	-5.600	1.523	126.975143	37.295208
1685512391858	1685512391847	-16.151	-5.198	0.124	-0.116	0.153	-2.159	-4.123	-5.681	1.494	126.975143	37.295208
1685512391867	1685512391858	-15.431	-5.136	-0.168	0.009	-0.028	-2.169	-5.964	-5.468	1.204	126.975143	37.295208
1685512391878	1685512391867	-14.147	-5.138	-0.376	0.151	-0.285	-2.013	-6.371	-5.160	0.792	126.975143	37.295208
1685512391886	1685512391879	-12.993	-4.913	-0.438	0.280	-0.502	-1.873	-5.655	-4.863	0.496	126.975143	37.295208
1685512391898	1685512391889	-12.292	-4.537	-0.455	0.376	-0.595	-1.851	-4.377	-4.688	0.263	126.975143	37.295208
1685512391918	1685512391917	-11.791	-4.312	-0.383	0.463	-0.566	-1.906	-3.227	-4.278	0.148	126.975143	37.295208
1685512391918	1685512391918	-11.188	-4.080	-0.378	0.547	-0.472	-1.974	-2.538	-3.718	0.072	126.975143	37.295208
1685512391925	1685512391919	-10.503	-3.907	-0.352	0.611	-0.403	-2.042	-2.052	-3.287	0.079	126.975143	37.295208
1685512391936	1685512391925	-9.680	-3.778	-0.259	0.646	-0.379	-2.103	-1.468	-2.880	0.036	126.975143	37.295208
1685512391946	1685512391936	-8.940	-3.675	-0.311	0.668	-0.365	-2.156	-0.809	-2.488	0.010	126.975143	37.295208
1685512391955	1685512391946	-8.282	-3.587	-0.146	0.687	-0.347	-2.215	-0.012	-2.172	0.062	126.975143	37.295208
1685512391966	1685512391959	-7.728	-3.472	-0.086	0.704	-0.324	-2.285	0.690	-1.858	-0.034	126.975143	37.295208
1685512391977	1685512391967	-7.300	-3.488	0.048	0.728	-0.296	-2.366	1.305	-1.556	0.081	126.975143	37.295208
1685512391986	1685512391977	-7.175	-3.364	0.050	0.768	-0.255	-2.459	1.810	-1.221	0.096	126.975143	37.295208
1685512391997	1685512391986	-7.228	-3.388	0.105	0.830	-0.204	-2.555	2.184	-1.010	0.184	126.975143	37.295208
1685512392006	1685512391997	-7.288	-3.278	0.199	0.914	-0.138	-2.644	2.239	-0.630	0.139	126.975143	37.295208
1685512392016	1685512392006	-7.415	-3.105	0.146	1.010	-0.089	-2.709	2.121	-0.438	0.156	126.975143	37.295208
1685512392026	1685512392016	-7.499	-3.007	0.045	1.104	-0.067	-2.750	1.970	-0.057	0.204	126.975143	37.295208
1685512392038	1685512392026	-7.520	-2.923	0.007	1.190	-0.078	-2.766	1.762	0.338	0.113	126.975143	37.295208
1685512392047	1685512392038	-7.518	-2.682	-0.024	1.255	-0.116	-2.751	1.580	0.687	-0.031	126.975143	37.295208
1685512392057	1685512392047	-7.456	-2.581	-0.089	1.288	-0.166	-2.717	1.453	1.020	-0.122	126.975143	37.295208
1685512392067	1685512392057	-7.321	-2.418	-0.165	1.285	-0.220	-2.673	1.336	1.520	-0.218	126.975143	37.295208
1685512392079	1685512392067	-7.403	-2.186	-0.271	1.245	-0.275	-2.616	1.293	1.834	-0.345	126.975143	37.295208
1685512392087	1685512392079	-7.389	-2.076	-0.407	1.168	-0.318	-2.544	1.305	2.224	-0.498	126.975143	37.295208
1685512392110	1685512392087	-7.343	-1.944	-0.457	1.048	-0.356	-2.461	1.099	2.677	-0.687	126.975143	37.295208
1685512392110	1685512392110	-7.357	-1.982	-0.431	0.896	-0.390	-2.360	0.984	2.995	-0.907	126.975143	37.295208
1685512392114	1685512392111	-7.566	-1.982	-0.565	0.722	-0.415	-2.242	0.900	3.326	-1.041	126.975143	37.295208
1685512392139	1685512392115	-7.963	-2.126	-0.532	0.542	-0.409	-2.109	0.730	3.512	-1.113	126.975143	37.295208
1685512392139	1685512392139	-8.377	-2.205	-0.658	0.376	-0.373	-1.963	0.421	3.654	-1.305	126.975143	37.295208
1685512392144	1685512392139	-8.677	-2.234	-0.723	0.241	-0.325	-1.796	-0.098	3.673	-1.336	126.975143	37.295208
1685512392154	1685512392144	-8.928	-2.313	-0.771	0.138	-0.291	-1.594	-0.632	3.742	-1.513	126.975143	37.295208
1685512392164	1685512392155	-8.981	-2.411	-0.807	0.073	-0.264	-1.370	-1.041	3.850	-1.618	126.975143	37.295208
1685512392174	1685512392164	-8.938	-2.418	-0.886	0.043	-0.228	-1.134	-1.393	3.891	-1.695	126.975143	37.295208
1685512392183	1685512392176	-8.954	-2.526	-0.996	0.048	-0.189	-0.898	-1.544	3.905	-1.760	126.975143	37.295208
1685512392194	1685512392184	-9.048	-2.533	-0.943	0.077	-0.119	-0.676	-1.566	3.972	-1.856	126.975143	37.295208
1685512392203	1685512392196	-9.155	-2.519	-1.049	0.121	-0.015	-0.480	-1.642	3.931	-1.982	126.975143	37.295208
1685512392214	1685512392203	-9.309	-2.358	-1.207	0.160	0.092	-0.304	-1.781	3.972	-1.944	126.975143	37.295208
1685512392223	1685512392215	-9.668	-2.397	-1.444	0.197	0.180	-0.110	-1.906	4.005	-2.049	126.975143	37.295208
1685512392233	1685512392224	-10.575	-2.504	-1.511	0.225	0.274	0.100	-2.052	4.159	-2.195	126.975143	37.295208
1685512392243	1685512392234	-11.825	-2.478	-1.549	0.227	0.402	0.304	-2.387	4.096	-2.416	126.975143	37.295208
1685512392255	1685512392244	-12.740	-2.617	-1.499	0.193	0.575	0.514	-3.247	3.938	-2.454	126.975128	37.295197
1685512392264	1685512392255	-13.036	-2.907	-1.427	0.139	0.722	0.808	-4.422	3.883	-2.444	126.975128	37.295197
1685512392275	1685512392264	-12.380	-3.115	-1.161	0.087	0.771	1.216	-5.298	3.706	-2.363	126.975128	37.295197
1685512392284	1685512392275	-11.054	-3.244	-0.812	0.022	0.748	1.671	-5.538	3.354	-2.246	126.975128	37.295197
1685512392298	1685512392284	-9.845	-3.541	-0.558	-0.049	0.678	2.073	-4.800	3.053	-1.927	126.975128	37.295197
1685512392303	1685512392298	-9.522	-3.759	-0.316	-0.090	0.655	2.349	-3.357	2.784	-1.518	126.975128	37.295197
1685512392314	1685512392304	-10.293	-3.807	-0.213	-0.100	0.755	2.459	-2.030	2.342	-1.214	126.975128	37.295197
1685512392324	1685512392314	-11.724	-3.764	-0.302	-0.064	0.977	2.415	-1.554	1.920	-0.910	126.975128	37.295197
1685512392335	1685512392324	-13.448	-3.761	-0.306	0.046	1.219	2.314	-2.198	1.695	-0.747	126.975128	37.295197
1685512392344	1685512392335	-14.743	-3.891	-0.132	0.171	1.373	2.263	-3.481	1.523	-0.742	126.975128	37.295197
1685512392355	1685512392344	-15.320	-4.027	0.024	0.252	1.395	2.319	-5.092	1.350	-0.658	126.975128	37.295197
1685512392366	1685512392355	-15.282	-4.154	0.108	0.286	1.302	2.468	-6.246	0.991	-0.357	126.975128	37.295197
1685512392376	1685512392366	-14.626	-4.175	0.170	0.292	1.146	2.668	-6.732	0.697	-0.115	126.975128	37.295197
1685512392385	1685512392376	-13.697	-4.156	0.280	0.285	0.975	2.850	-6.570	0.335	0.077	126.975128	37.295197
1685512392398	1685512392385	-12.728	-4.101	0.273	0.252	0.820	2.950	-5.808	0.103	0.218	126.975128	37.295197
1685512392407	1685512392398	-11.765	-3.994	0.239	0.175	0.693	2.953	-4.750	-0.153	0.409	126.975128	37.295197
1685512392417	1685512392407	-10.719	-3.843	0.479	0.046	0.617	2.896	-3.666	-0.364	0.467	126.975128	37.295197
1685512392427	1685512392417	-9.431	-3.661	0.687	-0.125	0.540	2.805	-2.579	-0.579	0.503	126.975128	37.295197
1685512392436	1685512392428	-8.349	-3.464	1.025	-0.327	0.457	2.683	-1.458	-0.642	0.785	126.975128	37.295197
1685512392447	1685512392437	-7.422	-3.531	1.262	-0.545	0.407	2.528	-0.084	-0.721	1.049	126.975128	37.295197
1685512392459	1685512392448	-6.812	-3.670	1.451	-0.753	0.411	2.352	1.070	-0.778	1.439	126.975128	37.295197
1685512392469	1685512392459	-6.428	-3.984	1.757	-0.909	0.465	2.162	2.059	-1.087	1.729	126.975128	37.295197
1685512392479	1685512392469	-6.352	-4.329	2.045	-0.983	0.551	1.974	2.722	-1.453	1.973	126.975128	37.295197
1685512392490	1685512392479	-6.357	-4.269	2.224	-0.963	0.623	1.807	3.153	-1.999	2.351	126.975128	37.295197
1685512392514	1685512392490	-6.395	-4.149	2.188	-0.839	0.660	1.682	3.261	-2.521	2.703	126.975128	37.295197
1685512392514	1685512392514	-6.318	-3.847	2.085	-0.650	0.645	1.610	3.282	-2.641	2.959	126.975128	37.295197
1685512392517	1685512392516	-6.151	-3.527	1.848	-0.473	0.568	1.565	3.266	-2.691	3.000	126.975128	37.295197
1685512392527	1685512392517	-6.002	-3.359	1.676	-0.392	0.448	1.522	3.359	-2.567	2.974	126.975128	37.295197
1685512392537	1685512392527	-5.899	-3.428	1.575	-0.443	0.310	1.469	3.541	-2.387	2.792	126.975128	37.295197
1685512392548	1685512392537	-5.923	-3.637	1.604	-0.583	0.183	1.415	3.701	-2.385	2.672	126.975128	37.295197
1685512392557	1685512392548	-6.239	-3.661	1.767	-0.760	0.108	1.361	3.814	-2.586	2.602	126.975128	37.295197
1685512392566	1685512392558	-6.740	-3.721	1.688	-0.954	0.072	1.291	3.800	-2.938	2.653	126.975128	37.295197
1685512392578	1685512392566	-7.211	-3.869	1.755	-1.130	0.060	1.212	3.491	-3.103	2.830	126.975128	37.295197
1685512392586	1685512392578	-7.547	-4.056	1.475	-1.273	0.053	1.128	2.995	-3.299	2.763	126.975128	37.295197
1685512392598	1685512392587	-7.915	-4.147	1.358	-1.395	0.010	1.040	2.526	-3.577	2.840	126.975128	37.295197
1685512392607	1685512392598	-8.016	-4.219	1.199	-1.510	-0.054	0.946	2.193	-3.900	2.569	126.975128	37.295197
1685512392616	1685512392607	-8.107	-4.293	1.022	-1.621	-0.133	0.855	1.827	-4.096	2.454	126.975128	37.295197
1685512392627	1685512392617	-8.267	-4.436	1.013	-1.720	-0.208	0.759	1.726	-4.288	2.289	126.975128	37.295197
1685512392638	1685512392627	-8.622	-4.621	1.008	-1.808	-0.252	0.640	1.635	-4.453	2.100	126.975128	37.295197
1685512392648	1685512392638	-9.057	-4.769	0.996	-1.870	-0.255	0.495	1.475	-4.690	2.066	126.975128	37.295197
1685512392656	1685512392648	-9.668	-4.906	0.931	-1.890	-0.219	0.332	1.120	-4.954	2.030	126.975128	37.295197
1685512392668	1685512392657	-10.104	-5.052	0.924	-1.856	-0.175	0.178	0.687	-5.176	1.985	126.975128	37.295197
1685512392678	1685512392668	-10.290	-5.090	0.888	-1.770	-0.140	0.054	0.077	-5.358	1.894	126.975128	37.295197
1685512392690	1685512392678	-10.314	-5.215	0.912	-1.637	-0.123	-0.032	-0.357	-5.540	1.860	126.975128	37.295197
1685512392711	1685512392690	-10.060	-5.210	0.898	-1.464	-0.134	-0.079	-0.541	-5.600	1.803	126.975128	37.295197
1685512392712	1685512392711	-9.835	-5.215	0.862	-1.260	-0.148	-0.103	-0.565	-5.737	1.805	126.975128	37.295197
1685512392717	1685512392712	-9.878	-5.227	0.773	-1.036	-0.139	-0.123	-0.309	-5.737	1.769	126.975128	37.295197
1685512392726	1685512392718	-10.436	-5.222	0.697	-0.808	-0.090	-0.165	-0.081	-5.744	1.709	126.975128	37.295197
1685512392737	1685512392727	-11.578	-5.167	0.711	-0.589	0.015	-0.237	-0.124	-5.753	1.604	126.975128	37.295197
1685512392748	1685512392737	-12.850	-5.037	0.654	-0.409	0.137	-0.325	-0.680	-5.739	1.516	126.975128	37.295197
1685512392757	1685512392748	-13.673	-4.994	0.690	-0.283	0.237	-0.411	-1.822	-5.665	1.528	126.975128	37.295197
1685512392766	1685512392758	-14.095	-5.090	0.924	-0.202	0.269	-0.450	-3.093	-5.507	1.482	126.975128	37.295197
1685512392777	1685512392767	-13.233	-5.066	0.953	-0.140	0.224	-0.411	-3.917	-5.425	1.539	126.975128	37.295197
1685512392787	1685512392777	-11.262	-4.939	0.788	-0.095	0.071	-0.313	-4.338	-5.476	1.803	126.975128	37.295197
1685512392798	1685512392787	-9.469	-4.913	0.505	-0.056	-0.186	-0.205	-3.476	-5.416	1.851	126.975128	37.295197
1685512392807	1685512392798	-8.741	-4.990	0.601	-0.016	-0.414	-0.159	-1.506	-5.260	1.693	126.975128	37.295197
1685512392817	1685512392807	-9.179	-5.047	0.567	0.012	-0.459	-0.250	0.287	-5.215	1.391	126.975128	37.295197
1685512392827	1685512392818	-10.740	-5.104	0.670	0.031	-0.326	-0.494	1.020	-5.274	1.441	126.975128	37.295197
1685512392837	1685512392827	-12.507	-5.294	0.630	0.083	-0.090	-0.808	0.587	-5.310	1.369	126.975128	37.295197
1685512392847	1685512392837	-13.628	-5.262	0.261	0.180	0.088	-1.049	-0.970	-5.313	1.437	126.975128	37.295197
1685512392860	1685512392847	-14.111	-5.260	-0.065	0.280	0.076	-1.157	-2.734	-5.430	1.389	126.975128	37.295197
1685512392869	1685512392860	-14.090	-5.191	-0.223	0.381	-0.066	-1.144	-3.855	-5.296	1.027	126.975128	37.295197
1685512392880	1685512392869	-13.769	-5.198	-0.426	0.464	-0.247	-1.067	-4.341	-5.179	0.709	126.975128	37.295197
1685512392893	1685512392880	-13.324	-5.351	-0.522	0.519	-0.391	-1.012	-4.319	-4.994	0.543	126.975128	37.295197
1685512392919	1685512392893	-12.998	-5.373	-0.390	0.568	-0.462	-1.005	-3.998	-4.894	0.316	126.975128	37.295197
1685512392919	1685512392919	-12.646	-5.413	-0.249	0.637	-0.478	-1.027	-3.555	-4.934	0.175	126.975128	37.295197
1685512392920	1685512392919	-12.196	-5.064	-0.251	0.733	-0.450	-1.057	-3.230	-4.863	0.263	126.975128	37.295197
1685512392930	1685512392920	-11.454	-4.779	-0.117	0.842	-0.408	-1.096	-2.880	-4.788	0.350	126.975128	37.295197
1685512392939	1685512392930	-10.544	-4.532	-0.141	0.926	-0.404	-1.145	-2.435	-4.343	0.304	126.975128	37.295197
1685512392948	1685512392939	-9.661	-4.341	-0.096	0.953	-0.452	-1.210	-1.700	-3.946	0.393	126.975128	37.295197
1685512392958	1685512392948	-8.976	-4.108	0.081	0.915	-0.494	-1.317	-0.797	-3.584	0.321	126.975128	37.295197
1685512392967	1685512392958	-8.363	-3.881	0.182	0.842	-0.505	-1.480	0.074	-3.259	0.306	126.975128	37.295197
1685512392977	1685512392967	-7.810	-3.735	0.271	0.735	-0.524	-1.675	0.747	-2.907	0.431	126.975128	37.295197
1685512392987	1685512392978	-7.396	-3.622	0.359	0.605	-0.552	-1.877	1.343	-2.533	0.472	126.975128	37.295197
1685512392999	1685512392987	-7.197	-3.625	0.443	0.468	-0.568	-2.084	1.872	-2.222	0.498	126.975128	37.295197
1685512393007	1685512392999	-7.118	-3.670	0.409	0.349	-0.567	-2.299	2.258	-1.927	0.524	126.975128	37.295197
1685512393017	1685512393007	-7.276	-3.699	0.409	0.281	-0.541	-2.517	2.421	-1.729	0.546	126.975128	37.295197
1685512393027	1685512393017	-7.482	-3.637	0.350	0.269	-0.506	-2.721	2.440	-1.487	0.431	126.975128	37.295197
1685512393038	1685512393028	-7.815	-3.484	0.184	0.314	-0.475	-2.897	2.241	-1.348	0.390	126.975128	37.295197
1685512393048	1685512393038	-8.073	-3.218	0.093	0.402	-0.469	-3.036	1.961	-1.001	0.271	126.975128	37.295197
1685512393059	1685512393048	-8.205	-3.165	0.053	0.497	-0.484	-3.136	1.554	-0.603	0.057	126.975128	37.295197
1685512393067	1685512393060	-8.286	-3.005	-0.065	0.568	-0.514	-3.201	1.195	-0.026	-0.093	126.975128	37.295197
1685512393077	1685512393068	-8.418	-2.861	-0.072	0.605	-0.545	-3.238	0.960	0.304	-0.187	126.975128	37.295197
1685512393090	1685512393077	-8.487	-2.804	-0.232	0.618	-0.558	-3.247	0.735	0.814	-0.383	126.975128	37.295197
1685512393119	1685512393091	-8.681	-2.710	-0.196	0.623	-0.549	-3.216	0.503	1.185	-0.443	126.975128	37.295197
1685512393119	1685512393119	-8.856	-2.593	-0.283	0.619	-0.516	-3.142	0.287	1.542	-0.680	126.975128	37.295197
1685512393120	1685512393119	-8.839	-2.456	-0.357	0.600	-0.487	-3.041	-0.024	1.863	-0.702	126.975128	37.295197
1685512393126	1685512393120	-8.748	-2.313	-0.469	0.560	-0.473	-2.915	-0.362	2.267	-0.862	126.975128	37.295197
1685512393136	1685512393126	-8.504	-2.241	-0.508	0.502	-0.475	-2.750	-0.448	2.574	-0.977	126.975128	37.295197
1685512393146	1685512393136	-8.464	-2.093	-0.515	0.431	-0.474	-2.556	-0.517	2.969	-1.159	126.975128	37.295197
1685512393155	1685512393146	-8.509	-2.167	-0.381	0.353	-0.448	-2.353	-0.369	3.182	-1.235	126.975128	37.295197
1685512393166	1685512393165	-8.739	-2.229	-0.302	0.279	-0.382	-2.147	-0.467	3.524	-1.298	126.975128	37.295197
1685512393176	1685512393167	-8.844	-2.337	-0.266	0.228	-0.288	-1.912	-0.630	3.608	-1.209	126.975128	37.295197
1685512393185	1685512393176	-8.945	-2.389	-0.283	0.205	-0.206	-1.635	-0.970	3.687	-1.166	126.975128	37.295197
1685512393196	1685512393185	-8.679	-2.430	-0.371	0.206	-0.148	-1.322	-1.171	3.701	-1.156	126.975128	37.295197
1685512393205	1685512393196	-8.475	-2.270	-0.373	0.228	-0.094	-0.986	-1.362	3.757	-1.192	126.975128	37.295197
1685512393215	1685512393205	-8.217	-2.320	-0.359	0.260	-0.043	-0.645	-1.144	3.776	-1.293	126.975128	37.295197
1685512393224	1685512393215	-8.052	-2.193	-0.311	0.291	0.009	-0.320	-0.986	3.986	-1.307	126.975128	37.295197
1685512393236	1685512393225	-8.260	-2.234	-0.397	0.323	0.070	-0.026	-0.740	3.953	-1.300	126.975128	37.295197
1685512393245	1685512393236	-9.012	-2.356	-0.421	0.347	0.172	0.237	-0.577	4.080	-1.262	126.975128	37.295197
1685512393257	1685512393245	-10.036	-2.442	-0.445	0.343	0.323	0.474	-0.773	4.022	-1.355	126.975105	37.295185
1685512393265	1685512393257	-11.217	-2.547	-0.426	0.297	0.500	0.713	-1.506	3.876	-1.389	126.975105	37.295185
1685512393275	1685512393265	-12.045	-2.890	-0.488	0.230	0.656	0.996	-2.485	3.737	-1.403	126.975105	37.295185
1685512393285	1685512393275	-12.222	-3.084	-0.280	0.175	0.756	1.344	-3.589	3.541	-1.350	126.975105	37.295185
1685512393298	1685512393285	-11.574	-3.297	-0.096	0.142	0.786	1.741	-4.353	3.120	-1.377	126.975105	37.295185
1685512393305	1685512393298	-10.245	-3.613	0.163	0.108	0.734	2.132	-4.441	2.820	-1.120	126.975105	37.295185
1685512393315	1685512393305	-9.136	-3.859	0.476	0.089	0.635	2.453	-3.685	2.471	-0.881	126.975105	37.295185
1685512393325	1685512393315	-9.060	-4.027	0.848	0.095	0.610	2.634	-2.205	1.949	-0.560	126.975105	37.295185
1685512393335	1685512393325	-10.029	-3.955	1.010	0.139	0.733	2.649	-0.984	1.542	-0.211	126.975105	37.295185
1685512393345	1685512393335	-11.844	-3.836	0.958	0.265	0.970	2.540	-0.764	1.156	0.204	126.975105	37.295185
1685512393356	1685512393345	-13.714	-3.850	0.950	0.447	1.230	2.397	-1.595	1.008	0.421	126.975105	37.295185
1685512393365	1685512393356	-15.143	-3.929	0.783	0.611	1.396	2.319	-3.282	0.910	0.438	126.975105	37.295185
1685512393375	1685512393365	-15.919	-3.821	0.534	0.706	1.396	2.338	-5.035	0.687	0.517	126.975105	37.295185
1685512393386	1685512393375	-15.694	-3.910	0.204	0.727	1.239	2.463	-6.347	0.381	0.453	126.975105	37.295185
1685512393398	1685512393386	-14.664	-3.759	-0.005	0.682	0.976	2.663	-7.029	0.302	0.290	126.975105	37.295185
1685512393407	1685512393398	-13.578	-3.634	-0.120	0.542	0.673	2.847	-6.704	-0.007	0.041	126.975105	37.295185
1685512393419	1685512393407	-12.450	-3.615	-0.091	0.291	0.392	2.943	-5.571	-0.098	-0.103	126.975105	37.295185
1685512393427	1685512393419	-11.530	-3.680	-0.026	-0.048	0.206	2.952	-4.374	-0.261	-0.172	126.975105	37.295185
1685512393437	1685512393427	-10.534	-3.711	0.204	-0.434	0.134	2.899	-3.158	-0.486	-0.120	126.975105	37.295185
1685512393448	1685512393437	-9.376	-3.615	0.469	-0.850	0.098	2.804	-2.143	-0.855	-0.031	126.975105	37.295185
1685512393457	1685512393448	-8.353	-3.666	0.759	-1.225	0.090	2.689	-1.075	-1.130	0.218	126.975105	37.295185
1685512393469	1685512393457	-7.551	-3.819	0.998	-1.513	0.117	2.561	0.148	-1.302	0.515	126.975105	37.295185
1685512393480	1685512393469	-6.929	-4.108	1.046	-1.702	0.180	2.407	1.231	-1.609	0.838	126.975105	37.295185
1685512393495	1685512393480	-6.651	-4.774	1.180	-1.773	0.272	2.227	2.083	-2.011	1.118	126.975105	37.295185
1685512393510	1685512393496	-6.618	-5.064	1.307	-1.718	0.381	2.051	2.746	-2.535	1.214	126.975105	37.295185
1685512393511	1685512393511	-6.584	-5.169	1.405	-1.536	0.465	1.907	3.057	-3.443	1.405	126.975105	37.295185
1685512393517	1685512393511	-6.534	-4.951	1.381	-1.233	0.490	1.815	3.115	-3.917	1.585	126.975105	37.295185
1685512393527	1685512393517	-6.400	-4.666	1.329	-0.847	0.467	1.769	3.168	-4.231	1.750	126.975105	37.295185
1685512393540	1685512393528	-6.316	-4.396	1.178	-0.463	0.401	1.729	3.230	-4.178	1.779	126.975105	37.295185
1685512393548	1685512393540	-6.251	-4.118	1.142	-0.175	0.330	1.671	3.376	-4.068	1.776	126.975105	37.295185
1685512393557	1685512393550	-6.330	-3.891	1.013	-0.017	0.271	1.594	3.467	-3.970	1.669	126.975105	37.295185
1685512393568	1685512393558	-6.452	-3.718	0.898	0.012	0.237	1.500	3.534	-3.871	1.669	126.975105	37.295185
1685512393578	1685512393568	-6.634	-3.622	0.840	-0.075	0.216	1.404	3.457	-3.785	1.563	126.975105	37.295185
1685512393587	1685512393579	-6.756	-3.723	0.821	-0.259	0.181	1.311	3.333	-3.759	1.470	126.975105	37.295185
1685512393600	1685512393588	-6.912	-3.809	0.862	-0.513	0.149	1.214	3.148	-3.802	1.434	126.975105	37.295185
1685512393608	1685512393600	-7.058	-4.058	0.864	-0.776	0.123	1.118	3.021	-4.032	1.432	126.975105	37.295185
1685512393619	1685512393608	-7.123	-4.216	0.874	-0.996	0.106	1.023	2.861	-4.240	1.487	126.975105	37.295185
1685512393629	1685512393619	-7.135	-4.374	0.898	-1.144	0.087	0.930	2.708	-4.626	1.499	126.975105	37.295185
1685512393639	1685512393629	-7.207	-4.614	0.986	-1.235	0.062	0.842	2.638	-4.870	1.511	126.975105	37.295185
1685512393649	1685512393639	-7.398	-4.717	1.089	-1.279	0.046	0.755	2.619	-5.126	1.535	126.975105	37.295185
1685512393659	1685512393649	-7.681	-4.863	1.068	-1.268	0.059	0.666	2.540	-5.454	1.621	126.975105	37.295185
1685512393669	1685512393659	-8.210	-5.018	0.967	-1.202	0.082	0.572	2.342	-5.638	1.717	126.975105	37.295185
1685512393679	1685512393669	-8.961	-4.994	1.034	-1.100	0.126	0.483	2.052	-5.859	1.688	126.975105	37.295185
1685512393692	1685512393680	-9.507	-5.030	0.936	-0.980	0.166	0.401	1.516	-6.084	1.583	126.975105	37.295185
1685512393719	1685512393693	-9.936	-5.035	0.812	-0.852	0.189	0.335	0.759	-6.108	1.650	126.975105	37.295185
1685512393720	1685512393719	-10.135	-5.045	0.821	-0.723	0.183	0.299	0.211	-6.158	1.549	126.975105	37.295185
1685512393721	1685512393720	-10.113	-5.004	0.809	-0.613	0.147	0.303	-0.220	-6.201	1.434	126.975105	37.295185
1685512393727	1685512393721	-9.938	-4.942	0.809	-0.541	0.099	0.320	-0.426	-6.249	1.453	126.975105	37.295185
1685512393738	1685512393728	-9.847	-5.061	0.747	-0.502	0.067	0.320	-0.407	-6.237	1.446	126.975105	37.295185
1685512393749	1685512393738	-9.969	-5.057	0.548	-0.489	0.075	0.282	-0.237	-6.213	1.451	126.975105	37.295185
1685512393758	1685512393749	-10.417	-5.215	0.462	-0.500	0.104	0.213	-0.151	-6.364	1.389	126.975105	37.295185
1685512393768	1685512393758	-11.404	-5.413	0.481	-0.530	0.160	0.122	-0.278	-6.390	1.190	126.975105	37.295185
1685512393779	1685512393768	-12.392	-5.717	0.563	-0.562	0.250	0.009	-0.728	-6.572	1.106	126.975105	37.295185
1685512393788	1685512393780	-13.027	-5.813	0.891	-0.578	0.330	-0.116	-1.719	-6.785	1.135	126.975105	37.295185
1685512393800	1685512393788	-13.087	-6.000	1.168	-0.556	0.356	-0.195	-2.710	-7.094	1.233	126.975105	37.295185
1685512393809	1685512393800	-12.280	-6.112	1.444	-0.470	0.318	-0.183	-3.345	-7.183	1.587	126.975105	37.295185
1685512393819	1685512393810	-10.975	-6.100	1.484	-0.308	0.236	-0.119	-3.405	-7.355	1.889	126.975105	37.295185
1685512393830	1685512393820	-10.147	-6.055	1.346	-0.081	0.111	-0.079	-2.598	-7.451	2.191	126.975105	37.295185
1685512393842	1685512393830	-10.163	-5.763	1.089	0.167	0.020	-0.134	-1.293	-7.432	2.248	126.975105	37.295185
1685512393849	1685512393842	-11.246	-5.514	1.068	0.368	0.045	-0.312	-0.462	-7.379	2.119	126.975105	37.295185
1685512393860	1685512393849	-12.811	-5.411	0.994	0.502	0.136	-0.585	-0.479	-7.072	1.867	126.975105	37.295185
1685512393869	1685512393861	-14.121	-5.306	0.845	0.560	0.220	-0.892	-1.556	-6.783	1.858	126.975105	37.295185
1685512393880	1685512393870	-14.964	-5.195	0.630	0.551	0.202	-1.147	-3.117	-6.632	1.798	126.975105	37.295185
1685512393901	1685512393880	-15.337	-5.069	0.306	0.494	0.088	-1.319	-4.417	-6.426	1.681	126.975105	37.295185
1685512393902	1685512393902	-15.091	-4.999	0.053	0.398	-0.078	-1.426	-5.253	-6.213	1.487	126.975105	37.295185
1685512393923	1685512393903	-14.612	-4.930	-0.120	0.276	-0.258	-1.503	-5.612	-5.940	1.178	126.975105	37.295185
1685512393924	1685512393924	-14.133	-4.997	-0.359	0.144	-0.412	-1.585	-5.356	-5.741	0.922	126.975105	37.295185
1685512393927	1685512393924	-13.475	-4.985	-0.333	0.023	-0.536	-1.690	-4.860	-5.478	0.718	126.975105	37.295185
1685512393939	1685512393928	-12.826	-4.899	-0.304	-0.050	-0.597	-1.804	-4.374	-5.437	0.450	126.975105	37.295185
1685512393949	1685512393939	-12.060	-4.755	-0.278	-0.065	-0.595	-1.914	-3.704	-5.243	0.419	126.975105	37.295185
1685512393959	1685512393951	-11.219	-4.554	-0.278	-0.009	-0.568	-2.013	-3.048	-4.999	0.395	126.975105	37.295185
1685512393968	1685512393959	-10.386	-4.487	-0.184	0.099	-0.533	-2.099	-2.277	-4.650	0.359	126.975105	37.295185
1685512393978	1685512393968	-9.598	-4.369	0.067	0.236	-0.485	-2.180	-1.437	-4.271	0.309	126.975105	37.295185
1685512393989	1685512393979	-9.017	-4.305	0.192	0.393	-0.434	-2.260	-0.611	-3.955	0.340	126.975105	37.295185
1685512393999	1685512393989	-8.583	-4.041	0.184	0.571	-0.378	-2.357	0.168	-3.668	0.551	126.975105	37.295185
1685512394009	1685512394000	-8.325	-3.821	0.184	0.756	-0.316	-2.465	0.730	-3.359	0.625	126.975105	37.295185
1685512394020	1685512394009	-8.174	-3.560	0.129	0.914	-0.259	-2.583	1.140	-2.863	0.575	126.975105	37.295185
1685512394029	1685512394020	-8.013	-3.251	0.057	1.026	-0.220	-2.699	1.365	-2.375	0.532	126.975105	37.295185
1685512394040	1685512394029	-7.910	-3.127	0.103	1.074	-0.224	-2.805	1.480	-1.887	0.441	126.975105	37.295185
