1685512293916	1685512293916	-6.680	-3.134	2.416	-0.265	0.748	1.283	2.840	0.338	2.133	126.975067	37.295830
1685512293921	1685512293917	-6.847	-2.916	2.421	-0.578	0.690	1.178	2.823	0.278	2.433	126.975067	37.295830
1685512293930	1685512293922	-6.871	-2.780	2.203	-0.759	0.694	1.060	2.940	-1.245	2.447	126.975067	37.295830
1685512293940	1685512293931	-6.926	-3.141	1.990	-0.979	0.651	0.976	2.792	-1.140	2.528	126.975067	37.295830
1685512293950	1685512293940	-7.008	-3.393	2.009	-1.134	0.560	0.960	2.787	-1.118	2.399	126.975067	37.295830
1685512293963	1685512293950	-7.140	-3.491	1.820	-1.246	0.522	0.949	2.746	-1.566	2.255	126.975067	37.295830
1685512293970	1685512293963	-7.266	-3.800	1.671	-1.286	0.472	0.938	2.677	-1.913	2.346	126.975067	37.295830
1685512293982	1685512293970	-7.468	-4.049	1.484	-1.241	0.441	0.949	2.557	-2.109	2.227	126.975067	37.295830
1685512293991	1685512293982	-7.836	-3.950	1.511	-1.159	0.440	0.971	2.442	-2.523	2.148	126.975067	37.295830
1685512294000	1685512293991	-8.241	-3.898	1.669	-1.058	0.442	0.985	2.248	-2.861	2.011	126.975067	37.295830
1685512294010	1685512294001	-8.468	-3.982	1.769	-0.929	0.440	1.005	1.889	-2.875	2.100	126.975067	37.295830
1685512294020	1685512294011	-8.758	-3.982	1.920	-0.799	0.414	1.030	1.492	-2.914	2.306	126.975067	37.295830
1685512294032	1685512294021	-8.966	-4.092	2.037	-0.716	0.381	1.037	1.271	-3.103	2.459	126.975067	37.295830
1685512294042	1685512294033	-9.115	-4.113	1.982	-0.661	0.348	1.037	0.986	-3.208	2.658	126.975067	37.295830
1685512294053	1685512294042	-9.335	-4.068	1.994	-0.622	0.312	1.032	0.783	-3.400	2.796	126.975067	37.295830
1685512294061	1685512294053	-9.407	-4.073	2.140	-0.613	0.292	1.025	0.637	-3.529	2.780	126.975067	37.295830
1685512294073	1685512294061	-9.390	-4.130	2.212	-0.663	0.275	1.015	0.421	-3.598	2.830	126.975067	37.295830
1685512294081	1685512294073	-9.108	-4.477	2.236	-0.798	0.228	0.983	0.350	-3.699	3.005	126.975067	37.295830
1685512294090	1685512294082	-9.041	-4.583	2.061	-0.937	0.213	0.930	0.369	-3.871	3.108	126.975067	37.295830
1685512294102	1685512294090	-9.213	-4.556	2.014	-0.936	0.232	0.877	0.654	-4.259	3.112	126.975067	37.295830
1685512294110	1685512294103	-9.416	-4.690	2.014	-0.808	0.249	0.837	0.723	-4.417	2.928	126.975067	37.295830
1685512294120	1685512294110	-9.787	-4.858	1.968	-0.644	0.285	0.789	0.551	-4.441	2.875	126.975067	37.295830
1685512294130	1685512294121	-10.118	-5.119	2.224	-0.512	0.326	0.718	0.347	-4.647	2.880	126.975067	37.295830
1685512294140	1685512294131	-10.487	-5.035	2.497	-0.323	0.378	0.657	-0.022	-4.853	2.840	126.975067	37.295830
1685512294150	1685512294141	-10.685	-4.793	2.576	-0.099	0.379	0.623	-0.354	-5.181	3.120	126.975067	37.295830
1685512294163	1685512294151	-10.487	-4.741	2.442	0.073	0.345	0.593	-0.728	-5.157	3.424	126.975067	37.295830
1685512294170	1685512294163	-10.262	-4.812	2.241	0.275	0.257	0.573	-0.931	-4.982	3.543	126.975067	37.295830
1685512294182	1685512294171	-10.238	-4.963	2.033	0.409	0.162	0.556	-0.737	-4.980	3.440	126.975067	37.295830
1685512294190	1685512294182	-10.704	-4.879	1.970	0.470	0.122	0.507	-0.517	-5.121	3.273	126.975067	37.295830
1685512294201	1685512294191	-11.605	-4.973	1.997	0.474	0.136	0.437	-0.496	-5.308	3.077	126.975067	37.295830
1685512294211	1685512294201	-12.500	-4.894	2.131	0.404	0.200	0.367	-0.965	-5.272	3.029	126.975067	37.295830
1685512294222	1685512294211	-12.955	-4.808	2.354	0.356	0.263	0.301	-1.870	-5.404	3.072	126.975067	37.295830
1685512294230	1685512294222	-12.586	-5.059	2.777	0.314	0.236	0.248	-2.770	-5.356	3.225	126.975067	37.295830
1685512294241	1685512294231	-11.890	-5.320	3.055	0.330	0.145	0.217	-3.227	-5.294	3.476	126.975067	37.295830
1685512294250	1685512294241	-11.111	-5.341	2.945	0.420	0.033	0.181	-2.863	-5.569	3.926	126.975067	37.295830
1685512294262	1685512294251	-10.520	-5.471	2.806	0.536	-0.073	0.111	-2.169	-5.847	4.219	126.975067	37.295830
1685512294271	1685512294262	-10.637	-5.423	2.595	0.659	-0.149	0.007	-1.393	-5.880	4.113	126.975067	37.295830
1685512294282	1685512294271	-11.219	-5.523	2.306	0.750	-0.170	-0.134	-0.800	-6.014	3.972	126.975067	37.295830
1685512294291	1685512294282	-12.069	-5.677	2.023	0.849	-0.150	-0.308	-0.917	-5.959	3.749	126.975067	37.295830
1685512294301	1685512294291	-13.053	-5.794	1.966	0.974	-0.148	-0.495	-1.496	-6.038	3.448	126.975067	37.295830
1685512294311	1685512294301	-13.712	-5.464	1.769	1.092	-0.186	-0.673	-2.342	-6.148	3.153	126.975067	37.295830
1685512294321	1685512294311	-13.932	-4.975	1.432	1.208	-0.288	-0.817	-3.323	-6.213	3.086	126.975067	37.295830
1685512294332	1685512294321	-13.939	-4.662	1.068	1.340	-0.424	-0.913	-3.977	-5.806	2.875	126.975075	37.295826
1685512294342	1685512294332	-13.812	-4.494	0.831	1.458	-0.572	-0.986	-4.192	-5.224	2.514	126.975075	37.295826
1685512294351	1685512294342	-13.484	-4.432	0.759	1.522	-0.696	-1.075	-4.192	-4.808	2.112	126.975075	37.295826
1685512294364	1685512294351	-13.056	-4.171	0.634	1.515	-0.801	-1.188	-4.061	-4.527	1.820	126.975075	37.295826
1685512294371	1685512294364	-12.237	-3.917	0.479	1.443	-0.904	-1.311	-3.725	-4.334	1.674	126.975075	37.295826
1685512294383	1685512294371	-11.320	-3.931	0.369	1.327	-1.027	-1.420	-3.292	-3.958	1.475	126.975075	37.295826
1685512294391	1685512294383	-10.508	-3.733	0.192	1.180	-1.124	-1.527	-2.468	-3.551	1.219	126.975075	37.295826
1685512294402	1685512294391	-10.022	-3.572	0.333	0.974	-1.183	-1.670	-1.549	-3.431	1.013	126.975075	37.295826
1685512294411	1685512294402	-9.615	-3.208	0.455	0.737	-1.217	-1.822	-0.740	-3.077	0.718	126.975075	37.295826
1685512294421	1685512294411	-9.251	-2.722	0.682	0.533	-1.252	-1.956	-0.261	-2.749	0.737	126.975075	37.295826
1685512294431	1685512294421	-8.921	-2.500	0.836	0.363	-1.288	-2.088	0.129	-2.186	0.721	126.975075	37.295826
1685512294441	1685512294431	-8.636	-2.351	0.905	0.206	-1.317	-2.239	0.476	-1.528	0.833	126.975075	37.295826
1685512294451	1685512294442	-8.382	-2.337	0.912	0.064	-1.328	-2.414	0.781	-1.101	0.857	126.975075	37.295826
1685512294463	1685512294452	-8.176	-2.344	0.903	-0.037	-1.322	-2.594	1.032	-0.735	0.795	126.975075	37.295826
1685512294471	1685512294463	-8.018	-2.404	0.860	-0.108	-1.293	-2.756	1.243	-0.488	0.673	126.975075	37.295826
1685512294483	1685512294471	-7.858	-2.392	0.843	-0.160	-1.252	-2.886	1.393	-0.247	0.539	126.975075	37.295826
1685512294491	1685512294483	-7.661	-2.356	0.579	-0.175	-1.189	-2.974	1.470	0.007	0.350	126.975075	37.295826
1685512294503	1685512294491	-7.597	-2.313	0.347	-0.131	-1.122	-3.025	1.566	0.239	0.242	126.975075	37.295826
1685512294511	1685512294504	-7.489	-2.516	0.271	-0.029	-1.049	-3.045	1.671	0.555	-0.127	126.975075	37.295826
1685512294522	1685512294511	-7.542	-2.708	0.215	0.068	-0.965	-3.056	1.635	0.879	-0.460	126.975075	37.295826
1685512294534	1685512294522	-7.487	-2.851	-0.019	0.158	-0.889	-3.053	1.640	0.936	-0.627	126.975075	37.295826
1685512294541	1685512294534	-7.422	-3.050	-0.163	0.247	-0.828	-3.010	1.477	1.006	-0.766	126.975075	37.295826
1685512294551	1685512294541	-7.544	-3.084	-0.187	0.368	-0.789	-2.911	1.398	1.144	-1.089	126.975075	37.295826
1685512294563	1685512294551	-7.556	-2.828	-0.340	0.486	-0.754	-2.776	1.343	1.183	-1.307	126.975075	37.295826
1685512294571	1685512294565	-7.568	-2.693	-0.613	0.530	-0.746	-2.615	1.085	1.398	-1.415	126.975075	37.295826
1685512294583	1685512294571	-7.391	-2.715	-0.804	0.509	-0.757	-2.409	0.936	1.887	-1.657	126.975075	37.295826
1685512294594	1685512294583	-7.276	-3.033	-0.781	0.442	-0.761	-2.177	0.773	2.255	-2.025	126.975075	37.295826
1685512294601	1685512294594	-7.240	-2.725	-0.625	0.408	-0.734	-1.929	0.833	2.406	-2.298	126.975075	37.295826
1685512294611	1685512294601	-7.276	-2.210	-0.436	0.484	-0.683	-1.663	0.809	2.277	-2.368	126.975075	37.295826
1685512294621	1685512294612	-7.338	-1.999	-0.318	0.595	-0.662	-1.387	0.742	2.717	-2.284	126.975075	37.295826
1685512294634	1685512294622	-7.484	-2.239	-0.215	0.644	-0.657	-1.131	0.601	3.357	-2.176	126.975075	37.295826
1685512294643	1685512294635	-7.647	-2.447	-0.326	0.597	-0.613	-0.920	0.450	3.666	-2.145	126.975075	37.295826
1685512294651	1685512294643	-7.858	-2.294	-0.443	0.519	-0.539	-0.723	0.227	3.503	-2.128	126.975075	37.295826
1685512294663	1685512294651	-8.040	-2.188	-0.400	0.473	-0.481	-0.503	0.000	3.352	-2.320	126.975075	37.295826
1685512294671	1685512294664	-8.231	-2.195	-0.321	0.456	-0.454	-0.232	-0.268	3.555	-2.516	126.975075	37.295826
1685512294683	1685512294671	-8.329	-2.478	-0.350	0.359	-0.417	0.022	-0.486	3.685	-2.531	126.975075	37.295826
1685512294692	1685512294684	-8.365	-2.928	-0.508	0.142	-0.353	0.208	-0.704	3.687	-2.519	126.975075	37.295826
1685512294702	1685512294692	-8.947	-2.856	-0.792	-0.065	-0.288	0.358	-0.809	3.395	-2.595	126.975075	37.295826
1685512294711	1685512294703	-9.967	-2.617	-1.238	-0.191	-0.191	0.485	-0.840	2.926	-2.789	126.975075	37.295826
1685512294722	1685512294711	-11.190	-2.605	-1.635	-0.282	-0.010	0.624	-1.408	2.974	-3.091	126.975075	37.295826
1685512294731	1685512294723	-12.050	-2.890	-1.638	-0.395	0.153	0.766	-2.401	3.177	-3.541	126.975075	37.295826
1685512294741	1685512294732	-12.129	-3.414	-1.451	-0.566	0.264	0.936	-3.594	3.153	-3.924	126.975075	37.295826
1685512294751	1685512294742	-11.621	-3.840	-0.996	-0.748	0.296	1.159	-4.405	2.818	-3.893	126.975075	37.295826
1685512294764	1685512294752	-10.590	-4.096	-0.385	-0.836	0.297	1.427	-4.424	2.234	-3.654	126.975075	37.295826
1685512294771	1685512294765	-9.857	-4.681	0.230	-0.778	0.321	1.715	-3.847	1.733	-3.134	126.975075	37.295826
1685512294783	1685512294772	-9.627	-4.968	0.998	-0.594	0.463	1.955	-2.729	1.384	-2.452	126.975075	37.295826
1685512294791	1685512294783	-10.056	-5.018	1.657	-0.331	0.707	2.074	-1.877	0.656	-1.757	126.975075	37.295826
1685512294802	1685512294792	-11.114	-4.776	1.834	0.042	0.993	2.098	-1.556	0.251	-0.934	126.975075	37.295826
1685512294811	1685512294802	-12.287	-4.480	1.908	0.561	1.300	2.074	-1.865	0.038	-0.199	126.975075	37.295826
1685512294823	1685512294812	-13.266	-4.262	1.693	1.153	1.585	2.031	-2.801	0.108	0.055	126.975075	37.295826
1685512294832	1685512294823	-13.812	-3.881	1.300	1.713	1.785	2.002	-3.855	0.220	0.211	126.975075	37.295826
1685512294844	1685512294832	-13.738	-3.541	0.828	2.199	1.902	2.004	-4.714	0.247	0.077	126.975075	37.295826
1685512294854	1685512294844	-13.245	-3.120	0.493	2.585	1.911	2.050	-5.121	0.388	-0.218	126.975075	37.295826
1685512294864	1685512294854	-12.500	-2.729	0.663	2.815	1.808	2.112	-4.956	0.563	-0.630	126.975075	37.295826
1685512294874	1685512294864	-11.748	-2.385	0.860	2.825	1.662	2.100	-4.343	0.745	-0.893	126.975075	37.295826
1685512294885	1685512294874	-11.032	-2.025	1.437	2.610	1.510	1.974	-3.505	0.929	-0.673	126.975075	37.295826
1685512294895	1685512294885	-10.403	-1.906	2.169	2.232	1.418	1.792	-2.638	1.001	-0.417	126.975075	37.295826
1685512294904	1685512294895	-9.618	-1.906	2.725	1.780	1.359	1.629	-1.853	1.190	0.201	126.975075	37.295826
1685512294917	1685512294904	-8.748	-1.970	3.057	1.295	1.310	1.478	-1.137	1.080	1.008	126.975075	37.295826
1685512294925	1685512294917	-8.025	-2.018	3.146	0.856	1.299	1.352	-0.302	0.941	1.623	126.975075	37.295826
1685512294936	1685512294925	-7.288	-2.217	2.986	0.511	1.288	1.252	0.625	0.711	2.052	126.975075	37.295826
1685512294947	1685512294936	-6.685	-2.308	2.636	0.253	1.269	1.174	1.398	0.527	2.239	126.975075	37.295826
1685512294957	1685512294948	-6.309	-2.291	2.593	0.062	1.245	1.103	2.176	0.206	2.188	126.975075	37.295826
1685512294966	1685512294958	-6.179	-2.253	2.820	-0.065	1.214	1.045	2.818	0.002	1.951	126.975075	37.295826
1685512294976	1685512294976	-6.155	-2.413	3.120	-0.110	1.174	1.010	3.230	-0.096	2.037	126.975075	37.295826
1685512294998	1685512294977	-6.280	-2.512	3.287	-0.076	1.124	0.971	3.385	-0.146	2.370	126.975075	37.295826
1685512294998	1685512294998	-6.443	-2.406	3.335	-0.002	1.081	0.905	3.436	-0.414	2.796	126.975075	37.295826
1685512295005	1685512294999	-6.436	-2.150	3.187	0.093	1.043	0.866	3.333	-0.596	3.062	126.975075	37.295826
1685512295014	1685512295005	-6.464	-2.035	2.844	0.182	0.992	0.881	3.187	-0.577	3.215	126.975075	37.295826
1685512295025	1685512295015	-6.369	-2.045	2.607	0.200	0.936	0.911	3.211	-0.405	3.165	126.975075	37.295826
1685512295034	1685512295025	-6.488	-2.184	2.373	0.138	0.902	0.914	3.199	-0.383	2.926	126.975075	37.295826
1685512295044	1685512295034	-6.912	-2.253	2.468	0.034	0.907	0.896	3.306	-0.472	2.768	126.975075	37.295826
1685512295054	1685512295045	-7.444	-2.456	2.622	-0.073	0.948	0.882	3.199	-0.699	2.617	126.975075	37.295826
1685512295067	1685512295054	-7.973	-2.684	2.897	-0.153	0.977	0.887	2.784	-0.855	2.801	126.975075	37.295826
1685512295074	1685512295067	-8.384	-2.950	3.041	-0.215	0.986	0.892	2.263	-1.144	3.045	126.975075	37.295826
1685512295085	1685512295075	-8.717	-2.931	3.187	-0.244	0.972	0.925	1.738	-1.458	3.419	126.975075	37.295826
1685512295095	1685512295085	-8.971	-2.808	3.230	-0.194	0.960	0.990	1.334	-1.829	3.680	126.975075	37.295826
1685512295103	1685512295095	-8.983	-2.622	3.261	-0.103	0.941	1.062	1.003	-1.884	3.905	126.975075	37.295826
1685512295114	1685512295103	-9.045	-2.646	3.203	-0.040	0.900	1.114	0.752	-1.860	4.044	126.975075	37.295826
1685512295125	1685512295114	-9.153	-2.662	3.081	-0.054	0.859	1.137	0.740	-1.776	4.166	126.975075	37.295826
1685512295133	1685512295126	-9.416	-2.703	3.055	-0.158	0.825	1.133	0.678	-1.911	4.197	126.975075	37.295826
1685512295143	1685512295134	-9.742	-2.792	3.134	-0.323	0.803	1.106	0.570	-2.037	4.159	126.975075	37.295826
1685512295152	1685512295144	-10.008	-3.163	3.103	-0.484	0.798	1.064	0.304	-2.203	4.221	126.975075	37.295826
1685512295163	1685512295153	-10.214	-3.314	3.230	-0.605	0.784	1.014	-0.024	-2.389	4.372	126.975075	37.295826
1685512295172	1685512295164	-10.369	-3.467	3.242	-0.690	0.754	0.962	-0.290	-2.830	4.350	126.975075	37.295826
1685512295183	1685512295172	-10.432	-3.498	3.383	-0.728	0.715	0.930	-0.496	-3.055	4.501	126.975075	37.295826
1685512295192	1685512295184	-10.319	-3.515	3.330	-0.724	0.657	0.915	-0.656	-3.299	4.559	126.975075	37.295826
1685512295202	1685512295192	-10.199	-3.431	3.450	-0.715	0.589	0.894	-0.723	-3.407	4.745	126.975075	37.295826
1685512295212	1685512295202	-10.072	-3.297	3.326	-0.738	0.503	0.845	-0.620	-3.531	4.760	126.975075	37.295826
1685512295222	1685512295212	-10.010	-3.220	3.124	-0.826	0.401	0.767	-0.508	-3.534	4.930	126.975075	37.295826
1685512295232	1685512295222	-10.168	-3.505	2.682	-0.994	0.285	0.668	-0.390	-3.493	4.853	126.975075	37.295826
1685512295243	1685512295232	-10.805	-4.013	2.322	-1.222	0.204	0.520	-0.335	-3.503	4.688	126.975075	37.295826
1685512295252	1685512295244	-11.777	-4.372	2.265	-1.440	0.216	0.324	-0.500	-3.869	4.269	126.975075	37.295826
1685512295263	1685512295252	-12.701	-4.628	2.452	-1.646	0.249	0.128	-1.142	-4.446	3.926	126.975075	37.295826
1685512295272	1685512295263	-13.431	-4.875	3.089	-1.789	0.246	-0.002	-2.121	-4.865	3.883	126.975082	37.295826
1685512295284	1685512295272	-13.527	-5.847	3.905	-1.864	0.187	-0.024	-3.050	-5.157	4.085	126.975082	37.295826
1685512295292	1685512295284	-13.094	-6.663	3.709	-1.839	0.066	0.038	-3.785	-5.435	4.736	126.975082	37.295826
1685512295303	1685512295292	-12.819	-6.732	3.019	-1.764	-0.120	0.044	-3.883	-6.433	5.559	126.975082	37.295826
1685512295313	1685512295304	-12.914	-7.180	2.555	-1.687	-0.293	-0.028	-3.450	-7.286	5.358	126.975082	37.295826
1685512295323	1685512295314	-13.427	-7.812	2.157	-1.472	-0.373	-0.059	-3.172	-7.386	4.647	126.975082	37.295826
1685512295333	1685512295323	-14.162	-8.205	1.891	-1.058	-0.415	-0.109	-3.263	-7.863	4.140	126.975082	37.295826
1685512295345	1685512295333	-14.902	-8.253	1.573	-0.575	-0.453	-0.298	-3.771	-8.509	3.699	126.975082	37.295826
1685512295353	1685512295345	-15.438	-8.131	0.962	-0.130	-0.492	-0.585	-4.499	-8.909	3.385	126.975082	37.295826
1685512295366	1685512295354	-15.833	-7.767	0.225	0.279	-0.564	-0.867	-5.231	-8.935	3.019	126.975082	37.295826
1685512295374	1685512295367	-15.969	-7.278	-0.429	0.657	-0.673	-1.124	-5.756	-8.758	2.361	126.975082	37.295826
1685512295394	1685512295375	-15.943	-6.610	-0.879	1.004	-0.778	-1.373	-6.139	-8.305	1.571	126.975082	37.295826
1685512295394	1685512295394	-15.574	-5.964	-0.960	1.299	-0.849	-1.609	-6.258	-7.676	0.840	126.975082	37.295826
1685512295404	1685512295395	-14.729	-5.456	-0.895	1.482	-0.930	-1.819	-6.220	-6.893	0.333	126.975082	37.295826
1685512295414	1685512295404	-13.563	-4.956	-0.816	1.525	-1.054	-1.996	-5.839	-6.074	0.172	126.975082	37.295826
1685512295425	1685512295414	-12.376	-4.472	-0.651	1.438	-1.189	-2.160	-4.982	-5.373	0.146	126.975082	37.295826
1685512295434	1685512295426	-11.281	-4.123	-0.486	1.235	-1.301	-2.337	-3.809	-4.662	0.120	126.975082	37.295826
1685512295444	1685512295434	-10.408	-3.867	-0.321	0.959	-1.374	-2.544	-2.619	-3.955	0.163	126.975082	37.295826
1685512295455	1685512295444	-9.831	-3.594	-0.113	0.649	-1.399	-2.788	-1.532	-3.345	0.180	126.975082	37.295826
1685512295466	1685512295456	-9.469	-3.479	0.014	0.334	-1.379	-3.060	-0.670	-2.859	0.215	126.975082	37.295826
1685512295475	1685512295466	-9.383	-3.452	0.053	0.034	-1.328	-3.338	-0.117	-2.313	0.280	126.975082	37.295826
1685512295486	1685512295475	-9.330	-3.292	0.077	-0.220	-1.249	-3.605	0.201	-1.899	0.271	126.975082	37.295826
1685512295496	1685512295486	-9.294	-3.187	-0.175	-0.415	-1.168	-3.846	0.225	-1.518	0.165	126.975082	37.295826
1685512295507	1685512295496	-9.191	-3.163	-0.302	-0.538	-1.101	-4.027	0.211	-1.049	0.086	126.975082	37.295826
1685512295515	1685512295507	-8.969	-3.146	-0.510	-0.596	-1.038	-4.125	0.144	-0.541	-0.273	126.975082	37.295826
1685512295524	1685512295516	-8.732	-3.211	-0.656	-0.613	-0.997	-4.167	0.144	-0.175	-0.479	126.975082	37.295826
1685512295533	1685512295525	-8.428	-3.091	-0.893	-0.593	-0.986	-4.187	0.232	0.223	-0.766	126.975082	37.295826
1685512295548	1685512295533	-8.135	-3.163	-0.931	-0.512	-0.980	-4.183	0.318	0.541	-0.982	126.975082	37.295826
1685512295556	1685512295549	-7.973	-3.342	-0.982	-0.359	-0.940	-4.134	0.455	1.037	-1.283	126.975082	37.295826
1685512295568	1685512295556	-7.774	-3.330	-1.051	-0.167	-0.863	-4.051	0.560	1.336	-1.386	126.975082	37.295826
1685512295580	1685512295568	-7.752	-3.299	-1.082	0.035	-0.804	-3.955	0.515	1.535	-1.496	126.975082	37.295826
1685512295600	1685512295580	-7.898	-3.208	-1.044	0.241	-0.733	-3.830	0.546	1.822	-1.602	126.975082	37.295826
1685512295601	1685512295600	-8.059	-3.146	-1.034	0.445	-0.630	-3.662	0.364	2.164	-1.676	126.975082	37.295826
1685512295606	1685512295601	-8.102	-2.933	-0.838	0.632	-0.566	-3.462	0.065	2.473	-1.664	126.975082	37.295826
1685512295614	1685512295606	-8.219	-2.528	-0.819	0.790	-0.529	-3.249	-0.268	2.768	-1.695	126.975082	37.295826
1685512295625	1685512295615	-8.188	-2.306	-0.883	0.918	-0.487	-3.020	-0.488	3.201	-1.551	126.975082	37.295826
1685512295636	1685512295625	-8.121	-2.169	-0.924	1.021	-0.447	-2.775	-0.800	3.831	-1.607	126.975082	37.295826
1685512295645	1685512295637	-8.179	-2.078	-0.848	1.084	-0.401	-2.523	-0.917	4.216	-1.738	126.975082	37.295826
1685512295655	1685512295645	-8.246	-2.286	-0.924	1.100	-0.320	-2.274	-1.013	4.518	-1.863	126.975082	37.295826
1685512295667	1685512295656	-8.540	-2.507	-0.819	1.060	-0.236	-2.035	-1.226	4.757	-1.875	126.975082	37.295826
1685512295675	1685512295667	-8.835	-2.660	-0.713	0.975	-0.142	-1.808	-1.453	4.693	-2.052	126.975082	37.295826
1685512295685	1685512295675	-9.093	-2.768	-0.800	0.874	-0.039	-1.580	-1.879	4.585	-2.028	126.975082	37.295826
1685512295695	1685512295685	-9.196	-2.583	-0.728	0.789	0.032	-1.339	-2.330	4.559	-2.016	126.975082	37.295826
1685512295705	1685512295696	-8.945	-2.394	-0.716	0.723	0.078	-1.071	-2.648	4.496	-2.138	126.975082	37.295826
1685512295715	1685512295706	-8.734	-2.337	-0.836	0.667	0.088	-0.787	-2.832	4.743	-2.114	126.975082	37.295826
1685512295726	1685512295715	-9.067	-2.401	-0.984	0.611	0.089	-0.530	-2.617	4.958	-2.128	126.975082	37.295826
1685512295737	1685512295728	-9.656	-2.186	-1.018	0.546	0.161	-0.337	-2.433	5.033	-2.279	126.975082	37.295826
1685512295747	1685512295737	-10.472	-2.169	-1.039	0.467	0.298	-0.194	-2.765	4.963	-2.447	126.975082	37.295826
1685512295757	1685512295748	-11.202	-2.294	-1.166	0.387	0.436	-0.034	-3.342	5.167	-2.497	126.975082	37.295826
1685512295768	1685512295757	-11.753	-2.440	-1.211	0.304	0.553	0.184	-4.120	5.152	-2.512	126.975082	37.295826
1685512295778	1685512295768	-11.736	-2.399	-1.010	0.197	0.629	0.453	-4.786	4.978	-2.610	126.975082	37.295826
1685512295800	1685512295778	-11.006	-2.562	-0.778	0.054	0.650	0.753	-5.318	4.815	-2.641	126.975082	37.295826
1685512295801	1685512295801	-9.924	-2.796	-0.359	-0.089	0.635	1.101	-5.253	4.820	-2.411	126.975082	37.295826
1685512295807	1685512295802	-9.182	-3.024	-0.053	-0.181	0.611	1.467	-4.468	4.614	-2.143	126.975082	37.295826
1685512295815	1685512295807	-9.103	-3.263	0.326	-0.222	0.641	1.754	-3.287	4.300	-1.671	126.975082	37.295826
1685512295827	1685512295818	-9.687	-3.275	0.644	-0.220	0.797	1.933	-2.444	3.986	-1.317	126.975082	37.295826
1685512295839	1685512295830	-10.774	-3.539	0.742	-0.166	1.041	2.043	-2.236	3.630	-0.879	126.975082	37.295826
1685512295846	1685512295839	-11.811	-3.512	0.974	-0.015	1.306	2.131	-2.679	3.486	-0.491	126.975082	37.295826
1685512295854	1685512295847	-12.495	-3.366	0.876	0.204	1.503	2.233	-3.618	3.079	-0.306	126.975082	37.295826
1685512295865	1685512295855	-12.744	-3.060	0.611	0.440	1.603	2.390	-4.503	2.952	0.019	126.975082	37.295826
1685512295874	1685512295866	-12.730	-2.895	0.333	0.672	1.586	2.608	-5.016	2.914	0.029	126.975082	37.295826
1685512295884	1685512295875	-12.565	-2.569	0.378	0.839	1.537	2.858	-5.121	3.055	-0.151	126.975082	37.295826
1685512295894	1685512295884	-12.330	-2.306	0.366	0.916	1.478	3.068	-4.922	2.993	-0.338	126.975082	37.295826
1685512295904	1685512295894	-12.000	-2.229	0.397	0.900	1.423	3.190	-4.599	3.112	-0.227	126.975082	37.295826
1685512295915	1685512295905	-11.569	-2.310	0.656	0.792	1.361	3.234	-4.185	3.122	-0.172	126.975082	37.295826
1685512295925	1685512295915	-10.949	-2.291	0.778	0.593	1.301	3.225	-3.677	2.933	-0.072	126.975082	37.295826
1685512295935	1685512295926	-10.329	-2.497	1.008	0.282	1.232	3.161	-3.062	2.547	0.268	126.975082	37.295826
1685512295944	1685512295935	-9.744	-2.602	1.223	-0.103	1.151	3.070	-2.301	2.315	0.464	126.975082	37.295826
1685512295954	1685512295944	-9.323	-2.631	1.448	-0.498	1.093	2.981	-1.537	1.834	0.790	126.975082	37.295826
1685512295968	1685512295954	-9.139	-2.856	1.482	-0.876	1.080	2.898	-0.821	1.456	1.111	126.975082	37.295826
1685512295974	1685512295968	-8.995	-3.187	1.556	-1.192	1.108	2.821	-0.283	1.159	1.456	126.975082	37.295826
1685512295989	1685512295974	-9.002	-3.333	1.652	-1.411	1.135	2.742	0.005	0.670	1.618	126.975082	37.295826
1685512295994	1685512295989	-9.007	-3.666	1.654	-1.547	1.135	2.669	0.261	0.024	1.863	126.975082	37.295826
1685512296004	1685512295994	-8.954	-3.701	1.664	-1.608	1.109	2.624	0.318	-0.326	2.078	126.975082	37.295826
1685512296016	1685512296005	-8.978	-3.826	1.729	-1.596	1.056	2.596	0.385	-0.917	2.231	126.975082	37.295826
1685512296026	1685512296016	-9.026	-3.912	1.638	-1.506	1.008	2.572	0.498	-1.211	2.387	126.975082	37.295826
1685512296034	1685512296026	-9.170	-3.881	1.597	-1.372	0.960	2.540	0.527	-1.595	2.591	126.975082	37.295826
1685512296045	1685512296035	-9.450	-4.073	1.463	-1.269	0.915	2.498	0.524	-1.930	2.607	126.975082	37.295826
1685512296055	1685512296045	-9.677	-4.199	1.259	-1.221	0.874	2.448	0.421	-2.167	2.674	126.975082	37.295826
1685512296067	1685512296055	-9.931	-4.276	1.154	-1.221	0.801	2.391	0.168	-2.569	2.614	126.975082	37.295826
1685512296076	1685512296068	-10.118	-4.307	1.001	-1.261	0.712	2.337	-0.034	-2.931	2.492	126.975082	37.295826
1685512296088	1685512296076	-10.163	-4.369	1.044	-1.341	0.624	2.305	-0.271	-3.239	2.464	126.975082	37.295826
1685512296095	1685512296088	-10.235	-4.554	1.041	-1.451	0.541	2.287	-0.443	-3.529	2.389	126.975082	37.295826
1685512296105	1685512296095	-10.319	-4.657	1.101	-1.554	0.497	2.269	-0.484	-3.807	2.495	126.975082	37.295826
1685512296115	1685512296105	-10.360	-4.793	1.336	-1.675	0.480	2.232	-0.553	-4.259	2.557	126.975082	37.295826
1685512296124	1685512296115	-10.197	-4.877	1.290	-1.808	0.446	2.164	-0.639	-4.583	2.662	126.975082	37.295826
1685512296133	1685512296125	-10.070	-5.212	1.238	-1.883	0.393	2.090	-0.690	-4.961	2.942	126.975082	37.295826
1685512296145	1685512296133	-10.048	-5.406	0.986	-1.911	0.371	2.012	-0.541	-5.284	2.935	126.975082	37.295826
1685512296154	1685512296145	-10.257	-5.497	0.862	-1.949	0.360	1.896	-0.431	-5.851	2.911	126.975082	37.295826
1685512296165	1685512296154	-10.544	-5.650	0.917	-1.993	0.343	1.737	-0.431	-6.270	2.679	126.975082	37.295826
1685512296173	1685512296165	-10.786	-5.775	1.044	-2.005	0.313	1.572	-0.666	-6.598	2.574	126.975082	37.295826
1685512296187	1685512296173	-10.831	-5.933	1.259	-1.987	0.270	1.417	-0.977	-6.934	2.636	126.975082	37.295826
1685512296193	1685512296187	-10.669	-6.280	1.506	-1.972	0.224	1.268	-1.250	-7.262	2.765	126.975082	37.295826
1685512296204	1685512296193	-10.333	-6.563	1.693	-1.927	0.181	1.146	-1.319	-7.570	2.976	126.975082	37.295826
1685512296213	1685512296204	-9.943	-6.495	1.729	-1.813	0.155	1.060	-1.180	-8.073	3.211	126.975082	37.295826
1685512296223	1685512296214	-9.792	-6.680	1.616	-1.621	0.148	1.005	-0.871	-8.497	3.378	126.975082	37.295826
1685512296236	1685512296223	-10.108	-6.649	1.487	-1.361	0.160	0.951	-0.508	-8.574	3.390	126.975098	37.295826
1685512296244	1685512296236	-11.095	-6.685	1.664	-1.079	0.195	0.854	-0.376	-8.868	3.259	126.975098	37.295826
1685512296254	1685512296244	-12.172	-6.910	1.834	-0.787	0.272	0.720	-0.718	-8.947	3.115	126.975098	37.295826
1685512296266	1685512296254	-12.768	-7.037	1.805	-0.497	0.378	0.585	-1.726	-9.081	3.285	126.975098	37.295826
1685512296274	1685512296266	-12.479	-7.235	1.901	-0.287	0.413	0.489	-2.828	-9.388	3.462	126.975098	37.295826
1685512296284	1685512296274	-11.416	-7.544	2.126	-0.172	0.312	0.445	-3.445	-9.577	3.455	126.975098	37.295826
1685512296295	1685512296284	-10.154	-7.597	2.234	-0.070	0.139	0.437	-3.179	-9.840	3.591	126.975098	37.295826
1685512296305	1685512296295	-9.292	-7.348	2.167	0.097	-0.016	0.400	-2.128	-10.180	3.833	126.975098	37.295826
1685512296315	1685512296305	-9.002	-7.118	2.035	0.314	-0.108	0.292	-0.879	-10.276	3.953	126.975098	37.295826
1685512296326	1685512296315	-9.316	-7.142	1.961	0.542	-0.136	0.106	-0.029	-10.060	3.886	126.975098	37.295826
1685512296335	1685512296327	-10.218	-7.209	1.987	0.744	-0.123	-0.169	0.251	-9.855	3.754	126.975098	37.295826
1685512296346	1685512296336	-11.507	-7.312	1.903	0.900	-0.081	-0.514	-0.060	-9.878	3.680	126.975098	37.295826
1685512296356	1685512296347	-12.589	-7.195	1.741	1.053	-0.053	-0.839	-0.955	-9.912	3.718	126.975098	37.295826
1685512296367	1685512296356	-13.458	-7.053	1.290	1.234	-0.088	-1.084	-2.231	-9.965	3.646	126.975098	37.295826
1685512296375	1685512296368	-13.956	-6.742	0.646	1.420	-0.198	-1.252	-3.287	-9.742	3.510	126.975098	37.295826
1685512296399	1685512296375	-14.392	-6.457	0.091	1.521	-0.353	-1.401	-4.132	-9.488	3.079	126.975098	37.295826
1685512296399	1685512296399	-14.609	-6.053	-0.194	1.503	-0.511	-1.585	-4.590	-9.007	2.452	126.975098	37.295826
1685512296407	1685512296399	-14.712	-5.844	-0.371	1.383	-0.656	-1.806	-4.997	-8.595	1.896	126.975098	37.295826
1685512296417	1685512296407	-14.528	-5.270	-0.405	1.213	-0.793	-2.027	-5.164	-7.977	1.592	126.975098	37.295826
1685512296426	1685512296417	-14.016	-5.004	-0.450	0.999	-0.921	-2.250	-5.227	-7.594	1.381	126.975098	37.295826
1685512296435	1685512296426	-13.288	-4.966	-0.438	0.757	-1.024	-2.485	-4.997	-6.804	1.293	126.975098	37.295826
1685512296448	1685512296437	-12.553	-4.915	-0.290	0.547	-1.086	-2.734	-4.436	-6.309	1.173	126.975098	37.295826
1685512296457	1685512296448	-11.914	-4.827	-0.297	0.353	-1.119	-2.994	-3.663	-6.019	1.094	126.975098	37.295826
1685512296467	1685512296457	-11.511	-4.776	-0.175	0.189	-1.120	-3.244	-2.887	-5.696	1.144	126.975098	37.295826
1685512296476	1685512296469	-11.293	-4.654	-0.153	0.078	-1.073	-3.471	-2.210	-5.284	1.020	126.975098	37.295826
1685512296487	1685512296477	-11.128	-4.465	-0.115	0.040	-1.012	-3.670	-1.786	-4.946	1.044	126.975098	37.295826
1685512296498	1685512296487	-11.123	-4.281	-0.012	0.079	-0.954	-3.851	-1.554	-4.453	0.950	126.975098	37.295826
1685512296509	1685512296498	-11.047	-4.199	-0.062	0.169	-0.894	-4.008	-1.391	-3.941	0.900	126.975098	37.295826
1685512296519	1685512296509	-10.884	-4.262	-0.172	0.293	-0.855	-4.129	-1.405	-3.381	0.910	126.975098	37.295826
1685512296529	1685512296519	-10.721	-4.391	-0.311	0.428	-0.842	-4.230	-1.365	-2.909	0.771	126.975098	37.295826
1685512296538	1685512296529	-10.693	-4.257	-0.500	0.561	-0.828	-4.297	-1.262	-2.531	0.565	126.975098	37.295826
1685512296549	1685512296539	-10.551	-4.053	-0.639	0.716	-0.800	-4.309	-1.168	-2.291	0.347	126.975098	37.295826
1685512296558	1685512296550	-10.494	-3.759	-0.735	0.931	-0.781	-4.270	-1.233	-1.745	0.065	126.975098	37.295826
1685512296571	1685512296558	-10.400	-3.335	-0.740	1.168	-0.773	-4.208	-1.204	-1.132	-0.165	126.975098	37.295826
1685512296583	1685512296571	-10.293	-3.218	-0.611	1.352	-0.787	-4.138	-1.276	-0.438	-0.364	126.975098	37.295826
1685512296586	1685512296584	-10.053	-3.065	-0.697	1.473	-0.810	-4.044	-1.329	0.371	-0.479	126.975098	37.295826
1685512296609	1685512296587	-9.835	-3.038	-0.757	1.549	-0.822	-3.922	-1.415	0.939	-0.498	126.975098	37.295826
1685512296610	1685512296610	-9.601	-2.602	-0.836	1.609	-0.801	-3.778	-1.314	1.377	-0.692	126.975098	37.295826
1685512296618	1685512296610	-9.455	-2.195	-0.867	1.646	-0.790	-3.627	-1.276	1.741	-0.895	126.975098	37.295826
1685512296629	1685512296618	-9.230	-2.241	-0.943	1.631	-0.797	-3.466	-1.231	2.495	-1.123	126.975098	37.295826
1685512296637	1685512296629	-8.940	-2.373	-1.034	1.583	-0.809	-3.293	-1.279	3.196	-1.305	126.975098	37.295826
1685512296647	1685512296637	-8.775	-2.243	-1.013	1.450	-0.838	-3.131	-1.247	3.421	-1.535	126.975098	37.295826
1685512296658	1685512296647	-8.545	-2.234	-0.953	1.252	-0.836	-2.958	-1.176	3.563	-1.798	126.975098	37.295826
1685512296668	1685512296658	-8.437	-2.100	-1.001	1.068	-0.820	-2.759	-1.183	3.895	-1.911	126.975098	37.295826
1685512296676	1685512296669	-8.377	-2.002	-0.903	0.924	-0.804	-2.553	-1.130	4.096	-1.982	126.975098	37.295826
1685512296688	1685512296677	-8.411	-2.105	-0.855	0.789	-0.765	-2.354	-1.180	4.393	-2.143	126.975098	37.295826
1685512296696	1685512296688	-8.430	-2.069	-0.737	0.663	-0.723	-2.142	-1.276	4.642	-2.150	126.975098	37.295826
1685512296707	1685512296696	-8.485	-2.073	-0.879	0.547	-0.674	-1.905	-1.408	4.630	-2.167	126.975098	37.295826
1685512296717	1685512296707	-8.437	-2.097	-0.972	0.442	-0.616	-1.653	-1.544	4.769	-2.124	126.975098	37.295826
1685512296728	1685512296717	-8.574	-2.107	-1.085	0.343	-0.525	-1.388	-1.676	4.834	-2.313	126.975098	37.295826
1685512296738	1685512296729	-8.576	-2.049	-1.231	0.275	-0.434	-1.114	-1.709	4.879	-2.456	126.975098	37.295826
1685512296749	1685512296738	-8.811	-1.949	-1.226	0.231	-0.365	-0.841	-1.915	4.925	-2.607	126.975098	37.295826
1685512296757	1685512296749	-9.448	-1.978	-1.089	0.188	-0.283	-0.546	-1.968	5.023	-2.782	126.975098	37.295826
1685512296769	1685512296758	-10.197	-1.963	-1.290	0.128	-0.154	-0.242	-2.234	5.150	-2.799	126.975098	37.295826
1685512296782	1685512296770	-10.803	-1.858	-1.458	0.040	0.028	0.061	-2.885	5.131	-2.679	126.975098	37.295826
1685512296803	1685512296782	-10.889	-2.198	-1.630	-0.067	0.226	0.393	-3.615	5.126	-2.875	126.975098	37.295826
1685512296803	1685512296803	-10.412	-2.523	-1.571	-0.189	0.375	0.768	-4.164	5.186	-3.017	126.975098	37.295826
1685512296810	1685512296804	-9.744	-2.988	-0.917	-0.314	0.461	1.147	-4.221	4.822	-3.170	126.975098	37.295826
1685512296843	1685512296810	-9.215	-3.452	-0.479	-0.404	0.552	1.491	-3.685	4.448	-3.072	126.975098	37.295826
1685512296843	1685512296843	-8.930	-3.745	0.072	-0.419	0.695	1.765	-2.931	3.910	-2.365	126.975098	37.295826
1685512296844	1685512296843	-9.096	-4.005	0.603	-0.336	0.907	1.969	-2.282	3.340	-1.856	126.975098	37.295826
1685512296846	1685512296844	-9.457	-4.085	0.905	-0.108	1.122	2.139	-1.879	2.940	-1.235	126.975098	37.295826
1685512296855	1685512296846	-10.020	-3.970	1.250	0.264	1.300	2.276	-1.903	2.543	-0.618	126.975098	37.295826
1685512296867	1685512296856	-10.652	-3.771	1.554	0.718	1.458	2.391	-2.114	2.310	-0.227	126.975098	37.295826
1685512296874	1685512296868	-11.293	-3.792	1.666	1.191	1.581	2.500	-2.519	2.253	0.196	126.975098	37.295826
1685512296885	1685512296875	-11.985	-3.735	1.590	1.651	1.692	2.611	-2.990	2.263	0.567	126.975098	37.295826
1685512296895	1685512296886	-12.380	-3.479	1.496	2.049	1.795	2.699	-3.419	1.975	0.747	126.975098	37.295826
1685512296905	1685512296896	-12.469	-3.031	1.269	2.310	1.814	2.761	-3.998	1.877	0.699	126.975098	37.295826
1685512296915	1685512296905	-12.191	-2.588	0.994	2.410	1.732	2.816	-4.211	1.875	0.642	126.975098	37.295826
1685512296926	1685512296915	-11.732	-2.095	0.802	2.298	1.624	2.848	-4.156	2.100	0.441	126.975098	37.295826
1685512296935	1685512296926	-11.150	-2.069	0.508	1.919	1.526	2.848	-3.709	2.260	0.192	126.975098	37.295826
1685512296945	1685512296935	-10.654	-2.116	0.613	1.301	1.456	2.811	-3.117	2.519	0.026	126.975098	37.295826
1685512296956	1685512296945	-10.118	-2.531	0.661	0.512	1.421	2.739	-2.368	2.229	-0.208	126.975098	37.295826
1685512296968	1685512296956	-9.680	-2.923	0.800	-0.316	1.392	2.649	-1.769	1.975	-0.043	126.975098	37.295826
1685512296978	1685512296968	-9.409	-3.543	1.252	-1.043	1.377	2.553	-1.106	1.288	0.120	126.975098	37.295826
1685512296996	1685512296978	-9.194	-4.017	1.669	-1.569	1.350	2.474	-0.563	0.658	0.397	126.975098	37.295826
1685512296997	1685512296997	-8.964	-4.360	2.069	-1.869	1.286	2.403	-0.189	-0.215	1.027	126.975098	37.295826
1685512297007	1685512296997	-8.756	-4.523	2.162	-1.936	1.234	2.353	0.098	-0.893	1.602	126.975098	37.295826
1685512297016	1685512297007	-8.547	-4.484	2.291	-1.779	1.183	2.338	0.405	-1.482	2.195	126.975098	37.295826
1685512297026	1685512297017	-8.447	-4.391	2.172	-1.477	1.130	2.335	0.670	-1.848	2.442	126.975098	37.295826
1685512297036	1685512297027	-8.485	-4.317	2.172	-1.123	1.100	2.313	0.934	-2.037	2.729	126.975098	37.295826
1685512297048	1685512297036	-8.420	-4.329	1.970	-0.783	1.090	2.264	1.085	-2.174	2.751	126.975098	37.295826
1685512297056	1685512297048	-8.485	-4.216	1.951	-0.509	1.075	2.209	1.087	-2.327	2.880	126.975098	37.295826
1685512297068	1685512297056	-8.514	-4.118	1.846	-0.346	1.064	2.154	1.185	-2.562	2.799	126.975098	37.295826
1685512297077	1685512297069	-8.693	-4.101	1.863	-0.272	1.067	2.099	1.149	-2.667	2.878	126.975098	37.295826
1685512297087	1685512297077	-8.914	-4.434	2.088	-0.272	1.081	2.031	1.140	-2.732	2.842	126.975098	37.295826
1685512297098	1685512297087	-9.165	-4.571	2.191	-0.316	1.089	1.962	0.977	-2.909	2.945	126.975098	37.295826
1685512297107	1685512297098	-9.371	-4.544	2.188	-0.368	1.091	1.911	0.764	-3.385	3.232	126.975098	37.295826
1685512297116	1685512297108	-9.553	-4.559	2.310	-0.391	1.076	1.873	0.520	-3.682	3.414	126.975098	37.295826
1685512297132	1685512297116	-9.658	-4.573	2.466	-0.382	1.025	1.837	0.316	-3.816	3.496	126.975098	37.295826
1685512297136	1685512297132	-9.862	-4.602	2.456	-0.381	0.975	1.787	0.132	-4.013	3.713	126.975098	37.295826
1685512297146	1685512297136	-9.890	-4.705	2.564	-0.401	0.946	1.718	0.024	-4.178	3.948	126.975098	37.295826
1685512297155	1685512297146	-9.606	-4.688	2.648	-0.441	0.893	1.642	-0.187	-4.377	4.027	126.975098	37.295826
1685512297167	1685512297155	-9.469	-4.774	2.660	-0.508	0.808	1.566	-0.227	-4.652	4.226	126.975098	37.295826
1685512297175	1685512297167	-9.448	-4.877	2.667	-0.602	0.728	1.482	0.038	-4.800	4.396	126.975098	37.295826
1685512297187	1685512297175	-9.565	-5.013	2.739	-0.709	0.674	1.382	0.158	-5.047	4.484	126.975098	37.295826
1685512297195	1685512297187	-9.823	-5.224	2.916	-0.814	0.640	1.260	0.156	-5.334	4.573	126.975098	37.295826
1685512297205	1685512297195	-10.113	-5.368	3.081	-0.889	0.619	1.131	0.024	-5.588	4.695	126.975098	37.295826
1685512297215	1685512297205	-10.254	-5.514	3.235	-0.908	0.589	1.010	-0.254	-5.935	4.927	126.975098	37.295826
1685512297226	1685512297215	-10.120	-5.641	3.211	-0.864	0.552	0.914	-0.565	-6.206	5.145	126.975098	37.295826
1685512297237	1685512297226	-9.895	-5.610	3.199	-0.783	0.489	0.831	-0.728	-6.467	5.346	126.975121	37.295837
1685512297245	1685512297237	-9.720	-5.447	3.062	-0.694	0.402	0.748	-0.615	-6.699	5.368	126.975121	37.295837
1685512297255	1685512297245	-9.699	-5.504	2.976	-0.615	0.329	0.646	-0.412	-6.773	5.397	126.975121	37.295837
1685512297266	1685512297255	-9.950	-5.686	2.851	-0.569	0.279	0.525	-0.254	-6.689	5.286	126.975121	37.295837
1685512297276	1685512297266	-10.515	-5.854	2.591	-0.557	0.239	0.389	-0.247	-6.821	5.224	126.975121	37.295837
1685512297287	1685512297276	-11.327	-6.057	2.746	-0.580	0.224	0.238	-0.512	-7.065	5.119	126.975121	37.295837
1685512297297	1685512297288	-11.914	-6.378	2.746	-0.600	0.227	0.098	-1.089	-7.288	4.872	126.975121	37.295837
1685512297307	1685512297298	-12.131	-6.536	2.796	-0.547	0.214	0.000	-1.908	-7.523	5.040	126.975121	37.295837
1685512297317	1685512297307	-12.060	-6.610	3.026	-0.420	0.148	-0.051	-2.502	-7.870	5.054	126.975121	37.295837
1685512297327	1685512297317	-11.593	-6.431	3.297	-0.247	0.072	-0.090	-2.725	-8.040	5.114	126.975121	37.295837
1685512297337	1685512297327	-10.623	-6.397	3.318	-0.029	0.013	-0.136	-2.655	-8.119	5.351	126.975121	37.295837
1685512297349	1685512297337	-9.632	-6.349	3.390	0.210	-0.082	-0.183	-2.188	-7.937	5.626	126.975121	37.295837
1685512297356	1685512297349	-9.373	-6.122	3.285	0.462	-0.199	-0.250	-1.216	-7.891	5.648	126.975121	37.295837
1685512297371	1685512297358	-9.900	-5.902	3.215	0.685	-0.288	-0.379	-0.220	-7.819	5.715	126.975121	37.295837
1685512297386	1685512297371	-10.963	-5.930	3.206	0.843	-0.325	-0.579	0.043	-7.556	5.598	126.975121	37.295837
1685512297387	1685512297386	-12.112	-6.053	3.038	0.957	-0.314	-0.788	-0.469	-7.288	5.511	126.975121	37.295837
1685512297400	1685512297387	-13.130	-6.108	2.849	1.064	-0.338	-0.960	-1.516	-7.235	5.480	126.975121	37.295837
1685512297408	1685512297400	-13.807	-6.218	2.564	1.175	-0.423	-1.084	-2.650	-7.271	5.298	126.975121	37.295837
1685512297419	1685512297409	-14.332	-5.978	2.145	1.299	-0.545	-1.167	-3.649	-7.211	5.088	126.975121	37.295837
1685512297428	1685512297419	-14.370	-5.789	1.753	1.411	-0.678	-1.224	-4.307	-7.192	4.776	126.975121	37.295837
1685512297439	1685512297428	-14.329	-5.710	1.518	1.450	-0.828	-1.278	-4.808	-6.800	4.312	126.975121	37.295837
1685512297448	1685512297440	-14.107	-5.473	1.271	1.396	-0.963	-1.355	-4.824	-6.479	3.871	126.975121	37.295837
1685512297457	1685512297448	-13.855	-5.246	1.171	1.288	-1.060	-1.460	-4.757	-6.246	3.565	126.975121	37.295837
1685512297470	1685512297458	-13.144	-5.023	1.070	1.147	-1.156	-1.580	-4.511	-5.851	3.232	126.975121	37.295837
1685512297478	1685512297470	-12.356	-4.791	1.006	0.994	-1.268	-1.713	-4.233	-5.459	3.033	126.975121	37.295837
1685512297488	1685512297478	-11.665	-4.563	0.893	0.834	-1.393	-1.868	-3.500	-5.064	2.823	126.975121	37.295837
1685512297498	1685512297488	-11.126	-4.290	0.879	0.679	-1.484	-2.045	-2.686	-4.614	2.612	126.975121	37.295837
1685512297508	1685512297498	-10.640	-4.108	0.821	0.524	-1.548	-2.241	-1.982	-4.231	2.389	126.975121	37.295837
1685512297518	1685512297508	-10.240	-4.063	0.836	0.381	-1.597	-2.445	-1.429	-3.749	2.229	126.975121	37.295837
1685512297530	1685512297518	-10.001	-3.955	0.781	0.269	-1.629	-2.647	-0.939	-3.342	2.016	126.975121	37.295837
1685512297539	1685512297530	-9.883	-3.838	0.833	0.199	-1.648	-2.832	-0.543	-3.055	1.872	126.975121	37.295837
1685512297549	1685512297539	-9.749	-3.785	0.673	0.176	-1.652	-2.994	-0.318	-2.689	1.657	126.975121	37.295837
1685512297559	1685512297550	-9.661	-3.785	0.596	0.197	-1.636	-3.129	-0.230	-2.270	1.532	126.975121	37.295837
1685512297571	1685512297559	-9.572	-3.637	0.362	0.253	-1.611	-3.233	-0.134	-1.956	1.226	126.975121	37.295837
1685512297584	1685512297571	-9.409	-3.424	0.079	0.327	-1.578	-3.301	-0.098	-1.654	0.986	126.975121	37.295837
1685512297601	1685512297585	-9.215	-3.239	-0.285	0.401	-1.532	-3.333	-0.079	-1.197	0.594	126.975121	37.295837
1685512297603	1685512297602	-9.021	-3.079	-0.594	0.458	-1.484	-3.337	-0.007	-0.639	0.136	126.975121	37.295837
1685512297608	1685512297603	-8.789	-2.885	-0.606	0.489	-1.436	-3.323	0.096	-0.175	-0.364	126.975121	37.295837
1685512297618	1685512297611	-8.648	-2.703	-0.685	0.502	-1.390	-3.284	0.168	0.321	-0.840	126.975121	37.295837
1685512297629	1685512297619	-8.351	-2.519	-0.476	0.492	-1.339	-3.220	0.290	0.788	-0.986	126.975121	37.295837
1685512297639	1685512297629	-8.097	-2.447	-0.417	0.464	-1.279	-3.129	0.299	1.264	-1.209	126.975121	37.295837
1685512297649	1685512297640	-7.975	-2.255	-0.357	0.436	-1.227	-3.020	0.462	1.721	-1.135	126.975121	37.295837
1685512297658	1685512297649	-7.733	-2.176	-0.168	0.401	-1.151	-2.900	0.587	2.035	-1.188	126.975121	37.295837
1685512297669	1685512297658	-7.508	-2.152	-0.211	0.362	-1.065	-2.765	0.587	2.437	-1.223	126.975121	37.295837
1685512297678	1685512297670	-7.254	-2.078	-0.251	0.325	-0.979	-2.612	0.704	2.720	-1.123	126.975121	37.295837
1685512297689	1685512297678	-6.977	-2.061	-0.381	0.292	-0.881	-2.445	0.828	2.902	-1.233	126.975121	37.295837
1685512297699	1685512297689	-6.713	-2.035	-0.596	0.270	-0.782	-2.261	0.946	3.177	-1.362	126.975121	37.295837
1685512297711	1685512297700	-6.529	-1.978	-0.749	0.250	-0.700	-2.059	1.109	3.354	-1.561	126.975121	37.295837
1685512297719	1685512297711	-6.570	-2.088	-0.690	0.222	-0.623	-1.825	1.238	3.560	-1.856	126.975121	37.295837
1685512297731	1685512297719	-6.663	-2.140	-0.608	0.172	-0.540	-1.567	1.295	3.776	-2.078	126.975121	37.295837
1685512297741	1685512297731	-6.926	-2.157	-0.742	0.109	-0.473	-1.317	1.116	3.833	-2.090	126.975121	37.295837
1685512297750	1685512297741	-7.080	-2.049	-0.759	0.054	-0.407	-1.080	0.943	3.874	-2.052	126.975121	37.295837
1685512297762	1685512297750	-7.298	-2.083	-0.876	0.007	-0.334	-0.834	0.584	3.965	-2.231	126.975121	37.295837
1685512297772	1685512297762	-7.558	-2.186	-0.864	-0.068	-0.292	-0.566	0.364	4.144	-2.279	126.975121	37.295837
1685512297779	1685512297773	-7.748	-2.377	-0.895	-0.176	-0.259	-0.291	0.084	4.178	-2.423	126.975121	37.295837
1685512297797	1685512297779	-7.982	-2.442	-1.037	-0.293	-0.177	-0.040	-0.211	4.113	-2.428	126.975121	37.295837
1685512297804	1685512297797	-8.231	-2.507	-1.161	-0.435	-0.108	0.175	-0.429	3.953	-2.468	126.975121	37.295837
1685512297819	1685512297804	-8.894	-2.682	-1.049	-0.575	-0.055	0.393	-0.668	3.895	-2.605	126.975121	37.295837
1685512297820	1685512297819	-9.766	-2.854	-1.243	-0.689	0.029	0.623	-0.907	3.824	-2.708	126.975121	37.295837
1685512297829	1685512297820	-10.568	-2.885	-1.374	-0.815	0.140	0.823	-1.549	3.630	-2.567	126.975121	37.295837
1685512297836	1685512297829	-11.406	-3.194	-1.429	-0.953	0.266	1.015	-2.377	3.419	-2.710	126.975121	37.295837
1685512297846	1685512297837	-12.131	-3.555	-1.130	-1.084	0.414	1.255	-3.132	3.342	-2.787	126.975121	37.295837
1685512297856	1685512297846	-12.007	-3.742	-1.080	-1.201	0.527	1.556	-3.888	2.959	-2.749	126.975121	37.295837
1685512297867	1685512297856	-11.111	-3.838	-0.642	-1.279	0.547	1.899	-4.549	2.533	-2.370	126.975121	37.295837
1685512297876	1685512297867	-10.183	-4.338	-0.146	-1.291	0.541	2.250	-4.314	2.229	-2.195	126.975121	37.295837
1685512297887	1685512297876	-9.493	-4.827	0.522	-1.252	0.623	2.544	-3.311	2.014	-1.652	126.975121	37.295837
1685512297896	1685512297887	-9.407	-5.231	1.233	-1.191	0.713	2.713	-2.222	1.314	-1.015	126.975121	37.295837
1685512297906	1685512297896	-9.948	-5.669	1.908	-1.007	0.899	2.775	-1.415	0.673	-0.251	126.975121	37.295837
1685512297916	1685512297906	-11.090	-5.830	2.174	-0.641	1.184	2.761	-1.147	0.012	0.603	126.975121	37.295837
1685512297926	1685512297917	-12.294	-5.866	2.241	-0.147	1.503	2.700	-1.571	-0.606	1.381	126.975121	37.295837
1685512297937	1685512297926	-13.348	-5.581	2.023	0.434	1.796	2.646	-2.557	-1.020	1.791	126.975121	37.295837
1685512297949	1685512297937	-13.927	-5.167	1.453	1.037	1.995	2.640	-3.642	-1.264	1.982	126.975121	37.295837
1685512297958	1685512297949	-14.008	-5.011	0.960	1.589	2.048	2.685	-4.561	-1.233	1.915	126.975121	37.295837
1685512297968	1685512297958	-13.542	-4.606	0.441	2.033	2.009	2.750	-5.030	-1.053	1.477	126.975121	37.295837
1685512297978	1685512297968	-12.910	-4.168	0.038	2.305	1.916	2.764	-4.994	-1.161	1.116	126.975121	37.295837
1685512297987	1685512297978	-12.198	-3.807	-0.113	2.418	1.786	2.710	-4.439	-0.977	0.692	126.975121	37.295837
1685512297999	1685512297988	-11.478	-3.560	0.022	2.415	1.648	2.621	-3.706	-0.809	0.393	126.975121	37.295837
1685512298009	1685512297999	-10.764	-3.148	0.426	2.305	1.523	2.506	-2.923	-0.663	0.321	126.975121	37.295837
1685512298018	1685512298009	-10.072	-2.758	0.905	2.084	1.399	2.363	-2.131	-0.649	0.534	126.975121	37.295837
1685512298028	1685512298018	-9.507	-2.564	1.506	1.780	1.272	2.205	-1.360	-0.438	1.010	126.975121	37.295837
1685512298037	1685512298028	-8.921	-2.365	2.025	1.429	1.177	2.020	-0.606	-0.299	1.583	126.975121	37.295837
1685512298048	1685512298037	-8.432	-2.073	2.365	1.062	1.120	1.795	-0.002	-0.283	2.255	126.975121	37.295837
1685512298059	1685512298048	-7.942	-1.999	2.480	0.665	1.063	1.542	0.618	-0.263	2.856	126.975121	37.295837
1685512298070	1685512298059	-7.520	-2.253	2.504	0.233	1.005	1.279	1.132	-0.134	3.280	126.975121	37.295837
1685512298079	1685512298072	-7.185	-2.626	2.377	-0.198	0.960	1.036	1.642	-0.201	3.486	126.975121	37.295837
1685512298088	1685512298079	-7.168	-2.863	2.205	-0.573	0.942	0.848	2.076	-0.575	3.601	126.975121	37.295837
1685512298098	1685512298088	-7.324	-3.010	1.997	-0.827	0.953	0.722	2.418	-1.070	3.589	126.975121	37.295837
1685512298107	1685512298098	-7.456	-3.069	1.841	-0.994	0.949	0.659	2.435	-1.379	3.496	126.975121	37.295837
1685512298117	1685512298108	-7.484	-3.196	1.669	-1.103	0.893	0.641	2.277	-1.607	3.390	126.975121	37.295837
1685512298128	1685512298117	-7.436	-3.290	1.604	-1.155	0.810	0.643	2.140	-1.743	3.340	126.975121	37.295837
1685512298149	1685512298128	-7.549	-3.402	1.695	-1.168	0.732	0.646	2.107	-1.949	3.268	126.975121	37.295837
1685512298149	1685512298149	-7.640	-3.551	1.865	-1.144	0.687	0.659	2.150	-2.124	3.294	126.975121	37.295837
1685512298156	1685512298149	-7.934	-3.668	2.138	-1.078	0.679	0.688	2.033	-2.310	3.452	126.975121	37.295837
1685512298167	1685512298156	-7.999	-3.965	2.416	-0.976	0.700	0.734	1.939	-2.521	3.675	126.975121	37.295837
1685512298176	1685512298167	-7.977	-4.108	2.763	-0.831	0.733	0.799	1.638	-2.725	4.025	126.975121	37.295837
1685512298191	1685512298176	-7.906	-4.108	2.969	-0.640	0.768	0.874	1.571	-3.098	4.360	126.975121	37.295837
1685512298196	1685512298191	-7.717	-4.022	3.146	-0.419	0.800	0.954	1.585	-3.326	4.772	126.975121	37.295837
1685512298206	1685512298196	-7.616	-3.965	3.043	-0.191	0.820	1.040	1.652	-3.393	5.021	126.975121	37.295837
1685512298216	1685512298206	-7.659	-3.847	2.981	0.018	0.841	1.111	1.836	-3.393	5.255	126.975121	37.295837
1685512298226	1685512298216	-7.956	-3.752	2.844	0.187	0.888	1.151	1.932	-3.402	5.193	126.975121	37.295837
1685512298236	1685512298226	-8.471	-3.759	2.842	0.283	0.929	1.162	1.882	-3.364	5.179	126.975121	37.295837
1685512298247	1685512298236	-9.134	-3.797	2.871	0.336	0.960	1.156	1.578	-3.347	5.092	126.975136	37.295845
1685512298256	1685512298247	-9.867	-3.776	2.990	0.371	0.990	1.140	1.051	-3.431	5.145	126.975136	37.295845
1685512298267	1685512298256	-10.472	-3.895	3.089	0.396	1.002	1.122	0.378	-3.539	5.222	126.975136	37.295845
1685512298276	1685512298267	-10.819	-3.924	3.105	0.401	0.969	1.109	-0.364	-3.584	5.392	126.975136	37.295845
1685512298287	1685512298276	-10.956	-3.941	3.002	0.386	0.881	1.108	-0.974	-3.742	5.514	126.975136	37.295845
1685512298297	1685512298287	-11.006	-3.948	2.729	0.343	0.759	1.107	-1.346	-3.876	5.631	126.975136	37.295845
1685512298308	1685512298297	-11.291	-4.013	2.337	0.255	0.618	1.089	-1.504	-3.977	5.605	126.975136	37.295845
1685512298317	1685512298309	-11.715	-4.178	2.009	0.111	0.492	1.047	-1.575	-4.080	5.404	126.975136	37.295845
1685512298328	1685512298318	-12.541	-4.614	2.006	-0.101	0.373	0.987	-1.879	-4.240	5.069	126.975136	37.295845
1685512298338	1685512298328	-13.606	-4.853	1.975	-0.321	0.316	0.909	-2.320	-4.511	4.793	126.975136	37.295845
1685512298348	1685512298338	-14.253	-5.073	2.169	-0.479	0.321	0.811	-3.160	-5.033	4.822	126.975136	37.295845
1685512298358	1685512298350	-14.411	-5.207	2.459	-0.590	0.263	0.713	-4.238	-5.368	4.817	126.975136	37.295845
1685512298370	1685512298359	-13.781	-5.600	2.710	-0.670	0.103	0.624	-4.899	-5.677	5.040	126.975136	37.295845
1685512298377	1685512298371	-12.558	-5.559	2.744	-0.682	-0.099	0.539	-5.069	-5.895	5.351	126.975136	37.295845
1685512298387	1685512298378	-11.190	-5.509	2.667	-0.621	-0.331	0.434	-4.446	-6.364	5.607	126.975136	37.295845
1685512298396	1685512298387	-10.106	-5.567	2.579	-0.551	-0.577	0.294	-3.225	-6.409	5.622	126.975136	37.295845
1685512298407	1685512298396	-9.723	-5.787	2.495	-0.492	-0.737	0.138	-1.853	-6.404	5.516	126.975136	37.295845
1685512298417	1685512298407	-9.771	-5.868	2.377	-0.419	-0.766	-0.060	-0.754	-6.505	5.368	126.975136	37.295845
1685512298428	1685512298417	-10.376	-5.657	2.272	-0.272	-0.700	-0.308	-0.352	-6.752	5.212	126.975136	37.295845
1685512298436	1685512298429	-11.198	-5.442	2.040	-0.054	-0.611	-0.579	-0.378	-6.838	5.018	126.975136	37.295845
1685512298446	1685512298438	-11.942	-5.296	1.729	0.200	-0.553	-0.830	-0.962	-6.606	4.843	126.975136	37.295845
1685512298458	1685512298448	-12.500	-5.188	1.389	0.445	-0.558	-1.036	-1.762	-6.333	4.549	126.975136	37.295845
1685512298467	1685512298458	-12.730	-5.104	1.118	0.655	-0.659	-1.205	-2.488	-6.110	4.190	126.975136	37.295845
1685512298477	1685512298468	-12.842	-4.906	0.814	0.819	-0.820	-1.333	-3.024	-5.895	3.802	126.975136	37.295845
1685512298489	1685512298477	-13.029	-4.721	0.639	0.926	-0.981	-1.415	-3.232	-5.681	3.472	126.975136	37.295845
1685512298497	1685512298490	-12.967	-4.527	0.543	0.993	-1.111	-1.465	-3.316	-5.322	3.086	126.975136	37.295845
1685512298508	1685512298500	-12.766	-4.250	0.541	1.034	-1.229	-1.510	-3.479	-4.997	2.830	126.975136	37.295845
1685512298520	1685512298508	-12.378	-3.795	0.565	1.030	-1.363	-1.564	-3.388	-4.626	2.619	126.975136	37.295845
1685512298530	1685512298520	-11.782	-3.517	0.522	0.962	-1.515	-1.633	-3.163	-4.199	2.512	126.975136	37.295845
1685512298540	1685512298530	-11.052	-3.316	0.505	0.811	-1.652	-1.728	-2.751	-3.572	2.404	126.975136	37.295845
1685512298552	1685512298540	-10.491	-3.151	0.354	0.593	-1.761	-1.850	-2.133	-3.122	2.210	126.975136	37.295845
1685512298561	1685512298552	-10.008	-3.081	0.321	0.346	-1.830	-2.000	-1.384	-2.739	2.030	126.975136	37.295845
1685512298572	1685512298562	-9.653	-2.964	0.321	0.087	-1.851	-2.162	-0.812	-2.387	1.705	126.975136	37.295845
1685512298579	1685512298572	-9.266	-2.907	0.239	-0.176	-1.837	-2.336	-0.321	-2.081	1.456	126.975136	37.295845
1685512298592	1685512298580	-9.084	-2.844	0.206	-0.423	-1.811	-2.513	0.029	-1.793	1.312	126.975136	37.295845
1685512298605	1685512298592	-8.792	-2.942	0.101	-0.624	-1.775	-2.679	0.400	-1.489	1.037	126.975136	37.295845
1685512298609	1685512298606	-8.696	-3.179	0.048	-0.778	-1.728	-2.821	0.560	-1.211	0.852	126.975136	37.295845
1685512298619	1685512298609	-8.485	-3.285	-0.050	-0.896	-1.674	-2.942	0.816	-1.056	0.587	126.975136	37.295845
1685512298630	1685512298619	-8.423	-3.393	-0.148	-0.963	-1.608	-3.037	0.862	-1.025	0.383	126.975136	37.295845
1685512298639	1685512298630	-8.382	-3.390	-0.261	-0.958	-1.534	-3.086	0.996	-0.797	0.120	126.975136	37.295845
1685512298649	1685512298639	-8.325	-3.393	-0.362	-0.872	-1.464	-3.085	0.996	-0.678	-0.079	126.975136	37.295845
1685512298660	1685512298650	-8.193	-3.390	-0.383	-0.731	-1.388	-3.056	0.939	-0.357	-0.318	126.975136	37.295845
1685512298672	1685512298660	-8.076	-3.378	-0.464	-0.574	-1.306	-3.013	0.907	-0.101	-0.517	126.975136	37.295845
1685512298680	1685512298672	-7.989	-3.230	-0.558	-0.414	-1.235	-2.953	0.922	0.204	-0.646	126.975136	37.295845
1685512298689	1685512298680	-7.891	-3.026	-0.625	-0.252	-1.164	-2.875	0.943	0.445	-0.800	126.975136	37.295845
1685512298700	1685512298689	-7.831	-2.770	-0.608	-0.095	-1.087	-2.770	0.886	0.907	-0.991	126.975136	37.295845
1685512298711	1685512298700	-7.666	-2.861	-0.543	0.050	-1.014	-2.640	0.912	1.257	-1.097	126.975136	37.295845
1685512298720	1685512298712	-7.580	-2.823	-0.630	0.167	-0.937	-2.497	0.852	1.745	-1.152	126.975136	37.295845
1685512298732	1685512298722	-7.477	-2.763	-0.625	0.236	-0.852	-2.362	0.922	1.827	-1.144	126.975136	37.295845
1685512298743	1685512298734	-7.573	-2.761	-0.625	0.271	-0.767	-2.219	0.883	2.076	-1.310	126.975136	37.295845
1685512298752	1685512298743	-7.836	-2.729	-0.678	0.296	-0.683	-2.060	0.862	2.332	-1.386	126.975136	37.295845
1685512298762	1685512298752	-8.279	-2.646	-0.575	0.307	-0.577	-1.897	0.632	2.533	-1.472	126.975136	37.295845
1685512298773	1685512298763	-8.607	-2.660	-0.570	0.309	-0.465	-1.724	0.263	2.715	-1.590	126.975136	37.295845
1685512298781	1685512298774	-8.806	-2.725	-0.630	0.290	-0.381	-1.527	-0.287	2.947	-1.549	126.975136	37.295845
1685512298795	1685512298783	-8.894	-2.535	-0.766	0.255	-0.326	-1.308	-0.718	3.067	-1.599	126.975136	37.295845
1685512298800	1685512298796	-8.830	-2.401	-0.797	0.221	-0.301	-1.075	-1.018	3.132	-1.712	126.975136	37.295845
1685512298829	1685512298800	-8.736	-2.274	-0.919	0.177	-0.283	-0.836	-1.178	3.409	-1.884	126.975136	37.295845
1685512298831	1685512298830	-8.703	-2.291	-0.972	0.104	-0.268	-0.595	-1.190	3.632	-1.956	126.975136	37.295845
1685512298831	1685512298831	-8.701	-2.466	-1.008	-0.012	-0.233	-0.373	-1.128	3.797	-2.095	126.975136	37.295845
1685512298839	1685512298832	-9.218	-2.670	-0.970	-0.160	-0.162	-0.180	-1.118	3.804	-2.162	126.975136	37.295845
1685512298851	1685512298839	-9.979	-2.928	-0.840	-0.305	-0.057	0.002	-1.123	3.639	-2.200	126.975136	37.295845
1685512298860	1685512298851	-10.788	-3.010	-0.828	-0.434	0.081	0.191	-1.633	3.428	-2.150	126.975136	37.295845
1685512298872	1685512298862	-11.530	-3.079	-0.706	-0.534	0.231	0.391	-2.370	3.146	-1.987	126.975136	37.295845
1685512298879	1685512298873	-12.019	-3.177	-0.553	-0.601	0.351	0.624	-3.129	3.012	-1.911	126.975136	37.295845
1685512298894	1685512298879	-11.954	-3.304	-0.606	-0.634	0.419	0.910	-3.800	2.866	-1.707	126.975136	37.295845
1685512298898	1685512298894	-11.310	-3.460	-0.340	-0.644	0.469	1.221	-4.245	2.720	-1.484	126.975136	37.295845
1685512298910	1685512298899	-10.235	-3.699	0.038	-0.630	0.494	1.528	-4.128	2.535	-1.475	126.975136	37.295845
