1685512409090	1685512409090	-15.064	-5.011	1.013	0.452	-0.590	-2.321	-5.136	-7.736	2.720	126.974915	37.295109
1685512409090	1685512409090	-15.124	-4.966	0.819	0.423	-0.735	-2.387	-5.387	-7.288	2.291	126.974915	37.295109
1685512409093	1685512409090	-14.949	-4.810	0.642	0.363	-0.834	-2.451	-5.519	-7.029	1.954	126.974915	37.295109
1685512409104	1685512409093	-14.262	-4.559	0.596	0.308	-0.894	-2.492	-5.526	-6.752	1.697	126.974915	37.295109
1685512409113	1685512409104	-13.180	-4.219	0.543	0.274	-0.957	-2.506	-5.303	-6.357	1.446	126.974915	37.295109
1685512409124	1685512409113	-11.863	-3.919	0.532	0.235	-1.042	-2.511	-4.573	-5.861	1.319	126.974915	37.295109
1685512409133	1685512409124	-10.817	-3.850	0.503	0.165	-1.096	-2.540	-3.452	-5.250	1.168	126.974915	37.295109
1685512409143	1685512409133	-10.005	-3.745	0.555	0.082	-1.081	-2.613	-2.107	-4.731	1.065	126.974915	37.295109
1685512409153	1685512409143	-9.352	-3.716	0.661	0.016	-1.024	-2.724	-1.037	-4.389	0.922	126.974915	37.295109
1685512409164	1685512409153	-8.811	-3.723	0.757	-0.005	-0.951	-2.860	-0.211	-4.051	0.879	126.974915	37.295109
1685512409173	1685512409164	-8.545	-3.711	0.788	0.026	-0.896	-3.002	0.448	-3.757	0.883	126.974915	37.295109
1685512409183	1685512409173	-8.425	-3.620	0.790	0.101	-0.821	-3.144	0.989	-3.484	0.886	126.974915	37.295109
1685512409193	1685512409183	-8.425	-3.723	0.685	0.216	-0.738	-3.274	1.240	-3.146	0.821	126.974915	37.295109
1685512409203	1685512409193	-8.423	-3.606	0.658	0.370	-0.684	-3.381	1.341	-2.780	0.752	126.974915	37.295109
1685512409213	1685512409204	-8.344	-3.472	0.702	0.567	-0.648	-3.453	1.307	-2.564	0.572	126.974915	37.295109
1685512409225	1685512409213	-8.363	-3.203	0.800	0.790	-0.623	-3.482	1.264	-2.119	0.474	126.974915	37.295109
1685512409233	1685512409226	-8.373	-3.053	0.795	0.996	-0.621	-3.487	1.286	-1.652	0.445	126.974915	37.295109
1685512409250	1685512409233	-8.432	-2.861	0.797	1.152	-0.624	-3.479	1.195	-1.051	0.467	126.974899	37.295109
1685512409253	1685512409250	-8.377	-2.696	0.721	1.266	-0.626	-3.450	1.085	-0.508	0.364	126.974899	37.295109
1685512409264	1685512409253	-8.301	-2.471	0.646	1.350	-0.628	-3.392	0.941	-0.038	0.287	126.974899	37.295109
1685512409274	1685512409264	-8.200	-2.241	0.457	1.400	-0.639	-3.306	0.886	0.450	0.110	126.974899	37.295109
1685512409284	1685512409274	-8.215	-2.006	0.515	1.405	-0.663	-3.197	0.845	0.979	-0.067	126.974899	37.295109
1685512409294	1685512409285	-8.296	-1.932	0.438	1.349	-0.685	-3.074	0.831	1.480	-0.362	126.974899	37.295109
1685512409303	1685512409294	-8.200	-1.951	0.362	1.227	-0.698	-2.941	0.702	1.958	-0.409	126.974899	37.295109
1685512409314	1685512409304	-8.052	-1.848	0.309	1.069	-0.710	-2.789	0.493	2.279	-0.603	126.974899	37.295109
1685512409326	1685512409314	-7.884	-1.832	0.378	0.904	-0.712	-2.616	0.488	2.442	-0.771	126.974899	37.295109
1685512409334	1685512409326	-7.829	-1.839	0.354	0.739	-0.716	-2.424	0.522	2.741	-0.922	126.974899	37.295109
1685512409348	1685512409334	-7.894	-1.923	0.433	0.580	-0.699	-2.230	0.570	2.947	-0.948	126.974899	37.295109
1685512409354	1685512409348	-8.066	-1.935	0.426	0.440	-0.651	-2.033	0.484	3.153	-1.077	126.974899	37.295109
1685512409364	1685512409354	-8.277	-2.040	0.555	0.316	-0.594	-1.829	0.309	3.227	-1.077	126.974899	37.295109
1685512409376	1685512409364	-8.490	-2.083	0.599	0.222	-0.536	-1.616	-0.002	3.407	-1.176	126.974899	37.295109
1685512409384	1685512409377	-8.459	-2.176	0.426	0.169	-0.473	-1.389	-0.299	3.414	-1.099	126.974899	37.295109
1685512409393	1685512409384	-8.406	-2.121	0.376	0.150	-0.430	-1.145	-0.620	3.508	-1.116	126.974899	37.295109
1685512409406	1685512409393	-8.162	-1.999	0.488	0.158	-0.404	-0.889	-0.668	3.510	-1.331	126.974899	37.295109
1685512409413	1685512409406	-8.021	-2.090	0.457	0.170	-0.378	-0.635	-0.694	3.658	-1.427	126.974899	37.295109
1685512409425	1685512409413	-8.116	-2.081	0.493	0.161	-0.349	-0.397	-0.505	3.840	-1.350	126.974899	37.295109
1685512409433	1685512409426	-8.377	-2.150	0.433	0.138	-0.301	-0.181	-0.417	3.804	-1.427	126.974899	37.295109
1685512409444	1685512409434	-8.765	-2.107	0.476	0.104	-0.220	0.017	-0.536	3.836	-1.420	126.974899	37.295109
1685512409456	1685512409444	-9.424	-2.095	0.512	0.056	-0.128	0.215	-0.816	3.778	-1.518	126.974899	37.295109
1685512409465	1685512409456	-10.147	-2.066	0.553	-0.011	-0.039	0.426	-1.207	3.819	-1.494	126.974899	37.295109
1685512409474	1685512409465	-10.970	-2.219	0.464	-0.092	0.056	0.660	-1.856	3.812	-1.472	126.974899	37.295109
1685512409486	1685512409474	-11.586	-2.399	0.457	-0.188	0.154	0.926	-2.555	3.809	-1.434	126.974899	37.295109
1685512409493	1685512409487	-11.662	-2.600	0.443	-0.307	0.252	1.222	-3.309	3.575	-1.499	126.974899	37.295109
1685512409504	1685512409494	-10.958	-2.665	0.522	-0.459	0.316	1.552	-3.874	3.333	-1.487	126.974899	37.295109
1685512409514	1685512409504	-10.144	-2.840	0.792	-0.638	0.329	1.903	-3.876	3.043	-1.463	126.974899	37.295109
1685512409526	1685512409514	-9.993	-3.170	0.962	-0.799	0.363	2.232	-3.079	2.866	-1.334	126.974899	37.295109
1685512409534	1685512409527	-10.592	-3.393	1.082	-0.911	0.485	2.469	-2.155	2.552	-1.003	126.974899	37.295109
1685512409544	1685512409535	-11.645	-3.728	1.302	-0.972	0.667	2.590	-1.879	2.054	-0.761	126.974899	37.295109
1685512409554	1685512409547	-12.622	-4.070	1.573	-0.969	0.880	2.661	-2.318	1.607	-0.536	126.974899	37.295109
1685512409564	1685512409554	-13.283	-4.197	1.707	-0.882	1.063	2.755	-3.261	1.111	-0.235	126.974899	37.295109
1685512409574	1685512409564	-13.542	-4.226	1.841	-0.709	1.181	2.887	-4.099	0.558	0.156	126.974899	37.295109
1685512409585	1685512409574	-13.573	-4.369	1.884	-0.487	1.235	3.036	-4.621	0.206	0.419	126.974899	37.295109
1685512409594	1685512409585	-13.281	-4.345	1.784	-0.249	1.269	3.186	-4.741	-0.062	0.687	126.974899	37.295109
1685512409604	1685512409594	-12.876	-4.324	1.753	-0.020	1.313	3.322	-4.638	-0.472	0.860	126.974899	37.295109
1685512409614	1685512409604	-12.354	-4.310	1.628	0.162	1.341	3.411	-4.199	-0.759	0.895	126.974899	37.295109
1685512409625	1685512409614	-11.636	-3.991	1.616	0.276	1.351	3.438	-3.682	-1.013	0.972	126.974899	37.295109
1685512409635	1685512409625	-10.786	-3.771	1.666	0.305	1.328	3.406	-3.043	-1.314	0.967	126.974899	37.295109
1685512409645	1685512409635	-9.862	-3.527	1.618	0.244	1.256	3.338	-2.219	-1.319	1.075	126.974899	37.295109
1685512409654	1685512409645	-8.918	-3.268	1.674	0.116	1.141	3.234	-1.269	-1.456	1.255	126.974899	37.295109
1685512409666	1685512409654	-8.222	-2.966	1.784	-0.049	1.040	3.107	-0.275	-1.499	1.310	126.974899	37.295109
1685512409675	1685512409666	-7.803	-2.765	1.755	-0.231	0.979	2.959	0.735	-1.583	1.484	126.974899	37.295109
1685512409684	1685512409675	-7.652	-2.887	1.884	-0.411	0.964	2.805	1.477	-1.551	1.686	126.974899	37.295109
1685512409696	1685512409684	-7.683	-2.981	1.999	-0.569	0.986	2.645	1.935	-1.638	1.755	126.974899	37.295109
1685512409706	1685512409696	-7.827	-3.122	2.006	-0.695	1.010	2.487	2.114	-2.035	1.982	126.974899	37.295109
1685512409714	1685512409706	-7.913	-3.318	2.014	-0.808	1.005	2.347	2.100	-2.387	2.198	126.974899	37.295109
1685512409728	1685512409714	-7.939	-3.531	1.987	-0.921	0.970	2.230	1.966	-2.775	2.306	126.974899	37.295109
1685512409737	1685512409728	-8.152	-3.680	1.954	-1.037	0.913	2.145	1.882	-3.227	2.423	126.974899	37.295109
1685512409744	1685512409737	-8.341	-3.675	1.791	-1.136	0.839	2.089	1.851	-3.639	2.483	126.974899	37.295109
1685512409754	1685512409744	-8.535	-3.685	1.671	-1.228	0.762	2.049	1.626	-4.025	2.545	126.974899	37.295109
1685512409766	1685512409754	-8.674	-3.852	1.532	-1.327	0.677	2.005	1.432	-4.140	2.406	126.974899	37.295109
1685512409774	1685512409766	-8.897	-4.061	1.353	-1.431	0.590	1.956	1.228	-4.286	2.313	126.974899	37.295109
1685512409784	1685512409774	-9.096	-4.329	1.128	-1.525	0.524	1.902	1.077	-4.590	2.188	126.974899	37.295109
1685512409794	1685512409785	-9.280	-4.484	1.398	-1.580	0.483	1.850	0.843	-4.944	2.021	126.974899	37.295109
1685512409804	1685512409794	-9.450	-4.068	1.149	-1.566	0.445	1.807	0.634	-5.315	1.791	126.974899	37.295109
1685512409815	1685512409805	-9.572	-4.604	1.154	-1.653	0.374	1.748	0.436	-5.593	2.059	126.974899	37.295109
1685512409827	1685512409816	-9.673	-5.006	1.104	-1.767	0.359	1.691	0.251	-5.303	1.808	126.974899	37.295109
1685512409834	1685512409827	-9.912	-4.820	1.094	-1.801	0.335	1.631	0.113	-5.969	1.805	126.974899	37.295109
1685512409845	1685512409834	-10.094	-4.683	1.006	-1.774	0.283	1.555	-0.005	-6.505	1.750	126.974899	37.295109
1685512409854	1685512409847	-10.302	-4.973	1.032	-1.732	0.254	1.494	-0.273	-6.491	1.733	126.974899	37.295109
1685512409864	1685512409855	-10.525	-5.447	1.099	-1.730	0.257	1.425	-0.474	-6.464	1.635	126.974899	37.295109
1685512409876	1685512409865	-10.664	-5.916	1.233	-1.736	0.270	1.322	-0.711	-6.902	1.652	126.974899	37.295109
1685512409886	1685512409877	-10.815	-5.947	1.434	-1.685	0.297	1.213	-0.962	-7.525	1.709	126.974899	37.295109
1685512409897	1685512409886	-10.681	-6.249	1.494	-1.531	0.313	1.140	-1.132	-8.131	1.832	126.974899	37.295109
1685512409905	1685512409898	-10.264	-6.448	1.697	-1.283	0.319	1.101	-1.312	-8.289	2.023	126.974899	37.295109
1685512409915	1685512409905	-9.787	-6.579	1.721	-1.012	0.336	1.052	-1.209	-8.717	2.076	126.974899	37.295109
1685512409926	1685512409915	-9.491	-6.266	1.645	-0.749	0.354	0.971	-0.821	-9.017	2.277	126.974899	37.295109
1685512409934	1685512409927	-9.519	-6.076	1.578	-0.492	0.374	0.867	-0.373	-9.254	2.306	126.974899	37.295109
1685512409951	1685512409934	-10.044	-6.199	1.504	-0.268	0.396	0.745	-0.105	-9.036	2.243	126.974899	37.295109
1685512409956	1685512409952	-11.088	-6.622	1.652	-0.087	0.437	0.584	-0.163	-8.940	2.198	126.974899	37.295109
1685512409965	1685512409956	-12.340	-6.783	1.695	0.079	0.536	0.364	-0.709	-9.127	2.150	126.974899	37.295109
1685512409974	1685512409965	-13.182	-6.634	1.700	0.276	0.665	0.130	-1.776	-9.615	2.346	126.974899	37.295109
1685512409987	1685512409974	-13.178	-6.543	1.863	0.459	0.679	-0.068	-3.041	-9.804	2.430	126.974899	37.295109
1685512409996	1685512409987	-12.493	-6.445	2.148	0.582	0.546	-0.199	-3.895	-9.665	2.512	126.974899	37.295109
1685512410008	1685512409996	-11.337	-6.206	2.370	0.659	0.365	-0.298	-3.893	-9.565	2.744	126.974899	37.295109
1685512410018	1685512410008	-10.271	-5.782	2.325	0.746	0.180	-0.411	-3.208	-9.440	3.105	126.974899	37.295109
1685512410029	1685512410018	-9.752	-5.681	2.181	0.820	-0.004	-0.557	-2.045	-9.170	3.376	126.974899	37.295109
1685512410037	1685512410029	-10.319	-5.672	2.076	0.833	-0.108	-0.762	-0.967	-8.691	3.376	126.974899	37.295109
1685512410047	1685512410037	-11.672	-5.796	2.102	0.816	-0.065	-1.040	-0.436	-8.543	3.251	126.974899	37.295109
1685512410060	1685512410049	-13.046	-5.827	2.042	0.856	0.059	-1.335	-0.974	-8.437	3.163	126.974899	37.295109
1685512410070	1685512410060	-14.133	-5.756	1.932	0.970	0.130	-1.572	-2.303	-8.466	3.203	126.974899	37.295109
1685512410079	1685512410071	-14.724	-5.456	1.635	1.130	0.083	-1.736	-3.644	-8.363	3.170	126.974899	37.295109
1685512410090	1685512410079	-14.902	-4.975	1.235	1.302	-0.075	-1.833	-4.693	-8.131	3.096	126.974899	37.295109
1685512410096	1685512410090	-14.758	-4.973	0.862	1.396	-0.292	-1.902	-5.243	-7.635	2.837	126.974899	37.295109
1685512410107	1685512410096	-14.593	-4.875	0.608	1.404	-0.496	-1.978	-5.385	-6.984	2.454	126.974899	37.295109
1685512410116	1685512410107	-14.277	-4.697	0.567	1.374	-0.644	-2.056	-5.200	-6.783	2.081	126.974899	37.295109
1685512410128	1685512410116	-13.647	-4.350	0.555	1.354	-0.772	-2.132	-4.997	-6.479	1.803	126.974899	37.295109
1685512410136	1685512410128	-12.888	-3.888	0.721	1.318	-0.910	-2.220	-4.642	-6.086	1.721	126.974899	37.295109
1685512410146	1685512410136	-12.072	-3.634	0.678	1.211	-1.057	-2.335	-3.977	-5.519	1.652	126.974899	37.295109
1685512410155	1685512410146	-11.267	-3.515	0.754	1.042	-1.186	-2.468	-3.177	-4.781	1.726	126.974899	37.295109
1685512410166	1685512410156	-10.542	-3.376	0.654	0.859	-1.260	-2.615	-2.337	-4.336	1.609	126.974899	37.295109
1685512410175	1685512410166	-10.065	-3.515	0.785	0.687	-1.278	-2.781	-1.508	-3.967	1.575	126.974899	37.295109
1685512410186	1685512410175	-9.833	-3.103	0.603	0.560	-1.258	-2.965	-0.764	-3.567	1.355	126.974899	37.295109
1685512410195	1685512410186	-9.768	-2.863	0.649	0.507	-1.213	-3.148	-0.278	-3.428	1.362	126.974899	37.295109
1685512410205	1685512410195	-9.663	-3.033	0.632	0.483	-1.155	-3.295	-0.045	-2.725	1.056	126.974899	37.295109
1685512410215	1685512410205	-9.598	-3.323	0.649	0.402	-1.093	-3.460	0.002	-2.143	0.967	126.974899	37.295109
1685512410226	1685512410215	-9.618	-3.383	0.522	0.291	-1.052	-3.647	0.084	-2.023	0.845	126.974899	37.295109
1685512410235	1685512410226	-9.591	-3.393	0.414	0.257	-1.018	-3.769	0.110	-1.975	0.752	126.974899	37.295109
1685512410247	1685512410235	-9.493	-3.376	0.345	0.315	-0.981	-3.811	0.036	-1.681	0.517	126.974884	37.295105
1685512410255	1685512410247	-9.321	-3.191	0.280	0.459	-0.953	-3.809	-0.014	-1.293	0.297	126.974884	37.295105
1685512410266	1685512410255	-9.148	-3.045	0.227	0.628	-0.944	-3.795	0.002	-0.948	0.136	126.974884	37.295105
1685512410275	1685512410266	-8.947	-2.885	0.115	0.778	-0.936	-3.747	0.062	-0.371	-0.038	126.974884	37.295105
1685512410286	1685512410275	-8.787	-2.890	0.160	0.887	-0.925	-3.674	0.129	0.091	-0.187	126.974884	37.295105
1685512410295	1685512410286	-8.595	-2.780	0.065	0.987	-0.907	-3.587	0.201	0.591	-0.412	126.974884	37.295105
1685512410307	1685512410295	-8.590	-2.569	0.093	1.073	-0.880	-3.482	0.225	0.915	-0.481	126.974884	37.295105
1685512410316	1685512410307	-8.516	-2.521	0.005	1.122	-0.852	-3.352	0.273	1.324	-0.692	126.974884	37.295105
1685512410328	1685512410316	-8.564	-2.315	-0.036	1.157	-0.825	-3.191	0.139	1.803	-0.773	126.974884	37.295105
1685512410337	1685512410328	-8.464	-2.128	-0.213	1.167	-0.805	-3.004	0.065	2.114	-0.979	126.974884	37.295105
1685512410347	1685512410337	-8.200	-2.035	-0.311	1.134	-0.789	-2.799	-0.091	2.497	-1.106	126.974884	37.295105
1685512410357	1685512410347	-7.903	-2.035	-0.354	1.042	-0.794	-2.577	-0.120	2.883	-1.391	126.974884	37.295105
1685512410366	1685512410357	-7.709	-2.126	-0.268	0.897	-0.797	-2.342	0.043	3.115	-1.571	126.974884	37.295105
1685512410377	1685512410366	-7.831	-2.222	-0.122	0.744	-0.766	-2.095	0.230	3.266	-1.709	126.974884	37.295105
1685512410388	1685512410378	-7.966	-2.229	-0.026	0.615	-0.696	-1.848	0.311	3.318	-1.717	126.974884	37.295105
1685512410396	1685512410388	-8.205	-2.169	-0.060	0.514	-0.611	-1.603	0.067	3.373	-1.669	126.974884	37.295105
1685512410407	1685512410397	-8.377	-2.207	-0.077	0.431	-0.544	-1.344	-0.168	3.488	-1.654	126.974884	37.295105
1685512410416	1685512410408	-8.286	-2.263	-0.129	0.343	-0.498	-1.063	-0.510	3.663	-1.765	126.974884	37.295105
1685512410429	1685512410417	-8.107	-2.375	-0.242	0.235	-0.468	-0.772	-0.771	3.721	-1.848	126.974884	37.295105
1685512410436	1685512410430	-7.836	-2.476	-0.311	0.108	-0.439	-0.487	-0.754	3.740	-1.961	126.974884	37.295105
1685512410446	1685512410437	-7.740	-2.490	-0.436	-0.016	-0.390	-0.215	-0.630	3.680	-2.121	126.974884	37.295105
1685512410456	1685512410447	-8.133	-2.466	-0.591	-0.111	-0.323	0.045	-0.405	3.620	-2.239	126.974884	37.295105
1685512410466	1685512410456	-8.885	-2.322	-0.694	-0.161	-0.222	0.288	-0.326	3.620	-2.385	126.974884	37.295105
1685512410476	1685512410467	-9.957	-2.421	-0.661	-0.170	-0.066	0.518	-0.721	3.642	-2.557	126.974884	37.295105
1685512410486	1685512410476	-10.795	-2.492	-0.656	-0.150	0.110	0.742	-1.460	3.768	-2.667	126.974884	37.295105
1685512410495	1685512410487	-11.394	-2.583	-0.656	-0.151	0.261	0.979	-2.502	3.634	-2.629	126.974884	37.295105
1685512410506	1685512410496	-11.377	-2.799	-0.539	-0.203	0.359	1.253	-3.278	3.493	-2.593	126.974884	37.295105
1685512410515	1685512410506	-10.678	-3.081	-0.208	-0.291	0.391	1.556	-3.802	3.318	-2.559	126.974884	37.295105
1685512410527	1685512410516	-9.517	-3.275	0.096	-0.412	0.373	1.857	-3.721	3.029	-2.411	126.974884	37.295105
1685512410535	1685512410527	-8.899	-3.594	0.364	-0.547	0.326	2.112	-2.914	2.619	-2.028	126.974884	37.295105
1685512410549	1685512410536	-8.981	-3.745	0.611	-0.646	0.330	2.291	-1.652	2.303	-1.678	126.974884	37.295105
1685512410555	1685512410549	-9.917	-3.790	0.816	-0.684	0.472	2.377	-0.888	1.793	-1.341	126.974884	37.295105
1685512410566	1685512410555	-11.219	-3.989	0.998	-0.648	0.716	2.393	-0.869	1.504	-1.046	126.974884	37.295105
1685512410576	1685512410567	-12.574	-4.106	1.185	-0.495	1.002	2.397	-1.650	1.238	-0.752	126.974884	37.295105
1685512410586	1685512410576	-13.487	-4.125	1.135	-0.258	1.262	2.428	-2.849	0.888	-0.496	126.974884	37.295105
1685512410597	1685512410586	-13.807	-3.953	0.886	0.007	1.417	2.498	-4.063	0.555	-0.192	126.974884	37.295105
1685512410608	1685512410597	-13.487	-3.833	0.663	0.257	1.450	2.616	-4.860	0.352	-0.134	126.974884	37.295105
1685512410617	1685512410608	-12.766	-3.850	0.304	0.421	1.403	2.770	-5.042	0.285	-0.247	126.974884	37.295105
1685512410629	1685512410617	-11.983	-3.730	0.045	0.472	1.323	2.906	-4.609	0.194	-0.364	126.974884	37.295105
1685512410638	1685512410629	-11.418	-3.766	0.002	0.423	1.250	2.987	-3.745	-0.122	-0.591	126.974884	37.295105
1685512410648	1685512410638	-10.858	-3.685	0.079	0.330	1.205	3.018	-2.856	-0.244	-0.759	126.974884	37.295105
1685512410659	1685512410650	-10.211	-3.649	0.345	0.232	1.175	3.009	-2.172	-0.584	-0.690	126.974884	37.295105
1685512410669	1685512410661	-9.412	-3.431	0.721	0.156	1.128	2.971	-1.520	-0.757	-0.522	126.974884	37.295105
1685512410680	1685512410670	-8.593	-3.177	1.080	0.119	1.063	2.908	-0.783	-1.006	-0.153	126.974884	37.295105
1685512410689	1685512410681	-7.752	-2.926	1.415	0.079	1.010	2.800	0.093	-1.070	0.323	126.974884	37.295105
1685512410699	1685512410689	-7.262	-2.784	1.640	0.013	1.003	2.647	0.986	-1.120	0.792	126.974884	37.295105
1685512410711	1685512410700	-7.080	-3.002	1.774	-0.077	1.054	2.472	1.879	-1.113	1.214	126.974884	37.295105
1685512410721	1685512410712	-7.137	-3.311	1.820	-0.158	1.147	2.299	2.416	-1.226	1.535	126.974884	37.295105
1685512410734	1685512410722	-7.379	-3.476	1.944	-0.204	1.271	2.149	2.634	-1.686	1.772	126.974884	37.295105
1685512410739	1685512410734	-7.561	-3.620	1.923	-0.235	1.351	2.031	2.605	-2.217	1.932	126.974884	37.295105
1685512410750	1685512410740	-7.810	-3.721	1.913	-0.249	1.372	1.951	2.382	-2.593	2.184	126.974884	37.295105
1685512410760	1685512410751	-7.975	-3.618	1.822	-0.247	1.356	1.901	2.212	-2.976	2.322	126.974884	37.295105
1685512410782	1685512410762	-8.126	-3.548	1.676	-0.249	1.306	1.869	1.968	-3.230	2.421	126.974884	37.295105
1685512410782	1685512410782	-8.447	-3.472	1.506	-0.271	1.239	1.845	1.803	-3.314	2.464	126.974884	37.295105
1685512410790	1685512410782	-8.729	-3.448	1.262	-0.337	1.167	1.818	1.647	-3.385	2.418	126.974884	37.295105
1685512410799	1685512410791	-9.074	-3.615	1.192	-0.451	1.085	1.794	1.319	-3.450	2.342	126.974884	37.295105
1685512410808	1685512410800	-9.567	-3.718	1.161	-0.585	1.015	1.768	1.030	-3.563	2.184	126.974884	37.295105
1685512410820	1685512410810	-10.053	-3.814	1.154	-0.712	0.955	1.739	0.673	-3.881	2.200	126.974884	37.295105
1685512410830	1685512410820	-10.379	-3.857	1.240	-0.825	0.892	1.709	0.170	-4.089	2.222	126.974884	37.295105
1685512410839	1685512410831	-10.511	-4.099	1.413	-0.929	0.815	1.686	-0.333	-4.362	2.306	126.974884	37.295105
1685512410849	1685512410840	-10.331	-4.252	1.496	-1.027	0.722	1.668	-0.680	-4.580	2.473	126.974884	37.295105
1685512410859	1685512410851	-10.104	-4.374	1.609	-1.108	0.623	1.652	-0.838	-5.016	2.725	126.974884	37.295105
1685512410869	1685512410860	-9.878	-4.544	1.607	-1.166	0.540	1.631	-0.682	-5.327	2.861	126.974884	37.295105
1685512410881	1685512410870	-9.878	-4.561	1.671	-1.212	0.490	1.593	-0.486	-5.641	3.026	126.974884	37.295105
1685512410890	1685512410881	-10.113	-4.805	1.853	-1.247	0.485	1.526	-0.287	-5.966	3.055	126.974884	37.295105
1685512410900	1685512410892	-10.527	-5.061	1.951	-1.252	0.531	1.433	-0.318	-6.153	3.148	126.974884	37.295105
1685512410912	1685512410902	-10.836	-5.186	2.095	-1.207	0.595	1.338	-0.587	-6.563	3.357	126.974884	37.295105
1685512410918	1685512410914	-11.064	-5.373	2.162	-1.107	0.638	1.251	-1.034	-6.974	3.481	126.974884	37.295105
1685512410932	1685512410919	-11.001	-5.514	2.239	-0.955	0.644	1.175	-1.379	-7.245	3.658	126.974884	37.295105
1685512410939	1685512410933	-10.858	-5.686	2.368	-0.766	0.633	1.106	-1.647	-7.580	3.766	126.974884	37.295105
1685512410953	1685512410941	-10.592	-5.614	2.373	-0.560	0.605	1.036	-1.618	-7.834	3.876	126.974884	37.295105
1685512410959	1685512410954	-10.290	-5.689	2.284	-0.353	0.575	0.959	-1.516	-8.135	4.051	126.974884	37.295105
1685512410985	1685512410959	-10.211	-5.437	2.049	-0.139	0.553	0.872	-1.281	-8.159	4.094	126.974884	37.295105
1685512410988	1685512410986	-10.396	-5.411	1.913	0.038	0.530	0.772	-1.015	-8.329	4.051	126.974884	37.295105
1685512410988	1685512410988	-11.236	-5.677	2.143	0.117	0.485	0.651	-0.970	-8.159	3.864	126.974884	37.295105
1685512410998	1685512410989	-12.251	-5.784	2.298	0.175	0.516	0.496	-1.188	-8.212	3.783	126.974884	37.295105
1685512411010	1685512410998	-12.969	-5.502	2.416	0.291	0.606	0.329	-2.052	-8.528	4.056	126.974884	37.295105
1685512411019	1685512411010	-12.945	-5.526	2.655	0.411	0.585	0.188	-3.093	-8.679	4.262	126.974884	37.295105
1685512411031	1685512411019	-12.546	-5.693	2.851	0.464	0.424	0.077	-3.833	-8.420	4.444	126.974884	37.295105
1685512411038	1685512411033	-11.791	-5.533	2.892	0.509	0.258	-0.032	-3.826	-8.454	4.750	126.974884	37.295105
1685512411048	1685512411038	-10.934	-5.344	2.660	0.591	0.099	-0.149	-3.438	-8.619	4.997	126.974884	37.295105
1685512411058	1685512411048	-10.549	-5.267	2.425	0.657	-0.104	-0.281	-2.689	-8.442	5.085	126.974884	37.295105
1685512411069	1685512411060	-10.927	-5.270	2.260	0.696	-0.239	-0.446	-1.829	-8.231	4.872	126.974884	37.295105
1685512411079	1685512411069	-11.983	-5.126	2.045	0.745	-0.259	-0.659	-1.434	-8.114	4.647	126.974884	37.295105
1685512411091	1685512411079	-12.864	-5.210	1.920	0.811	-0.249	-0.892	-1.793	-8.059	4.480	126.974884	37.295105
1685512411100	1685512411092	-13.736	-5.203	1.733	0.900	-0.288	-1.102	-2.828	-7.839	4.262	126.974884	37.295105
1685512411108	1685512411103	-14.111	-5.018	1.355	1.013	-0.396	-1.279	-3.680	-7.824	4.135	126.974884	37.295105
1685512411118	1685512411108	-14.195	-4.879	0.996	1.123	-0.571	-1.432	-4.513	-7.683	3.946	126.974884	37.295105
1685512411128	1685512411118	-14.200	-4.707	0.644	1.213	-0.777	-1.559	-4.853	-7.372	3.555	126.974884	37.295105
1685512411152	1685512411128	-14.210	-4.513	0.433	1.274	-0.958	-1.662	-4.891	-7.075	3.168	126.974884	37.295105
1685512411152	1685512411152	-13.901	-4.187	0.266	1.296	-1.106	-1.756	-4.846	-6.732	2.770	126.974884	37.295105
1685512411156	1685512411152	-13.424	-3.950	0.213	1.272	-1.272	-1.852	-4.800	-6.337	2.488	126.974884	37.295105
1685512411167	1685512411156	-12.749	-3.776	0.340	1.203	-1.455	-1.951	-4.444	-5.837	2.246	126.974884	37.295105
1685512411176	1685512411167	-11.911	-3.503	0.354	1.100	-1.627	-2.056	-3.907	-5.380	2.083	126.974884	37.295105
1685512411186	1685512411177	-11.243	-3.268	0.412	0.968	-1.759	-2.183	-3.184	-5.018	2.097	126.974884	37.295105
1685512411196	1685512411186	-10.616	-3.124	0.421	0.811	-1.841	-2.335	-2.296	-4.530	1.968	126.974884	37.295105
1685512411207	1685512411196	-10.144	-3.007	0.357	0.637	-1.879	-2.507	-1.580	-4.070	1.865	126.974884	37.295105
1685512411216	1685512411207	-9.838	-2.861	0.287	0.451	-1.883	-2.694	-0.912	-3.689	1.702	126.974884	37.295105
1685512411227	1685512411216	-9.735	-2.512	0.194	0.290	-1.856	-2.883	-0.407	-3.321	1.458	126.974884	37.295105
1685512411236	1685512411227	-9.651	-2.708	0.103	0.128	-1.792	-3.067	-0.074	-2.880	1.188	126.974884	37.295105
1685512411249	1685512411236	-9.582	-2.863	0.043	-0.042	-1.737	-3.231	0.036	-2.274	0.931	126.974869	37.295094
1685512411256	1685512411250	-9.596	-2.945	-0.019	-0.173	-1.673	-3.401	0.120	-2.140	0.646	126.974869	37.295094
1685512411268	1685512411256	-9.519	-2.966	-0.139	-0.266	-1.609	-3.547	0.175	-2.011	0.433	126.974869	37.295094
1685512411277	1685512411268	-9.395	-3.010	-0.251	-0.301	-1.564	-3.624	0.129	-1.729	0.194	126.974869	37.295094
1685512411287	1685512411277	-9.136	-3.019	-0.299	-0.285	-1.523	-3.644	0.163	-1.441	-0.060	126.974869	37.295094
1685512411298	1685512411287	-8.868	-3.036	-0.292	-0.225	-1.472	-3.638	0.213	-1.065	-0.347	126.974869	37.295094
1685512411308	1685512411298	-8.710	-3.014	-0.371	-0.126	-1.409	-3.613	0.407	-0.795	-0.508	126.974869	37.295094
1685512411318	1685512411308	-8.624	-3.002	-0.426	0.005	-1.334	-3.558	0.575	-0.431	-0.649	126.974869	37.295094
1685512411331	1685512411318	-8.485	-2.892	-0.450	0.154	-1.250	-3.470	0.639	-0.103	-0.840	126.974869	37.295094
1685512411339	1685512411331	-8.327	-2.725	-0.450	0.308	-1.175	-3.354	0.599	0.266	-1.025	126.974869	37.295094
1685512411349	1685512411339	-8.267	-2.705	-0.328	0.446	-1.112	-3.212	0.630	0.649	-1.137	126.974869	37.295094
1685512411359	1685512411349	-8.212	-2.571	-0.424	0.560	-1.051	-3.049	0.627	1.180	-1.257	126.974869	37.295094
1685512411368	1685512411359	-8.188	-2.461	-0.402	0.649	-0.985	-2.870	0.601	1.381	-1.183	126.974869	37.295094
1685512411379	1685512411370	-8.104	-2.361	-0.350	0.706	-0.922	-2.678	0.551	1.721	-1.341	126.974869	37.295094
1685512411390	1685512411379	-7.997	-2.203	-0.453	0.715	-0.881	-2.474	0.469	2.028	-1.391	126.974869	37.295094
1685512411399	1685512411390	-8.068	-1.997	-0.496	0.673	-0.842	-2.263	0.448	2.310	-1.415	126.974869	37.295094
1685512411409	1685512411399	-8.138	-2.014	-0.484	0.596	-0.783	-2.053	0.450	2.636	-1.599	126.974869	37.295094
1685512411419	1685512411409	-8.212	-2.054	-0.572	0.500	-0.720	-1.840	0.263	3.017	-1.736	126.974869	37.295094
1685512411430	1685512411419	-8.183	-2.102	-0.520	0.391	-0.662	-1.618	0.103	3.127	-1.796	126.974869	37.295094
1685512411440	1685512411431	-8.191	-2.083	-0.551	0.286	-0.601	-1.384	-0.074	3.232	-1.968	126.974869	37.295094
1685512411451	1685512411440	-8.064	-2.081	-0.599	0.182	-0.547	-1.147	-0.141	3.309	-1.992	126.974869	37.295094
1685512411460	1685512411452	-7.951	-2.095	-0.666	0.079	-0.497	-0.913	-0.242	3.445	-2.093	126.974869	37.295094
1685512411471	1685512411460	-7.853	-2.119	-0.584	-0.022	-0.423	-0.689	-0.180	3.527	-2.188	126.974869	37.295094
1685512411482	1685512411472	-7.561	-2.246	-0.498	-0.108	-0.338	-0.472	-0.132	3.589	-2.303	126.974869	37.295094
1685512411492	1685512411482	-7.465	-2.349	-0.503	-0.167	-0.270	-0.250	-0.077	3.615	-2.251	126.974869	37.295094
1685512411502	1685512411492	-7.673	-2.416	-0.342	-0.192	-0.186	-0.037	0.180	3.527	-2.184	126.974869	37.295094
1685512411514	1685512411502	-8.356	-2.643	-0.196	-0.176	-0.053	0.155	0.259	3.445	-2.200	126.974869	37.295094
1685512411522	1685512411515	-9.234	-2.765	0.074	-0.123	0.147	0.324	0.043	3.383	-2.042	126.974869	37.295094
1685512411530	1685512411522	-9.871	-2.808	0.101	-0.045	0.362	0.502	-0.627	3.148	-1.891	126.974869	37.295094
1685512411542	1685512411542	-10.396	-2.856	0.055	0.050	0.527	0.727	-1.484	3.000	-1.599	126.974869	37.295094
1685512411549	1685512411542	-10.494	-2.952	0.139	0.143	0.637	1.009	-2.090	2.923	-1.547	126.974869	37.295094
1685512411562	1685512411550	-10.173	-2.911	0.144	0.205	0.717	1.323	-2.559	2.811	-1.549	126.974869	37.295094
1685512411570	1685512411562	-9.682	-2.861	0.019	0.219	0.766	1.626	-2.598	2.641	-1.427	126.974869	37.295094
1685512411577	1685512411570	-9.536	-2.832	-0.019	0.178	0.771	1.894	-2.191	2.574	-1.377	126.974869	37.295094
1685512411587	1685512411578	-9.969	-2.828	0.103	0.093	0.808	2.106	-1.602	2.490	-1.451	126.974869	37.295094
1685512411599	1685512411588	-10.860	-2.928	0.304	-0.018	0.937	2.247	-1.334	2.346	-1.432	126.974869	37.295094
1685512411608	1685512411599	-11.899	-3.227	0.584	-0.111	1.112	2.338	-1.659	2.193	-1.255	126.974869	37.295094
1685512411618	1685512411609	-12.819	-3.620	0.852	-0.158	1.293	2.425	-2.428	1.906	-0.972	126.974869	37.295094
1685512411630	1685512411619	-13.412	-3.833	1.070	-0.145	1.440	2.534	-3.323	1.379	-0.575	126.974869	37.295094
1685512411639	1685512411631	-13.791	-3.888	1.336	-0.079	1.539	2.666	-4.120	0.778	-0.187	126.974869	37.295094
1685512411649	1685512411640	-13.592	-3.943	1.472	0.023	1.582	2.823	-4.592	0.345	0.160	126.974869	37.295094
1685512411658	1685512411649	-13.266	-4.020	1.506	0.137	1.592	2.992	-4.824	0.005	0.596	126.974869	37.295094
1685512411667	1685512411659	-12.711	-4.106	1.355	0.227	1.587	3.139	-4.532	-0.251	0.845	126.974869	37.295094
1685512411678	1685512411668	-12.009	-3.996	1.259	0.280	1.566	3.238	-4.092	-0.601	1.020	126.974869	37.295094
1685512411689	1685512411678	-11.054	-3.771	1.183	0.309	1.515	3.289	-3.426	-0.979	1.008	126.974869	37.295094
1685512411697	1685512411690	-9.967	-3.519	1.061	0.296	1.411	3.294	-2.624	-1.171	1.049	126.974869	37.295094
1685512411708	1685512411698	-9.007	-3.287	1.180	0.220	1.274	3.252	-1.578	-1.257	1.106	126.974869	37.295094
1685512411717	1685512411708	-8.174	-3.096	1.343	0.087	1.139	3.166	-0.407	-1.350	1.125	126.974869	37.295094
1685512411728	1685512411717	-7.491	-3.045	1.499	-0.071	1.043	3.031	0.611	-1.398	1.350	126.974869	37.295094
1685512411740	1685512411729	-7.216	-2.844	1.791	-0.222	1.007	2.847	1.496	-1.513	1.623	126.974869	37.295094
1685512411754	1685512411740	-7.147	-2.942	2.066	-0.352	1.031	2.628	2.219	-1.755	1.879	126.974869	37.295094
1685512411757	1685512411754	-7.360	-3.077	2.155	-0.453	1.087	2.407	2.526	-1.860	2.282	126.974869	37.295094
1685512411769	1685512411758	-7.659	-3.235	2.260	-0.527	1.148	2.205	2.610	-2.191	2.650	126.974869	37.295094
1685512411778	1685512411769	-7.949	-3.424	2.200	-0.588	1.180	2.038	2.406	-2.588	2.861	126.974869	37.295094
1685512411790	1685512411778	-8.207	-3.630	2.078	-0.644	1.178	1.911	2.107	-2.942	3.067	126.974869	37.295094
1685512411799	1685512411790	-8.373	-3.764	1.908	-0.687	1.134	1.833	1.810	-3.335	3.124	126.974869	37.295094
1685512411810	1685512411799	-8.370	-3.900	1.719	-0.712	1.058	1.795	1.539	-3.735	3.117	126.974869	37.295094
1685512411819	1685512411810	-8.562	-3.876	1.657	-0.723	0.974	1.773	1.358	-4.056	3.057	126.974869	37.295094
1685512411831	1685512411819	-8.880	-3.955	1.530	-0.734	0.898	1.750	1.348	-4.317	2.926	126.974869	37.295094
1685512411839	1685512411831	-9.045	-3.958	1.494	-0.750	0.838	1.724	1.142	-4.436	2.921	126.974869	37.295094
1685512411850	1685512411840	-9.266	-4.075	1.482	-0.772	0.783	1.698	0.814	-4.616	2.828	126.974869	37.295094
1685512411861	1685512411850	-9.424	-3.948	1.446	-0.794	0.723	1.670	0.632	-4.748	2.832	126.974869	37.295094
1685512411872	1685512411861	-9.594	-4.008	1.317	-0.817	0.666	1.636	0.402	-4.954	2.837	126.974869	37.295094
1685512411881	1685512411872	-9.570	-4.111	1.231	-0.865	0.602	1.597	0.230	-4.934	2.825	126.974869	37.295094
1685512411891	1685512411881	-9.732	-4.314	1.312	-0.946	0.545	1.553	0.045	-5.109	2.717	126.974869	37.295094
1685512411901	1685512411891	-9.996	-4.470	1.350	-1.032	0.508	1.497	0.048	-5.346	2.658	126.974869	37.295094
1685512411911	1685512411903	-10.180	-4.729	1.477	-1.096	0.502	1.437	-0.127	-5.657	2.751	126.974869	37.295094
1685512411922	1685512411912	-10.439	-4.908	1.690	-1.120	0.513	1.378	-0.412	-5.940	2.808	126.974869	37.295094
1685512411934	1685512411923	-10.580	-5.085	1.820	-1.091	0.530	1.326	-0.622	-6.330	2.957	126.974869	37.295094
1685512411942	1685512411935	-10.551	-5.246	1.867	-1.012	0.546	1.283	-0.912	-6.668	3.199	126.974869	37.295094
1685512411955	1685512411942	-10.285	-5.286	1.937	-0.908	0.530	1.250	-1.082	-6.972	3.357	126.974869	37.295094
1685512411960	1685512411955	-10.027	-5.437	1.911	-0.789	0.494	1.212	-1.099	-7.312	3.445	126.974869	37.295094
1685512411979	1685512411961	-9.869	-5.356	1.853	-0.670	0.452	1.152	-0.857	-7.446	3.536	126.974869	37.295094
1685512411980	1685512411979	-9.773	-5.423	1.820	-0.552	0.423	1.059	-0.632	-7.724	3.539	126.974869	37.295094
1685512411991	1685512411980	-9.941	-5.234	1.630	-0.440	0.424	0.936	-0.510	-7.760	3.508	126.974869	37.295094
1685512412001	1685512411991	-10.508	-5.114	1.456	-0.347	0.434	0.790	-0.450	-7.946	3.503	126.974869	37.295094
1685512412010	1685512412001	-11.483	-5.301	1.420	-0.301	0.442	0.626	-0.646	-7.843	3.340	126.974869	37.295094
1685512412020	1685512412010	-12.811	-5.760	1.719	-0.275	0.478	0.432	-1.247	-7.817	3.201	126.974869	37.295094
1685512412032	1685512412020	-14.061	-6.065	2.066	-0.204	0.549	0.216	-2.241	-8.056	3.191	126.974869	37.295094
1685512412041	1685512412032	-14.463	-6.084	2.514	-0.079	0.580	-0.005	-3.594	-8.564	3.531	126.974869	37.295094
1685512412051	1685512412041	-13.659	-6.024	2.701	0.073	0.502	-0.170	-4.858	-8.890	3.919	126.974869	37.295094
1685512412061	1685512412052	-11.887	-5.770	2.418	0.242	0.285	-0.231	-5.274	-8.911	4.427	126.974869	37.295094
1685512412071	1685512412061	-10.436	-5.689	2.059	0.381	-0.035	-0.238	-4.472	-8.837	4.654	126.974869	37.295094
1685512412080	1685512412071	-10.319	-5.823	1.911	0.451	-0.303	-0.304	-2.701	-8.552	4.410	126.974869	37.295094
1685512412092	1685512412081	-11.504	-5.849	1.961	0.517	-0.334	-0.478	-1.243	-8.444	4.058	126.974869	37.295094
1685512412102	1685512412093	-13.103	-5.820	2.112	0.638	-0.186	-0.732	-1.111	-8.540	3.893	126.974869	37.295094
1685512412110	1685512412102	-14.234	-5.863	2.021	0.793	-0.070	-0.991	-2.277	-8.514	3.926	126.974869	37.295094
1685512412120	1685512412110	-14.645	-5.713	1.657	0.968	-0.103	-1.183	-3.852	-8.404	4.077	126.974869	37.295094
1685512412130	1685512412121	-14.540	-5.523	1.204	1.151	-0.260	-1.308	-4.958	-8.339	4.001	126.974869	37.295094
1685512412146	1685512412130	-14.356	-5.349	0.713	1.322	-0.484	-1.404	-5.337	-8.047	3.651	126.974869	37.295094
1685512412150	1685512412146	-14.487	-5.255	0.426	1.445	-0.678	-1.492	-5.198	-7.728	3.201	126.974869	37.295094
1685512412159	1685512412156	-14.655	-5.040	0.393	1.517	-0.782	-1.586	-4.970	-7.379	2.691	126.974869	37.295094
1685512412170	1685512412166	-14.384	-4.781	0.249	1.544	-0.869	-1.688	-5.064	-7.135	2.370	126.974869	37.295094
1685512412178	1685512412170	-13.716	-4.391	0.251	1.533	-1.008	-1.792	-5.188	-6.740	2.291	126.974869	37.295094
1685512412188	1685512412179	-12.823	-3.996	0.259	1.494	-1.178	-1.890	-4.875	-6.292	2.088	126.974869	37.295094
1685512412198	1685512412188	-11.818	-3.668	0.242	1.412	-1.350	-2.004	-4.159	-5.684	2.009	126.974869	37.295094
1685512412209	1685512412198	-10.985	-3.376	0.283	1.278	-1.481	-2.156	-3.227	-5.102	1.930	126.974869	37.295094
1685512412219	1685512412209	-10.343	-3.462	0.340	1.092	-1.553	-2.346	-2.179	-4.559	1.798	126.974869	37.295094
1685512412230	1685512412219	-9.962	-3.610	0.376	0.869	-1.559	-2.563	-1.307	-4.039	1.707	126.974869	37.295094
1685512412238	1685512412231	-9.883	-3.869	0.479	0.617	-1.532	-2.825	-0.632	-3.881	1.618	126.974869	37.295094
1685512412248	1685512412238	-9.936	-4.238	0.496	0.356	-1.483	-3.118	-0.225	-3.771	1.506	126.974869	37.295094
1685512412262	1685512412248	-10.295	-4.568	0.373	0.155	-1.422	-3.400	-0.127	-3.692	1.429	126.974854	37.295086
1685512412268	1685512412262	-10.558	-4.834	0.247	0.021	-1.343	-3.677	-0.177	-3.814	1.329	126.974854	37.295086
1685512412278	1685512412268	-10.884	-5.468	0.182	-0.082	-1.273	-3.947	-0.546	-3.812	1.068	126.974854	37.295086
1685512412289	1685512412278	-11.222	-6.021	0.120	-0.186	-1.216	-4.216	-0.833	-3.718	0.809	126.974854	37.295086
1685512412298	1685512412289	-11.878	-7.029	0.237	-0.298	-1.163	-4.502	-1.204	-3.972	0.622	126.974854	37.295086
1685512412308	1685512412298	-12.471	-8.095	0.215	-0.342	-1.111	-4.786	-1.609	-4.118	0.445	126.974854	37.295086
1685512412319	1685512412309	-13.185	-8.803	0.352	-0.247	-1.043	-5.071	-2.368	-4.654	0.448	126.974854	37.295086
1685512412331	1685512412319	-13.704	-9.730	0.570	-0.092	-1.019	-5.370	-3.072	-5.313	0.340	126.974854	37.295086
1685512412339	1685512412331	-14.214	-10.671	0.558	0.067	-1.058	-5.640	-3.938	-5.550	0.385	126.974854	37.295086
1685512412351	1685512412340	-14.593	-11.265	0.591	0.220	-1.082	-5.868	-4.647	-5.986	0.515	126.974854	37.295086
1685512412373	1685512412351	-14.597	-11.794	0.723	0.298	-1.102	-6.051	-5.406	-6.371	0.395	126.974854	37.295086
1685512412373	1685512412373	-14.274	-11.679	0.622	0.270	-1.137	-6.202	-6.026	-6.507	0.335	126.974854	37.295086
1685512412380	1685512412373	-13.582	-11.562	0.285	0.081	-1.170	-6.342	-6.371	-6.479	0.350	126.974854	37.295086
1685512412390	1685512412380	-12.692	-11.947	0.108	-0.248	-1.178	-6.459	-6.361	-5.914	0.153	126.974854	37.295086
1685512412400	1685512412390	-11.595	-11.818	-0.007	-0.580	-1.156	-6.533	-6.057	-5.308	-0.278	126.974854	37.295086
1685512412411	1685512412400	-10.455	-12.100	-0.124	-0.859	-1.115	-6.580	-5.593	-5.219	-0.527	126.974854	37.295086
1685512412421	1685512412411	-9.222	-13.218	-0.383	-0.976	-1.078	-6.594	-4.958	-4.635	-0.680	126.974854	37.295086
1685512412432	1685512412421	-8.502	-13.582	-0.364	-0.911	-0.988	-6.550	-4.312	-4.492	-0.804	126.974854	37.295086
1685512412440	1685512412432	-8.284	-12.967	-0.352	-0.789	-0.804	-6.533	-3.654	-5.179	-1.049	126.974854	37.295086
1685512412452	1685512412442	-8.004	-12.424	-0.395	-0.639	-0.613	-6.575	-3.421	-5.224	-1.010	126.974854	37.295086
1685512412461	1685512412452	-7.511	-12.498	-0.745	-0.448	-0.472	-6.551	-3.824	-4.259	-0.965	126.974854	37.295086
1685512412472	1685512412461	-6.828	-11.964	-0.888	-0.270	-0.382	-6.440	-4.070	-3.464	-0.982	126.974854	37.295086
1685512412481	1685512412472	-5.883	-11.128	-0.922	-0.148	-0.331	-6.363	-4.173	-3.297	-1.307	126.974854	37.295086
1685512412494	1685512412481	-4.824	-11.032	-0.812	-0.082	-0.301	-6.343	-4.092	-2.567	-1.439	126.974854	37.295086
1685512412502	1685512412494	-3.752	-11.293	-0.773	-0.088	-0.226	-6.278	-3.812	-1.561	-1.465	126.974854	37.295086
1685512412511	1685512412502	-3.081	-11.195	-0.524	-0.214	-0.079	-6.197	-3.304	-1.362	-1.353	126.974854	37.295086
1685512412522	1685512412512	-2.617	-9.972	-0.326	-0.403	0.105	-6.137	-2.842	-1.547	-1.307	126.974854	37.295086
1685512412535	1685512412523	-1.901	-8.732	-0.508	-0.608	0.246	-6.063	-2.777	-1.410	-1.039	126.974854	37.295086
1685512412542	1685512412535	-0.934	-8.286	-0.713	-0.743	0.357	-5.896	-2.914	-0.184	-0.800	126.974854	37.295086
1685512412554	1685512412542	-0.230	-6.962	-0.424	-0.797	0.481	-5.618	-2.789	1.022	-0.924	126.974854	37.295086
1685512412560	1685512412554	0.280	-6.120	-0.515	-0.893	0.595	-5.367	-2.564	1.374	-1.041	126.974854	37.295086
1685512412585	1685512412562	0.860	-5.401	-0.251	-1.014	0.704	-5.178	-2.236	2.629	-0.704	126.974854	37.295086
1685512412586	1685512412585	1.496	-4.671	0.000	-1.177	0.877	-4.960	-2.236	3.352	-0.725	126.974854	37.295086
1685512412592	1685512412586	2.298	-5.028	0.067	-1.459	1.036	-4.743	-2.143	3.929	-0.385	126.974854	37.295086
1685512412600	1685512412597	2.942	-4.752	0.460	-1.712	1.190	-4.459	-1.963	4.501	-0.053	126.974854	37.295086
1685512412610	1685512412601	3.582	-4.755	0.515	-1.913	1.351	-4.149	-1.592	3.970	0.105	126.974854	37.295086
1685512412622	1685512412611	3.713	-5.155	0.982	-2.044	1.432	-3.868	-1.427	4.022	0.622	126.974854	37.295086
1685512412631	1685512412623	3.440	-5.025	1.358	-1.977	1.504	-3.564	-1.077	3.867	0.761	126.974854	37.295086
1685512412640	1685512412633	2.849	-4.209	1.314	-1.792	1.561	-3.256	-1.312	3.254	1.343	126.974854	37.295086
1685512412652	1685512412642	2.325	-3.488	1.336	-1.559	1.509	-2.948	-1.858	3.211	1.798	126.974854	37.295086
1685512412661	1685512412652	1.980	-2.456	1.508	-1.310	1.427	-2.580	-2.777	3.802	1.827	126.974854	37.295086
1685512412672	1685512412661	2.002	-2.739	1.396	-1.194	1.329	-2.205	-3.496	4.381	1.879	126.974854	37.295086
1685512412682	1685512412672	1.846	-3.328	1.879	-1.246	1.219	-1.888	-4.089	5.222	2.071	126.974854	37.295086
1685512412693	1685512412682	1.788	-3.347	2.014	-1.367	1.168	-1.630	-4.209	4.824	1.968	126.974854	37.295086
1685512412708	1685512412693	1.841	-4.020	2.243	-1.506	1.073	-1.460	-4.527	4.096	2.468	126.974854	37.295086
1685512412711	1685512412708	1.853	-3.642	2.725	-1.502	0.997	-1.302	-4.712	3.965	2.629	126.974854	37.295086
1685512412720	1685512412711	2.128	-3.160	2.780	-1.394	0.949	-1.148	-4.772	3.187	2.897	126.974854	37.295086
1685512412731	1685512412720	2.466	-2.729	2.437	-1.188	0.856	-1.020	-4.860	3.469	3.421	126.974854	37.295086
1685512412740	1685512412731	2.844	-2.430	1.875	-0.865	0.815	-0.885	-4.683	3.852	3.512	126.974854	37.295086
1685512412749	1685512412740	3.055	-2.155	1.772	-0.599	0.781	-0.800	-4.415	4.214	3.191	126.974854	37.295086
1685512412759	1685512412750	3.086	-2.282	1.748	-0.457	0.727	-0.764	-4.111	4.439	2.634	126.974854	37.295086
1685512412770	1685512412759	2.998	-2.152	1.487	-0.406	0.666	-0.733	-3.953	4.659	2.519	126.974854	37.295086
1685512412779	1685512412770	2.947	-2.224	1.374	-0.406	0.588	-0.711	-3.979	4.475	2.473	126.974854	37.295086
1685512412791	1685512412779	3.010	-2.270	1.415	-0.435	0.507	-0.689	-4.123	4.549	2.193	126.974854	37.295086
1685512412800	1685512412791	3.266	-2.483	1.494	-0.485	0.417	-0.637	-4.228	4.420	2.064	126.974854	37.295086
1685512412810	1685512412800	3.596	-2.938	1.305	-0.539	0.302	-0.574	-4.211	4.326	2.097	126.974854	37.295086
1685512412821	1685512412811	3.821	-3.309	1.276	-0.567	0.194	-0.517	-4.001	4.063	2.179	126.974854	37.295086
1685512412833	1685512412822	4.039	-3.773	1.482	-0.619	0.088	-0.496	-3.709	3.563	2.002	126.974854	37.295086
1685512412839	1685512412833	4.393	-3.282	1.281	-0.648	-0.017	-0.491	-3.519	3.151	1.997	126.974854	37.295086
1685512412851	1685512412840	4.738	-3.591	1.211	-0.597	-0.117	-0.476	-3.333	2.643	2.236	126.974854	37.295086
1685512412860	1685512412851	5.416	-3.828	1.566	-0.527	-0.227	-0.431	-3.017	3.086	2.085	126.974854	37.295086
1685512412871	1685512412860	6.151	-3.713	1.571	-0.597	-0.312	-0.420	-2.696	2.744	2.054	126.974854	37.295086
1685512412882	1685512412871	6.577	-4.420	1.346	-0.717	-0.414	-0.430	-2.042	2.471	2.459	126.974854	37.295086
1685512412893	1685512412882	7.022	-4.896	1.180	-0.695	-0.446	-0.353	-1.331	2.547	2.523	126.974854	37.295086
1685512412902	1685512412893	7.384	-4.836	1.211	-0.623	-0.451	-0.331	-0.927	1.803	2.375	126.974854	37.295086
1685512412912	1685512412902	7.755	-4.228	0.989	-0.560	-0.487	-0.374	-0.498	1.293	2.286	126.974854	37.295086
1685512412923	1685512412912	8.483	-3.910	0.716	-0.490	-0.531	-0.357	-0.153	1.317	2.397	126.974854	37.295086
1685512412934	1685512412924	9.052	-4.175	0.687	-0.555	-0.591	-0.337	0.199	1.894	2.239	126.974854	37.295086
1685512412943	1685512412934	9.699	-4.896	0.898	-0.789	-0.602	-0.314	0.912	2.179	2.035	126.974854	37.295086
1685512412954	1685512412943	9.874	-5.612	0.958	-1.074	-0.588	-0.287	1.470	1.879	2.085	126.974854	37.295086
1685512412965	1685512412954	9.962	-6.088	1.161	-1.246	-0.567	-0.250	2.107	1.120	2.399	126.974854	37.295086
1685512412972	1685512412966	10.161	-6.261	1.489	-1.299	-0.557	-0.259	2.274	0.369	2.557	126.974854	37.295086
1685512412981	1685512412972	10.319	-6.637	1.398	-1.308	-0.567	-0.308	2.356	-0.148	2.890	126.974854	37.295086
1685512412992	1685512412982	10.470	-6.333	1.341	-1.227	-0.538	-0.320	2.550	-0.359	3.326	126.974854	37.295086
1685512413002	1685512412992	10.767	-5.698	1.381	-1.075	-0.489	-0.349	2.701	-0.783	3.354	126.974854	37.295086
1685512413013	1685512413002	11.023	-5.660	1.444	-0.972	-0.487	-0.430	2.844	-0.529	3.409	126.974854	37.295086
1685512413021	1685512413013	11.260	-5.775	1.223	-0.930	-0.472	-0.478	3.132	0.055	3.548	126.974854	37.295086
1685512413033	1685512413022	11.102	-5.150	0.836	-0.902	-0.481	-0.490	3.373	0.038	3.704	126.974854	37.295086
1685512413042	1685512413033	10.654	-4.396	0.292	-0.856	-0.525	-0.503	3.594	-0.139	3.582	126.974854	37.295086
1685512413052	1685512413042	10.333	-4.032	-0.182	-0.797	-0.577	-0.513	3.421	0.431	3.273	126.974854	37.295086
1685512413061	1685512413053	10.111	-3.699	-0.259	-0.757	-0.618	-0.470	2.957	1.118	2.825	126.974854	37.295086
1685512413072	1685512413061	9.969	-3.464	-0.405	-0.805	-0.654	-0.392	2.624	1.429	2.430	126.974854	37.295086
1685512413081	1685512413072	9.955	-3.100	-0.759	-0.915	-0.672	-0.310	2.392	1.705	2.442	126.974854	37.295086
1685512413093	1685512413081	9.821	-3.208	-0.522	-1.019	-0.681	-0.233	2.246	1.889	2.389	126.974854	37.295086
1685512413103	1685512413094	9.759	-3.572	-0.706	-1.065	-0.711	-0.153	2.236	2.198	2.148	126.974854	37.295086
1685512413111	1685512413103	9.620	-4.132	-0.943	-1.067	-0.801	-0.055	2.109	2.045	2.480	126.974854	37.295086
1685512413120	1685512413112	9.383	-4.257	-1.295	-0.970	-0.891	0.046	2.059	1.638	2.406	126.974854	37.295086
1685512413132	1685512413120	9.007	-4.132	-1.937	-0.772	-1.003	0.122	1.944	1.039	2.286	126.974854	37.295086
1685512413139	1685512413132	8.677	-3.519	-2.567	-0.507	-1.141	0.205	1.738	0.886	2.052	126.974854	37.295086
1685512413150	1685512413139	8.420	-3.057	-2.837	-0.219	-1.249	0.321	1.403	0.994	1.525	126.974854	37.295086
1685512413159	1685512413150	8.004	-2.873	-2.916	0.000	-1.359	0.506	1.132	1.604	1.032	126.974854	37.295086
1685512413170	1685512413159	7.633	-3.196	-3.065	0.134	-1.473	0.753	0.927	2.078	0.845	126.974854	37.295086
1685512413179	1685512413170	7.159	-3.948	-3.335	0.231	-1.559	1.007	0.587	2.301	0.867	126.974854	37.295086
1685512413190	1685512413179	6.486	-4.288	-3.191	0.351	-1.614	1.233	0.311	2.037	0.819	126.974854	37.295086
1685512413200	1685512413190	5.804	-4.513	-2.720	0.474	-1.647	1.404	-0.048	1.369	0.651	126.974854	37.295086
1685512413210	1685512413200	5.078	-4.894	-2.164	0.583	-1.675	1.550	-0.589	1.130	0.891	126.974854	37.295086
1685512413219	1685512413211	4.671	-5.109	-1.556	0.709	-1.685	1.710	-1.111	1.034	1.460	126.974854	37.295086
1685512413230	1685512413220	4.381	-5.382	-0.881	0.878	-1.671	1.846	-1.695	0.773	2.090	126.974854	37.295086
1685512413239	1685512413231	4.171	-5.741	-0.424	1.130	-1.637	1.957	-1.932	0.702	2.770	126.974854	37.295086
1685512413250	1685512413240	4.099	-6.103	-0.330	1.486	-1.583	2.084	-2.040	0.587	3.503	126.974854	37.295086
1685512413259	1685512413250	4.044	-6.005	-0.304	1.939	-1.495	2.206	-2.040	0.419	3.998	126.974831	37.295078
1685512413272	1685512413260	4.089	-5.914	-0.591	2.465	-1.393	2.287	-1.932	0.230	4.096	126.974831	37.295078
1685512413280	1685512413272	3.982	-5.895	-0.950	3.010	-1.294	2.365	-1.738	0.589	4.077	126.974831	37.295078
1685512413290	1685512413280	3.958	-5.921	-1.168	3.494	-1.172	2.464	-1.520	0.869	3.723	126.974831	37.295078
1685512413299	1685512413290	3.934	-5.535	-1.044	3.839	-1.026	2.551	-1.389	1.171	3.211	126.974831	37.295078
1685512413311	1685512413300	3.907	-5.145	-0.807	4.001	-0.898	2.618	-1.209	1.391	2.823	126.974831	37.295078
1685512413320	1685512413311	3.850	-4.966	-0.697	4.050	-0.817	2.701	-0.979	2.081	2.689	126.974831	37.295078
1685512413332	1685512413321	3.845	-4.638	-0.460	4.074	-0.733	2.826	-0.795	2.715	2.686	126.974831	37.295078
1685512413341	1685512413332	3.773	-3.874	-0.309	4.072	-0.616	2.946	-0.560	3.203	2.452	126.974831	37.295078
1685512413353	1685512413341	3.510	-3.381	-0.204	4.044	-0.524	3.037	-0.359	3.728	2.444	126.974831	37.295078
1685512413362	1685512413353	3.189	-3.136	-0.105	4.027	-0.440	3.145	-0.110	4.767	2.210	126.974831	37.295078
1685512413372	1685512413362	2.859	-3.098	-0.187	4.023	-0.336	3.255	-0.153	5.430	2.049	126.974831	37.295078
1685512413381	1685512413372	2.442	-3.869	-0.472	3.980	-0.219	3.324	-0.156	5.887	1.769	126.974831	37.295078
1685512413393	1685512413381	2.006	-4.614	-0.534	3.858	-0.086	3.351	-0.213	6.081	1.367	126.974831	37.295078
1685512413401	1685512413393	1.437	-4.604	-0.498	3.570	0.079	3.321	-0.256	5.490	0.646	126.974831	37.295078
1685512413411	1685512413402	0.800	-4.894	-0.156	3.053	0.198	3.273	-0.409	4.855	0.259	126.974831	37.295078
1685512413422	1685512413412	0.256	-5.243	0.158	2.459	0.258	3.359	-0.663	4.961	-0.043	126.974831	37.295078
1685512413435	1685512413422	-0.122	-6.141	0.441	1.939	0.292	3.585	-0.986	4.745	0.000	126.974831	37.295078
1685512413443	1685512413435	-0.429	-7.070	0.613	1.566	0.302	3.839	-1.204	4.451	0.072	126.974831	37.295078
1685512413453	1685512413443	-0.871	-7.384	0.761	1.329	0.298	4.023	-1.235	3.594	0.160	126.974831	37.295078
1685512413462	1685512413453	-1.662	-7.745	0.625	1.157	0.292	4.110	-1.089	2.698	0.148	126.974831	37.295078
1685512413473	1685512413462	-2.387	-9.926	0.373	1.052	0.305	4.192	-1.219	2.397	0.192	126.974831	37.295078
1685512413485	1685512413474	-3.254	-11.123	0.378	1.023	0.380	4.304	-1.604	2.033	-0.057	126.974831	37.295078
1685512413496	1685512413485	-4.178	-11.250	0.493	0.952	0.516	4.310	-1.918	-0.165	-0.409	126.974831	37.295078
1685512413504	1685512413496	-4.709	-11.542	0.539	0.843	0.558	4.250	-2.363	-1.401	-0.503	126.974831	37.295078
1685512413514	1685512413505	-5.018	-11.214	0.474	0.858	0.506	4.344	-2.863	-1.583	-0.474	126.974831	37.295078
1685512413524	1685512413515	-5.150	-11.246	0.634	0.937	0.459	4.578	-2.940	-1.956	-0.510	126.974831	37.295078
1685512413536	1685512413525	-5.514	-11.377	0.929	1.014	0.459	4.814	-2.871	-1.714	-0.639	126.974831	37.295078
1685512413545	1685512413536	-6.359	-10.554	1.188	1.054	0.533	4.966	-2.564	-1.865	-0.555	126.974831	37.295078
1685512413557	1685512413545	-7.503	-9.759	1.506	0.911	0.677	4.947	-2.473	-2.143	-0.342	126.974831	37.295078
1685512413564	1685512413558	-8.595	-9.392	1.927	0.677	0.838	4.861	-2.813	-1.516	-0.170	126.974831	37.295078
1685512413588	1685512413564	-9.215	-9.187	2.193	0.479	0.994	4.856	-3.551	-0.898	0.096	126.974831	37.295078
1685512413588	1685512413588	-9.584	-8.736	2.538	0.310	1.114	4.905	-4.161	-0.766	0.491	126.974831	37.295078
1685512413590	1685512413588	-9.699	-8.284	2.746	0.167	1.194	4.939	-4.398	-0.769	0.761	126.974831	37.295078
1685512413603	1685512413590	-9.977	-7.872	2.854	0.053	1.256	4.943	-4.343	-0.570	1.137	126.974831	37.295078
1685512413613	1685512413603	-10.357	-7.477	2.923	-0.032	1.351	4.926	-4.046	-0.390	1.396	126.974831	37.295078
1685512413622	1685512413614	-11.286	-7.039	2.923	-0.073	1.513	4.893	-3.924	-0.268	1.573	126.974831	37.295078
1685512413633	1685512413622	-12.543	-6.804	2.904	-0.046	1.728	4.876	-3.919	-0.180	1.729	126.974831	37.295078
1685512413643	1685512413634	-14.279	-6.871	2.964	0.066	1.985	4.898	-4.448	-0.098	1.846	126.974831	37.295078
1685512413652	1685512413643	-16.194	-7.056	2.823	0.232	2.280	4.952	-5.392	-0.170	1.939	126.974831	37.295078
1685512413663	1685512413652	-17.909	-7.386	2.545	0.412	2.525	5.025	-6.761	-0.632	2.155	126.974831	37.295078
1685512413674	1685512413663	-19.022	-7.618	2.289	0.589	2.652	5.121	-8.392	-1.161	2.157	126.974831	37.295078
1685512413683	1685512413674	-19.197	-7.973	1.834	0.713	2.579	5.267	-9.807	-1.894	2.057	126.974831	37.295078
1685512413693	1685512413683	-18.512	-7.906	1.535	0.767	2.341	5.420	-10.637	-2.550	1.987	126.974831	37.295078
1685512413704	1685512413694	-17.324	-7.784	1.427	0.775	2.048	5.516	-10.527	-3.400	1.738	126.974831	37.295078
1685512413713	1685512413705	-16.070	-7.230	1.360	0.744	1.776	5.527	-9.629	-3.761	1.592	126.974831	37.295078
1685512413725	1685512413713	-14.959	-6.414	1.583	0.710	1.587	5.459	-8.229	-4.135	1.640	126.974831	37.295078
1685512413736	1685512413725	-13.903	-5.689	1.956	0.634	1.448	5.330	-6.792	-4.087	1.709	126.974831	37.295078
1685512413743	1685512413737	-12.907	-5.301	2.179	0.470	1.291	5.153	-5.531	-3.778	2.061	126.974831	37.295078
1685512413755	1685512413743	-11.768	-4.793	2.447	0.239	1.097	4.954	-4.355	-3.555	2.557	126.974831	37.295078
1685512413764	1685512413755	-10.501	-4.393	2.674	-0.066	0.867	4.720	-3.254	-3.757	2.919	126.974831	37.295078
1685512413775	1685512413764	-9.318	-4.017	2.804	-0.390	0.640	4.369	-2.069	-3.632	3.268	126.974831	37.295078
1685512413793	1685512413775	-8.284	-3.780	2.626	-0.689	0.468	3.862	-0.764	-3.692	3.582	126.974831	37.295078
1685512413794	1685512413793	-7.834	-3.498	2.389	-0.958	0.393	3.285	0.431	-3.745	3.773	126.974831	37.295078
1685512413803	1685512413794	-7.702	-3.455	2.095	-1.180	0.414	2.729	1.465	-3.891	3.644	126.974831	37.295078
1685512413812	1685512413803	-7.803	-3.472	1.923	-1.401	0.480	2.226	1.901	-3.938	3.443	126.974831	37.295078
1685512413823	1685512413812	-8.076	-3.821	1.709	-1.620	0.539	1.756	2.011	-4.202	3.184	126.974831	37.295078
1685512413835	1685512413823	-8.387	-4.195	1.719	-1.795	0.560	1.307	1.889	-4.427	3.043	126.974831	37.295078
1685512413843	1685512413835	-8.610	-4.456	1.654	-1.922	0.531	0.899	1.592	-4.966	2.866	126.974831	37.295078
1685512413854	1685512413843	-8.669	-4.571	1.568	-2.000	0.452	0.560	1.257	-5.485	2.907	126.974831	37.295078
1685512413863	1685512413854	-8.722	-4.738	1.554	-2.024	0.334	0.313	1.015	-5.868	2.871	126.974831	37.295078
1685512413873	1685512413863	-8.638	-4.748	1.551	-1.996	0.216	0.153	0.941	-6.053	2.796	126.974831	37.295078
1685512413883	1685512413874	-8.411	-4.788	1.434	-1.935	0.114	0.043	0.879	-6.280	2.784	126.974831	37.295078
1685512413892	1685512413884	-8.274	-4.822	1.410	-1.868	0.018	-0.042	0.960	-6.325	2.772	126.974831	37.295078
1685512413903	1685512413893	-7.997	-4.810	1.302	-1.811	-0.065	-0.105	1.185	-6.393	2.634	126.974831	37.295078
1685512413914	1685512413904	-7.913	-4.870	1.353	-1.759	-0.123	-0.151	1.324	-6.431	2.576	126.974831	37.295078
1685512413923	1685512413914	-7.963	-4.903	1.262	-1.714	-0.164	-0.178	1.609	-6.409	2.423	126.974831	37.295078
1685512413935	1685512413923	-8.157	-4.836	1.178	-1.663	-0.178	-0.189	1.705	-6.443	2.421	126.974831	37.295078
1685512413944	1685512413936	-8.452	-4.867	1.288	-1.613	-0.172	-0.192	1.666	-6.436	2.263	126.974831	37.295078
1685512413957	1685512413944	-8.712	-4.901	1.305	-1.558	-0.153	-0.189	1.487	-6.318	2.126	126.974831	37.295078
1685512413962	1685512413957	-8.966	-4.944	1.408	-1.484	-0.128	-0.187	1.207	-6.292	2.167	126.974831	37.295078
1685512413984	1685512413962	-9.151	-5.064	1.554	-1.389	-0.101	-0.180	0.958	-6.268	2.133	126.974831	37.295078
1685512413984	1685512413984	-9.215	-5.200	1.630	-1.258	-0.072	-0.159	0.718	-6.251	2.184	126.974831	37.295078
1685512413993	1685512413985	-9.321	-5.260	1.690	-1.103	-0.051	-0.119	0.543	-6.321	2.289	126.974831	37.295078
1685512414005	1685512413993	-9.299	-5.219	1.604	-0.936	-0.027	-0.072	0.486	-6.412	2.325	126.974831	37.295078
1685512414013	1685512414005	-9.479	-5.203	1.276	-0.787	0.002	-0.032	0.388	-6.440	2.361	126.974831	37.295078
1685512414023	1685512414015	-9.989	-5.140	1.051	-0.668	0.037	0.000	0.412	-6.378	2.253	126.974831	37.295078
1685512414036	1685512414024	-11.092	-5.401	1.149	-0.594	0.099	0.011	0.235	-6.352	1.913	126.974831	37.295078
1685512414044	1685512414037	-12.440	-5.681	1.243	-0.544	0.221	-0.012	-0.273	-6.287	1.681	126.974831	37.295078
1685512414054	1685512414044	-13.561	-5.935	1.310	-0.459	0.395	-0.075	-1.377	-6.553	1.781	126.974831	37.295078
1685512414064	1685512414054	-14.061	-6.340	1.743	-0.348	0.503	-0.143	-2.727	-6.835	1.894	126.974831	37.295078
1685512414074	1685512414065	-13.762	-6.455	1.956	-0.217	0.479	-0.158	-3.850	-7.087	1.985	126.974831	37.295078
