1685512238832	1685512238832	-9.840	-4.831	1.070	-1.626	0.097	2.032	-1.386	-9.730	-1.269	126.974808	37.295509
1685512238839	1685512238832	-9.821	-5.033	1.006	-1.570	0.081	1.963	-1.695	-9.852	-1.343	126.974808	37.295509
1685512238850	1685512238839	-9.785	-5.018	0.922	-1.553	0.048	1.903	-1.851	-9.955	-1.389	126.974808	37.295509
1685512238859	1685512238850	-9.656	-4.999	0.848	-1.563	0.018	1.828	-1.920	-10.262	-1.520	126.974808	37.295509
1685512238869	1685512238860	-9.440	-5.092	0.910	-1.587	-0.004	1.739	-1.985	-10.355	-1.683	126.974808	37.295509
1685512238882	1685512238870	-9.433	-5.346	1.101	-1.621	-0.031	1.648	-1.954	-10.436	-1.841	126.974808	37.295509
1685512238889	1685512238882	-9.457	-5.684	1.269	-1.627	-0.024	1.554	-1.832	-10.621	-1.865	126.974808	37.295509
1685512238904	1685512238889	-9.546	-5.748	1.472	-1.572	0.012	1.442	-1.918	-10.953	-1.767	126.974808	37.295509
1685512238910	1685512238904	-9.591	-5.760	1.638	-1.466	0.049	1.327	-2.047	-11.372	-1.712	126.974808	37.295509
1685512238919	1685512238910	-9.493	-5.921	1.573	-1.316	0.067	1.230	-2.203	-11.485	-1.578	126.974808	37.295509
1685512238929	1685512238919	-9.426	-5.911	1.544	-1.144	0.073	1.146	-2.322	-11.547	-1.494	126.974808	37.295509
1685512238943	1685512238929	-9.548	-6.019	1.250	-0.990	0.070	1.046	-2.294	-11.756	-1.630	126.974808	37.295509
1685512238951	1685512238944	-10.044	-6.132	1.135	-0.863	0.061	0.926	-2.291	-11.791	-1.721	126.974808	37.295509
1685512238959	1685512238952	-11.116	-6.498	1.027	-0.768	0.065	0.793	-2.473	-11.940	-2.069	126.974808	37.295509
1685512238971	1685512238960	-12.498	-6.759	0.994	-0.704	0.101	0.632	-3.026	-12.093	-2.236	126.974808	37.295509
1685512238981	1685512238973	-13.518	-7.025	1.049	-0.619	0.160	0.462	-4.140	-12.486	-2.380	126.974808	37.295509
1685512238989	1685512238982	-13.848	-7.113	1.219	-0.496	0.188	0.315	-5.557	-12.768	-2.449	126.974808	37.295509
1685512239001	1685512238990	-13.024	-7.147	1.350	-0.363	0.144	0.233	-6.598	-13.044	-2.421	126.974808	37.295509
1685512239009	1685512239001	-11.102	-7.001	1.269	-0.246	0.023	0.216	-6.943	-13.137	-2.270	126.974808	37.295509
1685512239019	1685512239010	-9.251	-6.816	1.080	-0.139	-0.155	0.217	-6.127	-13.173	-2.148	126.974808	37.295509
1685512239029	1685512239019	-8.167	-6.680	0.991	-0.060	-0.324	0.169	-4.219	-13.036	-2.246	126.974808	37.295509
1685512239040	1685512239030	-8.073	-6.567	1.058	-0.027	-0.370	0.006	-2.382	-12.859	-2.449	126.974808	37.295509
1685512239049	1685512239040	-9.072	-6.658	1.161	-0.032	-0.305	-0.319	-1.322	-12.732	-2.567	126.974808	37.295509
1685512239061	1685512239050	-10.752	-6.859	1.317	-0.015	-0.153	-0.773	-1.240	-12.620	-2.523	126.974808	37.295509
1685512239069	1685512239061	-12.426	-6.804	1.147	0.099	0.068	-1.244	-2.229	-12.684	-2.447	126.974808	37.295509
1685512239080	1685512239070	-13.666	-6.462	0.759	0.313	0.250	-1.627	-3.874	-12.838	-2.301	126.974808	37.295509
1685512239089	1685512239081	-14.480	-6.428	0.242	0.567	0.318	-1.875	-5.456	-12.684	-2.459	126.974808	37.295509
1685512239101	1685512239090	-14.753	-6.232	-0.146	0.825	0.279	-2.006	-6.615	-12.261	-2.818	126.974808	37.295509
1685512239109	1685512239101	-14.708	-6.093	-0.405	1.056	0.184	-2.098	-7.286	-12.091	-3.268	126.974808	37.295509
1685512239121	1685512239110	-14.454	-5.863	-0.601	1.244	0.070	-2.204	-7.463	-11.801	-3.603	126.974808	37.295509
1685512239130	1685512239121	-14.066	-5.614	-0.642	1.387	-0.043	-2.318	-7.283	-11.530	-3.783	126.974808	37.295509
1685512239140	1685512239130	-13.688	-5.250	-0.553	1.489	-0.139	-2.437	-6.919	-11.190	-3.915	126.974808	37.295509
1685512239149	1685512239140	-13.336	-4.872	-0.400	1.552	-0.206	-2.583	-6.388	-10.783	-3.871	126.974808	37.295509
1685512239160	1685512239150	-13.156	-4.518	-0.237	1.581	-0.242	-2.755	-5.914	-10.307	-3.730	126.974808	37.295509
1685512239169	1685512239160	-12.977	-4.190	-0.151	1.589	-0.261	-2.937	-5.428	-9.759	-3.510	126.974808	37.295509
1685512239182	1685512239170	-12.831	-3.950	-0.055	1.571	-0.281	-3.125	-5.136	-9.251	-3.297	126.974808	37.295509
1685512239189	1685512239182	-12.543	-3.797	-0.067	1.520	-0.304	-3.307	-4.815	-8.715	-3.153	126.974808	37.295509
1685512239200	1685512239190	-12.263	-3.687	0.005	1.442	-0.336	-3.475	-4.551	-8.286	-3.014	126.974808	37.295509
1685512239209	1685512239200	-12.021	-3.637	-0.045	1.349	-0.375	-3.620	-4.096	-7.831	-2.978	126.974808	37.295509
1685512239220	1685512239210	-11.732	-3.716	-0.151	1.260	-0.408	-3.738	-3.725	-7.544	-2.885	126.974808	37.295509
1685512239230	1685512239220	-11.552	-3.668	-0.177	1.185	-0.432	-3.834	-3.349	-7.192	-2.916	126.974808	37.295509
1685512239241	1685512239230	-11.363	-3.642	-0.211	1.145	-0.443	-3.907	-2.942	-6.981	-3.014	126.974808	37.295509
1685512239249	1685512239241	-11.169	-3.579	-0.330	1.152	-0.443	-3.958	-2.655	-6.630	-3.043	126.974808	37.295509
1685512239260	1685512239250	-10.975	-3.433	-0.333	1.195	-0.452	-3.985	-2.370	-6.285	-3.084	126.974815	37.295525
1685512239273	1685512239260	-10.779	-3.409	-0.383	1.252	-0.475	-3.987	-2.083	-5.866	-3.215	126.974815	37.295525
1685512239281	1685512239273	-10.609	-3.266	-0.352	1.322	-0.496	-3.962	-1.824	-5.425	-3.232	126.974815	37.295525
1685512239290	1685512239281	-10.367	-3.182	-0.330	1.390	-0.518	-3.918	-1.568	-5.071	-3.304	126.974815	37.295525
1685512239302	1685512239290	-10.192	-2.978	-0.237	1.456	-0.540	-3.857	-1.353	-4.599	-3.299	126.974815	37.295525
1685512239310	1685512239302	-9.910	-2.933	-0.256	1.520	-0.557	-3.779	-1.080	-4.161	-3.311	126.974815	37.295525
1685512239320	1685512239310	-9.651	-2.734	-0.242	1.567	-0.577	-3.685	-0.891	-3.675	-3.254	126.974815	37.295525
1685512239330	1685512239320	-9.488	-2.500	-0.278	1.585	-0.601	-3.578	-0.603	-3.292	-3.321	126.974815	37.295525
1685512239340	1685512239330	-9.206	-2.437	-0.340	1.572	-0.626	-3.465	-0.354	-2.830	-3.352	126.974815	37.295525
1685512239350	1685512239340	-8.957	-2.354	-0.273	1.528	-0.649	-3.340	-0.211	-2.313	-3.443	126.974815	37.295525
1685512239362	1685512239350	-8.736	-2.236	-0.340	1.460	-0.672	-3.202	0.038	-1.980	-3.570	126.974815	37.295525
1685512239370	1685512239362	-8.492	-2.148	-0.407	1.371	-0.693	-3.052	0.247	-1.638	-3.570	126.974815	37.295525
1685512239381	1685512239370	-8.298	-2.025	-0.333	1.267	-0.711	-2.897	0.417	-1.274	-3.711	126.974815	37.295525
1685512239391	1685512239381	-8.011	-1.937	-0.309	1.147	-0.729	-2.732	0.603	-0.924	-3.850	126.974815	37.295525
1685512239401	1685512239392	-7.918	-1.930	-0.311	1.014	-0.745	-2.556	0.752	-0.591	-3.816	126.974815	37.295525
1685512239412	1685512239401	-7.946	-1.860	-0.256	0.882	-0.740	-2.377	0.982	-0.259	-3.828	126.974815	37.295525
1685512239422	1685512239412	-7.863	-1.844	-0.369	0.754	-0.722	-2.198	1.039	-0.060	-3.831	126.974815	37.295525
1685512239430	1685512239422	-7.781	-1.772	-0.481	0.619	-0.712	-2.010	0.960	0.199	-3.797	126.974815	37.295525
1685512239442	1685512239430	-7.681	-1.621	-0.587	0.474	-0.709	-1.808	0.989	0.390	-3.941	126.974815	37.295525
1685512239451	1685512239443	-7.360	-1.583	-0.646	0.319	-0.716	-1.594	1.003	0.634	-4.106	126.974815	37.295525
1685512239460	1685512239451	-7.154	-1.465	-0.776	0.151	-0.724	-1.374	1.049	0.912	-4.257	126.974815	37.295525
1685512239470	1685512239460	-7.099	-1.482	-0.833	-0.023	-0.712	-1.156	1.302	1.077	-4.386	126.974815	37.295525
1685512239485	1685512239470	-7.343	-1.480	-0.826	-0.194	-0.659	-0.941	1.444	1.310	-4.583	126.974815	37.295525
1685512239494	1685512239486	-8.018	-1.599	-0.781	-0.356	-0.567	-0.721	1.437	1.391	-4.700	126.974815	37.295525
1685512239502	1685512239494	-8.882	-1.906	-0.687	-0.489	-0.421	-0.490	1.140	1.482	-4.745	126.974815	37.295525
1685512239510	1685512239502	-9.737	-2.327	-0.582	-0.577	-0.227	-0.230	0.412	1.451	-4.743	126.974815	37.295525
1685512239523	1685512239510	-10.415	-2.641	-0.522	-0.618	-0.040	0.083	-0.476	1.195	-4.666	126.974815	37.295525
1685512239531	1685512239523	-10.561	-2.897	-0.395	-0.633	0.093	0.463	-1.348	0.814	-4.561	126.974815	37.295525
1685512239541	1685512239531	-10.214	-3.156	-0.160	-0.641	0.169	0.898	-2.023	0.520	-4.487	126.974815	37.295525
1685512239550	1685512239542	-9.744	-3.500	0.201	-0.649	0.217	1.354	-2.152	0.249	-4.331	126.974815	37.295525
1685512239560	1685512239550	-9.428	-3.510	0.536	-0.648	0.270	1.784	-1.769	-0.057	-4.063	126.974815	37.295525
1685512239571	1685512239561	-9.443	-3.778	0.970	-0.630	0.386	2.151	-1.245	-0.503	-3.658	126.974815	37.295525
1685512239581	1685512239572	-9.740	-3.836	1.288	-0.580	0.567	2.437	-0.874	-0.625	-3.285	126.974815	37.295525
1685512239590	1685512239582	-10.226	-3.950	1.484	-0.479	0.764	2.641	-0.812	-1.056	-2.801	126.974815	37.295525
1685512239602	1685512239590	-10.731	-3.917	1.460	-0.330	0.959	2.775	-1.025	-1.302	-2.418	126.974815	37.295525
1685512239610	1685512239602	-11.253	-3.570	1.192	-0.140	1.123	2.864	-1.410	-1.652	-2.136	126.974815	37.295525
1685512239622	1685512239610	-11.827	-3.225	0.783	0.066	1.251	2.928	-1.829	-1.829	-2.076	126.974815	37.295525
1685512239630	1685512239622	-12.246	-3.139	0.321	0.247	1.326	2.986	-2.246	-1.760	-2.231	126.974815	37.295525
1685512239644	1685512239630	-12.622	-3.072	0.053	0.376	1.321	3.027	-2.739	-1.654	-2.540	126.974815	37.295525
1685512239651	1685512239647	-12.656	-3.100	0.141	0.442	1.242	3.041	-3.072	-1.851	-2.885	126.974815	37.295525
1685512239661	1685512239651	-12.529	-3.182	0.476	0.465	1.111	3.053	-3.371	-2.073	-3.036	126.974815	37.295525
1685512239670	1685512239662	-12.390	-2.990	0.874	0.479	0.957	3.100	-3.342	-2.399	-2.835	126.974815	37.295525
1685512239682	1685512239670	-12.167	-2.823	1.379	0.461	0.812	3.156	-3.165	-2.777	-2.399	126.974815	37.295525
1685512239691	1685512239683	-11.966	-2.607	1.566	0.364	0.695	3.190	-2.988	-2.921	-1.903	126.974815	37.295525
1685512239704	1685512239692	-11.653	-2.473	1.657	0.176	0.618	3.198	-2.749	-3.033	-1.329	126.974815	37.295525
1685512239710	1685512239704	-11.346	-2.526	1.671	-0.119	0.562	3.181	-2.540	-3.158	-1.068	126.974815	37.295525
1685512239721	1685512239710	-10.977	-2.720	1.602	-0.502	0.494	3.159	-2.231	-3.299	-0.924	126.974815	37.295525
1685512239731	1685512239722	-10.736	-3.084	1.544	-0.942	0.434	3.134	-1.942	-3.649	-0.857	126.974815	37.295525
1685512239740	1685512239731	-10.721	-3.232	1.547	-1.363	0.412	3.098	-1.599	-4.128	-0.888	126.974815	37.295525
1685512239751	1685512239741	-10.793	-3.321	1.441	-1.731	0.409	3.051	-1.401	-4.788	-0.917	126.974815	37.295525
1685512239761	1685512239751	-10.848	-3.402	1.264	-2.066	0.375	2.992	-1.427	-5.167	-0.903	126.974815	37.295525
1685512239771	1685512239761	-10.891	-3.493	0.888	-2.382	0.324	2.926	-1.551	-5.495	-1.006	126.974815	37.295525
1685512239784	1685512239771	-10.839	-3.651	0.711	-2.705	0.235	2.858	-1.666	-5.801	-1.195	126.974815	37.295525
1685512239791	1685512239784	-10.748	-3.637	0.378	-3.010	0.119	2.778	-1.774	-6.103	-1.602	126.974815	37.295525
1685512239803	1685512239792	-10.669	-3.946	0.218	-3.268	0.017	2.691	-1.793	-6.452	-1.829	126.974815	37.295525
1685512239812	1685512239803	-10.659	-4.161	0.053	-3.492	-0.127	2.599	-1.803	-6.661	-2.263	126.974815	37.295525
1685512239824	1685512239813	-10.676	-4.326	-0.084	-3.630	-0.232	2.507	-1.781	-7.077	-2.492	126.974815	37.295525
1685512239833	1685512239824	-10.743	-4.511	-0.184	-3.723	-0.314	2.410	-1.867	-7.439	-2.794	126.974815	37.295525
1685512239845	1685512239833	-10.903	-4.908	-0.180	-3.734	-0.371	2.320	-1.966	-7.705	-3.057	126.974815	37.295525
1685512239855	1685512239846	-11.013	-4.968	-0.316	-3.677	-0.425	2.241	-2.133	-7.994	-3.328	126.974815	37.295525
1685512239864	1685512239855	-11.169	-5.078	-0.417	-3.564	-0.467	2.166	-2.380	-8.464	-3.469	126.974815	37.295525
1685512239875	1685512239865	-11.030	-5.126	-0.606	-3.412	-0.507	2.111	-2.602	-8.600	-3.809	126.974815	37.295525
1685512239886	1685512239875	-10.805	-5.363	-0.632	-3.244	-0.573	2.079	-2.835	-8.753	-4.044	126.974815	37.295525
1685512239899	1685512239886	-10.501	-5.459	-0.651	-3.074	-0.628	2.060	-2.804	-8.854	-4.417	126.974815	37.295525
1685512239915	1685512239915	-10.211	-5.614	-0.546	-2.891	-0.660	2.039	-2.667	-9.131	-4.597	126.974815	37.295525
1685512239916	1685512239916	-10.125	-5.727	-0.488	-2.687	-0.655	2.002	-2.488	-9.278	-4.817	126.974815	37.295525
1685512239923	1685512239916	-10.154	-5.672	-0.390	-2.463	-0.617	1.954	-2.284	-9.464	-4.841	126.974815	37.295525
1685512239933	1685512239923	-10.116	-5.677	-0.273	-2.231	-0.546	1.895	-2.325	-9.625	-4.970	126.974815	37.295525
1685512239944	1685512239934	-9.929	-5.622	-0.271	-2.000	-0.461	1.830	-2.437	-9.601	-4.987	126.974815	37.295525
1685512239956	1685512239944	-9.740	-5.440	-0.268	-1.779	-0.380	1.765	-2.509	-9.651	-5.013	126.974815	37.295525
1685512239966	1685512239956	-9.419	-5.399	-0.227	-1.582	-0.320	1.703	-2.409	-9.634	-5.114	126.974815	37.295525
1685512239973	1685512239967	-9.076	-5.401	-0.237	-1.416	-0.270	1.644	-2.318	-9.503	-5.222	126.974815	37.295525
1685512239984	1685512239974	-8.760	-5.404	-0.151	-1.275	-0.205	1.576	-2.083	-9.507	-5.270	126.974815	37.295525
1685512239994	1685512239984	-8.516	-5.497	0.005	-1.146	-0.131	1.494	-1.829	-9.562	-5.365	126.974815	37.295525
1685512240004	1685512239994	-8.344	-5.504	0.019	-1.024	-0.046	1.403	-1.583	-9.608	-5.341	126.974815	37.295525
1685512240014	1685512240004	-8.162	-5.459	0.113	-0.903	0.040	1.308	-1.415	-9.754	-5.248	126.974815	37.295525
1685512240025	1685512240014	-8.030	-5.483	0.093	-0.782	0.111	1.223	-1.300	-9.802	-5.277	126.974815	37.295525
1685512240034	1685512240025	-7.989	-5.425	0.136	-0.671	0.176	1.140	-1.171	-9.799	-5.219	126.974815	37.295525
1685512240045	1685512240034	-7.891	-5.581	0.182	-0.568	0.243	1.054	-1.087	-9.867	-5.265	126.974815	37.295525
1685512240056	1685512240046	-8.143	-5.626	0.148	-0.470	0.303	0.968	-1.092	-9.857	-5.241	126.974815	37.295525
1685512240065	1685512240056	-8.638	-5.710	0.127	-0.382	0.362	0.878	-1.018	-10.041	-5.200	126.974815	37.295525
1685512240076	1685512240066	-9.694	-6.000	0.134	-0.297	0.435	0.783	-1.281	-10.113	-5.231	126.974815	37.295525
1685512240088	1685512240076	-11.044	-6.213	0.335	-0.202	0.533	0.682	-1.781	-10.216	-5.239	126.974815	37.295525
1685512240098	1685512240089	-12.191	-6.577	0.498	-0.099	0.645	0.577	-2.832	-10.527	-5.210	126.974815	37.295525
1685512240106	1685512240099	-12.467	-6.948	0.761	0.027	0.733	0.503	-4.180	-10.769	-4.980	126.974815	37.295525
1685512240113	1685512240106	-11.633	-7.116	0.955	0.209	0.739	0.523	-5.320	-11.176	-4.769	126.974815	37.295525
1685512240122	1685512240113	-10.307	-7.219	0.982	0.436	0.623	0.654	-5.583	-11.576	-4.465	126.974815	37.295525
1685512240131	1685512240122	-9.033	-7.161	0.838	0.671	0.432	0.799	-4.736	-11.789	-4.211	126.974815	37.295525
1685512240142	1685512240139	-8.502	-7.053	0.781	0.882	0.299	0.836	-3.407	-11.961	-4.120	126.974815	37.295525
1685512240151	1685512240142	-8.662	-7.015	0.766	1.037	0.285	0.717	-2.150	-11.993	-4.202	126.974815	37.295525
1685512240161	1685512240151	-9.395	-6.898	0.773	1.148	0.348	0.469	-1.642	-11.985	-4.197	126.974815	37.295525
1685512240171	1685512240161	-10.405	-6.831	0.668	1.249	0.452	0.139	-1.827	-12.057	-4.132	126.974815	37.295525
1685512240182	1685512240171	-11.442	-6.632	0.512	1.362	0.555	-0.203	-2.567	-12.019	-4.051	126.974815	37.295525
1685512240191	1685512240182	-12.155	-6.450	0.208	1.484	0.585	-0.513	-3.563	-12.021	-4.061	126.974815	37.295525
1685512240202	1685512240191	-12.790	-6.359	0.002	1.596	0.530	-0.794	-4.563	-11.873	-4.108	126.974815	37.295525
1685512240211	1685512240202	-13.039	-6.251	-0.268	1.671	0.425	-1.062	-5.217	-11.727	-4.281	126.974815	37.295525
1685512240221	1685512240211	-13.199	-6.132	-0.345	1.696	0.290	-1.328	-5.794	-11.650	-4.379	126.974815	37.295525
1685512240231	1685512240221	-13.197	-5.950	-0.311	1.682	0.160	-1.597	-5.962	-11.538	-4.518	126.974815	37.295525
1685512240241	1685512240231	-13.288	-5.634	-0.323	1.644	0.053	-1.867	-6.048	-11.399	-4.496	126.974808	37.295540
1685512240252	1685512240241	-13.199	-5.270	-0.170	1.589	-0.038	-2.132	-5.954	-11.169	-4.362	126.974808	37.295540
1685512240262	1685512240252	-13.027	-4.927	-0.096	1.528	-0.103	-2.397	-5.947	-10.783	-4.286	126.974808	37.295540
1685512240271	1685512240262	-12.874	-4.563	0.069	1.459	-0.136	-2.666	-5.751	-10.324	-4.053	126.974808	37.295540
1685512240282	1685512240271	-12.711	-4.345	0.156	1.376	-0.145	-2.935	-5.464	-9.862	-3.912	126.974808	37.295540
1685512240291	1685512240282	-12.598	-4.175	0.117	1.278	-0.139	-3.201	-5.174	-9.333	-3.680	126.974808	37.295540
1685512240304	1685512240293	-12.424	-4.065	0.096	1.168	-0.132	-3.456	-4.891	-8.957	-3.546	126.974808	37.295540
1685512240311	1685512240304	-12.297	-4.039	-0.002	1.052	-0.117	-3.692	-4.626	-8.559	-3.534	126.974808	37.295540
1685512240324	1685512240311	-12.182	-4.001	-0.105	0.957	-0.101	-3.895	-4.322	-8.238	-3.519	126.974808	37.295540
1685512240331	1685512240324	-12.069	-3.931	-0.273	0.904	-0.078	-4.067	-4.051	-7.949	-3.584	126.974808	37.295540
1685512240342	1685512240331	-12.057	-3.766	-0.409	0.894	-0.055	-4.204	-3.792	-7.618	-3.661	126.974808	37.295540
1685512240353	1685512240342	-11.945	-3.709	-0.543	0.909	-0.043	-4.304	-3.529	-7.207	-3.800	126.974808	37.295540
1685512240363	1685512240353	-11.799	-3.709	-0.639	0.951	-0.029	-4.369	-3.400	-6.744	-3.917	126.974808	37.295540
1685512240372	1685512240363	-11.609	-3.740	-0.670	1.027	-0.006	-4.397	-3.168	-6.342	-4.029	126.974808	37.295540
1685512240385	1685512240373	-11.341	-3.706	-0.615	1.142	0.020	-4.382	-2.916	-5.990	-4.104	126.974808	37.295540
1685512240394	1685512240386	-11.023	-3.598	-0.632	1.293	0.044	-4.326	-2.634	-5.665	-4.113	126.974808	37.295540
1685512240404	1685512240394	-10.760	-3.402	-0.575	1.459	0.065	-4.232	-2.289	-5.274	-4.037	126.974808	37.295540
1685512240415	1685512240404	-10.391	-3.259	-0.541	1.627	0.079	-4.106	-1.899	-4.748	-4.027	126.974808	37.295540
1685512240426	1685512240416	-10.051	-3.122	-0.522	1.780	0.092	-3.951	-1.599	-4.281	-3.953	126.974808	37.295540
1685512240435	1685512240426	-9.723	-2.962	-0.448	1.905	0.097	-3.774	-1.197	-3.816	-3.900	126.974808	37.295540
1685512240447	1685512240436	-9.357	-2.942	-0.359	2.004	0.097	-3.578	-0.838	-3.376	-3.867	126.974808	37.295540
1685512240456	1685512240447	-8.942	-2.753	-0.450	2.071	0.095	-3.371	-0.503	-2.931	-3.780	126.974808	37.295540
1685512240466	1685512240457	-8.667	-2.658	-0.445	2.105	0.089	-3.152	-0.139	-2.648	-3.687	126.974808	37.295540
1685512240477	1685512240467	-8.420	-2.521	-0.443	2.112	0.081	-2.922	0.259	-2.169	-3.778	126.974808	37.295540
1685512240487	1685512240477	-8.219	-2.401	-0.484	2.094	0.075	-2.687	0.520	-1.896	-3.778	126.974808	37.295540
1685512240495	1685512240488	-8.083	-2.212	-0.479	2.048	0.072	-2.451	0.745	-1.563	-3.788	126.974808	37.295540
1685512240506	1685512240505	-8.064	-2.100	-0.534	1.972	0.068	-2.222	0.919	-1.267	-3.843	126.974808	37.295540
1685512240514	1685512240506	-8.021	-2.047	-0.462	1.868	0.061	-1.996	1.027	-0.907	-3.857	126.974808	37.295540
1685512240532	1685512240514	-7.989	-2.073	-0.536	1.739	0.037	-1.759	1.020	-0.673	-3.931	126.974808	37.295540
1685512240534	1685512240533	-8.085	-2.040	-0.551	1.596	0.007	-1.521	1.030	-0.479	-3.886	126.974808	37.295540
1685512240543	1685512240534	-8.339	-1.966	-0.558	1.443	-0.010	-1.293	1.061	-0.405	-3.917	126.974808	37.295540
1685512240554	1685512240543	-8.650	-1.966	-0.625	1.283	-0.033	-1.070	0.953	-0.271	-3.907	126.974808	37.295540
1685512240564	1685512240554	-8.827	-2.064	-0.699	1.112	-0.062	-0.843	0.690	-0.117	-3.900	126.974808	37.295540
1685512240573	1685512240564	-9.041	-2.162	-0.704	0.926	-0.094	-0.612	0.366	-0.050	-3.962	126.974808	37.295540
1685512240584	1685512240573	-8.976	-2.102	-0.630	0.732	-0.123	-0.386	0.182	-0.108	-4.029	126.974808	37.295540
1685512240594	1685512240585	-8.947	-2.126	-0.618	0.529	-0.170	-0.165	-0.036	-0.170	-4.032	126.974808	37.295540
1685512240604	1685512240594	-8.966	-2.239	-0.567	0.320	-0.228	0.051	0.029	-0.096	-3.941	126.974808	37.295540
1685512240614	1685512240604	-9.175	-2.251	-0.625	0.111	-0.257	0.244	0.062	-0.117	-3.919	126.974808	37.295540
1685512240625	1685512240615	-9.701	-2.411	-0.692	-0.088	-0.235	0.402	0.050	-0.235	-3.847	126.974808	37.295540
1685512240634	1685512240625	-10.453	-2.555	-0.704	-0.271	-0.176	0.540	-0.144	-0.268	-3.886	126.974808	37.295540
1685512240647	1685512240634	-11.250	-2.789	-0.826	-0.432	-0.097	0.676	-0.654	-0.450	-3.922	126.974808	37.295540
1685512240656	1685512240649	-11.985	-2.856	-0.888	-0.568	-0.010	0.815	-1.381	-0.632	-3.886	126.974808	37.295540
1685512240668	1685512240657	-12.447	-2.966	-1.034	-0.672	0.060	0.976	-2.145	-0.895	-3.929	126.974808	37.295540
1685512240677	1685512240668	-12.620	-3.165	-0.998	-0.749	0.094	1.191	-2.866	-1.020	-3.979	126.974808	37.295540
1685512240689	1685512240677	-12.282	-3.484	-0.840	-0.806	0.112	1.461	-3.309	-1.197	-4.108	126.974808	37.295540
1685512240695	1685512240692	-11.353	-3.713	-0.548	-0.841	0.130	1.746	-3.457	-1.482	-4.051	126.974808	37.295540
1685512240707	1685512240706	-10.221	-3.733	-0.266	-0.845	0.122	2.022	-3.093	-1.911	-3.869	126.974808	37.295540
1685512240721	1685512240707	-9.369	-3.876	0.148	-0.808	0.115	2.266	-2.126	-2.303	-3.548	126.974808	37.295540
1685512240723	1685512240721	-8.997	-3.977	0.577	-0.721	0.183	2.446	-0.970	-2.452	-3.247	126.974808	37.295540
1685512240735	1685512240723	-9.266	-3.931	0.903	-0.595	0.348	2.529	-0.086	-2.782	-2.813	126.974808	37.295540
1685512240746	1685512240735	-10.008	-4.056	1.188	-0.418	0.558	2.529	0.311	-3.089	-2.361	126.974808	37.295540
1685512240753	1685512240746	-11.078	-4.089	1.065	-0.180	0.788	2.491	0.074	-3.261	-1.997	126.974808	37.295540
1685512240763	1685512240754	-12.258	-4.010	1.058	0.123	1.040	2.457	-0.637	-3.610	-1.657	126.974808	37.295540
1685512240773	1685512240764	-13.091	-3.948	0.711	0.453	1.250	2.443	-1.674	-3.895	-1.697	126.974808	37.295540
1685512240784	1685512240773	-13.343	-3.888	0.376	0.738	1.308	2.467	-2.828	-4.027	-1.616	126.974808	37.295540
1685512240792	1685512240784	-13.151	-3.840	-0.029	0.935	1.246	2.560	-3.632	-4.209	-1.846	126.974808	37.295540
1685512240803	1685512240792	-12.574	-3.895	-0.218	1.023	1.134	2.709	-3.859	-4.401	-2.054	126.974808	37.295540
1685512240814	1685512240804	-12.060	-3.891	-0.424	1.025	1.001	2.855	-3.654	-4.645	-2.322	126.974808	37.295540
1685512240823	1685512240814	-11.526	-3.711	-0.299	0.974	0.891	2.959	-3.077	-4.951	-2.406	126.974808	37.295540
1685512240833	1685512240823	-11.162	-3.596	-0.036	0.885	0.815	3.025	-2.576	-5.270	-2.492	126.974808	37.295540
1685512240842	1685512240833	-10.903	-3.476	0.397	0.753	0.759	3.063	-2.066	-5.361	-2.279	126.974808	37.295540
1685512240853	1685512240842	-10.697	-3.464	0.919	0.579	0.707	3.069	-1.741	-5.547	-1.923	126.974808	37.295540
1685512240864	1685512240853	-10.262	-3.436	1.295	0.391	0.685	3.031	-1.532	-5.729	-1.403	126.974808	37.295540
1685512240874	1685512240864	-9.991	-3.409	1.595	0.213	0.682	2.959	-1.389	-6.014	-0.800	126.974808	37.295540
1685512240886	1685512240874	-9.641	-3.436	1.743	0.042	0.665	2.865	-1.022	-6.273	-0.350	126.974808	37.295540
1685512240895	1685512240887	-9.380	-3.560	1.798	-0.109	0.660	2.765	-0.838	-6.551	0.022	126.974808	37.295540
1685512240914	1685512240895	-9.117	-3.699	1.784	-0.230	0.665	2.662	-0.563	-6.812	0.227	126.974808	37.295540
1685512240914	1685512240914	-9.055	-3.948	1.872	-0.319	0.677	2.557	-0.397	-7.209	0.342	126.974808	37.295540
1685512240925	1685512240914	-8.899	-3.994	1.827	-0.375	0.683	2.454	-0.215	-7.561	0.376	126.974808	37.295540
1685512240934	1685512240925	-8.825	-3.986	1.810	-0.376	0.689	2.369	-0.244	-8.030	0.510	126.974808	37.295540
1685512240944	1685512240934	-8.547	-3.891	1.714	-0.351	0.660	2.302	-0.182	-8.286	0.510	126.974808	37.295540
1685512240954	1685512240944	-8.215	-3.716	1.506	-0.341	0.573	2.248	-0.213	-8.499	0.541	126.974808	37.295540
1685512240965	1685512240954	-7.954	-3.464	1.305	-0.362	0.472	2.192	-0.024	-8.578	0.481	126.974808	37.295540
1685512240974	1685512240965	-7.872	-3.373	1.056	-0.429	0.390	2.118	0.211	-8.581	0.304	126.974808	37.295540
1685512240986	1685512240975	-7.951	-3.354	0.864	-0.551	0.332	2.027	0.383	-8.485	0.122	126.974808	37.295540
1685512240996	1685512240988	-8.059	-3.457	0.812	-0.702	0.301	1.918	0.385	-8.526	-0.120	126.974808	37.295540
1685512241006	1685512240996	-8.358	-3.505	0.713	-0.872	0.275	1.798	0.239	-8.610	-0.318	126.974808	37.295540
1685512241016	1685512241006	-8.626	-3.505	0.661	-1.045	0.255	1.679	0.057	-8.823	-0.393	126.974808	37.295540
1685512241025	1685512241016	-8.880	-3.730	0.828	-1.238	0.220	1.570	-0.273	-8.914	-0.517	126.974808	37.295540
1685512241037	1685512241026	-9.225	-4.005	0.910	-1.439	0.178	1.477	-0.589	-8.973	-0.611	126.974808	37.295540
1685512241047	1685512241037	-9.292	-4.262	1.233	-1.607	0.169	1.390	-0.886	-9.251	-0.496	126.974808	37.295540
1685512241056	1685512241048	-9.100	-4.602	1.607	-1.714	0.171	1.326	-1.276	-9.572	-0.491	126.974808	37.295540
1685512241068	1685512241057	-8.626	-4.937	1.956	-1.743	0.161	1.297	-1.362	-9.835	-0.239	126.974808	37.295540
1685512241077	1685512241068	-8.171	-5.045	2.172	-1.686	0.148	1.297	-1.211	-10.209	0.031	126.974808	37.295540
1685512241088	1685512241078	-7.853	-4.908	2.037	-1.533	0.172	1.300	-0.757	-10.549	0.311	126.974808	37.295540
1685512241095	1685512241089	-7.760	-4.676	1.822	-1.333	0.233	1.289	-0.342	-10.688	0.431	126.974808	37.295540
1685512241106	1685512241096	-7.745	-4.743	1.688	-1.164	0.298	1.264	-0.053	-10.566	0.227	126.974808	37.295540
1685512241114	1685512241106	-8.109	-4.894	1.630	-1.043	0.369	1.210	-0.002	-10.369	-0.060	126.974808	37.295540
1685512241133	1685512241114	-8.521	-4.956	1.748	-0.920	0.453	1.114	0.000	-10.436	-0.237	126.974808	37.295540
1685512241133	1685512241133	-8.961	-5.162	1.913	-0.765	0.535	1.003	-0.388	-10.609	-0.338	126.974808	37.295540
1685512241143	1685512241133	-9.316	-5.167	1.956	-0.585	0.589	0.902	-0.797	-10.659	-0.242	126.974808	37.295540
1685512241153	1685512241143	-9.407	-5.171	2.011	-0.387	0.619	0.815	-1.245	-10.872	-0.086	126.974808	37.295540
1685512241164	1685512241153	-9.495	-5.112	1.935	-0.199	0.619	0.733	-1.599	-10.877	-0.038	126.974808	37.295540
1685512241172	1685512241164	-9.538	-5.114	1.951	-0.065	0.577	0.656	-1.700	-10.903	0.038	126.974808	37.295540
1685512241184	1685512241173	-9.811	-5.267	1.997	0.006	0.524	0.575	-1.796	-10.862	-0.007	126.974808	37.295540
1685512241193	1685512241184	-10.477	-5.346	2.174	0.049	0.512	0.475	-1.858	-10.906	0.053	126.974808	37.295540
1685512241203	1685512241193	-11.133	-5.547	2.325	0.103	0.553	0.347	-2.150	-11.097	0.136	126.974808	37.295540
1685512241214	1685512241203	-11.576	-5.397	2.490	0.184	0.607	0.209	-2.837	-11.219	0.359	126.974792	37.295544
1685512241224	1685512241214	-11.368	-5.449	2.636	0.270	0.593	0.082	-3.503	-11.444	0.553	126.974792	37.295544
1685512241233	1685512241225	-10.824	-5.691	2.840	0.327	0.472	-0.032	-3.948	-11.313	0.776	126.974792	37.295544
1685512241243	1685512241233	-10.293	-5.844	3.110	0.395	0.315	-0.154	-3.735	-11.377	0.984	126.974792	37.295544
1685512241253	1685512241243	-10.324	-5.770	3.141	0.538	0.208	-0.307	-3.179	-11.621	1.247	126.974792	37.295544
1685512241263	1685512241253	-10.623	-5.519	3.021	0.762	0.184	-0.490	-2.636	-11.770	1.561	126.974792	37.295544
1685512241273	1685512241263	-11.150	-5.385	2.777	0.988	0.195	-0.688	-2.646	-11.681	1.640	126.974792	37.295544
1685512241285	1685512241273	-11.617	-5.164	2.464	1.153	0.158	-0.894	-2.914	-11.404	1.580	126.974792	37.295544
1685512241293	1685512241285	-11.995	-5.009	1.970	1.268	0.049	-1.109	-3.397	-11.229	1.408	126.974792	37.295544
1685512241306	1685512241293	-12.409	-4.870	1.525	1.340	-0.123	-1.327	-3.809	-10.953	1.173	126.974792	37.295544
1685512241313	1685512241306	-12.718	-4.774	1.089	1.390	-0.314	-1.538	-4.111	-10.714	0.773	126.974792	37.295544
1685512241323	1685512241313	-13.235	-4.690	0.769	1.418	-0.495	-1.743	-4.468	-10.503	0.381	126.974792	37.295544
1685512241333	1685512241324	-13.807	-4.523	0.455	1.426	-0.657	-1.944	-4.693	-10.300	0.000	126.974792	37.295544
1685512241345	1685512241334	-14.317	-4.233	0.204	1.423	-0.781	-2.138	-5.121	-10.092	-0.285	126.974792	37.295544
1685512241353	1685512241345	-14.779	-3.970	0.005	1.385	-0.900	-2.320	-5.595	-9.778	-0.575	126.974792	37.295544
1685512241364	1685512241355	-15.002	-3.759	-0.201	1.295	-1.046	-2.483	-6.005	-9.328	-0.819	126.974792	37.295544
1685512241375	1685512241365	-14.995	-3.570	-0.278	1.148	-1.213	-2.629	-6.349	-8.866	-1.025	126.974792	37.295544
1685512241387	1685512241375	-14.796	-3.467	-0.302	0.957	-1.384	-2.770	-6.474	-8.478	-1.255	126.974792	37.295544
1685512241395	1685512241387	-14.399	-3.278	-0.268	0.735	-1.527	-2.913	-6.359	-8.076	-1.381	126.974792	37.295544
1685512241408	1685512241395	-13.798	-3.223	-0.254	0.500	-1.640	-3.053	-6.055	-7.743	-1.484	126.974792	37.295544
1685512241417	1685512241408	-13.147	-3.048	-0.259	0.259	-1.724	-3.186	-5.545	-7.281	-1.563	126.974792	37.295544
1685512241426	1685512241417	-12.328	-3.048	-0.299	0.009	-1.764	-3.315	-4.858	-6.986	-1.664	126.974792	37.295544
1685512241437	1685512241427	-11.607	-3.038	-0.299	-0.248	-1.765	-3.448	-4.106	-6.500	-1.829	126.974792	37.295544
1685512241448	1685512241437	-11.004	-3.005	-0.268	-0.486	-1.720	-3.589	-3.215	-6.230	-2.014	126.974792	37.295544
1685512241457	1685512241448	-10.578	-3.048	-0.266	-0.685	-1.624	-3.727	-2.423	-5.902	-2.184	126.974792	37.295544
1685512241469	1685512241457	-10.216	-3.105	-0.230	-0.836	-1.491	-3.855	-1.755	-5.526	-2.322	126.974792	37.295544
1685512241477	1685512241470	-10.005	-3.184	-0.290	-0.930	-1.341	-3.969	-1.276	-5.210	-2.488	126.974792	37.295544
1685512241489	1685512241477	-9.685	-3.239	-0.357	-0.963	-1.188	-4.071	-0.874	-4.889	-2.607	126.974792	37.295544
1685512241497	1685512241490	-9.550	-3.328	-0.302	-0.932	-1.031	-4.149	-0.630	-4.535	-2.820	126.974792	37.295544
1685512241511	1685512241497	-9.440	-3.383	-0.316	-0.837	-0.888	-4.192	-0.294	-4.223	-2.998	126.974792	37.295544
1685512241516	1685512241511	-9.517	-3.299	-0.414	-0.673	-0.742	-4.199	-0.156	-3.855	-3.057	126.974792	37.295544
1685512241537	1685512241517	-9.543	-3.230	-0.448	-0.442	-0.590	-4.177	-0.055	-3.534	-3.151	126.974792	37.295544
1685512241538	1685512241538	-9.421	-3.089	-0.402	-0.172	-0.463	-4.121	-0.156	-3.038	-3.316	126.974792	37.295544
1685512241546	1685512241538	-9.254	-3.041	-0.484	0.108	-0.379	-4.019	-0.218	-2.564	-3.405	126.974792	37.295544
1685512241556	1685512241546	-9.160	-2.981	-0.555	0.371	-0.323	-3.878	-0.151	-1.997	-3.405	126.974792	37.295544
1685512241565	1685512241556	-9.031	-2.708	-0.649	0.608	-0.275	-3.717	-0.041	-1.616	-3.517	126.974792	37.295544
1685512241576	1685512241566	-9.108	-2.567	-0.551	0.795	-0.236	-3.544	-0.019	-1.211	-3.625	126.974792	37.295544
1685512241588	1685512241576	-9.182	-2.509	-0.536	0.926	-0.204	-3.354	0.029	-0.620	-3.757	126.974792	37.295544
1685512241596	1685512241589	-9.304	-2.373	-0.412	1.007	-0.176	-3.139	-0.129	-0.180	-3.682	126.974792	37.295544
1685512241606	1685512241596	-9.388	-2.337	-0.371	1.052	-0.139	-2.913	-0.285	0.148	-3.685	126.974792	37.295544
1685512241616	1685512241606	-9.479	-2.131	-0.417	1.080	-0.115	-2.668	-0.508	0.582	-3.577	126.974792	37.295544
1685512241628	1685512241616	-9.325	-1.937	-0.426	1.081	-0.108	-2.399	-0.651	0.792	-3.531	126.974792	37.295544
1685512241637	1685512241628	-9.029	-1.796	-0.421	1.042	-0.109	-2.114	-0.814	1.192	-3.577	126.974792	37.295544
1685512241651	1685512241637	-8.763	-1.707	-0.381	0.948	-0.126	-1.822	-0.725	1.549	-3.587	126.974792	37.295544
1685512241656	1685512241651	-8.586	-1.647	-0.429	0.810	-0.136	-1.530	-0.481	1.827	-3.577	126.974792	37.295544
1685512241668	1685512241660	-8.562	-1.669	-0.299	0.649	-0.115	-1.249	-0.259	2.023	-3.524	126.974792	37.295544
1685512241676	1685512241668	-8.679	-1.626	-0.278	0.485	-0.065	-0.983	-0.120	2.186	-3.555	126.974792	37.295544
1685512241687	1685512241676	-8.665	-1.645	-0.127	0.327	0.002	-0.727	-0.103	2.205	-3.388	126.974792	37.295544
1685512241696	1685512241687	-8.777	-1.595	-0.122	0.182	0.056	-0.463	-0.232	2.301	-3.335	126.974792	37.295544
1685512241709	1685512241696	-9.347	-1.621	-0.062	0.066	0.105	-0.178	-0.215	2.303	-3.148	126.974792	37.295544
1685512241717	1685512241709	-10.434	-1.774	-0.136	-0.012	0.200	0.110	-0.321	2.373	-3.103	126.974792	37.295544
1685512241736	1685512241718	-11.629	-1.844	-0.378	-0.066	0.352	0.389	-0.871	2.337	-2.998	126.974792	37.295544
1685512241737	1685512241736	-12.526	-2.143	-0.702	-0.116	0.508	0.674	-1.920	2.148	-3.007	126.974792	37.295544
1685512241745	1685512241737	-12.673	-2.263	-0.771	-0.178	0.593	1.018	-3.060	2.018	-3.163	126.974792	37.295544
1685512241756	1685512241746	-11.949	-2.298	-0.687	-0.264	0.574	1.432	-3.917	1.664	-3.438	126.974792	37.295544
1685512241767	1685512241757	-10.800	-2.507	-0.572	-0.349	0.462	1.901	-4.008	1.460	-3.448	126.974792	37.295544
1685512241776	1685512241769	-10.041	-2.693	-0.268	-0.424	0.334	2.359	-3.218	1.307	-3.304	126.974792	37.295544
1685512241788	1685512241777	-10.116	-3.055	0.362	-0.520	0.303	2.707	-1.990	0.941	-3.136	126.974792	37.295544
1685512241796	1685512241788	-10.975	-3.215	0.905	-0.575	0.441	2.925	-1.135	0.536	-2.784	126.974792	37.295544
1685512241806	1685512241797	-12.376	-3.273	1.228	-0.527	0.660	3.019	-1.125	-0.029	-2.116	126.974792	37.295544
1685512241818	1685512241807	-13.589	-3.239	1.393	-0.382	0.859	3.038	-1.879	-0.464	-1.511	126.974792	37.295544
1685512241829	1685512241818	-14.404	-2.945	1.202	-0.183	1.009	3.067	-3.196	-0.761	-1.120	126.974792	37.295544
1685512241836	1685512241830	-14.538	-2.634	0.907	-0.007	1.042	3.128	-4.317	-0.998	-0.867	126.974792	37.295544
1685512241846	1685512241836	-14.248	-2.689	0.565	0.077	0.938	3.212	-5.045	-0.986	-0.960	126.974792	37.295544
1685512241855	1685512241847	-13.657	-2.883	0.405	0.065	0.790	3.295	-5.092	-0.998	-1.147	126.974792	37.295544
1685512241865	1685512241857	-13.068	-2.909	0.491	-0.012	0.665	3.366	-4.743	-1.329	-1.410	126.974792	37.295544
1685512241875	1685512241866	-12.419	-3.053	0.783	-0.125	0.591	3.440	-4.096	-1.836	-1.496	126.974792	37.295544
1685512241887	1685512241876	-11.803	-3.201	1.099	-0.249	0.528	3.511	-3.464	-2.186	-1.346	126.974792	37.295544
1685512241894	1685512241887	-11.100	-3.112	1.305	-0.376	0.459	3.533	-2.787	-2.658	-0.996	126.974792	37.295544
1685512241911	1685512241895	-10.369	-2.899	1.444	-0.530	0.403	3.499	-2.155	-3.141	-0.630	126.974792	37.295544
1685512241916	1685512241911	-9.646	-2.892	1.444	-0.732	0.357	3.440	-1.446	-3.455	-0.371	126.974792	37.295544
1685512241926	1685512241916	-9.055	-2.902	1.329	-0.979	0.320	3.373	-0.723	-3.505	-0.201	126.974792	37.295544
1685512241935	1685512241926	-8.543	-2.966	1.257	-1.255	0.292	3.282	-0.022	-3.816	-0.172	126.974792	37.295544
1685512241946	1685512241935	-8.389	-3.364	0.730	-1.544	0.269	3.162	0.536	-4.135	-0.268	126.974792	37.295544
1685512241956	1685512241947	-8.248	-3.467	1.343	-1.801	0.253	3.031	1.010	-4.494	-0.330	126.974792	37.295544
1685512241965	1685512241956	-8.543	-3.800	1.207	-1.998	0.263	2.924	1.113	-5.169	-0.857	126.974792	37.295544
1685512241974	1685512241966	-8.882	-3.828	1.329	-2.104	0.282	2.837	1.195	-5.555	-0.256	126.974792	37.295544
1685512241986	1685512241975	-9.153	-3.879	1.302	-2.131	0.283	2.768	0.845	-6.108	-0.409	126.974792	37.295544
1685512241995	1685512241986	-9.357	-3.785	1.168	-2.127	0.272	2.709	0.443	-6.369	-0.311	126.974792	37.295544
1685512242006	1685512241996	-9.486	-3.740	0.867	-2.101	0.255	2.667	0.103	-6.639	-0.369	126.974792	37.295544
1685512242015	1685512242006	-9.462	-3.905	0.654	-2.114	0.200	2.632	-0.180	-6.780	-0.541	126.974792	37.295544
1685512242027	1685512242015	-9.440	-4.108	0.431	-2.162	0.128	2.596	-0.371	-6.900	-0.881	126.974792	37.295544
1685512242036	1685512242027	-9.622	-4.434	0.318	-2.227	0.068	2.547	-0.429	-7.264	-1.149	126.974792	37.295544
1685512242047	1685512242037	-9.790	-4.578	0.079	-2.280	0.032	2.479	-0.476	-7.621	-1.427	126.974792	37.295544
1685512242058	1685512242048	-9.929	-4.707	-0.053	-2.313	-0.011	2.408	-0.740	-8.109	-1.611	126.974792	37.295544
1685512242069	1685512242058	-10.015	-4.846	-0.285	-2.331	-0.043	2.340	-0.994	-8.411	-1.932	126.974792	37.295544
1685512242078	1685512242069	-9.981	-4.987	-0.273	-2.347	-0.088	2.276	-1.221	-8.693	-2.155	126.974792	37.295544
1685512242090	1685512242078	-9.919	-5.116	-0.376	-2.363	-0.149	2.215	-1.401	-8.981	-2.485	126.974792	37.295544
1685512242097	1685512242090	-9.922	-5.119	-0.474	-2.370	-0.200	2.140	-1.487	-9.292	-2.600	126.974792	37.295544
1685512242108	1685512242097	-9.946	-5.286	-0.594	-2.362	-0.237	2.051	-1.504	-9.527	-2.796	126.974792	37.295544
1685512242116	1685512242108	-10.060	-5.365	-0.563	-2.343	-0.274	1.956	-1.628	-9.673	-3.041	126.974792	37.295544
1685512242130	1685512242116	-10.362	-5.626	-0.539	-2.314	-0.283	1.848	-1.731	-9.926	-3.263	126.974792	37.295544
1685512242136	1685512242130	-10.602	-5.883	-0.299	-2.254	-0.255	1.729	-1.946	-10.101	-3.364	126.974792	37.295544
1685512242145	1685512242136	-10.755	-6.132	-0.146	-2.148	-0.215	1.610	-2.344	-10.446	-3.474	126.974792	37.295544
1685512242155	1685512242146	-10.693	-6.340	-0.022	-1.988	-0.177	1.509	-2.693	-10.786	-3.390	126.974792	37.295544
1685512242165	1685512242155	-10.477	-6.546	0.010	-1.772	-0.143	1.436	-2.916	-11.083	-3.335	126.974792	37.295544
1685512242174	1685512242165	-10.017	-6.610	0.041	-1.508	-0.109	1.385	-2.942	-11.349	-3.335	126.974792	37.295544
1685512242188	1685512242175	-9.718	-6.694	-0.055	-1.222	-0.077	1.341	-2.796	-11.600	-3.395	126.974792	37.295544
1685512242195	1685512242189	-9.826	-6.620	-0.192	-0.943	-0.027	1.271	-2.418	-11.724	-3.457	126.974792	37.295544
1685512242205	1685512242196	-10.515	-6.752	-0.074	-0.700	0.060	1.153	-2.184	-11.861	-3.613	126.974792	37.295544
1685512242215	1685512242205	-11.478	-6.888	0.031	-0.506	0.193	0.983	-2.377	-11.866	-3.816	126.974792	37.295544
1685512242225	1685512242215	-12.141	-7.094	0.165	-0.336	0.352	0.777	-3.115	-12.045	-3.725	126.974792	37.295544
1685512242235	1685512242226	-12.067	-7.247	0.462	-0.169	0.453	0.579	-4.123	-12.237	-3.632	126.974792	37.295544
1685512242246	1685512242235	-11.435	-7.365	0.850	0.013	0.456	0.432	-4.815	-12.488	-3.491	126.974792	37.295544
1685512242254	1685512242246	-10.357	-7.491	1.053	0.220	0.407	0.330	-4.755	-12.677	-3.170	126.974792	37.295544
1685512242266	1685512242255	-9.510	-7.326	0.929	0.454	0.334	0.227	-4.130	-12.826	-2.749	126.974777	37.295532
1685512242276	1685512242266	-9.261	-7.065	0.749	0.690	0.272	0.073	-3.057	-12.989	-2.497	126.974777	37.295532
1685512242286	1685512242276	-9.740	-6.910	0.668	0.894	0.272	-0.160	-2.210	-12.852	-2.579	126.974777	37.295532
1685512242295	1685512242286	-10.949	-6.785	0.570	1.058	0.348	-0.478	-1.954	-12.622	-2.701	126.974777	37.295532
1685512242309	1685512242295	-12.210	-6.740	0.517	1.205	0.468	-0.849	-2.416	-12.483	-2.710	126.974777	37.295532
1685512242315	1685512242309	-13.285	-6.713	0.271	1.366	0.552	-1.206	-3.582	-12.359	-2.717	126.974777	37.295532
1685512242325	1685512242315	-14.059	-6.572	0.031	1.537	0.541	-1.500	-4.788	-12.294	-2.677	126.974777	37.295532
1685512242335	1685512242325	-14.461	-6.299	-0.354	1.684	0.431	-1.732	-5.772	-12.215	-2.796	126.974777	37.295532
1685512242345	1685512242335	-14.535	-6.038	-0.644	1.775	0.263	-1.922	-6.457	-12.014	-2.923	126.974777	37.295532
1685512242355	1685512242345	-14.286	-5.787	-0.721	1.813	0.087	-2.087	-6.754	-11.655	-3.184	126.974777	37.295532
1685512242367	1685512242356	-13.997	-5.466	-0.749	1.801	-0.072	-2.244	-6.718	-11.296	-3.359	126.974777	37.295532
1685512242377	1685512242367	-13.642	-5.100	-0.575	1.752	-0.205	-2.409	-6.359	-10.927	-3.335	126.974777	37.295532
1685512242389	1685512242377	-13.331	-4.719	-0.433	1.677	-0.299	-2.588	-5.957	-10.475	-3.278	126.974777	37.295532
1685512242397	1685512242389	-12.989	-4.384	-0.271	1.586	-0.346	-2.787	-5.478	-9.941	-3.026	126.974777	37.295532
1685512242407	1685512242397	-12.639	-4.106	-0.177	1.473	-0.364	-3.001	-5.061	-9.404	-2.837	126.974777	37.295532
1685512242417	1685512242407	-12.378	-3.929	-0.105	1.338	-0.368	-3.220	-4.587	-8.856	-2.624	126.974777	37.295532
1685512242430	1685512242418	-12.124	-3.867	-0.038	1.195	-0.353	-3.447	-4.128	-8.380	-2.502	126.974777	37.295532
1685512242439	1685512242430	-11.870	-3.797	-0.036	1.056	-0.331	-3.668	-3.742	-7.958	-2.406	126.974777	37.295532
1685512242450	1685512242439	-11.688	-3.749	-0.105	0.931	-0.297	-3.870	-3.361	-7.623	-2.322	126.974777	37.295532
1685512242458	1685512242450	-11.698	-3.687	-0.156	0.832	-0.250	-4.043	-2.971	-7.223	-2.310	126.974777	37.295532
1685512242471	1685512242458	-11.502	-3.723	-0.187	0.772	-0.205	-4.182	-2.682	-6.883	-2.377	126.974777	37.295532
1685512242481	1685512242471	-11.353	-3.677	-0.290	0.757	-0.172	-4.296	-2.576	-6.472	-2.425	126.974777	37.295532
1685512242493	1685512242481	-11.167	-3.584	-0.453	0.789	-0.155	-4.379	-2.277	-6.141	-2.454	126.974777	37.295532
1685512242498	1685512242494	-10.973	-3.644	-0.546	0.864	-0.143	-4.428	-2.035	-5.715	-2.557	126.974777	37.295532
1685512242511	1685512242500	-10.795	-3.508	-0.553	0.981	-0.134	-4.441	-1.772	-5.231	-2.720	126.974777	37.295532
1685512242519	1685512242512	-10.568	-3.436	-0.639	1.135	-0.117	-4.426	-1.506	-4.812	-2.816	126.974777	37.295532
1685512242541	1685512242523	-10.434	-3.280	-0.682	1.308	-0.098	-4.388	-1.295	-4.357	-2.825	126.974777	37.295532
1685512242542	1685512242542	-10.276	-3.120	-0.601	1.477	-0.078	-4.329	-1.041	-3.891	-2.914	126.974777	37.295532
1685512242550	1685512242542	-10.226	-3.062	-0.539	1.630	-0.065	-4.239	-0.900	-3.345	-2.964	126.974777	37.295532
1685512242558	1685512242550	-10.020	-2.916	-0.515	1.759	-0.064	-4.127	-0.749	-2.806	-2.892	126.974777	37.295532
1685512242569	1685512242558	-9.859	-2.749	-0.493	1.867	-0.076	-3.991	-0.721	-2.382	-2.844	126.974777	37.295532
1685512242579	1685512242570	-9.627	-2.602	-0.503	1.944	-0.100	-3.831	-0.560	-1.815	-2.844	126.974777	37.295532
1685512242590	1685512242579	-9.471	-2.509	-0.462	1.980	-0.128	-3.652	-0.441	-1.381	-2.849	126.974777	37.295532
1685512242600	1685512242591	-9.239	-2.342	-0.481	1.982	-0.149	-3.456	-0.275	-0.891	-2.902	126.974777	37.295532
1685512242610	1685512242601	-9.050	-2.119	-0.520	1.950	-0.164	-3.249	-0.184	-0.534	-2.904	126.974777	37.295532
1685512242618	1685512242610	-8.770	-2.028	-0.469	1.880	-0.188	-3.032	-0.045	-0.041	-2.990	126.974777	37.295532
1685512242628	1685512242618	-8.535	-1.822	-0.532	1.768	-0.225	-2.806	0.077	0.378	-3.079	126.974777	37.295532
1685512242638	1685512242629	-8.425	-1.745	-0.527	1.611	-0.265	-2.572	0.259	0.740	-3.100	126.974777	37.295532
1685512242649	1685512242639	-8.411	-1.630	-0.462	1.428	-0.286	-2.337	0.431	1.109	-3.191	126.974777	37.295532
1685512242659	1685512242649	-8.334	-1.640	-0.498	1.222	-0.288	-2.112	0.464	1.384	-3.223	126.974777	37.295532
1685512242671	1685512242660	-8.442	-1.633	-0.467	1.007	-0.288	-1.884	0.419	1.654	-3.168	126.974777	37.295532
1685512242682	1685512242671	-8.337	-1.674	-0.498	0.800	-0.285	-1.644	0.448	1.776	-3.194	126.974777	37.295532
1685512242692	1685512242682	-8.317	-1.683	-0.515	0.602	-0.287	-1.394	0.294	1.901	-3.160	126.974777	37.295532
1685512242700	1685512242693	-8.317	-1.592	-0.625	0.407	-0.294	-1.142	0.352	1.973	-3.199	126.974777	37.295532
1685512242716	1685512242700	-8.574	-1.580	-0.613	0.215	-0.291	-0.894	0.338	2.040	-3.215	126.974777	37.295532
1685512242719	1685512242718	-8.973	-1.537	-0.754	0.034	-0.270	-0.646	0.299	2.212	-3.338	126.974777	37.295532
1685512242740	1685512242720	-9.737	-1.650	-0.795	-0.131	-0.231	-0.391	0.019	2.277	-3.328	126.974777	37.295532
1685512242740	1685512242740	-10.602	-1.925	-0.917	-0.291	-0.170	-0.132	-0.397	2.363	-3.469	126.974777	37.295532
1685512242748	1685512242740	-11.399	-2.028	-1.123	-0.437	-0.094	0.138	-1.168	2.272	-3.500	126.974777	37.295532
1685512242759	1685512242748	-11.693	-2.100	-1.319	-0.564	-0.022	0.445	-2.023	1.999	-3.589	126.974777	37.295532
1685512242767	1685512242760	-11.662	-2.167	-1.334	-0.667	-0.002	0.806	-2.818	1.896	-3.785	126.974777	37.295532
1685512242779	1685512242768	-10.953	-2.260	-1.279	-0.757	-0.042	1.218	-3.096	1.800	-3.962	126.974777	37.295532
1685512242791	1685512242779	-10.032	-2.385	-1.116	-0.838	-0.082	1.649	-3.033	1.683	-3.950	126.974777	37.295532
1685512242799	1685512242791	-9.527	-2.547	-0.778	-0.922	-0.081	2.038	-2.279	1.504	-3.871	126.974777	37.295532
1685512242809	1685512242799	-9.895	-2.792	-0.409	-1.002	-0.006	2.345	-1.300	1.257	-3.685	126.974777	37.295532
1685512242819	1685512242809	-10.791	-2.875	-0.053	-1.021	0.184	2.551	-0.709	0.907	-3.316	126.974777	37.295532
1685512242829	1685512242819	-11.930	-2.971	0.283	-0.954	0.428	2.669	-1.015	0.517	-2.921	126.974777	37.295532
1685512242839	1685512242829	-13.020	-3.079	0.314	-0.822	0.640	2.750	-1.824	0.230	-2.514	126.974777	37.295532
1685512242851	1685512242839	-13.819	-3.239	0.242	-0.634	0.798	2.841	-2.873	-0.079	-2.112	126.974777	37.295532
1685512242861	1685512242851	-14.085	-3.381	0.057	-0.406	0.894	2.944	-3.871	-0.419	-1.999	126.974777	37.295532
1685512242869	1685512242861	-13.858	-3.335	-0.108	-0.182	0.909	3.046	-4.583	-0.826	-1.982	126.974777	37.295532
1685512242878	1685512242870	-13.269	-3.266	-0.146	0.007	0.865	3.163	-4.752	-1.259	-2.064	126.974777	37.295532
1685512242890	1685512242879	-12.514	-3.335	-0.189	0.153	0.805	3.313	-4.453	-1.465	-2.150	126.974777	37.295532
1685512242898	1685512242891	-11.868	-3.385	-0.041	0.257	0.746	3.464	-3.792	-1.695	-2.107	126.974777	37.295532
1685512242916	1685512242901	-11.339	-3.347	0.304	0.298	0.707	3.552	-2.976	-2.083	-2.076	126.974777	37.295532
1685512242925	1685512242917	-10.822	-3.488	0.749	0.281	0.698	3.569	-2.274	-2.504	-1.851	126.974777	37.295532
1685512242926	1685512242926	-10.400	-3.536	1.097	0.215	0.698	3.547	-1.709	-2.777	-1.446	126.974777	37.295532
1685512242937	1685512242928	-9.864	-3.376	1.324	0.121	0.699	3.504	-1.164	-3.302	-0.929	126.974777	37.295532
1685512242948	1685512242938	-9.443	-3.306	1.398	0.001	0.705	3.450	-0.733	-3.663	-0.520	126.974777	37.295532
1685512242959	1685512242948	-9.050	-3.397	1.451	-0.148	0.712	3.399	-0.194	-3.843	-0.225	126.974777	37.295532
1685512242969	1685512242959	-8.825	-3.498	1.496	-0.324	0.721	3.346	0.213	-4.106	-0.084	126.974777	37.295532
1685512242977	1685512242970	-8.638	-3.757	1.484	-0.497	0.744	3.274	0.584	-4.523	0.036	126.974777	37.295532
1685512242989	1685512242977	-8.538	-3.840	1.487	-0.646	0.764	3.191	0.776	-4.942	0.146	126.974777	37.295532
1685512242997	1685512242991	-8.722	-3.929	1.583	-0.781	0.767	3.107	0.915	-5.538	0.204	126.974777	37.295532
1685512243007	1685512242998	-8.983	-3.802	1.451	-0.882	0.765	3.024	0.970	-5.887	0.261	126.974777	37.295532
1685512243017	1685512243007	-9.357	-3.630	1.300	-0.960	0.778	2.922	0.721	-6.290	0.417	126.974777	37.295532
1685512243028	1685512243017	-9.625	-3.601	1.073	-1.067	0.762	2.817	0.400	-6.412	0.330	126.974777	37.295532
1685512243037	1685512243028	-9.828	-3.666	0.702	-1.224	0.706	2.721	-0.043	-6.500	0.225	126.974777	37.295532
1685512243048	1685512243037	-9.850	-3.950	0.445	-1.425	0.618	2.627	-0.383	-6.704	0.036	126.974777	37.295532
1685512243060	1685512243048	-9.912	-4.202	0.244	-1.631	0.513	2.535	-0.678	-7.037	-0.304	126.974777	37.295532
1685512243068	1685512243060	-10.025	-4.422	0.189	-1.815	0.403	2.447	-0.761	-7.487	-0.555	126.974777	37.295532
1685512243078	1685512243068	-10.180	-4.848	0.204	-1.971	0.310	2.357	-0.905	-7.942	-0.769	126.974777	37.295532
1685512243091	1685512243079	-10.204	-5.035	0.208	-2.079	0.239	2.269	-1.106	-8.356	-0.857	126.974777	37.295532
1685512243099	1685512243093	-10.357	-5.112	0.180	-2.137	0.184	2.182	-1.362	-8.988	-0.900	126.974777	37.295532
1685512243110	1685512243100	-10.326	-5.011	0.110	-2.151	0.134	2.099	-1.470	-9.333	-0.955	126.974777	37.295532
1685512243119	1685512243110	-10.190	-5.090	0.067	-2.149	0.070	2.028	-1.745	-9.622	-1.087	126.974777	37.295532
1685512243128	1685512243119	-10.015	-5.306	0.038	-2.153	-0.006	1.958	-1.779	-9.627	-1.216	126.974777	37.295532
1685512243138	1685512243128	-10.015	-5.519	0.079	-2.148	-0.059	1.873	-1.745	-9.864	-1.365	126.974777	37.295532
1685512243148	1685512243138	-10.108	-5.555	0.194	-2.109	-0.056	1.762	-1.657	-10.199	-1.487	126.974777	37.295532
1685512243157	1685512243149	-10.324	-5.787	0.412	-2.015	-0.010	1.635	-1.760	-10.546	-1.568	126.974777	37.295532
1685512243167	1685512243157	-10.415	-5.993	0.594	-1.874	0.038	1.514	-1.935	-10.681	-1.554	126.974777	37.295532
1685512243176	1685512243167	-10.250	-5.964	0.752	-1.696	0.086	1.405	-2.253	-11.028	-1.463	126.974777	37.295532
1685512243188	1685512243177	-10.044	-6.223	0.812	-1.484	0.123	1.318	-2.406	-11.303	-1.358	126.974777	37.295532
1685512243197	1685512243188	-9.900	-6.333	0.982	-1.242	0.145	1.252	-2.322	-11.360	-1.290	126.974777	37.295532
1685512243208	1685512243197	-9.941	-6.254	0.960	-0.979	0.180	1.183	-2.179	-11.684	-1.295	126.974777	37.295532
1685512243216	1685512243208	-10.104	-6.172	0.728	-0.706	0.232	1.091	-2.114	-11.880	-1.195	126.974777	37.295532
1685512243227	1685512243216	-10.364	-6.007	0.570	-0.461	0.287	0.975	-2.210	-11.866	-1.252	126.974777	37.295532
1685512243236	1685512243227	-10.934	-5.868	0.479	-0.283	0.340	0.845	-2.435	-11.858	-1.508	126.974777	37.295532
1685512243251	1685512243236	-11.530	-6.160	0.539	-0.205	0.367	0.701	-2.741	-11.751	-1.671	126.974770	37.295532
1685512243257	1685512243251	-11.961	-6.187	0.596	-0.178	0.385	0.536	-3.352	-11.669	-1.753	126.974770	37.295532
1685512243268	1685512243257	-12.186	-6.129	0.764	-0.165	0.392	0.365	-3.982	-12.012	-1.676	126.974770	37.295532
1685512243276	1685512243268	-11.842	-6.311	1.092	-0.173	0.336	0.220	-4.434	-12.074	-1.599	126.974770	37.295532
1685512243288	1685512243277	-11.037	-6.517	1.444	-0.193	0.237	0.104	-4.673	-12.040	-1.413	126.974770	37.295532
1685512243297	1685512243288	-10.044	-6.397	1.547	-0.175	0.154	-0.009	-4.334	-12.237	-1.068	126.974770	37.295532
1685512243309	1685512243297	-9.210	-6.218	1.415	-0.089	0.067	-0.130	-3.531	-12.445	-0.711	126.974770	37.295532
1685512243317	1685512243310	-9.024	-5.988	1.307	0.020	-0.011	-0.272	-2.533	-12.321	-0.606	126.974770	37.295532
1685512243328	1685512243317	-9.589	-6.062	1.195	0.103	-0.018	-0.479	-1.690	-12.131	-0.737	126.974770	37.295532
1685512243337	1685512243328	-10.824	-6.172	1.111	0.181	0.064	-0.764	-1.487	-11.880	-0.845	126.974770	37.295532
1685512243347	1685512243337	-12.139	-6.436	1.013	0.288	0.180	-1.084	-2.025	-11.921	-0.953	126.974770	37.295532
1685512243358	1685512243347	-13.223	-6.455	0.845	0.436	0.248	-1.368	-3.211	-11.971	-1.020	126.974770	37.295532
1685512243369	1685512243358	-13.762	-6.402	0.508	0.617	0.216	-1.577	-4.465	-12.165	-1.092	126.974770	37.295532
1685512243378	1685512243369	-13.834	-6.304	0.218	0.817	0.106	-1.702	-5.468	-12.088	-1.214	126.974770	37.295532
1685512243391	1685512243379	-13.580	-6.098	-0.034	1.004	-0.057	-1.767	-5.914	-11.926	-1.501	126.974770	37.295532
1685512243399	1685512243392	-13.362	-5.811	-0.093	1.147	-0.220	-1.822	-5.892	-11.708	-1.738	126.974770	37.295532
1685512243410	1685512243399	-13.099	-5.389	-0.172	1.234	-0.341	-1.912	-5.545	-11.382	-1.942	126.974770	37.295532
1685512243420	1685512243410	-12.910	-5.088	-0.208	1.272	-0.430	-2.038	-5.217	-10.942	-1.951	126.974770	37.295532
1685512243430	1685512243420	-12.656	-4.717	-0.261	1.258	-0.489	-2.194	-4.882	-10.415	-2.002	126.974770	37.295532
1685512243441	1685512243430	-12.373	-4.503	-0.177	1.197	-0.518	-2.377	-4.599	-9.967	-2.009	126.974770	37.295532
1685512243454	1685512243441	-11.978	-4.132	-0.218	1.107	-0.529	-2.585	-4.250	-9.436	-2.042	126.974770	37.295532
1685512243461	1685512243454	-11.598	-3.946	-0.278	0.994	-0.531	-2.804	-3.864	-9.041	-1.946	126.974770	37.295532
1685512243472	1685512243461	-11.210	-3.795	-0.309	0.861	-0.529	-3.021	-3.364	-8.468	-1.985	126.974770	37.295532
1685512243482	1685512243473	-10.987	-3.713	-0.335	0.724	-0.507	-3.238	-2.863	-8.033	-2.049	126.974770	37.295532
1685512243494	1685512243482	-10.827	-3.718	-0.364	0.599	-0.470	-3.442	-2.377	-7.657	-2.090	126.974770	37.295532
1685512243500	1685512243495	-10.772	-3.785	-0.431	0.503	-0.423	-3.630	-2.042	-7.302	-2.136	126.974770	37.295532
1685512243512	1685512243501	-10.704	-3.687	-0.445	0.452	-0.370	-3.789	-1.772	-7.008	-2.186	126.974770	37.295532
1685512243522	1685512243513	-10.561	-3.680	-0.527	0.456	-0.321	-3.911	-1.602	-6.721	-2.279	126.974770	37.295532
1685512243549	1685512243522	-10.427	-3.582	-0.594	0.509	-0.283	-3.995	-1.446	-6.316	-2.313	126.974770	37.295532
1685512243550	1685512243549	-10.214	-3.527	-0.587	0.605	-0.252	-4.048	-1.204	-5.916	-2.413	126.974770	37.295532
1685512243551	1685512243551	-10.034	-3.428	-0.649	0.727	-0.224	-4.071	-1.001	-5.490	-2.495	126.974770	37.295532
1685512243560	1685512243552	-9.934	-3.270	-0.654	0.865	-0.187	-4.070	-0.723	-5.064	-2.502	126.974770	37.295532
1685512243571	1685512243561	-9.809	-3.213	-0.682	1.005	-0.147	-4.050	-0.491	-4.592	-2.576	126.974770	37.295532
1685512243579	1685512243571	-9.677	-3.036	-0.596	1.134	-0.112	-4.010	-0.354	-4.061	-2.591	126.974770	37.295532
1685512243592	1685512243580	-9.515	-2.959	-0.646	1.247	-0.087	-3.944	-0.208	-3.634	-2.626	126.974770	37.295532
1685512243599	1685512243592	-9.369	-2.844	-0.567	1.344	-0.071	-3.851	-0.069	-3.057	-2.550	126.974770	37.295532
1685512243610	1685512243600	-9.237	-2.670	-0.563	1.410	-0.068	-3.738	0.084	-2.662	-2.610	126.974770	37.295532
1685512243620	1685512243611	-9.206	-2.598	-0.673	1.437	-0.078	-3.609	0.208	-2.169	-2.545	126.974770	37.295532
1685512243631	1685512243620	-9.139	-2.485	-0.716	1.436	-0.078	-3.462	0.311	-1.700	-2.557	126.974770	37.295532
1685512243640	1685512243632	-9.029	-2.409	-0.713	1.410	-0.072	-3.305	0.299	-1.312	-2.689	126.974770	37.295532
1685512243650	1685512243640	-8.844	-2.263	-0.711	1.356	-0.087	-3.122	0.316	-0.895	-2.753	126.974770	37.295532
1685512243659	1685512243650	-8.679	-2.124	-0.651	1.271	-0.120	-2.913	0.364	-0.498	-2.765	126.974770	37.295532
1685512243672	1685512243660	-8.724	-2.016	-0.582	1.170	-0.139	-2.691	0.496	-0.103	-2.761	126.974770	37.295532
1685512243681	1685512243673	-8.792	-2.076	-0.553	1.065	-0.139	-2.467	0.601	0.287	-2.693	126.974770	37.295532
1685512243693	1685512243681	-8.887	-2.150	-0.357	0.969	-0.121	-2.235	0.496	0.622	-2.605	126.974770	37.295532
1685512243700	1685512243693	-8.930	-2.212	-0.275	0.872	-0.100	-1.985	0.376	0.766	-2.545	126.974770	37.295532
1685512243713	1685512243701	-8.926	-2.205	-0.249	0.792	-0.083	-1.719	0.232	0.867	-2.308	126.974770	37.295532
1685512243719	1685512243713	-8.885	-2.267	-0.211	0.732	-0.076	-1.440	0.134	0.984	-2.193	126.974770	37.295532
1685512243740	1685512243719	-8.882	-2.272	-0.259	0.676	-0.078	-1.162	0.115	1.085	-2.124	126.974770	37.295532
1685512243741	1685512243740	-8.961	-2.186	-0.290	0.613	-0.073	-0.889	0.129	1.116	-2.049	126.974770	37.295532
1685512243751	1685512243741	-9.062	-1.987	-0.330	0.545	-0.049	-0.637	0.113	1.178	-2.064	126.974770	37.295532
1685512243759	1685512243751	-9.170	-1.767	-0.503	0.464	-0.038	-0.397	0.022	1.307	-2.066	126.974770	37.295532
1685512243770	1685512243759	-9.594	-1.889	-0.431	0.363	-0.039	-0.162	-0.077	1.530	-2.073	126.974770	37.295532
1685512243779	1685512243770	-10.441	-2.174	-0.429	0.239	-0.002	0.065	-0.180	1.753	-2.212	126.974770	37.295532
1685512243791	1685512243780	-11.190	-2.310	-0.479	0.111	0.090	0.277	-0.589	1.609	-2.100	126.974770	37.295532
1685512243800	1685512243791	-11.609	-2.375	-0.555	-0.013	0.187	0.495	-1.410	1.281	-2.047	126.974770	37.295532
1685512243811	1685512243800	-11.870	-2.665	-0.618	-0.132	0.227	0.768	-2.124	1.080	-2.025	126.974770	37.295532
1685512243820	1685512243811	-11.566	-2.897	-0.493	-0.235	0.235	1.111	-2.521	0.965	-2.083	126.974770	37.295532
1685512243830	1685512243820	-10.702	-3.045	-0.335	-0.323	0.235	1.480	-2.756	0.615	-2.124	126.974770	37.295532
