1685512258872	1685512258872	-12.012	-6.306	1.188	0.182	-0.573	-1.891	-2.758	-9.261	4.719	126.974716	37.295750
1685512258872	1685512258872	-12.107	-6.122	1.075	0.618	-0.610	-1.943	-3.045	-9.048	4.554	126.974716	37.295750
1685512258880	1685512258873	-12.143	-5.734	0.824	1.015	-0.652	-2.004	-3.098	-8.748	4.458	126.974716	37.295750
1685512258891	1685512258880	-12.050	-5.262	0.625	1.326	-0.670	-2.074	-3.129	-8.370	4.305	126.974716	37.295750
1685512258900	1685512258892	-11.746	-4.937	0.527	1.527	-0.705	-2.145	-3.100	-7.769	4.017	126.974716	37.295750
1685512258911	1685512258901	-11.296	-4.657	0.393	1.619	-0.767	-2.222	-2.947	-7.068	3.783	126.974716	37.295750
1685512258920	1685512258911	-10.891	-4.477	0.330	1.607	-0.836	-2.321	-2.574	-6.448	3.637	126.974716	37.295750
1685512258931	1685512258920	-10.532	-4.350	0.359	1.519	-0.888	-2.443	-2.078	-5.964	3.467	126.974716	37.295750
1685512258940	1685512258931	-10.336	-4.274	0.304	1.394	-0.927	-2.582	-1.616	-5.495	3.340	126.974716	37.295750
1685512258951	1685512258940	-10.238	-4.137	0.239	1.264	-0.955	-2.732	-1.214	-5.124	3.306	126.974716	37.295750
1685512258959	1685512258951	-10.211	-4.051	0.206	1.145	-0.975	-2.865	-0.974	-4.764	3.172	126.974716	37.295750
1685512258970	1685512258959	-10.077	-4.041	0.127	1.046	-0.983	-2.968	-0.838	-4.336	3.021	126.974716	37.295750
1685512258979	1685512258970	-9.919	-3.948	0.091	0.979	-1.002	-3.047	-0.781	-3.888	2.880	126.974716	37.295750
1685512258990	1685512258979	-9.768	-4.003	0.007	0.959	-1.007	-3.100	-0.632	-3.632	2.725	126.974716	37.295750
1685512258999	1685512258990	-9.670	-3.855	-0.194	0.991	-0.988	-3.126	-0.464	-3.194	2.576	126.974716	37.295750
1685512259012	1685512258999	-9.565	-3.677	-0.273	1.054	-0.965	-3.129	-0.318	-2.964	2.399	126.974716	37.295750
1685512259019	1685512259012	-9.452	-3.570	-0.383	1.135	-0.944	-3.111	-0.235	-2.466	2.083	126.974716	37.295750
1685512259030	1685512259019	-9.323	-3.479	-0.486	1.225	-0.918	-3.068	-0.153	-2.002	1.908	126.974716	37.295750
1685512259039	1685512259030	-9.266	-3.321	-0.587	1.322	-0.887	-3.007	-0.091	-1.484	1.654	126.974716	37.295750
1685512259050	1685512259039	-9.163	-3.225	-0.718	1.411	-0.859	-2.927	0.000	-1.176	1.472	126.974716	37.295750
1685512259059	1685512259050	-9.064	-3.110	-0.797	1.488	-0.833	-2.830	-0.002	-0.682	1.245	126.974716	37.295750
1685512259073	1685512259060	-8.906	-3.014	-0.778	1.550	-0.808	-2.717	0.038	-0.321	1.008	126.974716	37.295750
1685512259082	1685512259073	-8.787	-2.969	-0.838	1.592	-0.786	-2.590	0.057	0.105	0.792	126.974716	37.295750
1685512259090	1685512259082	-8.705	-2.880	-0.852	1.613	-0.761	-2.451	0.146	0.445	0.690	126.974716	37.295750
1685512259100	1685512259090	-8.588	-2.768	-0.929	1.615	-0.735	-2.303	0.170	0.792	0.460	126.974716	37.295750
1685512259111	1685512259100	-8.435	-2.617	-0.984	1.600	-0.705	-2.147	0.184	1.085	0.311	126.974716	37.295750
1685512259119	1685512259111	-8.375	-2.638	-1.049	1.563	-0.677	-1.988	0.227	1.393	0.086	126.974716	37.295750
1685512259131	1685512259120	-8.368	-2.567	-0.879	1.502	-0.654	-1.828	0.316	1.709	-0.108	126.974716	37.295750
1685512259140	1685512259131	-8.406	-2.682	-0.802	1.417	-0.637	-1.668	0.316	1.836	-0.316	126.974716	37.295750
1685512259150	1685512259140	-8.633	-2.648	-0.802	1.321	-0.613	-1.515	0.287	1.994	-0.254	126.974716	37.295750
1685512259160	1685512259150	-8.746	-2.581	-0.862	1.222	-0.577	-1.377	0.201	1.982	-0.299	126.974716	37.295750
1685512259170	1685512259160	-8.784	-2.619	-0.979	1.124	-0.540	-1.240	-0.057	2.083	-0.388	126.974716	37.295750
1685512259196	1685512259170	-8.911	-2.598	-1.044	1.018	-0.514	-1.092	-0.204	2.219	-0.541	126.974716	37.295750
1685512259196	1685512259196	-8.983	-2.543	-1.056	0.892	-0.485	-0.944	-0.273	2.241	-0.742	126.974716	37.295750
1685512259200	1685512259196	-8.954	-2.636	-1.106	0.755	-0.463	-0.812	-0.424	2.308	-0.881	126.974716	37.295750
1685512259211	1685512259200	-9.033	-2.595	-1.058	0.624	-0.429	-0.691	-0.515	2.397	-0.958	126.974716	37.295750
1685512259220	1685512259211	-9.213	-2.708	-1.018	0.496	-0.369	-0.579	-0.500	2.330	-1.070	126.974716	37.295750
1685512259230	1685512259220	-9.582	-2.749	-1.085	0.371	-0.292	-0.472	-0.582	2.373	-1.056	126.974716	37.295750
1685512259240	1685512259231	-10.151	-2.796	-1.283	0.268	-0.198	-0.358	-0.761	2.260	-1.051	126.974716	37.295750
1685512259263	1685512259240	-11.028	-2.863	-1.434	0.193	-0.093	-0.236	-1.118	2.200	-1.128	126.974724	37.295757
1685512259263	1685512259263	-12.105	-2.861	-1.635	0.122	0.017	-0.109	-1.671	2.119	-1.322	126.974724	37.295757
1685512259272	1685512259263	-13.113	-2.837	-1.757	0.033	0.137	0.028	-2.523	2.014	-1.458	126.974724	37.295757
1685512259280	1685512259272	-13.594	-2.875	-1.978	-0.071	0.279	0.202	-3.587	1.987	-1.645	126.974724	37.295757
1685512259290	1685512259280	-13.506	-2.950	-2.059	-0.177	0.387	0.457	-4.592	2.009	-1.757	126.974724	37.295757
1685512259300	1685512259290	-12.603	-2.866	-1.927	-0.297	0.459	0.789	-5.064	1.954	-1.949	126.974724	37.295757
1685512259312	1685512259300	-11.080	-2.911	-1.666	-0.436	0.539	1.135	-4.954	1.841	-1.990	126.974724	37.295757
1685512259320	1685512259312	-9.697	-2.931	-1.305	-0.575	0.595	1.422	-4.013	1.856	-1.805	126.974724	37.295757
1685512259330	1685512259320	-9.096	-3.187	-0.764	-0.695	0.665	1.614	-2.437	1.712	-1.477	126.974724	37.295757
1685512259340	1685512259330	-9.550	-3.424	-0.321	-0.751	0.822	1.674	-0.977	1.544	-1.022	126.974724	37.295757
1685512259350	1685512259340	-10.891	-3.541	0.093	-0.674	1.053	1.597	-0.321	1.173	-0.409	126.974724	37.295757
1685512259360	1685512259350	-12.294	-3.790	0.309	-0.439	1.318	1.454	-0.709	0.785	0.136	126.974724	37.295757
1685512259372	1685512259360	-13.087	-3.764	0.472	-0.064	1.541	1.374	-1.990	0.522	0.673	126.974724	37.295757
1685512259380	1685512259372	-12.967	-3.699	0.450	0.391	1.659	1.442	-3.342	0.141	1.022	126.974724	37.295757
1685512259390	1685512259380	-12.316	-3.637	0.524	0.847	1.668	1.653	-4.094	0.043	1.326	126.974724	37.295757
1685512259400	1685512259390	-11.507	-3.256	0.419	1.223	1.631	1.902	-3.931	-0.029	1.453	126.974724	37.295757
1685512259411	1685512259400	-10.810	-2.799	0.335	1.455	1.609	2.067	-3.244	-0.093	1.635	126.974724	37.295757
1685512259420	1685512259411	-10.247	-2.332	0.376	1.531	1.586	2.112	-2.387	0.127	1.638	126.974724	37.295757
1685512259433	1685512259420	-9.682	-2.097	0.378	1.449	1.563	2.082	-1.642	0.414	1.652	126.974724	37.295757
1685512259442	1685512259433	-9.191	-1.923	0.589	1.239	1.545	2.022	-1.030	0.690	1.800	126.974724	37.295757
1685512259450	1685512259442	-8.739	-1.841	0.800	0.931	1.531	1.945	-0.431	0.771	1.894	126.974724	37.295757
1685512259460	1685512259451	-8.382	-1.832	0.876	0.566	1.516	1.866	0.093	0.761	2.224	126.974724	37.295757
1685512259470	1685512259460	-8.092	-1.841	1.058	0.192	1.506	1.802	0.567	0.694	2.543	126.974724	37.295757
1685512259483	1685512259470	-7.717	-2.042	1.252	-0.159	1.482	1.759	0.943	0.539	2.746	126.974724	37.295757
1685512259492	1685512259484	-7.599	-2.346	1.499	-0.459	1.456	1.730	1.245	0.366	3.065	126.974724	37.295757
1685512259500	1685512259493	-7.554	-2.672	1.779	-0.681	1.431	1.717	1.628	0.000	3.400	126.974724	37.295757
1685512259512	1685512259500	-7.532	-2.799	1.911	-0.803	1.401	1.706	1.748	-0.476	3.792	126.974724	37.295757
1685512259520	1685512259512	-7.630	-2.813	1.958	-0.834	1.376	1.690	1.788	-0.998	4.233	126.974724	37.295757
1685512259534	1685512259520	-7.784	-2.830	2.021	-0.804	1.338	1.677	1.803	-1.286	4.494	126.974724	37.295757
1685512259541	1685512259536	-7.992	-2.899	2.016	-0.746	1.296	1.675	1.690	-1.499	4.695	126.974724	37.295757
1685512259552	1685512259542	-8.205	-2.988	1.980	-0.699	1.253	1.673	1.523	-1.676	4.879	126.974724	37.295757
1685512259564	1685512259552	-8.291	-3.081	2.011	-0.678	1.190	1.673	1.300	-1.911	4.980	126.974724	37.295757
1685512259570	1685512259564	-8.686	-3.249	2.035	-0.704	1.128	1.670	1.070	-2.164	5.045	126.974724	37.295757
1685512259580	1685512259571	-8.921	-3.373	1.985	-0.762	1.085	1.670	0.962	-2.440	5.181	126.974724	37.295757
1685512259590	1685512259580	-9.203	-3.551	1.925	-0.842	1.051	1.666	0.551	-2.753	5.279	126.974724	37.295757
1685512259600	1685512259591	-9.471	-3.747	2.040	-0.938	0.997	1.663	0.297	-3.041	5.303	126.974724	37.295757
1685512259612	1685512259601	-9.804	-3.831	2.033	-1.043	0.948	1.653	0.000	-3.373	5.303	126.974724	37.295757
1685512259620	1685512259613	-10.015	-3.907	2.009	-1.139	0.902	1.637	-0.285	-3.723	5.464	126.974724	37.295757
1685512259631	1685512259621	-10.266	-4.099	2.097	-1.224	0.839	1.618	-0.627	-3.950	5.483	126.974724	37.295757
1685512259641	1685512259632	-10.496	-4.252	2.179	-1.307	0.783	1.596	-0.857	-4.211	5.497	126.974724	37.295757
1685512259650	1685512259642	-10.714	-4.484	2.143	-1.377	0.738	1.566	-1.137	-4.556	5.643	126.974724	37.295757
1685512259660	1685512259651	-11.071	-4.609	2.085	-1.428	0.684	1.533	-1.405	-4.901	5.789	126.974724	37.295757
1685512259672	1685512259660	-11.310	-4.750	2.126	-1.462	0.638	1.491	-1.662	-5.325	5.811	126.974724	37.295757
1685512259680	1685512259673	-11.655	-4.903	2.121	-1.486	0.586	1.448	-2.057	-5.641	5.801	126.974724	37.295757
1685512259692	1685512259680	-11.923	-5.152	2.219	-1.492	0.546	1.410	-2.337	-5.971	5.883	126.974724	37.295757
1685512259700	1685512259693	-12.167	-5.308	2.239	-1.487	0.519	1.376	-2.727	-6.330	5.914	126.974724	37.295757
1685512259714	1685512259701	-12.268	-5.516	2.346	-1.464	0.485	1.343	-3.033	-6.742	6.036	126.974724	37.295757
1685512259723	1685512259715	-12.261	-5.538	2.339	-1.389	0.473	1.316	-3.321	-7.077	6.076	126.974724	37.295757
1685512259734	1685512259724	-12.028	-5.564	2.234	-1.283	0.441	1.289	-3.464	-7.460	6.199	126.974724	37.295757
1685512259744	1685512259735	-11.909	-5.559	2.155	-1.178	0.375	1.246	-3.508	-7.669	6.208	126.974724	37.295757
1685512259753	1685512259744	-12.129	-5.794	2.047	-1.097	0.296	1.168	-3.316	-7.841	6.110	126.974724	37.295757
1685512259764	1685512259755	-12.658	-5.947	2.239	-1.043	0.231	1.042	-3.249	-8.021	6.038	126.974724	37.295757
1685512259775	1685512259765	-12.967	-6.024	2.344	-1.015	0.219	0.878	-3.503	-8.370	5.928	126.974724	37.295757
1685512259790	1685512259775	-12.689	-6.055	2.382	-0.981	0.216	0.713	-4.073	-8.667	6.110	126.974724	37.295757
1685512259794	1685512259791	-11.914	-6.225	2.521	-0.915	0.158	0.579	-4.410	-8.847	6.208	126.974724	37.295757
1685512259803	1685512259794	-10.891	-6.220	2.579	-0.822	0.024	0.479	-4.164	-8.985	6.237	126.974724	37.295757
1685512259815	1685512259803	-9.919	-6.235	2.500	-0.704	-0.094	0.369	-3.409	-9.232	6.361	126.974724	37.295757
1685512259823	1685512259815	-9.266	-6.127	2.406	-0.555	-0.184	0.213	-2.406	-9.313	6.393	126.974724	37.295757
1685512259834	1685512259824	-9.007	-6.139	2.433	-0.396	-0.272	0.013	-1.439	-9.376	6.290	126.974724	37.295757
1685512259844	1685512259835	-9.294	-6.079	2.454	-0.241	-0.331	-0.224	-0.785	-9.313	6.155	126.974724	37.295757
1685512259855	1685512259844	-9.936	-5.983	2.528	-0.071	-0.349	-0.497	-0.520	-9.337	6.153	126.974724	37.295757
1685512259864	1685512259855	-10.685	-6.060	2.373	0.127	-0.336	-0.784	-0.785	-9.268	6.136	126.974724	37.295757
1685512259874	1685512259865	-11.207	-6.115	2.143	0.362	-0.329	-1.030	-1.401	-9.136	6.182	126.974724	37.295757
1685512259884	1685512259874	-11.686	-6.002	1.884	0.605	-0.373	-1.208	-2.107	-9.127	5.995	126.974724	37.295757
1685512259894	1685512259886	-11.978	-5.849	1.482	0.834	-0.459	-1.341	-2.591	-9.091	5.751	126.974724	37.295757
1685512259907	1685512259894	-12.349	-5.612	1.279	1.027	-0.575	-1.449	-3.021	-8.851	5.478	126.974724	37.295757
1685512259918	1685512259907	-12.656	-5.476	1.046	1.167	-0.690	-1.550	-3.259	-8.552	5.059	126.974724	37.295757
1685512259922	1685512259919	-12.831	-5.337	0.785	1.251	-0.776	-1.662	-3.572	-8.150	4.831	126.974724	37.295757
1685512259933	1685512259922	-12.792	-5.100	0.484	1.280	-0.867	-1.776	-3.816	-7.836	4.566	126.974724	37.295757
1685512259942	1685512259933	-12.519	-4.870	0.263	1.253	-0.969	-1.880	-3.912	-7.468	4.257	126.974724	37.295757
1685512259954	1685512259943	-12.165	-4.724	0.067	1.179	-1.073	-1.977	-3.821	-7.068	3.915	126.974724	37.295757
1685512259965	1685512259955	-11.835	-4.551	-0.132	1.070	-1.166	-2.079	-3.481	-6.627	3.630	126.974724	37.295757
1685512259978	1685512259966	-11.396	-4.403	-0.230	0.935	-1.232	-2.194	-3.057	-6.261	3.354	126.974724	37.295757
1685512259984	1685512259979	-11.174	-4.199	-0.287	0.770	-1.278	-2.330	-2.660	-5.863	3.065	126.974724	37.295757
1685512259995	1685512259984	-10.841	-4.106	-0.342	0.590	-1.304	-2.483	-2.157	-5.485	2.863	126.974724	37.295757
1685512260012	1685512259996	-10.463	-4.041	-0.417	0.421	-1.308	-2.632	-1.867	-5.018	2.684	126.974724	37.295757
1685512260026	1685512260013	-10.087	-4.034	-0.476	0.277	-1.310	-2.768	-1.484	-4.700	2.523	126.974724	37.295757
1685512260026	1685512260026	-9.673	-3.812	-0.479	0.167	-1.308	-2.897	-1.056	-4.377	2.330	126.974724	37.295757
1685512260035	1685512260026	-9.400	-3.924	-0.455	0.099	-1.289	-3.013	-0.639	-4.101	2.145	126.974724	37.295757
1685512260043	1685512260035	-9.170	-3.812	-0.455	0.081	-1.247	-3.115	-0.192	-3.572	2.006	126.974724	37.295757
1685512260054	1685512260044	-9.076	-3.802	-0.400	0.114	-1.192	-3.202	0.098	-3.424	1.920	126.974724	37.295757
1685512260064	1685512260054	-8.921	-3.680	-0.443	0.199	-1.124	-3.271	0.335	-2.983	1.788	126.974724	37.295757
1685512260074	1685512260065	-8.789	-3.582	-0.618	0.327	-1.067	-3.312	0.426	-2.698	1.741	126.974724	37.295757
1685512260084	1685512260075	-8.660	-3.467	-0.759	0.478	-1.012	-3.327	0.563	-2.263	1.590	126.974724	37.295757
1685512260096	1685512260084	-8.557	-3.397	-0.845	0.632	-0.958	-3.308	0.663	-1.844	1.307	126.974724	37.295757
1685512260104	1685512260096	-8.461	-3.273	-0.852	0.783	-0.907	-3.264	0.749	-1.405	1.063	126.974724	37.295757
1685512260114	1685512260104	-8.401	-3.129	-0.922	0.920	-0.865	-3.201	0.795	-1.010	0.869	126.974724	37.295757
1685512260121	1685512260114	-8.322	-2.990	-0.965	1.035	-0.814	-3.119	0.814	-0.524	0.730	126.974724	37.295757
1685512260132	1685512260122	-8.456	-2.909	-0.984	1.120	-0.759	-3.026	0.802	-0.086	0.543	126.974724	37.295757
1685512260143	1685512260132	-8.464	-2.784	-1.013	1.174	-0.709	-2.916	0.783	0.388	0.357	126.974724	37.295757
1685512260153	1685512260143	-8.641	-2.693	-1.073	1.201	-0.666	-2.784	0.565	0.728	0.215	126.974724	37.295757
1685512260161	1685512260153	-8.835	-2.607	-1.092	1.205	-0.624	-2.630	0.467	1.111	0.060	126.974724	37.295757
1685512260171	1685512260161	-9.055	-2.547	-1.120	1.185	-0.580	-2.468	0.201	1.427	-0.115	126.974724	37.295757
1685512260181	1685512260171	-9.242	-2.509	-1.118	1.145	-0.550	-2.297	-0.086	1.736	-0.251	126.974724	37.295757
1685512260192	1685512260181	-9.443	-2.504	-1.154	1.084	-0.519	-2.106	-0.373	1.944	-0.366	126.974724	37.295757
1685512260202	1685512260192	-9.658	-2.413	-1.142	1.009	-0.481	-1.905	-0.627	2.124	-0.453	126.974724	37.295757
1685512260213	1685512260202	-9.799	-2.504	-1.104	0.918	-0.451	-1.701	-0.888	2.251	-0.570	126.974724	37.295757
1685512260221	1685512260214	-9.843	-2.478	-1.190	0.810	-0.412	-1.492	-1.154	2.437	-0.627	126.974724	37.295757
1685512260231	1685512260221	-9.881	-2.456	-1.147	0.698	-0.367	-1.273	-1.338	2.428	-0.651	126.974724	37.295757
1685512260241	1685512260231	-9.991	-2.516	-1.137	0.577	-0.309	-1.057	-1.434	2.547	-0.809	126.974724	37.295757
1685512260251	1685512260241	-10.132	-2.569	-1.046	0.452	-0.242	-0.849	-1.489	2.602	-0.802	126.974724	37.295757
1685512260261	1685512260252	-10.214	-2.732	-0.958	0.335	-0.156	-0.650	-1.623	2.583	-0.831	126.974724	37.295761
1685512260272	1685512260261	-10.283	-2.883	-0.831	0.239	-0.056	-0.463	-1.784	2.562	-0.769	126.974724	37.295761
1685512260281	1685512260273	-10.262	-2.883	-0.682	0.176	0.043	-0.281	-1.875	2.418	-0.699	126.974724	37.295761
1685512260292	1685512260282	-10.214	-2.940	-0.548	0.147	0.149	-0.108	-1.951	2.277	-0.579	126.974724	37.295761
1685512260302	1685512260292	-10.606	-2.921	-0.529	0.148	0.244	0.056	-1.932	2.282	-0.431	126.974724	37.295761
1685512260313	1685512260302	-11.475	-3.043	-0.551	0.175	0.341	0.202	-1.879	2.217	-0.287	126.974724	37.295761
1685512260322	1685512260313	-12.536	-3.146	-0.627	0.209	0.492	0.318	-2.265	2.219	-0.251	126.974724	37.295761
1685512260333	1685512260322	-13.015	-2.909	-0.831	0.239	0.670	0.423	-3.122	2.078	-0.254	126.974724	37.295761
1685512260341	1685512260333	-12.443	-2.763	-0.960	0.264	0.805	0.580	-4.166	1.946	-0.297	126.974724	37.295761
1685512260352	1685512260341	-10.891	-2.670	-0.742	0.263	0.819	0.871	-4.628	2.152	-0.460	126.974724	37.295761
1685512260362	1685512260352	-9.301	-2.701	-0.426	0.198	0.772	1.235	-4.027	2.246	-0.529	126.974724	37.295761
1685512260372	1685512260362	-8.468	-2.926	0.065	0.075	0.771	1.516	-2.440	2.274	-0.261	126.974724	37.295761
1685512260382	1685512260372	-8.689	-3.215	0.539	-0.035	0.885	1.635	-0.792	2.138	0.108	126.974724	37.295761
1685512260393	1685512260382	-9.814	-3.476	0.816	-0.062	1.139	1.604	0.108	1.784	0.661	126.974724	37.295761
1685512260402	1685512260393	-11.131	-3.721	1.178	0.075	1.432	1.513	-0.041	1.353	1.214	126.974724	37.295761
1685512260413	1685512260402	-12.079	-3.632	1.427	0.378	1.665	1.471	-1.104	0.953	1.592	126.974724	37.295761
1685512260423	1685512260413	-12.572	-3.534	1.446	0.792	1.815	1.547	-2.361	0.565	2.088	126.974724	37.295761
1685512260434	1685512260423	-12.514	-3.440	1.257	1.224	1.847	1.723	-3.268	0.539	2.454	126.974724	37.295761
1685512260443	1685512260434	-12.323	-3.304	1.075	1.583	1.804	1.934	-3.713	0.498	2.614	126.974724	37.295761
1685512260455	1685512260443	-12.057	-2.959	0.840	1.809	1.743	2.107	-3.615	0.467	2.531	126.974724	37.295761
1685512260463	1685512260455	-11.820	-2.622	0.773	1.867	1.660	2.195	-3.369	0.436	2.459	126.974724	37.295761
1685512260474	1685512260464	-11.593	-2.301	0.721	1.770	1.556	2.214	-3.055	0.634	2.306	126.974724	37.295761
1685512260485	1685512260475	-11.088	-2.052	0.704	1.531	1.447	2.192	-2.756	0.766	2.339	126.974724	37.295761
1685512260495	1685512260485	-10.355	-1.765	0.646	1.136	1.312	2.140	-2.490	0.950	2.354	126.974724	37.295761
1685512260506	1685512260496	-9.586	-1.796	0.776	0.610	1.174	2.070	-1.935	1.008	2.428	126.974724	37.295761
1685512260518	1685512260507	-9.014	-1.937	0.881	0.012	1.063	1.983	-1.166	1.135	2.449	126.974724	37.295761
1685512260524	1685512260518	-8.677	-2.263	1.104	-0.599	1.014	1.885	-0.357	0.907	2.679	126.974724	37.295761
1685512260536	1685512260525	-8.389	-2.614	1.267	-1.126	1.025	1.794	0.244	0.582	2.883	126.974724	37.295761
1685512260547	1685512260537	-8.195	-2.895	1.460	-1.528	1.032	1.728	0.611	0.034	3.235	126.974724	37.295761
1685512260556	1685512260548	-7.977	-3.211	1.623	-1.800	1.020	1.695	0.912	-0.469	3.493	126.974724	37.295761
1685512260566	1685512260556	-7.685	-3.345	1.753	-1.916	0.998	1.687	1.118	-0.946	3.814	126.974724	37.295761
1685512260583	1685512260566	-7.367	-3.577	1.939	-1.883	0.963	1.697	1.343	-1.465	4.106	126.974724	37.295761
1685512260583	1685512260583	-7.195	-3.764	2.078	-1.736	0.913	1.710	1.638	-1.805	4.360	126.974724	37.295761
1685512260597	1685512260585	-7.072	-3.768	2.090	-1.511	0.874	1.717	1.956	-2.246	4.664	126.974724	37.295761
1685512260619	1685512260598	-7.001	-3.508	2.057	-1.246	0.849	1.708	2.124	-2.660	4.920	126.974724	37.295761
1685512260620	1685512260620	-6.914	-3.338	2.021	-0.990	0.817	1.691	2.239	-2.849	5.018	126.974724	37.295761
1685512260625	1685512260620	-6.790	-3.268	1.949	-0.797	0.761	1.665	2.298	-2.784	5.073	126.974724	37.295761
1685512260635	1685512260625	-6.780	-3.191	1.980	-0.688	0.700	1.640	2.377	-2.784	5.097	126.974724	37.295761
1685512260644	1685512260635	-6.936	-3.160	1.942	-0.672	0.666	1.608	2.483	-2.911	5.107	126.974724	37.295761
1685512260655	1685512260645	-7.207	-3.103	1.899	-0.727	0.655	1.560	2.478	-2.993	5.198	126.974724	37.295761
1685512260664	1685512260656	-7.468	-3.203	1.927	-0.816	0.652	1.504	2.298	-3.148	5.229	126.974724	37.295761
1685512260675	1685512260664	-7.752	-3.493	1.856	-0.927	0.633	1.454	2.009	-3.242	5.239	126.974724	37.295761
1685512260685	1685512260677	-7.970	-3.577	1.841	-1.045	0.596	1.418	1.721	-3.510	5.327	126.974724	37.295761
1685512260695	1685512260685	-8.193	-3.701	1.793	-1.136	0.563	1.390	1.410	-3.965	5.308	126.974724	37.295761
1685512260704	1685512260695	-8.440	-3.826	1.786	-1.195	0.518	1.372	1.164	-4.214	5.344	126.974724	37.295761
1685512260717	1685512260705	-8.636	-3.857	1.803	-1.235	0.463	1.360	0.910	-4.506	5.339	126.974724	37.295761
1685512260726	1685512260717	-8.777	-4.001	1.729	-1.282	0.414	1.334	0.630	-4.815	5.373	126.974724	37.295761
1685512260737	1685512260727	-8.942	-4.099	1.781	-1.332	0.374	1.308	0.405	-4.997	5.413	126.974724	37.295761
1685512260745	1685512260738	-9.069	-4.293	1.652	-1.395	0.337	1.295	0.239	-5.308	5.349	126.974724	37.295761
1685512260758	1685512260746	-9.337	-4.439	1.640	-1.455	0.312	1.282	0.057	-5.528	5.392	126.974724	37.295761
1685512260766	1685512260758	-9.558	-4.518	1.547	-1.487	0.310	1.252	-0.079	-5.854	5.239	126.974724	37.295761
1685512260780	1685512260766	-9.859	-4.604	1.530	-1.509	0.299	1.216	-0.354	-6.120	5.191	126.974724	37.295761
1685512260785	1685512260780	-10.046	-4.870	1.683	-1.525	0.280	1.190	-0.582	-6.321	5.052	126.974724	37.295761
1685512260816	1685512260785	-10.274	-5.150	1.669	-1.515	0.282	1.180	-0.886	-6.500	4.994	126.974724	37.295761
1685512260817	1685512260816	-10.307	-5.274	1.700	-1.460	0.280	1.178	-1.085	-6.886	5.112	126.974724	37.295761
1685512260817	1685512260817	-10.288	-5.344	1.563	-1.367	0.266	1.174	-1.334	-7.298	5.073	126.974724	37.295761
1685512260825	1685512260818	-10.360	-5.401	1.384	-1.264	0.233	1.172	-1.398	-7.566	5.090	126.974724	37.295761
1685512260836	1685512260825	-10.965	-5.607	1.427	-1.180	0.205	1.152	-1.415	-7.786	4.944	126.974724	37.295761
1685512260845	1685512260837	-11.633	-5.986	1.621	-1.124	0.226	1.090	-1.532	-8.021	4.752	126.974724	37.295761
1685512260856	1685512260846	-12.131	-6.208	1.772	-1.069	0.274	0.990	-2.169	-8.339	4.784	126.974724	37.295761
1685512260865	1685512260856	-12.304	-6.527	1.944	-0.975	0.314	0.888	-2.875	-8.851	4.966	126.974724	37.295761
1685512260875	1685512260865	-12.383	-6.819	2.270	-0.830	0.305	0.834	-3.412	-9.196	5.109	126.974724	37.295761
1685512260885	1685512260876	-11.854	-7.144	2.607	-0.624	0.276	0.812	-3.620	-9.625	5.279	126.974724	37.295761
1685512260896	1685512260885	-11.212	-7.257	2.689	-0.349	0.222	0.776	-3.735	-10.017	5.605	126.974724	37.295761
1685512260905	1685512260896	-10.810	-7.168	2.502	-0.001	0.139	0.691	-3.247	-10.441	5.947	126.974724	37.295761
1685512260916	1685512260905	-10.970	-7.022	2.358	0.370	0.050	0.546	-2.634	-10.625	6.036	126.974724	37.295761
1685512260925	1685512260916	-11.631	-7.015	2.303	0.655	-0.038	0.330	-2.260	-10.597	5.861	126.974724	37.295761
1685512260937	1685512260925	-12.605	-7.001	2.126	0.831	-0.108	0.043	-2.440	-10.484	5.734	126.974724	37.295761
1685512260945	1685512260938	-13.623	-6.883	1.930	0.924	-0.166	-0.286	-3.112	-10.484	5.701	126.974724	37.295761
1685512260956	1685512260945	-14.353	-6.790	1.499	0.954	-0.271	-0.613	-4.087	-10.446	5.540	126.974724	37.295761
1685512260965	1685512260956	-14.751	-6.768	1.077	0.927	-0.415	-0.922	-5.088	-10.269	5.363	126.974724	37.295761
1685512260980	1685512260965	-14.846	-6.563	0.634	0.841	-0.596	-1.212	-5.789	-10.096	4.939	126.974724	37.295761
1685512260997	1685512260980	-14.918	-6.409	0.275	0.702	-0.784	-1.488	-6.144	-9.965	4.513	126.974724	37.295761
1685512260997	1685512260997	-14.964	-6.306	0.077	0.505	-0.969	-1.769	-6.182	-9.625	4.044	126.974724	37.295761
1685512261004	1685512260998	-15.079	-6.086	-0.144	0.312	-1.067	-2.072	-6.182	-9.318	3.639	126.974724	37.295761
1685512261016	1685512261004	-14.947	-5.825	-0.299	0.178	-1.082	-2.375	-6.146	-9.043	3.369	126.974724	37.295761
1685512261025	1685512261017	-14.550	-5.461	-0.453	0.094	-1.080	-2.652	-6.163	-8.610	3.053	126.974724	37.295761
1685512261036	1685512261026	-13.879	-5.203	-0.555	0.044	-1.070	-2.892	-5.947	-8.152	2.813	126.974724	37.295761
1685512261045	1685512261037	-13.103	-5.011	-0.642	0.021	-1.053	-3.106	-5.449	-7.520	2.555	126.974724	37.295761
1685512261056	1685512261046	-12.342	-4.949	-0.582	0.018	-1.025	-3.312	-4.700	-7.022	2.365	126.974724	37.295761
1685512261065	1685512261057	-11.791	-4.786	-0.512	0.040	-0.975	-3.515	-3.843	-6.543	2.181	126.974724	37.295761
1685512261075	1685512261065	-11.413	-4.602	-0.555	0.098	-0.904	-3.709	-3.007	-6.175	2.148	126.974724	37.295761
1685512261086	1685512261076	-11.133	-4.384	-0.565	0.195	-0.819	-3.886	-2.387	-5.648	2.116	126.974724	37.295761
1685512261095	1685512261086	-10.834	-4.286	-0.546	0.330	-0.744	-4.023	-1.963	-5.145	1.997	126.974724	37.295761
1685512261104	1685512261096	-10.604	-4.221	-0.484	0.500	-0.676	-4.117	-1.650	-4.554	1.911	126.974724	37.295761
1685512261116	1685512261104	-10.312	-4.070	-0.445	0.698	-0.619	-4.177	-1.331	-4.065	1.860	126.974724	37.295761
1685512261123	1685512261117	-9.893	-3.857	-0.464	0.911	-0.584	-4.210	-1.104	-3.598	1.856	126.974724	37.295761
1685512261135	1685512261134	-9.627	-3.613	-0.558	1.148	-0.549	-4.209	-0.831	-3.036	1.829	126.974724	37.295761
1685512261142	1685512261135	-9.311	-3.364	-0.644	1.388	-0.503	-4.173	-0.462	-2.320	1.729	126.974724	37.295761
1685512261153	1685512261143	-9.019	-3.148	-0.697	1.593	-0.476	-4.112	-0.244	-1.738	1.580	126.974724	37.295761
1685512261163	1685512261154	-8.727	-2.914	-0.778	1.751	-0.463	-4.035	-0.005	-1.070	1.417	126.974724	37.295761
1685512261174	1685512261163	-8.404	-2.808	-0.838	1.867	-0.457	-3.943	0.192	-0.441	1.281	126.974724	37.295761
1685512261183	1685512261174	-8.124	-2.672	-0.881	1.944	-0.452	-3.828	0.376	0.194	1.106	126.974724	37.295761
1685512261193	1685512261183	-7.958	-2.516	-0.819	1.980	-0.447	-3.696	0.577	0.690	0.943	126.974724	37.295761
1685512261202	1685512261193	-7.805	-2.318	-0.888	1.983	-0.440	-3.556	0.711	1.240	0.776	126.974724	37.295761
1685512261214	1685512261204	-7.659	-2.152	-0.831	1.955	-0.434	-3.404	0.747	1.714	0.730	126.974724	37.295761
1685512261222	1685512261214	-7.537	-2.088	-0.852	1.899	-0.420	-3.235	0.749	2.251	0.536	126.974724	37.295761
1685512261233	1685512261222	-7.345	-1.987	-0.836	1.824	-0.409	-3.045	0.740	2.732	0.464	126.974724	37.295761
1685512261242	1685512261233	-7.405	-1.901	-0.761	1.732	-0.406	-2.837	0.690	3.117	0.299	126.974724	37.295761
1685512261254	1685512261242	-7.295	-1.863	-0.814	1.625	-0.390	-2.621	0.771	3.412	0.192	126.974724	37.295769
1685512261264	1685512261254	-7.331	-1.774	-0.898	1.511	-0.368	-2.396	0.546	3.764	0.113	126.974724	37.295769
1685512261272	1685512261264	-7.453	-1.774	-0.807	1.392	-0.345	-2.165	0.539	3.979	-0.038	126.974724	37.295769
1685512261282	1685512261272	-7.587	-1.757	-0.781	1.266	-0.329	-1.923	0.364	4.264	-0.239	126.974724	37.295769
1685512261294	1685512261282	-7.757	-1.803	-0.771	1.135	-0.312	-1.681	0.110	4.439	-0.261	126.974724	37.295769
1685512261303	1685512261294	-7.803	-1.889	-0.773	1.003	-0.280	-1.440	-0.153	4.621	-0.350	126.974724	37.295769
1685512261316	1685512261303	-7.903	-1.817	-0.733	0.872	-0.242	-1.195	-0.419	4.690	-0.426	126.974724	37.295769
1685512261324	1685512261316	-8.061	-1.839	-0.761	0.742	-0.202	-0.946	-0.577	4.733	-0.532	126.974724	37.295769
1685512261334	1685512261324	-8.028	-1.923	-0.838	0.612	-0.153	-0.698	-0.740	4.875	-0.551	126.974724	37.295769
1685512261345	1685512261335	-8.100	-1.879	-0.881	0.480	-0.079	-0.453	-0.974	4.937	-0.656	126.974724	37.295769
1685512261356	1685512261345	-8.023	-1.997	-0.876	0.343	-0.010	-0.211	-0.979	4.891	-0.776	126.974724	37.295769
1685512261365	1685512261356	-8.296	-2.186	-0.922	0.206	0.062	0.028	-1.085	4.970	-0.862	126.974724	37.295769
1685512261380	1685512261365	-8.930	-2.373	-0.903	0.081	0.164	0.254	-1.022	4.867	-0.879	126.974724	37.295769
1685512261385	1685512261380	-9.955	-2.502	-0.848	-0.031	0.308	0.459	-1.293	4.676	-0.936	126.974724	37.295769
1685512261396	1685512261386	-11.078	-2.665	-0.850	-0.115	0.490	0.662	-1.913	4.475	-0.912	126.974724	37.295769
1685512261411	1685512261397	-11.966	-2.842	-0.788	-0.164	0.681	0.905	-2.904	4.310	-0.831	126.974724	37.295769
1685512261420	1685512261411	-12.416	-3.069	-0.697	-0.172	0.841	1.219	-3.986	4.104	-0.795	126.974724	37.295769
1685512261433	1685512261420	-12.141	-3.383	-0.548	-0.151	0.960	1.599	-4.810	3.855	-0.666	126.974724	37.295769
1685512261434	1685512261433	-11.270	-3.448	-0.321	-0.131	1.041	2.000	-5.179	3.541	-0.503	126.974724	37.295769
1685512261444	1685512261434	-10.302	-3.661	-0.065	-0.120	1.091	2.360	-4.781	3.086	-0.259	126.974724	37.295769
1685512261454	1685512261445	-9.962	-3.926	0.352	-0.100	1.134	2.619	-3.809	2.902	0.034	126.974724	37.295769
1685512261463	1685512261455	-10.388	-3.953	0.706	-0.060	1.249	2.726	-2.698	2.512	0.381	126.974724	37.295769
1685512261474	1685512261464	-11.557	-4.087	1.077	0.032	1.451	2.702	-2.205	2.042	0.891	126.974724	37.295769
1685512261483	1685512261474	-12.945	-4.190	1.417	0.222	1.675	2.611	-2.478	1.803	1.346	126.974724	37.295769
1685512261494	1685512261483	-14.284	-4.403	1.621	0.500	1.869	2.518	-3.505	1.453	1.832	126.974724	37.295769
1685512261504	1685512261494	-14.866	-4.372	1.516	0.812	1.983	2.480	-4.752	1.118	2.308	126.974724	37.295769
1685512261514	1685512261504	-14.978	-4.180	1.252	1.120	1.984	2.519	-5.990	0.723	2.626	126.974724	37.295769
1685512261524	1685512261515	-14.710	-3.938	0.977	1.372	1.905	2.639	-6.469	0.555	2.646	126.974724	37.295769
1685512261534	1685512261524	-14.020	-3.534	0.675	1.497	1.776	2.775	-6.483	0.548	2.497	126.974724	37.295769
1685512261542	1685512261534	-13.168	-3.328	0.512	1.421	1.588	2.838	-6.108	0.560	2.330	126.974724	37.295769
1685512261555	1685512261543	-12.488	-3.218	0.476	1.148	1.401	2.816	-5.329	0.769	2.107	126.974724	37.295769
1685512261565	1685512261555	-11.849	-3.120	0.546	0.740	1.278	2.743	-4.372	0.725	2.033	126.974724	37.295769
1685512261575	1685512261565	-11.143	-3.129	0.752	0.258	1.203	2.641	-3.613	0.627	2.066	126.974724	37.295769
1685512261587	1685512261575	-10.448	-3.191	1.073	-0.228	1.147	2.519	-2.892	0.493	2.222	126.974724	37.295769
1685512261595	1685512261587	-9.802	-3.369	1.413	-0.663	1.113	2.391	-2.114	0.249	2.528	126.974724	37.295769
1685512261605	1685512261596	-9.203	-3.606	1.391	-0.993	1.108	2.263	-1.358	-0.043	2.962	126.974724	37.295769
1685512261616	1685512261605	-8.669	-3.754	1.437	-1.181	1.112	2.149	-0.661	-0.450	3.421	126.974724	37.295769
1685512261624	1685512261616	-8.277	-3.895	1.628	-1.233	1.108	2.048	-0.017	-0.939	3.543	126.974724	37.295769
1685512261635	1685512261625	-7.898	-3.998	1.762	-1.162	1.086	1.955	0.541	-1.288	3.709	126.974724	37.295769
1685512261645	1685512261635	-7.736	-4.058	1.781	-0.992	1.059	1.858	0.960	-1.671	4.044	126.974724	37.295769
1685512261656	1685512261645	-7.657	-3.962	1.858	-0.775	1.047	1.762	1.350	-1.961	4.290	126.974724	37.295769
1685512261665	1685512261656	-7.484	-3.651	1.942	-0.555	1.030	1.696	1.523	-2.219	4.427	126.974724	37.295769
1685512261676	1685512261665	-7.472	-3.421	1.930	-0.369	1.005	1.668	1.604	-2.308	4.614	126.974724	37.295769
1685512261685	1685512261676	-7.465	-3.148	1.911	-0.250	0.982	1.643	1.774	-2.186	4.812	126.974724	37.295769
1685512261696	1685512261686	-7.448	-3.041	1.913	-0.200	0.958	1.605	1.779	-2.105	4.889	126.974724	37.295769
1685512261707	1685512261696	-7.448	-3.127	1.820	-0.217	0.924	1.565	1.779	-1.992	4.963	126.974724	37.295769
1685512261721	1685512261708	-7.527	-3.438	1.846	-0.277	0.885	1.520	1.781	-2.037	5.057	126.974724	37.295769
1685512261727	1685512261724	-7.903	-3.654	1.944	-0.293	0.898	1.470	1.781	-2.241	4.999	126.974724	37.295769
1685512261738	1685512261728	-8.361	-3.749	1.975	-0.198	0.924	1.448	1.697	-2.674	5.071	126.974724	37.295769
1685512261748	1685512261739	-8.598	-3.836	1.894	-0.044	0.889	1.454	1.307	-3.043	5.241	126.974724	37.295769
1685512261758	1685512261748	-8.784	-3.934	1.767	0.106	0.867	1.467	0.843	-3.230	5.310	126.974724	37.295769
1685512261768	1685512261758	-8.909	-4.190	1.652	0.265	0.875	1.497	0.594	-3.426	5.279	126.974724	37.295769
1685512261786	1685512261768	-9.172	-4.037	1.767	0.483	0.864	1.553	0.395	-3.625	5.193	126.974724	37.295769
1685512261787	1685512261787	-9.392	-3.663	1.784	0.735	0.863	1.592	0.259	-3.974	5.114	126.974724	37.295769
1685512261798	1685512261787	-9.412	-3.445	1.889	0.888	0.844	1.576	-0.010	-3.903	5.255	126.974724	37.295769
1685512261817	1685512261799	-9.543	-3.378	2.006	0.908	0.845	1.525	-0.239	-3.610	5.298	126.974724	37.295769
1685512261818	1685512261818	-9.809	-3.407	2.078	0.788	0.867	1.437	-0.263	-3.445	5.416	126.974724	37.295769
1685512261825	1685512261818	-10.171	-3.905	2.107	0.574	0.915	1.321	-0.405	-3.440	5.557	126.974724	37.295769
1685512261839	1685512261827	-10.695	-4.621	2.124	0.398	0.982	1.217	-0.685	-3.534	5.665	126.974724	37.295769
1685512261845	1685512261840	-11.310	-4.767	2.358	0.442	1.079	1.136	-1.070	-4.111	5.746	126.974724	37.295769
1685512261856	1685512261846	-11.495	-4.484	2.193	0.682	1.111	1.070	-1.618	-4.894	5.820	126.974724	37.295769
1685512261865	1685512261856	-11.346	-4.484	2.437	0.916	1.036	1.019	-2.279	-5.128	6.155	126.974724	37.295769
1685512261876	1685512261865	-10.858	-4.573	2.806	1.172	0.960	1.042	-2.504	-4.908	6.084	126.974724	37.295769
1685512261886	1685512261876	-10.489	-4.307	3.108	1.428	0.834	1.070	-2.401	-4.963	6.424	126.974724	37.295769
1685512261897	1685512261886	-10.376	-3.912	3.177	1.552	0.728	0.970	-1.958	-5.097	6.883	126.974724	37.295769
1685512261906	1685512261897	-10.908	-3.615	3.349	1.517	0.721	0.827	-1.628	-4.870	7.269	126.974724	37.295769
1685512261917	1685512261906	-11.825	-3.757	3.745	1.400	0.789	0.728	-1.551	-4.494	7.410	126.974724	37.295769
1685512261926	1685512261917	-12.665	-3.938	3.725	1.277	0.874	0.645	-2.124	-4.207	7.664	126.974724	37.295769
1685512261936	1685512261926	-13.091	-4.659	4.125	1.205	0.909	0.530	-3.077	-4.350	8.128	126.974724	37.295769
1685512261947	1685512261936	-12.850	-5.569	4.456	1.264	0.854	0.445	-3.962	-4.532	8.200	126.974724	37.295769
1685512261956	1685512261947	-12.356	-5.195	4.764	1.497	0.673	0.409	-4.429	-5.246	8.679	126.974724	37.295769
1685512261964	1685512261956	-11.406	-4.305	4.817	1.815	0.479	0.390	-4.228	-6.136	9.091	126.974724	37.295769
1685512261978	1685512261965	-10.319	-3.527	4.630	2.045	0.194	0.448	-3.768	-5.727	9.464	126.974724	37.295769
1685512261990	1685512261978	-9.929	-2.904	4.599	2.105	-0.120	0.507	-2.844	-4.779	9.572	126.974724	37.295769
1685512261994	1685512261990	-10.106	-2.780	4.853	2.004	-0.325	0.426	-1.769	-3.948	9.409	126.974724	37.295769
1685512262005	1685512261994	-10.106	-2.780	4.853	1.798	-0.452	0.172	-1.374	-3.268	9.376	126.974724	37.295769
1685512262019	1685512262005	-10.913	-4.492	4.985	1.684	-0.500	-0.191	-1.537	-3.084	9.608	126.974724	37.295769
1685512262025	1685512262019	-12.244	-4.769	4.896	1.851	-0.511	-0.492	-1.516	-3.014	9.574	126.974724	37.295769
1685512262035	1685512262026	-13.384	-3.955	4.896	2.241	-0.628	-0.599	-2.298	-4.630	9.668	126.974724	37.295769
1685512262044	1685512262035	-13.920	-3.955	4.599	2.241	-0.628	-0.599	-3.603	-4.752	9.527	126.974724	37.295769
1685512262055	1685512262045	-13.913	-3.182	4.125	2.676	-0.872	-0.540	-4.719	-3.816	9.481	126.974724	37.295769
1685512262064	1685512262056	-13.702	-2.816	3.757	2.957	-1.178	-0.421	-5.229	-3.661	9.124	126.974724	37.295769
1685512262076	1685512262065	-13.673	-2.847	3.426	3.025	-1.429	-0.362	-5.183	-2.720	8.564	126.974724	37.295769
1685512262085	1685512262076	-14.018	-3.124	3.345	2.864	-1.608	-0.443	-4.925	-2.188	8.078	126.974724	37.295769
1685512262096	1685512262085	-14.076	-3.632	2.914	2.568	-1.739	-0.619	-4.839	-2.059	7.599	126.974724	37.295769
1685512262104	1685512262096	-13.774	-4.302	2.638	2.275	-1.879	-0.765	-5.114	-2.164	7.333	126.974724	37.295769
1685512262116	1685512262105	-13.451	-4.673	2.380	2.149	-2.038	-0.821	-5.116	-2.533	6.740	126.974724	37.295769
1685512262124	1685512262117	-13.060	-4.369	2.263	2.435	-2.426	-0.888	-4.755	-3.050	6.268	126.974724	37.295769
1685512262135	1685512262125	-12.656	-3.864	2.045	2.435	-2.426	-0.888	-4.369	-3.270	5.796	126.974724	37.295769
1685512262143	1685512262137	-12.088	-3.534	1.932	2.591	-2.618	-0.958	-3.907	-2.789	5.394	126.974724	37.295769
1685512262153	1685512262144	-11.533	-3.460	1.827	2.661	-2.762	-1.060	-3.450	-2.145	4.939	126.974724	37.295769
1685512262163	1685512262153	-11.277	-3.553	1.645	2.597	-2.878	-1.249	-2.820	-1.638	4.511	126.974724	37.295769
1685512262175	1685512262164	-11.260	-3.558	1.525	2.531	-2.931	-1.470	-2.224	-1.417	4.128	126.974724	37.295769
1685512262185	1685512262175	-11.243	-3.407	1.448	2.487	-2.981	-1.647	-1.932	-1.338	3.620	126.974724	37.295769
1685512262194	1685512262185	-10.973	-3.656	1.030	2.441	-3.064	-1.741	-1.896	-1.161	3.168	126.974724	37.295769
1685512262203	1685512262194	-10.848	-3.874	0.924	2.489	-3.150	-1.752	-1.877	-0.819	2.751	126.974724	37.295769
1685512262214	1685512262203	-10.688	-3.673	0.690	2.660	-3.224	-1.762	-1.618	-0.876	1.980	126.974724	37.295769
1685512262223	1685512262215	-10.776	-3.168	0.577	3.174	-3.295	-1.752	-1.523	-0.895	1.470	126.974724	37.295769
1685512262233	1685512262223	-10.520	-2.923	0.455	3.174	-3.295	-1.752	-1.401	-0.536	0.893	126.974724	37.295769
1685512262243	1685512262234	-10.218	-2.777	0.500	3.361	-3.329	-1.693	-1.551	0.144	0.333	126.974724	37.295769
1685512262257	1685512262243	-10.065	-2.528	0.417	3.417	-3.333	-1.695	-1.362	0.522	-0.156	126.974731	37.295780
1685512262263	1685512262257	-9.936	-2.533	0.091	3.344	-3.286	-1.690	-1.147	0.795	-0.532	126.974731	37.295780
1685512262274	1685512262264	-9.730	-2.234	0.117	3.219	-3.205	-1.602	-1.097	1.154	-1.041	126.974731	37.295780
1685512262283	1685512262274	-9.376	-2.430	0.062	3.082	-3.111	-1.465	-1.099	1.252	-1.827	126.974731	37.295780
1685512262294	1685512262284	-9.151	-2.373	0.072	2.910	-3.034	-1.341	-1.008	1.616	-2.164	126.974731	37.295780
1685512262305	1685512262294	-8.945	-2.140	0.259	2.781	-2.915	-1.239	-0.788	1.470	-2.607	126.974731	37.295780
1685512262318	1685512262306	-8.669	-2.057	0.091	2.641	-2.795	-1.125	-0.702	1.559	-2.971	126.974731	37.295780
1685512262325	1685512262318	-8.452	-1.465	-0.067	2.516	-2.464	-0.848	-0.637	1.805	-3.139	126.974731	37.295780
1685512262336	1685512262325	-7.942	-1.257	-0.113	2.516	-2.464	-0.848	-0.503	1.887	-3.632	126.974731	37.295780
1685512262345	1685512262336	-7.489	-1.326	-0.345	2.448	-2.324	-0.693	-0.424	2.435	-4.125	126.974731	37.295780
1685512262356	1685512262345	-7.398	-1.144	-0.283	2.366	-2.153	-0.564	0.005	2.600	-4.365	126.974731	37.295780
1685512262365	1685512262356	-7.192	-1.377	-0.323	2.280	-1.941	-0.464	0.328	2.478	-4.872	126.974731	37.295780
1685512262382	1685512262365	-7.214	-1.367	-0.256	2.131	-1.736	-0.356	0.297	2.593	-5.066	126.974731	37.295780
1685512262396	1685512262382	-7.293	-1.262	-0.077	1.972	-1.506	-0.243	0.390	2.284	-5.341	126.974731	37.295780
1685512262396	1685512262396	-7.262	-0.953	0.101	1.794	-1.289	-0.147	0.268	2.212	-5.483	126.974731	37.295780
1685512262405	1685512262396	-7.484	-0.723	0.407	1.627	-1.069	-0.066	0.081	2.212	-5.521	126.974731	37.295780
1685512262417	1685512262406	-7.752	-0.917	0.685	1.442	-0.854	-0.021	0.053	2.452	-5.468	126.974731	37.295780
1685512262425	1685512262417	-8.073	-1.125	0.740	1.075	-0.406	-0.048	-0.237	2.586	-5.308	126.974731	37.295780
1685512262437	1685512262425	-8.581	-1.188	0.670	1.075	-0.406	-0.048	-0.551	2.318	-5.126	126.974731	37.295780
1685512262446	1685512262437	-9.428	-1.140	0.836	0.938	-0.171	-0.050	-0.900	2.037	-5.148	126.974731	37.295780
1685512262456	1685512262447	-10.558	-1.188	1.037	0.817	0.062	-0.023	-1.429	1.927	-5.267	126.974731	37.295780
1685512262466	1685512262457	-11.351	-0.879	1.116	0.700	0.319	0.012	-2.291	1.913	-5.152	126.974731	37.295780
1685512262478	1685512262466	-11.420	-0.979	1.195	0.619	0.586	0.040	-3.419	1.827	-4.968	126.974731	37.295780
1685512262486	1685512262478	-11.049	-1.030	1.614	0.494	0.795	0.075	-4.190	2.088	-4.887	126.974731	37.295780
1685512262499	1685512262486	-10.508	-0.761	1.839	0.321	0.968	0.092	-4.228	1.951	-4.786	126.974731	37.295780
1685512262506	1685512262499	-10.314	-0.364	2.045	0.145	1.113	0.093	-3.802	1.863	-4.319	126.974731	37.295780
1685512262520	1685512262506	-10.276	-0.129	2.176	0.006	1.223	0.105	-3.201	2.107	-4.032	126.974731	37.295780
1685512262524	1685512262521	-10.166	0.388	2.160	-0.127	1.367	0.104	-2.933	2.488	-3.742	126.974731	37.295780
1685512262535	1685512262526	-10.427	0.709	1.961	-0.127	1.367	0.104	-2.828	2.715	-3.529	126.974731	37.295780
1685512262545	1685512262536	-10.855	0.781	1.745	-0.147	1.389	0.116	-2.629	3.230	-3.428	126.974731	37.295780
1685512262556	1685512262546	-11.384	0.555	1.508	-0.219	1.403	0.142	-2.820	3.551	-3.531	126.974731	37.295780
1685512262564	1685512262556	-11.916	0.029	1.202	-0.400	1.406	0.164	-3.153	3.610	-3.618	126.974731	37.295780
1685512262575	1685512262565	-12.431	-0.117	1.056	-0.663	1.436	0.192	-3.603	3.385	-3.740	126.974731	37.295780
1685512262589	1685512262577	-12.613	-0.266	0.979	-0.915	1.498	0.252	-4.049	2.868	-3.912	126.974731	37.295780
1685512262597	1685512262589	-12.414	-0.757	0.974	-1.195	1.548	0.362	-4.494	2.737	-3.938	126.974731	37.295780
1685512262604	1685512262597	-12.163	-1.142	0.891	-1.502	1.588	0.484	-4.594	2.614	-3.871	126.974731	37.295780
1685512262618	1685512262605	-11.942	-1.166	0.543	-1.815	1.638	0.547	-4.312	2.150	-3.716	126.974731	37.295780
1685512262624	1685512262619	-11.478	-1.259	0.235	-2.492	1.742	0.582	-3.972	1.796	-3.627	126.974731	37.295780
1685512262634	1685512262625	-11.064	-1.176	-0.139	-2.492	1.742	0.582	-3.663	1.808	-3.785	126.974731	37.295780
1685512262644	1685512262635	-10.508	-1.144	-0.079	-2.863	1.796	0.604	-3.091	1.781	-3.831	126.974731	37.295780
1685512262655	1685512262644	-9.857	-1.494	-0.096	-3.295	1.845	0.580	-2.607	1.903	-4.025	126.974731	37.295780
1685512262665	1685512262655	-9.493	-1.463	-0.074	-3.703	1.908	0.549	-1.966	1.992	-3.723	126.974731	37.295780
1685512262677	1685512262665	-9.072	-1.216	-0.019	-3.922	2.007	0.551	-1.231	1.709	-3.476	126.974731	37.295780
1685512262686	1685512262677	-8.667	-1.269	0.029	-4.085	2.066	0.575	-0.785	1.812	-3.170	126.974731	37.295780
1685512262696	1685512262686	-8.215	-1.676	0.022	-4.270	2.087	0.585	-0.287	2.126	-2.811	126.974731	37.295780
1685512262706	1685512262696	-8.035	-1.915	0.043	-4.358	2.126	0.571	0.196	2.136	-2.409	126.974731	37.295780
1685512262718	1685512262707	-7.980	-1.812	0.108	-4.255	2.191	0.552	0.709	1.769	-2.119	126.974731	37.295780
1685512262728	1685512262719	-7.922	-1.652	0.163	-4.049	2.260	0.513	0.950	1.563	-1.755	126.974731	37.295780
1685512262739	1685512262729	-8.013	-1.683	0.299	-4.049	2.260	0.513	1.061	1.686	-1.343	126.974731	37.295780
1685512262749	1685512262739	-8.212	-1.729	0.345	-4.067	2.304	0.500	1.168	1.851	-0.907	126.974731	37.295780
1685512262758	1685512262750	-8.440	-1.985	0.445	-4.166	2.330	0.491	1.113	1.812	-0.457	126.974731	37.295780
1685512262768	1685512262759	-8.727	-2.119	0.582	-4.292	2.355	0.500	0.948	1.741	-0.024	126.974731	37.295780
1685512262777	1685512262769	-9.143	-2.241	0.654	-4.410	2.380	0.540	0.752	1.420	0.390	126.974731	37.295780
1685512262788	1685512262779	-9.697	-2.116	0.857	-4.507	2.374	0.613	0.488	1.209	0.879	126.974731	37.295780
1685512262798	1685512262788	-9.914	-2.121	0.651	-4.622	2.326	0.695	0.089	0.991	1.298	126.974731	37.295780
1685512262813	1685512262799	-10.245	-2.935	0.795	-4.838	2.200	0.777	-0.453	0.998	1.836	126.974731	37.295780
1685512262819	1685512262813	-10.360	-3.352	0.723	-5.010	2.087	0.872	-0.663	0.852	1.944	126.974731	37.295780
1685512262827	1685512262819	-10.448	-3.785	0.814	-4.993	1.758	0.941	-0.986	-0.139	2.406	126.974731	37.295780
1685512262838	1685512262827	-10.534	-4.228	1.027	-4.993	1.758	0.941	-1.113	-0.709	2.631	126.974731	37.295780
1685512262847	1685512262838	-10.750	-4.118	1.362	-4.759	1.657	1.037	-1.216	-1.350	3.041	126.974731	37.295780
1685512262858	1685512262847	-10.779	-4.005	1.183	-4.476	1.542	1.166	-1.319	-1.978	3.505	126.974731	37.295780
1685512262867	1685512262858	-10.769	-3.871	1.099	-4.235	1.384	1.304	-1.556	-2.088	4.094	126.974731	37.295780
1685512262879	1685512262868	-10.815	-4.152	0.871	-4.010	1.235	1.443	-1.607	-2.210	4.142	126.974731	37.295780
1685512262887	1685512262880	-11.011	-4.298	0.881	-3.874	1.203	1.550	-1.621	-2.349	4.276	126.974731	37.295780
1685512262898	1685512262888	-11.286	-4.922	0.752	-3.819	1.145	1.576	-1.683	-2.866	4.199	126.974731	37.295780
1685512262910	1685512262898	-11.832	-5.442	0.675	-3.690	1.090	1.588	-1.903	-3.285	4.365	126.974731	37.295780
1685512262920	1685512262910	-12.191	-5.538	0.912	-3.394	1.041	1.625	-2.205	-4.190	4.372	126.974731	37.295780
1685512262927	1685512262920	-12.318	-5.698	1.293	-2.634	0.922	1.740	-2.782	-4.990	4.417	126.974731	37.295780
1685512262939	1685512262927	-12.160	-5.854	1.702	-2.634	0.922	1.740	-3.175	-5.361	4.757	126.974731	37.295780
1685512262948	1685512262941	-11.966	-5.957	2.025	-2.254	0.900	1.797	-3.349	-5.859	5.248	126.974731	37.295780
1685512262960	1685512262948	-11.614	-6.002	2.294	-1.903	0.896	1.820	-3.220	-6.196	5.710	126.974731	37.295780
1685512262970	1685512262960	-11.284	-5.732	2.452	-1.602	0.887	1.809	-3.077	-6.577	6.110	126.974731	37.295780
1685512262980	1685512262970	-10.937	-5.653	2.519	-1.359	0.886	1.762	-2.768	-6.838	6.438	126.974731	37.295780
1685512262993	1685512262981	-10.704	-5.725	2.488	-1.185	0.874	1.680	-2.497	-6.816	6.665	126.974731	37.295780
1685512262998	1685512262993	-10.961	-5.988	2.811	-1.073	0.847	1.554	-2.203	-6.926	6.788	126.974731	37.295780
1685512263011	1685512262998	-11.753	-6.263	3.105	-0.987	0.855	1.368	-2.045	-7.235	6.828	126.974731	37.295780
1685512263018	1685512263011	-12.591	-6.359	3.227	-0.875	0.924	1.130	-2.349	-7.645	7.195	126.974731	37.295780
1685512263026	1685512263018	-12.866	-6.469	3.215	-0.601	0.866	0.678	-3.211	-8.097	7.551	126.974731	37.295780
1685512263039	1685512263026	-12.682	-6.776	3.412	-0.601	0.866	0.678	-4.104	-8.315	7.731	126.974731	37.295780
1685512263046	1685512263039	-12.143	-7.037	3.546	-0.500	0.649	0.486	-4.444	-8.526	7.791	126.974731	37.295780
1685512263055	1685512263047	-11.502	-6.625	3.577	-0.334	0.450	0.292	-4.302	-8.902	8.035	126.974731	37.295780
1685512263065	1685512263056	-10.977	-6.369	3.591	-0.108	0.258	0.103	-3.812	-9.239	8.222	126.974731	37.295780
1685512263075	1685512263065	-10.630	-6.316	3.534	0.090	0.033	-0.086	-3.191	-8.859	8.277	126.974731	37.295780
1685512263085	1685512263075	-10.951	-6.175	3.548	0.231	-0.171	-0.304	-2.684	-8.617	8.313	126.974731	37.295780
1685512263096	1685512263085	-11.765	-5.911	3.443	0.336	-0.307	-0.585	-2.337	-8.554	8.260	126.974731	37.295780
1685512263105	1685512263096	-12.675	-5.770	3.273	0.409	-0.397	-0.907	-2.641	-8.373	8.265	126.974731	37.295780
1685512263116	1685512263105	-13.405	-5.698	2.940	0.468	-0.496	-1.203	-3.431	-8.052	8.143	126.974731	37.295780
1685512263124	1685512263117	-13.949	-5.698	2.528	0.536	-0.831	-1.693	-4.295	-7.796	7.942	126.974731	37.295780
1685512263135	1685512263125	-14.246	-5.583	1.968	0.536	-0.831	-1.693	-4.985	-7.614	7.580	126.974731	37.295780
1685512263144	1685512263135	-14.554	-5.382	1.516	0.557	-1.040	-1.889	-5.452	-7.429	7.101	126.974731	37.295780
1685512263156	1685512263145	-14.621	-5.310	1.178	0.535	-1.261	-2.053	-5.689	-7.161	6.486	126.974731	37.295780
1685512263164	1685512263156	-14.710	-5.160	0.898	0.474	-1.467	-2.200	-5.923	-6.773	5.952	126.974731	37.295780
1685512263175	1685512263165	-14.569	-5.040	0.663	0.398	-1.640	-2.341	-5.909	-6.500	5.511	126.974731	37.295780
1685512263184	1685512263175	-14.360	-4.870	0.520	0.354	-1.764	-2.474	-5.904	-6.115	5.095	126.974731	37.295780
1685512263195	1685512263185	-13.903	-4.566	0.591	0.369	-1.890	-2.595	-5.684	-5.794	4.733	126.974731	37.295780
1685512263205	1685512263195	-13.276	-4.638	0.548	0.389	-2.028	-2.727	-5.389	-5.389	4.434	126.974731	37.295773
1685512263218	1685512263205	-12.749	-5.061	0.438	0.403	-2.122	-2.876	-4.848	-4.836	4.336	126.974731	37.295773
1685512263225	1685512263218	-12.356	-4.752	0.371	0.586	-2.131	-3.020	-4.142	-4.645	4.111	126.974731	37.295773
1685512263235	1685512263225	-12.182	-3.941	0.244	0.981	-2.099	-3.134	-3.546	-4.793	3.804	126.974731	37.295773
1685512263244	1685512263236	-11.758	-3.536	0.153	1.324	-2.105	-3.247	-3.086	-4.125	3.498	126.974731	37.295773
1685512263255	1685512263245	-11.320	-3.524	0.022	1.486	-2.126	-3.356	-2.880	-3.057	3.208	126.974731	37.295773
1685512263265	1685512263255	-11.035	-3.445	-0.036	1.517	-2.110	-3.468	-2.430	-2.310	2.909	126.974731	37.295773
1685512263276	1685512263265	-10.848	-3.335	-0.158	1.480	-2.076	-3.587	-1.982	-1.946	2.557	126.974731	37.295773
1685512263285	1685512263276	-10.800	-3.263	-0.237	1.425	-2.023	-3.688	-1.707	-1.506	2.277	126.974731	37.295773
1685512263296	1685512263285	-10.724	-3.179	-0.283	1.390	-1.947	-3.754	-1.551	-1.030	1.930	126.974731	37.295773
1685512263306	1685512263296	-10.542	-3.206	-0.321	1.366	-1.877	-3.790	-1.561	-0.551	1.604	126.974731	37.295773
1685512263317	1685512263306	-10.309	-3.321	-0.371	1.352	-1.825	-3.801	-1.551	-0.134	1.362	126.974731	37.295773
1685512263326	1685512263317	-9.957	-3.175	-0.491	1.429	-1.785	-3.775	-1.463	0.204	1.109	126.974731	37.295773
1685512263339	1685512263326	-9.622	-2.983	-0.503	1.597	-1.739	-3.702	-1.343	0.450	0.845	126.974731	37.295773
1685512263347	1685512263340	-9.469	-2.753	-0.666	1.785	-1.701	-3.591	-1.132	0.982	0.488	126.974731	37.295773
1685512263358	1685512263348	-9.208	-2.583	-0.704	1.939	-1.663	-3.451	-0.929	1.480	0.275	126.974731	37.295773
1685512263369	1685512263358	-8.976	-2.440	-0.675	2.034	-1.615	-3.299	-0.946	2.061	-0.136	126.974731	37.295773
1685512263379	1685512263369	-8.744	-2.296	-0.733	2.061	-1.556	-3.139	-0.833	2.502	-0.388	126.974731	37.295773
1685512263392	1685512263379	-8.550	-2.128	-0.804	2.028	-1.491	-2.960	-0.769	2.923	-0.599	126.974731	37.295773
1685512263398	1685512263392	-8.277	-1.975	-0.797	1.945	-1.431	-2.765	-0.709	3.321	-0.895	126.974731	37.295773
1685512263412	1685512263398	-7.973	-1.800	-0.838	1.808	-1.377	-2.553	-0.687	3.713	-1.202	126.974731	37.295773
1685512263416	1685512263412	-7.678	-1.700	-0.857	1.620	-1.323	-2.337	-0.584	4.073	-1.422	126.974731	37.295773
1685512263428	1685512263416	-7.432	-1.659	-0.871	1.395	-1.260	-2.122	-0.464	4.446	-1.700	126.974731	37.295773
1685512263439	1685512263428	-7.226	-1.525	-0.898	1.148	-1.184	-1.907	-0.314	4.688	-1.899	126.974731	37.295773
1685512263447	1685512263440	-7.156	-1.544	-0.883	0.888	-1.108	-1.686	-0.189	4.836	-2.088	126.974731	37.295773
1685512263460	1685512263447	-7.142	-1.662	-0.783	0.613	-1.019	-1.467	-0.108	5.080	-2.260	126.974731	37.295773
1685512263468	1685512263460	-7.271	-1.659	-0.785	0.325	-0.919	-1.251	-0.168	5.167	-2.382	126.974731	37.295773
1685512263478	1685512263468	-7.566	-1.841	-0.809	0.038	-0.801	-1.043	-0.268	5.140	-2.394	126.974731	37.295773
1685512263489	1685512263478	-7.738	-1.832	-0.781	-0.230	-0.674	-0.837	-0.508	5.231	-2.490	126.974731	37.295773
1685512263499	1685512263489	-7.918	-1.918	-0.838	-0.478	-0.567	-0.618	-0.881	5.112	-2.564	126.974731	37.295773
1685512263509	1685512263499	-8.092	-2.102	-0.785	-0.702	-0.464	-0.391	-1.123	5.181	-2.564	126.974731	37.295773
1685512263522	1685512263509	-8.344	-2.342	-0.728	-0.903	-0.362	-0.161	-1.358	5.145	-2.626	126.974731	37.295773
1685512263529	1685512263522	-8.540	-2.509	-0.654	-1.071	-0.253	0.055	-1.568	4.999	-2.555	126.974731	37.295773
1685512263540	1685512263529	-8.760	-2.538	-0.809	-1.197	-0.130	0.248	-1.836	4.786	-2.456	126.974731	37.295773
1685512263550	1685512263540	-9.055	-2.490	-0.927	-1.283	-0.012	0.431	-2.033	4.635	-2.308	126.974731	37.295773
1685512263560	1685512263550	-9.558	-2.648	-0.960	-1.354	0.097	0.616	-2.241	4.609	-2.404	126.974731	37.295773
1685512263567	1685512263561	-10.281	-2.926	-0.838	-1.420	0.235	0.794	-2.504	4.647	-2.430	126.974731	37.295773
1685512263578	1685512263567	-11.231	-3.086	-0.862	-1.473	0.408	0.955	-2.964	4.470	-2.361	126.974731	37.295773
1685512263590	1685512263578	-12.311	-3.426	-0.766	-1.488	0.615	1.111	-3.610	4.144	-2.114	126.974731	37.295773
1685512263597	1685512263590	-12.905	-3.579	-0.668	-1.445	0.822	1.300	-4.487	3.936	-2.006	126.974731	37.295773
1685512263610	1685512263597	-12.890	-3.579	-0.400	-1.356	0.986	1.556	-5.476	3.531	-1.750	126.974731	37.295773
1685512263618	1685512263610	-12.005	-3.685	-0.048	-1.236	1.071	1.884	-5.981	3.309	-1.511	126.974731	37.295773
1685512263626	1685512263619	-10.843	-3.847	0.385	-1.095	1.063	2.242	-5.854	3.211	-1.080	126.974731	37.295773
1685512263637	1685512263626	-10.106	-3.970	0.883	-0.927	1.060	2.556	-4.834	2.978	-0.570	126.974731	37.295773
1685512263645	1685512263637	-10.187	-4.051	1.391	-0.746	1.155	2.740	-3.505	2.643	0.026	126.974731	37.295773
1685512263657	1685512263646	-10.819	-4.243	1.839	-0.528	1.354	2.784	-2.617	2.351	0.649	126.974731	37.295773
1685512263667	1685512263658	-11.926	-4.609	2.097	-0.231	1.640	2.732	-2.509	2.042	1.302	126.974731	37.295773
1685512263677	1685512263668	-13.039	-4.480	1.956	0.149	1.966	2.651	-2.990	1.657	1.875	126.974731	37.295773
1685512263687	1685512263678	-13.874	-3.893	1.489	0.594	2.235	2.604	-3.941	1.075	2.277	126.974731	37.295773
1685512263698	1685512263688	-14.052	-3.330	0.642	0.998	2.346	2.611	-4.911	0.991	2.284	126.974731	37.295773
1685512263708	1685512263698	-13.716	-2.772	-0.362	1.240	2.271	2.657	-5.617	1.367	1.970	126.974731	37.295773
1685512263717	1685512263708	-13.029	-2.638	-1.123	1.330	2.087	2.715	-5.672	1.717	1.264	126.974731	37.295773
1685512263726	1685512263718	-12.265	-2.890	-1.113	1.310	1.857	2.739	-5.210	2.037	0.405	126.974731	37.295773
1685512263736	1685512263726	-11.576	-3.263	-0.620	1.244	1.608	2.721	-4.422	1.973	-0.249	126.974731	37.295773
1685512263746	1685512263737	-11.171	-3.247	0.201	1.168	1.393	2.660	-3.543	1.475	-0.127	126.974731	37.295773
1685512263759	1685512263747	-10.891	-2.902	0.986	1.043	1.227	2.573	-2.763	0.898	0.443	126.974731	37.295773
1685512263767	1685512263759	-10.659	-2.332	1.367	0.849	1.103	2.494	-2.267	0.690	1.341	126.974731	37.295773
1685512263777	1685512263767	-10.180	-1.863	1.621	0.561	0.996	2.423	-1.901	0.816	2.195	126.974731	37.295773
1685512263791	1685512263777	-9.455	-1.803	1.626	0.112	0.841	2.326	-1.578	1.130	2.660	126.974731	37.295773
1685512263798	1685512263791	-8.760	-2.100	1.683	-0.452	0.688	2.176	-1.044	1.429	2.971	126.974731	37.295773
1685512263811	1685512263798	-8.238	-2.344	1.683	-1.009	0.615	1.991	-0.256	1.276	3.048	126.974731	37.295773
1685512263820	1685512263812	-7.994	-2.756	1.832	-1.492	0.601	1.831	0.491	0.773	3.184	126.974731	37.295773
1685512263827	1685512263820	-8.147	-3.096	1.911	-1.875	0.605	1.728	1.063	0.309	3.278	126.974731	37.295773
1685512263838	1685512263828	-8.368	-3.256	1.903	-2.131	0.654	1.660	1.341	-0.278	3.510	126.974731	37.295773
1685512263847	1685512263838	-8.514	-3.306	1.776	-2.307	0.701	1.609	1.223	-0.850	3.711	126.974731	37.295773
1685512263858	1685512263847	-8.583	-3.373	1.688	-2.440	0.698	1.581	1.022	-1.168	3.790	126.974731	37.295773
