1685512364014	1685512364013	-11.061	-4.113	0.520	-0.291	0.996	3.969	-6.031	2.373	-2.607	126.975441	37.295464
1685512364014	1685512364014	-10.084	-3.843	0.874	-0.463	0.880	3.901	-4.827	2.016	-2.210	126.975441	37.295464
1685512364023	1685512364014	-9.273	-3.455	1.192	-0.593	0.808	3.791	-3.579	1.808	-1.736	126.975441	37.295464
1685512364036	1685512364023	-8.741	-3.366	1.508	-0.694	0.786	3.615	-2.358	1.791	-1.286	126.975441	37.295464
1685512364044	1685512364036	-8.377	-3.627	1.822	-0.760	0.839	3.395	-1.322	1.894	-0.871	126.975441	37.295464
1685512364054	1685512364045	-8.483	-3.982	2.033	-0.777	0.964	3.174	-0.584	1.705	-0.457	126.975441	37.295464
1685512364063	1685512364055	-8.820	-4.209	2.155	-0.727	1.101	2.960	-0.019	1.152	-0.026	126.975441	37.295464
1685512364074	1685512364065	-8.959	-4.413	2.116	-0.634	1.205	2.746	0.022	0.570	0.290	126.975441	37.295464
1685512364083	1685512364075	-8.909	-4.554	2.033	-0.534	1.240	2.555	-0.148	0.077	0.551	126.975441	37.295464
1685512364095	1685512364084	-8.803	-4.460	1.846	-0.431	1.211	2.408	-0.168	-0.333	0.630	126.975441	37.295464
1685512364105	1685512364096	-8.622	-4.322	1.645	-0.351	1.131	2.304	0.000	-0.692	0.678	126.975441	37.295464
1685512364113	1685512364106	-8.497	-4.372	1.398	-0.313	1.026	2.216	0.211	-0.809	0.615	126.975441	37.295464
1685512364123	1685512364114	-8.440	-4.374	1.310	-0.314	0.927	2.120	0.496	-0.895	0.541	126.975441	37.295464
1685512364133	1685512364123	-8.432	-4.298	1.216	-0.346	0.843	2.011	0.697	-1.125	0.388	126.975441	37.295464
1685512364143	1685512364134	-8.396	-4.257	1.300	-0.398	0.760	1.899	0.828	-1.314	0.390	126.975441	37.295464
1685512364157	1685512364144	-8.411	-4.305	1.532	-0.465	0.676	1.791	0.895	-1.403	0.378	126.975441	37.295464
1685512364163	1685512364157	-8.267	-4.360	1.918	-0.530	0.602	1.679	0.986	-1.528	0.539	126.975441	37.295464
1685512364174	1685512364164	-8.013	-4.487	2.315	-0.574	0.539	1.564	1.008	-1.686	0.824	126.975441	37.295464
1685512364183	1685512364174	-7.769	-4.415	2.440	-0.600	0.473	1.448	1.199	-1.899	1.281	126.975441	37.295464
1685512364193	1685512364183	-7.568	-4.417	2.492	-0.617	0.423	1.332	1.468	-2.078	1.700	126.975441	37.295464
1685512364203	1685512364194	-7.369	-4.669	2.528	-0.671	0.373	1.218	1.738	-2.100	1.860	126.975441	37.295464
1685512364215	1685512364204	-7.441	-4.776	2.521	-0.742	0.341	1.103	1.954	-2.155	1.930	126.975441	37.295464
1685512364223	1685512364215	-7.709	-4.882	2.567	-0.781	0.338	0.980	2.167	-2.464	1.980	126.975441	37.295464
1685512364234	1685512364224	-8.078	-4.970	2.519	-0.781	0.348	0.863	2.100	-2.593	1.973	126.975441	37.295444
1685512364243	1685512364234	-8.413	-5.092	2.327	-0.751	0.347	0.756	1.841	-2.741	2.037	126.975441	37.295444
1685512364257	1685512364243	-8.665	-5.282	2.169	-0.711	0.312	0.661	1.472	-2.830	1.987	126.975441	37.295444
1685512364263	1685512364257	-9.076	-5.334	1.994	-0.679	0.243	0.572	1.140	-2.959	1.805	126.975441	37.295444
1685512364275	1685512364264	-9.548	-5.409	1.791	-0.630	0.194	0.479	0.886	-3.136	1.645	126.975441	37.295444
1685512364283	1685512364275	-10.022	-5.483	1.480	-0.572	0.156	0.376	0.476	-3.194	1.480	126.975441	37.295444
1685512364295	1685512364284	-10.714	-5.698	1.305	-0.533	0.105	0.266	0.002	-3.261	1.276	126.975441	37.295444
1685512364304	1685512364295	-11.775	-6.069	1.209	-0.517	0.049	0.150	-0.469	-3.340	0.977	126.975441	37.295444
1685512364314	1685512364304	-12.857	-6.223	1.365	-0.502	0.039	0.010	-1.154	-3.575	0.821	126.975441	37.295444
1685512364324	1685512364314	-13.601	-6.364	1.762	-0.456	0.067	-0.156	-2.212	-3.958	0.740	126.975441	37.295444
1685512364336	1685512364324	-13.101	-6.347	2.152	-0.375	0.044	-0.312	-3.294	-4.111	0.910	126.975441	37.295444
1685512364344	1685512364336	-11.832	-6.024	1.942	-0.260	-0.110	-0.414	-4.044	-4.235	1.324	126.975441	37.295444
1685512364355	1685512364344	-10.953	-5.825	1.686	-0.097	-0.351	-0.483	-3.548	-4.187	1.726	126.975441	37.295444
1685512364363	1685512364355	-11.559	-6.055	1.305	0.050	-0.533	-0.590	-2.289	-3.819	1.511	126.975441	37.295444
1685512364374	1685512364364	-13.530	-6.266	1.276	0.148	-0.476	-0.803	-1.422	-3.577	1.226	126.975441	37.295444
1685512364386	1685512364374	-15.431	-6.388	1.065	0.272	-0.204	-1.107	-2.045	-3.747	0.788	126.975441	37.295444
1685512364395	1685512364386	-17.047	-6.400	0.725	0.408	-0.032	-1.407	-4.037	-3.888	0.716	126.975441	37.295444
1685512364405	1685512364395	-17.966	-6.036	0.309	0.558	-0.072	-1.636	-5.966	-3.907	0.479	126.975441	37.295444
1685512364414	1685512364405	-17.913	-5.502	-0.024	0.717	-0.216	-1.783	-7.618	-3.790	0.127	126.975441	37.295444
1685512364424	1685512364414	-17.049	-5.239	-0.273	0.805	-0.475	-1.867	-8.586	-3.259	-0.311	126.975441	37.295444
1685512364436	1685512364424	-16.060	-5.150	-0.462	0.806	-0.787	-1.952	-8.581	-2.579	-0.682	126.975441	37.295444
1685512364444	1685512364436	-15.476	-4.767	-0.493	0.772	-1.018	-2.065	-7.776	-2.148	-0.998	126.975441	37.295444
1685512364457	1685512364444	-15.251	-4.630	-0.455	0.695	-1.170	-2.219	-6.855	-1.884	-1.288	126.975441	37.295444
1685512364464	1685512364458	-15.040	-4.468	-0.278	0.578	-1.250	-2.431	-6.349	-1.319	-1.437	126.975441	37.295444
1685512364477	1685512364464	-14.562	-4.197	-0.182	0.483	-1.256	-2.666	-6.215	-0.989	-1.530	126.975441	37.295444
1685512364485	1685512364477	-13.793	-3.874	-0.098	0.415	-1.277	-2.882	-6.132	-0.572	-1.513	126.975441	37.295444
1685512364494	1685512364485	-12.866	-3.637	-0.062	0.368	-1.343	-3.070	-5.751	-0.117	-1.523	126.975441	37.295444
1685512364506	1685512364494	-11.882	-3.512	-0.005	0.319	-1.396	-3.241	-5.121	0.450	-1.568	126.975441	37.295444
1685512364515	1685512364506	-11.150	-3.397	0.077	0.263	-1.410	-3.400	-4.350	0.946	-1.664	126.975441	37.295444
1685512364526	1685512364515	-10.491	-3.328	0.175	0.199	-1.377	-3.553	-3.543	1.338	-1.738	126.975441	37.295444
1685512364534	1685512364527	-9.979	-3.436	0.225	0.145	-1.316	-3.701	-3.005	1.729	-1.786	126.975441	37.295444
1685512364544	1685512364534	-9.562	-3.445	0.294	0.117	-1.239	-3.836	-2.581	2.109	-1.822	126.975441	37.295444
1685512364562	1685512364544	-9.340	-3.390	0.362	0.134	-1.150	-3.956	-2.279	2.258	-1.872	126.975441	37.295444
1685512364565	1685512364563	-9.182	-3.388	0.304	0.192	-1.054	-4.061	-2.112	2.535	-1.903	126.975441	37.295444
1685512364575	1685512364565	-9.134	-3.282	0.256	0.281	-0.963	-4.149	-2.157	2.878	-1.927	126.975441	37.295444
1685512364584	1685512364575	-9.167	-3.086	0.113	0.403	-0.874	-4.211	-2.315	3.189	-2.081	126.975441	37.295444
1685512364594	1685512364584	-9.124	-2.981	0.098	0.541	-0.797	-4.249	-2.538	3.541	-2.203	126.975441	37.295444
1685512364605	1685512364594	-9.045	-2.842	-0.017	0.677	-0.749	-4.258	-2.919	4.022	-2.440	126.975441	37.295444
1685512364614	1685512364606	-8.930	-2.722	-0.117	0.799	-0.737	-4.235	-3.170	4.350	-2.533	126.975441	37.295444
1685512364625	1685512364614	-8.612	-2.504	-0.180	0.902	-0.744	-4.186	-3.428	4.717	-2.741	126.975441	37.295444
1685512364635	1685512364627	-8.581	-2.354	-0.220	0.979	-0.765	-4.120	-3.658	5.045	-2.945	126.975441	37.295444
1685512364646	1685512364635	-8.365	-2.215	-0.259	1.030	-0.787	-4.038	-3.689	5.449	-3.115	126.975441	37.295444
1685512364655	1685512364647	-8.090	-2.064	-0.204	1.051	-0.811	-3.936	-3.996	5.760	-3.266	126.975441	37.295444
1685512364666	1685512364655	-7.891	-1.894	-0.218	1.043	-0.832	-3.813	-4.137	6.045	-3.424	126.975441	37.295444
1685512364674	1685512364668	-7.855	-1.856	-0.067	1.014	-0.844	-3.674	-4.128	6.292	-3.460	126.975441	37.295444
1685512364685	1685512364675	-8.040	-1.628	0.012	0.974	-0.836	-3.527	-4.238	6.558	-3.584	126.975441	37.295444
1685512364697	1685512364685	-8.131	-1.410	-0.043	0.921	-0.823	-3.367	-4.444	6.663	-3.519	126.975441	37.295444
1685512364704	1685512364697	-8.121	-1.020	-0.177	0.858	-0.805	-3.185	-4.911	6.958	-3.539	126.975441	37.295444
1685512364715	1685512364704	-7.836	-0.965	-0.271	0.771	-0.800	-2.964	-5.286	7.235	-3.689	126.975441	37.295444
1685512364726	1685512364715	-7.398	-1.013	-0.299	0.655	-0.822	-2.699	-5.588	7.681	-3.924	126.975441	37.295444
1685512364735	1685512364726	-7.113	-1.135	-0.328	0.528	-0.845	-2.404	-5.564	7.772	-4.094	126.975441	37.295444
1685512364748	1685512364735	-6.735	-1.161	-0.338	0.396	-0.850	-2.103	-5.394	7.757	-4.197	126.975441	37.295444
1685512364758	1685512364748	-6.596	-1.279	-0.369	0.271	-0.823	-1.806	-5.353	7.659	-4.288	126.975441	37.295444
1685512364764	1685512364758	-6.572	-1.362	-0.225	0.165	-0.754	-1.513	-5.193	7.652	-4.348	126.975441	37.295444
1685512364775	1685512364764	-6.596	-1.355	-0.175	0.081	-0.661	-1.208	-5.248	7.549	-4.415	126.975441	37.295444
1685512364784	1685512364775	-6.950	-1.487	-0.285	0.018	-0.566	-0.888	-5.437	7.482	-4.302	126.975441	37.295444
1685512364795	1685512364785	-7.750	-1.662	-0.426	-0.029	-0.443	-0.557	-5.555	7.496	-4.262	126.975441	37.295444
1685512364806	1685512364795	-8.794	-1.992	-0.476	-0.072	-0.283	-0.219	-6.021	7.374	-4.379	126.975441	37.295444
1685512364816	1685512364807	-9.737	-2.480	-0.488	-0.111	-0.067	0.139	-6.881	7.204	-4.523	126.975441	37.295444
1685512364824	1685512364817	-10.108	-2.856	-0.570	-0.140	0.128	0.546	-7.961	6.879	-4.568	126.975441	37.295444
1685512364835	1685512364825	-9.819	-3.079	-0.498	-0.178	0.219	1.008	-8.894	6.393	-4.573	126.975441	37.295444
1685512364844	1685512364835	-9.129	-3.275	-0.512	-0.225	0.231	1.498	-9.201	6.019	-4.638	126.975441	37.295444
1685512364856	1685512364845	-8.655	-3.304	-0.479	-0.272	0.255	1.971	-8.835	5.794	-4.551	126.975441	37.295444
1685512364864	1685512364856	-9.026	-3.496	-0.108	-0.341	0.346	2.375	-7.987	5.590	-4.539	126.975441	37.295444
1685512364876	1685512364865	-10.142	-3.759	0.227	-0.447	0.562	2.677	-7.348	5.550	-4.482	126.975441	37.295444
1685512364884	1685512364876	-11.633	-4.226	0.718	-0.545	0.886	2.893	-7.448	5.332	-4.070	126.975441	37.295444
1685512364895	1685512364885	-12.969	-4.659	1.058	-0.547	1.224	3.078	-8.334	5.045	-3.689	126.975441	37.295444
1685512364906	1685512364895	-14.123	-4.863	1.221	-0.417	1.527	3.282	-9.507	4.537	-3.127	126.975441	37.295444
1685512364915	1685512364907	-15.007	-4.860	1.408	-0.177	1.791	3.512	-10.561	4.061	-2.720	126.975441	37.295444
1685512364924	1685512364915	-15.543	-4.887	1.520	0.103	2.005	3.753	-11.372	3.788	-2.480	126.975441	37.295444
1685512364936	1685512364925	-15.660	-5.112	1.520	0.362	2.177	3.989	-11.887	3.692	-2.224	126.975441	37.295444
1685512364945	1685512364936	-15.574	-5.274	1.561	0.573	2.329	4.214	-12.033	3.539	-2.054	126.975441	37.295444
1685512364958	1685512364945	-15.179	-5.471	1.489	0.742	2.441	4.412	-11.741	3.151	-2.004	126.975441	37.295444
1685512364965	1685512364959	-14.471	-5.471	1.456	0.894	2.507	4.553	-11.186	2.775	-1.908	126.975441	37.295444
1685512364975	1685512364965	-13.429	-5.325	1.547	1.048	2.518	4.625	-10.400	2.373	-1.932	126.975441	37.295444
1685512364985	1685512364975	-12.206	-4.970	1.657	1.184	2.468	4.622	-9.210	2.088	-1.903	126.975441	37.295444
1685512364997	1685512364985	-11.016	-4.432	1.662	1.284	2.385	4.551	-7.786	1.975	-1.760	126.975441	37.295444
1685512365005	1685512364998	-10.116	-4.044	1.681	1.350	2.301	4.428	-6.151	2.021	-1.590	126.975441	37.295444
1685512365016	1685512365007	-9.380	-3.460	1.738	1.357	2.210	4.260	-4.573	2.234	-1.523	126.975441	37.295444
1685512365027	1685512365017	-8.861	-3.122	1.733	1.291	2.116	4.054	-3.275	2.251	-1.432	126.975441	37.295444
1685512365037	1685512365027	-8.523	-2.966	1.870	1.185	2.055	3.812	-2.243	2.531	-1.310	126.975441	37.295444
1685512365047	1685512365037	-8.526	-2.808	1.946	1.052	2.032	3.523	-1.425	2.533	-1.235	126.975441	37.295444
1685512365060	1685512365047	-8.614	-2.629	1.956	0.878	2.006	3.217	-0.816	2.365	-1.008	126.975441	37.295444
1685512365068	1685512365060	-8.662	-2.713	2.076	0.651	1.947	2.937	-0.579	2.217	-0.828	126.975441	37.295444
1685512365078	1685512365068	-8.590	-2.710	1.961	0.368	1.847	2.677	-0.455	2.114	-0.699	126.975441	37.295444
1685512365089	1685512365079	-8.365	-3.029	1.846	0.038	1.685	2.432	-0.283	1.719	-0.421	126.975441	37.295444
1685512365097	1685512365090	-8.217	-3.297	1.767	-0.314	1.493	2.222	-0.081	1.532	-0.426	126.975441	37.295444
1685512365107	1685512365097	-8.294	-3.383	1.767	-0.626	1.323	2.054	0.283	1.006	-0.397	126.975441	37.295444
1685512365118	1685512365108	-8.361	-3.431	1.753	-0.887	1.179	1.911	0.551	0.551	-0.333	126.975441	37.295444
1685512365126	1685512365120	-8.495	-3.733	1.810	-1.162	1.031	1.774	0.582	0.285	-0.189	126.975441	37.295444
1685512365136	1685512365127	-8.547	-3.986	1.958	-1.421	0.888	1.641	0.608	0.079	-0.065	126.975441	37.295444
1685512365146	1685512365137	-8.612	-4.147	2.119	-1.631	0.767	1.514	0.563	-0.373	0.136	126.975441	37.295444
1685512365162	1685512365148	-8.641	-4.360	2.188	-1.780	0.661	1.401	0.567	-0.735	0.393	126.975441	37.295444
1685512365166	1685512365162	-8.782	-4.594	2.356	-1.879	0.585	1.304	0.555	-0.996	0.661	126.975441	37.295444
1685512365176	1685512365168	-8.892	-4.894	2.421	-1.954	0.525	1.213	0.567	-1.288	0.824	126.975441	37.295444
1685512365185	1685512365177	-9.172	-5.138	2.512	-1.987	0.495	1.125	0.464	-1.599	1.087	126.975441	37.295444
1685512365195	1685512365185	-9.503	-5.550	2.646	-1.962	0.485	1.048	0.378	-1.944	1.221	126.975441	37.295444
1685512365205	1685512365195	-9.950	-5.811	2.734	-1.869	0.494	0.987	0.127	-2.243	1.396	126.975441	37.295444
1685512365215	1685512365205	-10.144	-5.883	2.710	-1.698	0.513	0.935	-0.182	-2.696	1.597	126.975441	37.295444
1685512365225	1685512365215	-10.183	-6.041	2.646	-1.475	0.513	0.896	-0.603	-3.014	1.772	126.975441	37.295444
1685512365240	1685512365225	-10.245	-6.206	2.626	-1.232	0.470	0.870	-0.766	-3.158	1.844	126.975433	37.295437
1685512365245	1685512365240	-10.467	-6.096	2.583	-0.971	0.441	0.843	-0.776	-3.388	1.865	126.975433	37.295437
1685512365257	1685512365245	-10.683	-6.029	2.375	-0.722	0.412	0.794	-0.812	-3.625	1.923	126.975433	37.295437
1685512365265	1685512365257	-10.913	-5.983	2.160	-0.545	0.352	0.715	-1.008	-3.596	1.954	126.975433	37.295437
1685512365275	1685512365265	-11.633	-6.098	2.136	-0.439	0.290	0.604	-1.204	-3.591	1.796	126.975433	37.295437
1685512365285	1685512365276	-12.579	-6.053	2.172	-0.404	0.258	0.452	-1.413	-3.618	1.633	126.975433	37.295437
1685512365297	1685512365285	-13.618	-5.861	2.241	-0.373	0.276	0.260	-2.119	-3.783	1.642	126.975433	37.295437
1685512365307	1685512365297	-14.296	-5.593	2.416	-0.351	0.283	0.044	-3.055	-3.778	1.712	126.975433	37.295437
1685512365317	1685512365307	-14.102	-5.322	2.543	-0.378	0.202	-0.170	-4.087	-3.610	1.815	126.975433	37.295437
1685512365327	1685512365317	-12.941	-4.863	2.296	-0.462	-0.007	-0.363	-4.762	-3.345	2.030	126.975433	37.295437
1685512365337	1685512365327	-11.657	-4.417	1.686	-0.610	-0.340	-0.540	-4.571	-3.057	2.181	126.975433	37.295437
1685512365348	1685512365337	-11.013	-4.441	1.197	-0.845	-0.688	-0.739	-3.417	-2.562	1.944	126.975433	37.295437
1685512365369	1685512365348	-11.736	-4.597	0.998	-1.140	-0.867	-1.004	-2.148	-2.064	1.314	126.975433	37.295437
1685512365369	1685512365369	-13.223	-4.616	0.919	-1.360	-0.782	-1.350	-1.523	-2.014	0.781	126.975433	37.295437
1685512365377	1685512365369	-14.528	-4.772	0.862	-1.503	-0.633	-1.731	-2.277	-2.069	0.529	126.975433	37.295437
1685512365388	1685512365377	-15.261	-4.990	0.644	-1.599	-0.599	-2.056	-3.809	-1.927	0.405	126.975433	37.295437
1685512365398	1685512365388	-15.261	-4.990	0.644	-1.632	-0.677	-2.307	-5.157	-1.946	0.333	126.975433	37.295437
1685512365407	1685512365398	-15.388	-4.999	0.041	-1.608	-0.841	-2.502	-5.952	-1.963	0.105	126.975433	37.295437
1685512365419	1685512365407	-15.388	-4.999	0.041	-1.550	-1.034	-2.651	-6.029	-1.741	0.093	126.975433	37.295437
1685512365428	1685512365419	-15.112	-5.078	-0.567	-1.550	-1.034	-2.651	-6.244	-1.511	-0.532	126.975433	37.295437
1685512365438	1685512365428	-14.693	-5.215	-0.567	-1.414	-1.345	-2.836	-6.347	-1.262	-0.570	126.975433	37.295437
1685512365448	1685512365438	-14.315	-5.131	-0.692	-1.414	-1.345	-2.836	-6.191	-1.068	-1.214	126.975433	37.295437
1685512365459	1685512365448	-13.779	-5.131	-0.776	-1.173	-1.481	-2.948	-5.885	-0.970	-1.269	126.975433	37.295437
1685512365468	1685512365460	-12.960	-4.911	-0.678	-0.985	-1.502	-2.969	-5.641	-0.627	-1.448	126.975433	37.295437
1685512365481	1685512365468	-12.019	-4.767	-0.469	-0.985	-1.502	-2.969	-5.253	-0.364	-1.607	126.975433	37.295437
1685512365489	1685512365482	-10.961	-4.635	-0.153	-0.761	-1.477	-2.979	-4.609	0.139	-1.595	126.975433	37.295437
1685512365500	1685512365489	-9.934	-4.408	0.187	-0.517	-1.404	-2.988	-3.819	0.512	-1.451	126.975433	37.295437
1685512365510	1685512365500	-9.333	-4.408	0.541	0.039	-1.058	-3.034	-2.954	0.919	-1.221	126.975433	37.295437
1685512365520	1685512365511	-8.854	-4.274	0.761	0.039	-1.058	-3.034	-2.093	1.365	-0.955	126.975433	37.295437
1685512365529	1685512365521	-8.578	-3.986	0.802	0.621	-0.651	-3.098	-1.702	1.621	-0.694	126.975433	37.295437
1685512365541	1685512365530	-8.444	-3.730	0.742	0.621	-0.651	-3.098	-1.403	1.961	-0.546	126.975433	37.295437
1685512365553	1685512365541	-8.092	-3.397	0.589	0.843	-0.512	-3.128	-1.355	2.490	-0.601	126.975433	37.295437
1685512365582	1685512365554	-7.882	-3.263	0.534	1.007	-0.413	-3.139	-1.413	2.938	-0.740	126.975433	37.295437
1685512365582	1685512365582	-7.642	-3.108	0.505	1.212	-0.318	-3.124	-1.324	3.512	-1.006	126.975433	37.295437
1685512365583	1685512365582	-7.448	-3.048	0.481	1.212	-0.318	-3.124	-1.295	3.802	-1.137	126.975433	37.295437
1685512365587	1685512365583	-7.379	-2.875	0.390	1.290	-0.286	-3.102	-1.331	4.173	-1.295	126.975433	37.295437
1685512365600	1685512365587	-7.463	-2.586	0.163	1.362	-0.249	-3.071	-1.324	4.372	-1.408	126.975433	37.295437
1685512365610	1685512365602	-7.436	-2.267	0.005	1.404	-0.243	-3.042	-1.518	4.721	-1.623	126.975433	37.295437
1685512365620	1685512365611	-7.429	-2.150	-0.122	1.387	-0.283	-3.004	-1.817	5.145	-1.958	126.975433	37.295437
1685512365630	1685512365620	-7.168	-2.102	-0.230	1.307	-0.360	-2.936	-2.023	5.590	-2.246	126.975433	37.295437
1685512365638	1685512365631	-7.029	-2.167	-0.275	1.189	-0.450	-2.838	-2.172	5.789	-2.459	126.975433	37.295437
1685512365648	1685512365639	-6.998	-2.047	-0.328	1.059	-0.531	-2.727	-2.155	5.954	-2.696	126.975433	37.295437
1685512365660	1685512365648	-6.989	-2.081	-0.287	0.933	-0.588	-2.610	-2.234	5.988	-2.847	126.975433	37.295437
1685512365668	1685512365660	-7.025	-2.100	-0.275	0.681	-0.651	-2.345	-2.464	6.218	-3.024	126.975433	37.295437
1685512365678	1685512365668	-7.123	-2.095	-0.208	0.681	-0.651	-2.345	-2.665	6.266	-3.077	126.975433	37.295437
1685512365688	1685512365678	-7.056	-2.040	-0.287	0.560	-0.656	-2.193	-2.981	6.347	-3.175	126.975433	37.295437
1685512365698	1685512365688	-6.941	-1.949	-0.244	0.445	-0.678	-2.023	-3.230	6.404	-3.165	126.975433	37.295437
1685512365708	1685512365699	-6.929	-2.047	-0.292	0.330	-0.700	-1.837	-3.390	6.531	-3.323	126.975433	37.295437
1685512365720	1685512365709	-6.881	-2.112	-0.175	0.220	-0.690	-1.649	-3.472	6.682	-3.342	126.975433	37.295437
1685512365727	1685512365721	-7.070	-2.315	0.002	0.122	-0.654	-1.469	-3.639	6.634	-3.443	126.975433	37.295437
1685512365737	1685512365727	-7.338	-2.468	0.012	0.055	-0.583	-1.293	-3.757	6.615	-3.366	126.975433	37.295437
1685512365750	1685512365737	-7.664	-2.593	0.036	0.027	-0.484	-1.111	-4.111	6.457	-3.223	126.975433	37.295437
1685512365758	1685512365751	-7.970	-2.617	0.065	0.032	-0.374	-0.931	-4.499	6.335	-3.235	126.975433	37.295437
1685512365772	1685512365765	-8.171	-2.622	-0.038	0.064	-0.197	-0.551	-4.939	6.242	-3.225	126.975433	37.295437
1685512365777	1685512365772	-8.186	-2.579	-0.098	0.064	-0.197	-0.551	-5.339	6.242	-3.211	126.975433	37.295437
1685512365786	1685512365778	-8.037	-2.571	-0.007	0.064	-0.139	-0.336	-5.602	6.251	-3.326	126.975433	37.295437
1685512365797	1685512365786	-8.021	-2.588	0.014	0.067	-0.082	-0.117	-5.665	6.304	-3.395	126.975433	37.295437
1685512365807	1685512365798	-8.294	-2.713	0.045	0.082	-0.001	0.090	-5.555	6.318	-3.314	126.975433	37.295437
1685512365818	1685512365807	-9.158	-2.741	0.022	0.101	0.127	0.277	-5.550	6.302	-3.299	126.975433	37.295437
1685512365827	1685512365819	-10.082	-2.662	-0.081	0.119	0.302	0.456	-5.816	6.172	-3.275	126.975433	37.295437
1685512365839	1685512365828	-11.167	-2.816	-0.194	0.128	0.481	0.660	-6.651	6.134	-3.304	126.975433	37.295437
1685512365847	1685512365840	-12.218	-3.060	-0.316	0.126	0.652	0.911	-7.525	6.196	-3.409	126.975433	37.295437
1685512365859	1685512365848	-12.548	-3.326	-0.196	0.101	0.790	1.222	-8.535	6.021	-3.522	126.975433	37.295437
1685512365867	1685512365860	-12.151	-3.627	0.036	-0.054	0.775	1.990	-9.474	5.746	-3.637	126.975433	37.295437
1685512365876	1685512365867	-11.617	-3.859	0.364	-0.054	0.775	1.990	-9.685	5.447	-3.505	126.975433	37.295437
1685512365887	1685512365877	-11.408	-3.943	0.692	-0.145	0.733	2.359	-9.067	5.083	-3.242	126.975433	37.295437
1685512365897	1685512365888	-12.107	-4.104	0.948	-0.195	0.828	2.652	-8.356	4.793	-2.887	126.975433	37.295437
1685512365908	1685512365898	-13.171	-4.408	1.159	-0.202	1.035	2.866	-7.920	4.635	-2.523	126.975433	37.295437
1685512365918	1685512365908	-14.257	-4.808	1.451	-0.175	1.293	3.024	-8.365	4.386	-2.219	126.975433	37.295437
1685512365929	1685512365918	-15.009	-4.939	1.621	-0.108	1.526	3.162	-9.129	3.965	-1.946	126.975433	37.295437
1685512365938	1685512365929	-15.289	-4.870	1.626	0.006	1.673	3.295	-9.953	3.457	-1.592	126.975433	37.295437
1685512365949	1685512365938	-15.000	-4.755	1.676	0.153	1.721	3.422	-10.400	3.187	-1.346	126.975433	37.295437
1685512365961	1685512365949	-14.475	-4.764	1.659	0.291	1.714	3.538	-10.367	3.098	-1.262	126.975433	37.295437
1685512365972	1685512365961	-13.640	-4.767	1.575	0.485	1.653	3.671	-9.759	3.036	-1.135	126.975433	37.295437
1685512365977	1685512365972	-12.713	-4.662	1.501	0.485	1.653	3.671	-8.914	2.828	-1.082	126.975433	37.295437
1685512365988	1685512365977	-11.633	-4.424	1.396	0.539	1.576	3.653	-7.695	2.555	-1.094	126.975433	37.295437
1685512366000	1685512365988	-10.491	-4.245	1.444	0.553	1.462	3.581	-6.522	2.471	-1.116	126.975433	37.295437
1685512366008	1685512366000	-9.318	-4.032	1.513	0.522	1.321	3.466	-5.143	2.464	-1.159	126.975433	37.295437
1685512366019	1685512366009	-8.420	-3.649	1.554	0.468	1.191	3.321	-3.723	2.392	-1.053	126.975433	37.295437
1685512366028	1685512366019	-7.654	-3.201	1.573	0.417	1.109	3.136	-2.291	2.354	-0.927	126.975433	37.295437
1685512366039	1685512366029	-7.326	-2.978	1.729	0.342	1.067	2.908	-1.156	2.488	-0.828	126.975433	37.295437
1685512366049	1685512366039	-7.228	-2.931	1.808	0.227	1.070	2.650	-0.153	2.670	-0.747	126.975433	37.295437
1685512366060	1685512366050	-7.400	-3.069	1.836	0.084	1.106	2.387	0.345	2.686	-0.536	126.975433	37.295437
1685512366070	1685512366060	-7.539	-3.311	1.798	-0.247	1.117	1.923	0.615	2.523	-0.388	126.975433	37.295437
1685512366081	1685512366071	-7.599	-3.673	1.817	-0.247	1.117	1.923	0.594	2.193	-0.275	126.975433	37.295437
1685512366091	1685512366082	-7.558	-3.895	1.724	-0.403	1.040	1.747	0.591	1.786	-0.201	126.975433	37.295437
1685512366103	1685512366091	-7.573	-3.926	1.729	-0.524	0.930	1.619	0.637	1.288	-0.089	126.975433	37.295437
1685512366108	1685512366103	-7.513	-4.108	1.618	-0.632	0.790	1.530	0.792	0.915	-0.065	126.975433	37.295437
1685512366119	1685512366109	-7.513	-4.204	1.575	-0.731	0.654	1.460	0.862	0.769	0.031	126.975433	37.295437
1685512366127	1685512366119	-7.568	-4.245	1.547	-0.808	0.544	1.393	1.022	0.436	0.012	126.975433	37.295437
1685512366138	1685512366128	-7.678	-4.223	1.551	-0.871	0.452	1.317	1.106	0.208	0.048	126.975433	37.295437
1685512366147	1685512366139	-7.858	-4.254	1.528	-0.908	0.375	1.241	1.120	0.050	0.091	126.975433	37.295437
1685512366160	1685512366147	-7.932	-4.341	1.470	-0.933	0.309	1.157	1.073	-0.029	0.163	126.975433	37.295437
1685512366167	1685512366160	-8.138	-4.238	1.300	-1.008	0.206	0.947	0.950	-0.160	0.204	126.975433	37.295437
1685512366177	1685512366168	-8.303	-4.190	1.257	-1.008	0.206	0.947	0.917	-0.321	0.194	126.975433	37.295437
1685512366186	1685512366177	-8.368	-4.334	1.199	-1.074	0.177	0.831	0.749	-0.285	0.074	126.975433	37.295437
1685512366197	1685512366186	-8.684	-4.585	1.286	-1.155	0.156	0.720	0.611	-0.287	0.069	126.975433	37.295437
1685512366206	1685512366198	-9.019	-4.630	1.324	-1.210	0.158	0.610	0.572	-0.476	0.055	126.975433	37.295437
1685512366217	1685512366207	-9.428	-4.834	1.413	-1.211	0.184	0.505	0.273	-0.759	0.184	126.975433	37.295437
1685512366226	1685512366217	-9.704	-4.980	1.355	-1.174	0.210	0.418	-0.045	-0.826	0.271	126.975433	37.295437
1685512366236	1685512366226	-9.859	-5.152	1.365	-1.113	0.214	0.357	-0.450	-1.027	0.395	126.975433	37.295437
1685512366246	1685512366236	-9.823	-5.318	1.322	-1.030	0.200	0.325	-0.723	-1.171	0.381	126.975433	37.295437
1685512366260	1685512366246	-9.965	-5.375	1.298	-0.930	0.171	0.320	-0.874	-1.343	0.436	126.975426	37.295425
1685512366266	1685512366260	-10.020	-5.425	1.269	-0.666	0.149	0.321	-0.831	-1.516	0.438	126.975426	37.295425
1685512366278	1685512366266	-10.297	-5.356	1.013	-0.666	0.149	0.321	-0.962	-1.585	0.460	126.975426	37.295425
1685512366286	1685512366278	-10.910	-5.399	0.735	-0.522	0.165	0.304	-1.001	-1.662	0.476	126.975426	37.295425
1685512366297	1685512366287	-11.839	-5.672	0.773	-0.414	0.192	0.268	-1.269	-1.611	0.251	126.975426	37.295425
1685512366307	1685512366297	-13.012	-5.926	0.917	-0.347	0.255	0.199	-1.870	-1.678	0.007	126.975426	37.295425
1685512366320	1685512366307	-13.884	-5.906	1.063	-0.279	0.338	0.105	-2.787	-1.970	0.079	126.975426	37.295425
1685512366328	1685512366320	-13.815	-6.021	1.566	-0.204	0.353	0.027	-3.953	-2.241	0.259	126.975426	37.295425
1685512366338	1685512366328	-12.500	-5.947	1.781	-0.127	0.257	-0.002	-4.817	-2.229	0.445	126.975426	37.295425
1685512366349	1685512366338	-10.676	-5.528	1.506	-0.027	0.067	0.009	-4.745	-2.346	0.991	126.975426	37.295425
1685512366359	1685512366349	-9.210	-5.107	1.286	0.077	-0.183	0.006	-3.428	-2.270	1.231	126.975426	37.295425
1685512366370	1685512366359	-8.909	-5.332	1.305	0.044	-0.352	-0.279	-1.604	-1.853	0.962	126.975426	37.295425
1685512366379	1685512366370	-10.053	-5.227	1.259	0.044	-0.352	-0.279	-0.139	-1.432	0.723	126.975426	37.295425
1685512366388	1685512366380	-12.057	-5.198	1.372	0.057	-0.127	-0.604	0.148	-1.630	0.706	126.975426	37.295425
1685512366400	1685512366388	-14.099	-5.294	1.283	0.142	0.144	-0.959	-1.006	-1.501	0.630	126.975426	37.295425
1685512366409	1685512366400	-15.615	-5.176	0.864	0.261	0.296	-1.242	-3.038	-1.408	0.725	126.975426	37.295425
1685512366419	1685512366409	-16.103	-4.987	0.335	0.381	0.239	-1.439	-5.112	-1.434	0.644	126.975426	37.295425
1685512366428	1685512366419	-15.888	-5.088	-0.275	0.434	-0.021	-1.554	-6.673	-1.209	0.242	126.975426	37.295425
1685512366440	1685512366429	-15.301	-5.248	-0.603	0.425	-0.348	-1.593	-7.219	-0.893	-0.280	126.975426	37.295425
1685512366449	1685512366441	-14.626	-4.987	-0.757	0.407	-0.613	-1.613	-7.068	-0.860	-0.910	126.975426	37.295425
1685512366460	1685512366450	-13.961	-4.791	-0.771	0.374	-0.825	-1.653	-6.551	-0.881	-1.288	126.975426	37.295425
1685512366469	1685512366460	-13.317	-4.702	-0.567	0.334	-1.004	-1.713	-5.969	-0.455	-1.528	126.975426	37.295425
1685512366480	1685512366469	-12.598	-4.424	-0.318	0.324	-1.108	-1.780	-5.368	-0.148	-1.611	126.975426	37.295425
1685512366490	1685512366480	-11.739	-4.207	-0.172	0.327	-1.162	-1.864	-4.831	0.110	-1.530	126.975426	37.295425
1685512366500	1685512366491	-10.858	-3.915	0.048	0.338	-1.195	-1.982	-4.192	0.505	-1.369	126.975426	37.295425
1685512366510	1685512366500	-9.943	-3.680	0.294	0.342	-1.205	-2.114	-3.450	0.891	-1.348	126.975426	37.295425
1685512366519	1685512366512	-9.158	-3.802	0.467	0.341	-1.178	-2.241	-2.672	1.326	-1.231	126.975426	37.295425
1685512366530	1685512366519	-8.557	-3.685	0.634	0.347	-1.102	-2.362	-1.913	1.762	-1.123	126.975426	37.295425
1685512366541	1685512366530	-8.138	-3.634	0.855	0.380	-0.991	-2.494	-1.240	1.779	-1.041	126.975426	37.295425
1685512366553	1685512366542	-8.088	-3.378	0.828	0.436	-0.870	-2.633	-0.804	2.093	-0.991	126.975426	37.295425
1685512366563	1685512366553	-8.210	-3.309	0.618	0.497	-0.740	-2.778	-0.551	2.330	-0.869	126.975426	37.295425
1685512366582	1685512366564	-8.226	-3.247	0.378	0.534	-0.629	-2.925	-0.675	2.775	-0.986	126.975426	37.295425
1685512366583	1685512366583	-8.064	-3.244	0.192	0.549	-0.569	-3.048	-0.965	3.019	-1.274	126.975426	37.295425
1685512366590	1685512366583	-7.985	-3.089	0.060	0.556	-0.558	-3.129	-1.243	3.338	-1.616	126.975426	37.295425
1685512366599	1685512366590	-7.815	-3.065	0.022	0.584	-0.572	-3.172	-1.252	3.500	-1.865	126.975426	37.295425
1685512366608	1685512366599	-7.728	-3.031	-0.034	0.639	-0.593	-3.197	-1.398	3.855	-2.071	126.975426	37.295425
1685512366620	1685512366609	-7.805	-2.840	-0.108	0.707	-0.608	-3.223	-1.465	4.070	-2.188	126.975426	37.295425
1685512366629	1685512366620	-7.922	-2.662	-0.208	0.784	-0.599	-3.245	-1.568	4.250	-2.301	126.975426	37.295425
1685512366639	1685512366629	-8.040	-2.428	-0.242	0.844	-0.591	-3.251	-1.834	4.578	-2.437	126.975426	37.295425
1685512366649	1685512366640	-7.875	-2.337	-0.287	0.865	-0.619	-3.222	-2.184	4.911	-2.622	126.975426	37.295425
1685512366660	1685512366649	-7.712	-2.164	-0.271	0.853	-0.671	-3.153	-2.497	5.267	-2.727	126.975426	37.295425
1685512366670	1685512366660	-7.482	-2.160	-0.223	0.821	-0.723	-3.051	-2.567	5.495	-2.859	126.975426	37.295425
1685512366682	1685512366670	-7.247	-2.059	-0.151	0.783	-0.771	-2.921	-2.648	5.796	-2.938	126.975426	37.295425
1685512366690	1685512366682	-7.108	-1.966	-0.160	0.737	-0.799	-2.776	-2.708	5.940	-3.000	126.975426	37.295425
1685512366702	1685512366690	-7.195	-1.918	-0.256	0.678	-0.800	-2.625	-2.708	6.144	-3.019	126.975426	37.295425
1685512366711	1685512366702	-7.276	-1.865	-0.189	0.602	-0.781	-2.464	-2.847	6.347	-3.134	126.975426	37.295425
1685512366722	1685512366712	-7.183	-1.927	-0.129	0.509	-0.760	-2.280	-3.151	6.476	-3.311	126.975426	37.295425
1685512366732	1685512366723	-7.178	-2.021	-0.132	0.408	-0.756	-2.060	-3.464	6.606	-3.326	126.975426	37.295425
1685512366742	1685512366732	-7.204	-2.150	-0.081	0.310	-0.755	-1.817	-3.589	6.613	-3.335	126.975426	37.295425
1685512366756	1685512366742	-7.324	-2.260	-0.220	0.221	-0.734	-1.576	-3.785	6.577	-3.400	126.975426	37.295425
1685512366764	1685512366756	-7.463	-2.224	-0.323	0.132	-0.707	-1.343	-3.994	6.498	-3.402	126.975426	37.295425
1685512366798	1685512366764	-7.456	-2.296	-0.417	0.033	-0.676	-1.102	-4.290	6.433	-3.587	126.975426	37.295425
1685512366799	1685512366798	-7.223	-2.418	-0.474	-0.072	-0.655	-0.853	-4.556	6.503	-3.718	126.975426	37.295425
1685512366799	1685512366799	-7.149	-2.430	-0.493	-0.170	-0.655	-0.595	-4.681	6.464	-3.836	126.975426	37.295425
1685512366801	1685512366799	-7.513	-2.614	-0.488	-0.252	-0.637	-0.348	-4.537	6.364	-3.905	126.975426	37.295425
1685512366809	1685512366801	-8.483	-2.758	-0.601	-0.302	-0.535	-0.132	-4.537	6.373	-3.926	126.975426	37.295425
1685512366820	1685512366809	-9.682	-2.971	-0.613	-0.313	-0.336	0.046	-4.954	6.208	-3.915	126.975426	37.295425
1685512366828	1685512366820	-10.908	-3.232	-0.855	-0.308	-0.101	0.228	-5.957	6.079	-4.013	126.975426	37.295425
1685512366838	1685512366828	-11.729	-3.551	-0.824	-0.307	0.086	0.479	-7.163	5.873	-4.008	126.975426	37.295425
1685512366848	1685512366839	-11.636	-3.900	-0.630	-0.312	0.204	0.830	-8.373	5.617	-4.226	126.975426	37.295425
1685512366861	1685512366849	-10.487	-4.266	-0.359	-0.313	0.241	1.255	-9.148	5.296	-4.166	126.975426	37.295425
1685512366869	1685512366862	-9.402	-4.283	-0.005	-0.304	0.211	1.697	-8.976	4.937	-3.938	126.975426	37.295425
1685512366878	1685512366869	-9.088	-4.448	0.424	-0.287	0.202	2.090	-7.707	4.547	-3.634	126.975426	37.295425
1685512366888	1685512366879	-9.898	-4.633	0.857	-0.269	0.368	2.376	-6.436	4.482	-3.239	126.975426	37.295425
1685512366898	1685512366889	-11.509	-4.978	1.250	-0.231	0.698	2.530	-5.969	4.274	-2.787	126.975426	37.295425
1685512366908	1685512366900	-13.024	-5.351	1.520	-0.127	1.106	2.595	-6.560	4.020	-2.318	126.975426	37.295425
1685512366918	1685512366908	-14.396	-5.502	1.657	0.078	1.498	2.669	-7.932	3.596	-1.879	126.975426	37.295425
1685512366929	1685512366919	-15.012	-5.291	1.638	0.373	1.780	2.801	-9.194	3.129	-1.559	126.975426	37.295425
1685512366939	1685512366930	-15.076	-5.109	1.405	0.691	1.913	2.960	-10.295	2.871	-1.369	126.975426	37.295425
1685512366949	1685512366939	-14.789	-4.982	1.142	0.970	1.955	3.112	-10.594	2.938	-1.338	126.975426	37.295425
1685512366969	1685512366949	-14.277	-5.035	0.814	1.164	1.969	3.250	-10.391	2.981	-1.542	126.975426	37.295425
1685512366969	1685512366969	-13.499	-5.092	0.529	1.272	1.966	3.355	-9.797	2.928	-1.788	126.975426	37.295425
1685512366980	1685512366969	-12.651	-5.076	0.400	1.333	1.943	3.409	-8.973	2.674	-2.107	126.975426	37.295425
1685512366989	1685512366980	-11.619	-4.889	0.567	1.385	1.879	3.412	-7.853	2.373	-2.380	126.975426	37.295425
1685512367000	1685512366989	-10.669	-4.681	0.922	1.434	1.789	3.366	-6.728	2.176	-2.497	126.975426	37.295425
1685512367009	1685512367000	-9.728	-4.401	1.391	1.480	1.704	3.273	-5.368	2.093	-2.310	126.975426	37.295425
1685512367020	1685512367009	-8.871	-4.058	2.002	1.537	1.651	3.142	-4.164	2.069	-1.942	126.975426	37.295425
1685512367030	1685512367020	-8.195	-3.637	2.380	1.614	1.626	2.981	-2.931	2.064	-1.456	126.975426	37.295425
1685512367042	1685512367030	-7.858	-3.144	2.629	1.709	1.641	2.777	-1.851	2.172	-0.831	126.975426	37.295425
1685512367051	1685512367042	-7.614	-2.648	2.691	1.789	1.679	2.523	-0.927	2.308	-0.433	126.975426	37.295425
1685512367061	1685512367051	-7.487	-2.454	2.595	1.759	1.704	2.241	-0.400	2.574	-0.165	126.975426	37.295425
1685512367071	1685512367062	-7.506	-2.413	2.507	1.582	1.690	1.960	0.067	2.782	-0.069	126.975426	37.295425
1685512367082	1685512367071	-7.465	-2.399	2.263	1.304	1.629	1.713	0.326	2.799	-0.134	126.975426	37.295425
1685512367093	1685512367083	-7.341	-2.437	2.097	0.977	1.514	1.514	0.484	2.602	-0.160	126.975426	37.295425
1685512367101	1685512367093	-7.331	-2.476	2.097	0.650	1.382	1.368	0.625	2.478	-0.352	126.975426	37.295425
1685512367108	1685512367103	-7.336	-2.483	2.263	0.329	1.244	1.257	0.874	2.277	-0.433	126.975426	37.295425
1685512367119	1685512367109	-7.444	-2.607	2.416	0.038	1.136	1.163	0.970	2.121	-0.357	126.975426	37.295425
1685512367128	1685512367119	-7.475	-2.818	2.559	-0.215	1.037	1.082	1.070	1.980	-0.084	126.975426	37.295425
1685512367138	1685512367135	-7.484	-2.868	2.567	-0.431	0.929	1.018	1.039	1.745	0.144	126.975426	37.295425
1685512367149	1685512367138	-7.570	-3.014	2.710	-0.608	0.826	0.965	1.094	1.420	0.390	126.975426	37.295425
1685512367160	1685512367149	-7.681	-3.139	2.670	-0.748	0.734	0.918	1.152	1.279	0.491	126.975426	37.295425
1685512367167	1685512367160	-7.796	-3.321	2.713	-0.858	0.654	0.877	1.123	1.061	0.730	126.975426	37.295425
1685512367178	1685512367168	-7.839	-3.630	2.811	-0.924	0.588	0.848	1.063	0.871	0.785	126.975426	37.295425
1685512367187	1685512367178	-7.889	-3.728	2.902	-0.948	0.535	0.834	1.003	0.615	0.939	126.975426	37.295425
1685512367198	1685512367188	-7.994	-3.950	3.156	-0.921	0.503	0.834	0.996	0.261	1.106	126.975426	37.295425
1685512367208	1685512367198	-8.250	-3.982	3.476	-0.841	0.494	0.845	0.986	0.103	1.281	126.975426	37.295425
1685512367219	1685512367208	-8.485	-4.123	3.687	-0.710	0.507	0.859	0.919	-0.180	1.597	126.975426	37.295425
1685512367228	1685512367220	-8.727	-4.099	3.819	-0.539	0.533	0.872	0.697	-0.273	1.963	126.975426	37.295425
1685512367238	1685512367228	-8.703	-4.063	3.826	-0.348	0.547	0.883	0.493	-0.479	2.205	126.975410	37.295410
1685512367248	1685512367238	-8.583	-4.108	3.706	-0.182	0.514	0.897	0.283	-0.524	2.354	126.975410	37.295410
1685512367260	1685512367248	-8.748	-3.895	3.565	-0.026	0.483	0.909	0.326	-0.541	2.344	126.975410	37.295410
1685512367268	1685512367260	-9.108	-3.864	3.309	0.108	0.454	0.914	0.464	-0.649	2.198	126.975410	37.295410
1685512367280	1685512367268	-9.792	-3.926	2.993	0.194	0.435	0.900	0.318	-0.498	2.033	126.975410	37.295410
1685512367288	1685512367280	-10.953	-4.187	3.021	0.219	0.418	0.866	-0.014	-0.541	1.757	126.975410	37.295410
1685512367299	1685512367289	-12.471	-4.417	3.031	0.213	0.442	0.815	-0.682	-0.663	1.417	126.975410	37.295410
1685512367309	1685512367299	-14.169	-4.666	3.225	0.238	0.511	0.756	-1.817	-1.001	1.444	126.975410	37.295410
1685512367320	1685512367310	-15.608	-4.855	3.644	0.275	0.525	0.689	-3.306	-1.302	1.484	126.975410	37.295410
1685512367330	1685512367321	-15.768	-4.913	3.757	0.348	0.479	0.634	-4.973	-1.623	1.717	126.975410	37.295410
1685512367342	1685512367330	-14.301	-4.820	3.405	0.447	0.294	0.606	-6.383	-1.882	2.176	126.975410	37.295410
1685512367353	1685512367342	-12.402	-4.932	2.851	0.513	-0.128	0.591	-6.519	-2.002	2.322	126.975410	37.295410
1685512367361	1685512367353	-11.945	-5.078	2.349	0.492	-0.607	0.547	-5.028	-1.970	1.985	126.975410	37.295410
1685512367373	1685512367372	-12.898	-5.133	2.035	0.425	-0.801	0.428	-3.112	-2.152	1.403	126.975410	37.295410
1685512367379	1685512367373	-14.571	-5.224	1.757	0.342	-0.742	0.228	-2.650	-2.351	0.838	126.975410	37.295410
1685512367390	1685512367380	-15.917	-5.064	1.597	0.269	-0.671	-0.027	-3.606	-2.456	0.429	126.975410	37.295410
1685512367402	1685512367390	-16.616	-4.551	1.125	0.235	-0.709	-0.294	-5.284	-2.571	0.081	126.975410	37.295410
1685512367411	1685512367402	-16.439	-4.085	0.632	0.217	-0.907	-0.556	-6.642	-2.413	-0.146	126.975410	37.295410
1685512367420	1685512367412	-15.897	-3.857	0.077	0.159	-1.222	-0.825	-7.362	-1.877	-0.690	126.975410	37.295410
1685512367431	1685512367422	-15.452	-3.701	-0.230	0.043	-1.534	-1.093	-7.221	-1.360	-1.283	126.975410	37.295410
1685512367441	1685512367431	-15.086	-3.733	-0.421	-0.150	-1.783	-1.355	-6.721	-1.065	-1.944	126.975410	37.295410
1685512367451	1685512367441	-14.782	-3.721	-0.496	-0.414	-1.974	-1.620	-6.337	-0.812	-2.392	126.975410	37.295410
1685512367463	1685512367451	-14.344	-3.634	-0.373	-0.687	-2.123	-1.889	-6.053	-0.716	-2.741	126.975410	37.295410
1685512367471	1685512367463	-13.714	-3.443	-0.232	-0.940	-2.270	-2.144	-5.847	-0.548	-2.978	126.975410	37.295410
1685512367483	1685512367471	-12.929	-3.282	-0.034	-1.162	-2.414	-2.381	-5.523	-0.275	-3.024	126.975410	37.295410
1685512367493	1685512367483	-11.899	-3.270	0.158	-1.366	-2.527	-2.613	-5.059	0.168	-3.081	126.975410	37.295410
1685512367502	1685512367493	-10.894	-3.259	0.227	-1.556	-2.606	-2.834	-4.401	0.520	-3.014	126.975410	37.295410
1685512367513	1685512367502	-9.910	-3.247	0.261	-1.717	-2.638	-3.038	-3.551	0.795	-2.981	126.975410	37.295410
1685512367524	1685512367513	-9.141	-3.311	0.280	-1.833	-2.610	-3.220	-2.746	1.089	-3.062	126.975410	37.295410
1685512367532	1685512367524	-8.578	-3.357	0.213	-1.902	-2.517	-3.383	-1.987	1.403	-3.163	126.975410	37.295410
1685512367543	1685512367534	-8.279	-3.381	0.127	-1.918	-2.368	-3.541	-1.465	1.654	-3.259	126.975410	37.295410
1685512367555	1685512367543	-8.262	-3.395	0.158	-1.870	-2.173	-3.696	-1.192	1.963	-3.426	126.975410	37.295410
1685512367564	1685512367556	-8.085	-3.361	0.029	-1.764	-1.969	-3.835	-1.147	2.236	-3.575	126.975410	37.295410
1685512367578	1685512367564	-7.997	-3.294	-0.041	-1.608	-1.791	-3.943	-1.425	2.550	-3.587	126.975410	37.295410
1685512367584	1685512367578	-7.772	-3.287	-0.081	-1.409	-1.648	-3.999	-1.556	2.904	-3.740	126.975410	37.295410
1685512367593	1685512367584	-7.556	-3.215	-0.196	-1.170	-1.525	-4.005	-1.820	3.314	-3.821	126.975410	37.295410
1685512367601	1685512367594	-7.350	-3.041	-0.220	-0.902	-1.403	-3.979	-1.894	3.587	-3.864	126.975410	37.295410
1685512367612	1685512367602	-7.175	-2.851	-0.144	-0.621	-1.285	-3.934	-2.052	3.958	-3.984	126.975410	37.295410
1685512367622	1685512367612	-6.931	-2.693	-0.230	-0.348	-1.183	-3.869	-2.155	4.355	-4.017	126.975410	37.295410
1685512367630	1685512367623	-6.800	-2.519	-0.314	-0.094	-1.096	-3.779	-2.325	4.767	-3.958	126.975410	37.295410
1685512367642	1685512367632	-6.598	-2.349	-0.347	0.134	-1.016	-3.662	-2.370	5.100	-4.049	126.975410	37.295410
1685512367651	1685512367644	-6.297	-2.002	-0.362	0.323	-0.962	-3.517	-2.550	5.435	-4.161	126.975410	37.295410
1685512367662	1685512367651	-6.122	-1.958	-0.388	0.454	-0.919	-3.349	-2.682	5.748	-4.247	126.975410	37.295410
1685512367671	1685512367662	-5.983	-1.738	-0.436	0.536	-0.874	-3.158	-2.737	6.227	-4.329	126.975410	37.295410
1685512367683	1685512367672	-5.851	-1.595	-0.412	0.577	-0.820	-2.950	-2.844	6.357	-4.417	126.975410	37.295410
1685512367692	1685512367683	-5.722	-1.539	-0.421	0.580	-0.775	-2.721	-3.036	6.661	-4.544	126.975410	37.295410
1685512367704	1685512367693	-5.588	-1.429	-0.395	0.555	-0.733	-2.469	-3.158	6.857	-4.585	126.975410	37.295410
1685512367713	1685512367705	-5.545	-1.480	-0.395	0.507	-0.677	-2.204	-3.292	6.958	-4.664	126.975410	37.295410
1685512367723	1685512367713	-5.684	-1.549	-0.290	0.441	-0.599	-1.932	-3.400	7.101	-4.702	126.975410	37.295410
1685512367733	1685512367723	-5.847	-1.633	-0.290	0.365	-0.506	-1.649	-3.596	7.077	-4.764	126.975410	37.295410
1685512367743	1685512367734	-5.885	-1.697	-0.213	0.287	-0.412	-1.356	-3.907	7.022	-4.705	126.975410	37.295410
1685512367758	1685512367743	-5.902	-1.896	-0.031	0.215	-0.309	-1.054	-4.233	6.950	-4.743	126.975410	37.295410
1685512367767	1685512367758	-5.940	-1.966	0.208	0.156	-0.216	-0.740	-4.408	6.895	-4.697	126.975410	37.295410
1685512367783	1685512367767	-6.074	-2.174	0.414	0.112	-0.120	-0.423	-4.527	6.701	-4.539	126.975410	37.295410
1685512367798	1685512367783	-6.263	-2.126	0.551	0.093	0.011	-0.131	-4.640	6.634	-4.317	126.975410	37.295410
1685512367798	1685512367798	-6.773	-2.145	0.639	0.105	0.164	0.132	-4.829	6.426	-4.125	126.975410	37.295410
1685512367806	1685512367799	-7.415	-2.215	0.721	0.142	0.324	0.386	-5.025	6.472	-3.994	126.975410	37.295410
1685512367809	1685512367806	-8.203	-2.435	0.800	0.191	0.501	0.638	-5.514	6.448	-3.912	126.975410	37.295410
1685512367820	1685512367810	-9.041	-2.614	0.864	0.243	0.688	0.887	-6.112	6.366	-3.838	126.975410	37.295410
1685512367829	1685512367821	-9.790	-2.720	0.733	0.298	0.870	1.150	-6.816	6.127	-3.771	126.975410	37.295410
1685512367839	1685512367829	-10.254	-2.650	0.450	0.356	1.024	1.444	-7.558	5.926	-3.716	126.975410	37.295410
1685512367849	1685512367839	-10.300	-2.473	0.244	0.384	1.102	1.775	-8.143	5.782	-3.862	126.975410	37.295410
1685512367862	1685512367850	-10.211	-2.466	0.259	0.340	1.120	2.125	-8.471	5.820	-4.154	126.975410	37.295410
1685512367870	1685512367863	-10.539	-2.588	0.388	0.230	1.164	2.447	-8.296	5.940	-4.372	126.975410	37.295410
1685512367881	1685512367871	-11.339	-2.887	0.802	0.087	1.280	2.707	-7.999	5.892	-4.362	126.975410	37.295410
1685512367889	1685512367883	-12.682	-3.347	1.219	-0.053	1.462	2.910	-8.018	5.689	-4.223	126.975410	37.295410
1685512367899	1685512367890	-14.188	-3.852	1.638	-0.147	1.723	3.081	-8.566	5.320	-3.785	126.975410	37.295410
1685512367908	1685512367899	-15.809	-4.116	1.908	-0.153	2.029	3.253	-9.574	4.769	-3.316	126.975410	37.295410
1685512367920	1685512367909	-17.092	-4.233	1.999	-0.071	2.298	3.443	-10.786	4.180	-2.835	126.975410	37.295410
1685512367931	1685512367920	-17.734	-4.314	2.006	0.053	2.454	3.657	-12.060	3.807	-2.480	126.975410	37.295410
1685512367942	1685512367932	-17.554	-4.460	1.889	0.176	2.492	3.875	-12.972	3.558	-2.294	126.975410	37.295410
1685512367954	1685512367943	-17.059	-4.671	1.815	0.269	2.443	4.066	-13.228	3.316	-2.184	126.975410	37.295410
1685512367963	1685512367954	-16.326	-4.803	1.884	0.342	2.380	4.197	-12.653	2.978	-2.198	126.975410	37.295410
1685512367971	1685512367971	-15.462	-4.784	1.982	0.429	2.340	4.243	-11.722	2.528	-2.155	126.975410	37.295410
1685512367981	1685512367971	-14.456	-4.630	2.186	0.540	2.308	4.219	-10.637	2.174	-1.990	126.975410	37.295410
1685512367991	1685512367981	-13.087	-4.274	2.057	0.648	2.244	4.138	-9.354	1.901	-1.772	126.975410	37.295410
1685512368003	1685512367991	-11.684	-3.785	2.413	0.709	2.120	4.000	-8.023	1.798	-1.470	126.975410	37.295410
1685512368011	1685512368003	-10.520	-3.773	3.089	0.678	1.943	3.809	-6.311	1.858	-1.492	126.975410	37.295410
1685512368021	1685512368012	-9.359	-3.713	2.789	0.530	1.753	3.565	-4.594	2.045	-1.030	126.975410	37.295410
1685512368031	1685512368021	-8.224	-2.875	2.756	0.412	1.494	3.317	-3.122	1.726	-0.242	126.975410	37.295410
1685512368041	1685512368032	-7.714	-2.787	2.816	0.290	1.348	3.003	-1.736	1.530	-0.448	126.975410	37.295410
1685512368051	1685512368043	-7.527	-3.005	2.904	0.131	1.412	2.671	-0.383	2.100	-0.388	126.975410	37.295410
1685512368064	1685512368052	-7.779	-3.239	2.806	-0.013	1.504	2.366	0.311	1.939	-0.235	126.975410	37.295410
1685512368071	1685512368064	-7.841	-3.366	2.801	-0.176	1.541	2.062	0.666	1.501	-0.036	126.975410	37.295410
1685512368082	1685512368072	-7.913	-3.508	2.849	-0.301	1.519	1.798	0.560	1.073	-0.010	126.975410	37.295410
1685512368094	1685512368082	-7.846	-3.500	2.713	-0.389	1.425	1.605	0.654	0.742	0.146	126.975410	37.295410
1685512368100	1685512368094	-7.860	-3.464	2.612	-0.456	1.293	1.464	0.673	0.484	0.309	126.975410	37.295410
1685512368110	1685512368101	-7.774	-3.491	2.413	-0.527	1.152	1.340	0.838	0.362	0.311	126.975410	37.295410
1685512368121	1685512368110	-7.836	-3.601	2.231	-0.618	1.024	1.224	0.910	0.280	0.340	126.975410	37.295410
1685512368130	1685512368122	-7.987	-3.517	2.014	-0.712	0.909	1.118	1.070	0.148	0.263	126.975410	37.295410
1685512368140	1685512368130	-8.279	-3.598	1.901	-0.805	0.792	1.024	1.070	-0.057	0.177	126.975410	37.295410
1685512368152	1685512368140	-8.418	-3.666	1.920	-0.900	0.677	0.946	0.974	-0.065	0.050	126.975410	37.295410
1685512368161	1685512368152	-8.665	-3.776	1.963	-0.985	0.574	0.883	0.718	-0.206	0.000	126.975410	37.295410
1685512368169	1685512368161	-8.784	-3.809	1.966	-1.058	0.484	0.827	0.613	-0.326	0.077	126.975410	37.295410
1685512368180	1685512368169	-8.736	-3.929	2.045	-1.125	0.379	0.778	0.393	-0.479	0.175	126.975410	37.295410
1685512368189	1685512368180	-8.583	-4.063	2.069	-1.196	0.266	0.744	0.299	-0.553	0.235	126.975410	37.295410
1685512368199	1685512368189	-8.531	-4.207	2.095	-1.249	0.177	0.718	0.362	-0.694	0.350	126.975410	37.295410
1685512368209	1685512368199	-8.557	-4.290	2.093	-1.289	0.116	0.684	0.532	-0.855	0.414	126.975410	37.295410
1685512368219	1685512368209	-8.693	-4.532	2.212	-1.312	0.092	0.644	0.591	-1.010	0.464	126.975410	37.295410
1685512368229	1685512368219	-8.966	-4.580	2.231	-1.302	0.100	0.599	0.572	-1.101	0.486	126.975410	37.295410
1685512368240	1685512368229	-9.069	-4.693	2.215	-1.255	0.123	0.551	0.441	-1.348	0.627	126.975395	37.295395
1685512368250	1685512368240	-9.110	-4.870	2.078	-1.186	0.117	0.506	0.172	-1.393	0.670	126.975395	37.295395
1685512368260	1685512368250	-9.203	-5.061	1.999	-1.114	0.078	0.469	0.072	-1.504	0.682	126.975395	37.295395
1685512368269	1685512368260	-9.424	-5.097	1.808	-1.030	0.050	0.429	0.038	-1.681	0.577	126.975395	37.295395
1685512368280	1685512368269	-9.881	-5.193	1.499	-0.924	0.057	0.374	-0.050	-1.870	0.520	126.975395	37.295395
1685512368290	1685512368280	-10.618	-5.375	1.472	-0.809	0.071	0.303	-0.266	-1.911	0.357	126.975395	37.295395
1685512368301	1685512368291	-11.952	-5.863	1.530	-0.722	0.078	0.219	-0.718	-2.009	0.072	126.975395	37.295395
1685512368311	1685512368301	-13.633	-5.990	1.602	-0.626	0.148	0.112	-1.448	-2.200	0.074	126.975395	37.295395
1685512368321	1685512368311	-14.954	-5.952	1.547	-0.464	0.272	-0.018	-2.775	-2.698	0.163	126.975395	37.295395
1685512368331	1685512368321	-15.074	-5.940	1.674	-0.325	0.282	-0.142	-4.451	-2.828	0.271	126.975395	37.295395
1685512368341	1685512368331	-13.800	-5.648	1.590	-0.208	0.116	-0.208	-5.770	-2.782	0.251	126.975395	37.295395
1685512368351	1685512368341	-11.995	-5.411	1.209	-0.108	-0.202	-0.219	-5.890	-2.753	0.414	126.975395	37.295395
1685512368364	1685512368352	-11.052	-5.327	0.936	-0.050	-0.590	-0.255	-4.621	-2.440	0.347	126.975395	37.295395
1685512368374	1685512368364	-11.660	-5.183	0.833	-0.087	-0.800	-0.393	-2.825	-2.181	-0.045	126.975395	37.295395
1685512368381	1685512368374	-13.412	-5.080	0.919	-0.131	-0.668	-0.649	-1.896	-2.073	-0.371	126.975395	37.295395
1685512368390	1685512368381	-15.148	-5.030	0.907	-0.151	-0.426	-0.988	-2.533	-1.884	-0.558	126.975395	37.295395
1685512368401	1685512368391	-16.237	-5.018	0.630	-0.138	-0.304	-1.306	-4.312	-1.733	-0.517	126.975395	37.295395
1685512368411	1685512368401	-16.479	-4.944	0.306	-0.094	-0.348	-1.553	-6.088	-1.590	-0.563	126.975395	37.295395
1685512368423	1685512368412	-16.192	-4.858	-0.077	-0.042	-0.530	-1.747	-7.228	-1.458	-0.864	126.975395	37.295395
1685512368432	1685512368423	-15.522	-4.678	-0.330	0.000	-0.767	-1.902	-7.532	-1.243	-1.214	126.975395	37.295395
1685512368442	1685512368432	-15.071	-4.793	-0.484	-0.017	-1.005	-2.021	-7.319	-1.001	-1.645	126.975395	37.295395
1685512368451	1685512368442	-14.650	-4.800	-0.527	-0.061	-1.181	-2.125	-6.744	-0.637	-1.973	126.975395	37.295395
1685512368463	1685512368452	-14.286	-4.697	-0.333	-0.082	-1.266	-2.236	-6.383	-0.591	-2.205	126.975395	37.295395
1685512368473	1685512368463	-13.877	-4.592	-0.172	-0.065	-1.304	-2.353	-6.074	-0.414	-2.346	126.975395	37.295395
1685512368484	1685512368473	-13.180	-4.245	-0.012	-0.006	-1.327	-2.470	-5.835	-0.120	-2.258	126.975395	37.295395
1685512368493	1685512368485	-12.364	-3.912	0.148	0.066	-1.359	-2.591	-5.574	0.201	-2.212	126.975395	37.295395
1685512368504	1685512368493	-11.514	-3.658	0.251	0.126	-1.392	-2.713	-5.011	0.733	-2.150	126.975395	37.295395
1685512368513	1685512368504	-10.745	-3.436	0.278	0.159	-1.392	-2.833	-4.372	1.293	-2.114	126.975395	37.295395
1685512368522	1685512368513	-9.986	-3.381	0.409	0.169	-1.367	-2.952	-3.680	1.738	-2.116	126.975395	37.295395
1685512368531	1685512368522	-9.364	-3.314	0.412	0.165	-1.327	-3.070	-3.100	2.176	-2.207	126.975395	37.295395
1685512368544	1685512368532	-8.902	-3.242	0.429	0.160	-1.273	-3.190	-2.545	2.449	-2.188	126.975395	37.295395
1685512368553	1685512368545	-8.610	-3.280	0.426	0.172	-1.200	-3.310	-2.140	2.739	-2.294	126.975395	37.295395
1685512368566	1685512368553	-8.396	-3.251	0.450	0.211	-1.107	-3.427	-1.911	3.033	-2.377	126.975395	37.295395
1685512368585	1685512368566	-8.380	-3.184	0.460	0.281	-1.005	-3.536	-1.889	3.239	-2.480	126.975395	37.295395
1685512368586	1685512368585	-8.322	-3.112	0.464	0.382	-0.914	-3.625	-1.911	3.464	-2.535	126.975395	37.295395
1685512368593	1685512368586	-8.267	-2.928	0.388	0.511	-0.843	-3.681	-2.193	3.768	-2.617	126.975395	37.295395
1685512368604	1685512368593	-8.078	-2.789	0.362	0.645	-0.808	-3.699	-2.389	4.027	-2.686	126.975395	37.295395
1685512368614	1685512368604	-7.932	-2.610	0.328	0.773	-0.801	-3.686	-2.629	4.410	-2.849	126.975395	37.295395
1685512368625	1685512368614	-7.630	-2.555	0.259	0.885	-0.810	-3.642	-2.741	4.731	-2.969	126.975395	37.295395
1685512368632	1685512368626	-7.547	-2.435	0.290	0.974	-0.827	-3.576	-2.964	5.107	-3.122	126.975395	37.295395
1685512368642	1685512368633	-7.336	-2.298	0.263	1.041	-0.845	-3.492	-2.856	5.253	-3.256	126.975395	37.295395
1685512368652	1685512368643	-7.154	-2.083	0.194	1.084	-0.867	-3.392	-3.012	5.476	-3.314	126.975395	37.295395
1685512368665	1685512368654	-6.986	-1.968	0.048	1.098	-0.891	-3.271	-3.057	5.708	-3.440	126.975395	37.295395
1685512368672	1685512368665	-6.857	-1.896	-0.017	1.079	-0.909	-3.133	-3.177	6.019	-3.634	126.975395	37.295395
1685512368683	1685512368673	-6.728	-1.970	0.010	1.023	-0.919	-2.982	-3.280	6.208	-3.893	126.975395	37.295395
1685512368695	1685512368685	-6.754	-2.083	0.055	0.927	-0.925	-2.823	-3.534	6.369	-4.113	126.975395	37.295395
1685512368706	1685512368695	-6.972	-2.191	0.235	0.804	-0.908	-2.661	-3.603	6.330	-4.168	126.975395	37.295395
1685512368714	1685512368706	-7.235	-2.239	0.560	0.673	-0.850	-2.506	-3.931	6.268	-4.238	126.975395	37.295395
1685512368726	1685512368714	-7.494	-2.241	0.642	0.558	-0.766	-2.354	-4.386	6.194	-4.140	126.975395	37.295395
1685512368733	1685512368727	-7.472	-2.066	0.642	0.459	-0.701	-2.187	-4.922	6.179	-3.900	126.975395	37.295395
1685512368742	1685512368733	-7.238	-2.047	0.515	0.351	-0.687	-1.991	-5.392	6.203	-3.876	126.975395	37.295395
1685512368751	1685512368742	-6.953	-2.126	0.431	0.216	-0.691	-1.779	-5.629	6.404	-3.938	126.975395	37.295395
1685512368762	1685512368751	-6.891	-2.365	0.199	0.062	-0.678	-1.569	-5.576	6.440	-4.104	126.975395	37.295395
1685512368771	1685512368762	-6.728	-2.497	0.101	-0.081	-0.618	-1.372	-5.473	6.378	-4.216	126.975395	37.295395
1685512368785	1685512368771	-6.680	-2.598	0.022	-0.186	-0.552	-1.172	-5.576	6.158	-4.463	126.975395	37.295395
1685512368790	1685512368785	-6.632	-2.547	0.091	-0.247	-0.497	-0.944	-5.574	6.050	-4.563	126.975395	37.295395
1685512368800	1685512368790	-6.804	-2.660	0.117	-0.283	-0.437	-0.694	-5.638	5.969	-4.633	126.975395	37.295395
1685512368811	1685512368801	-7.360	-2.902	0.235	-0.302	-0.340	-0.436	-5.705	6.041	-4.547	126.975395	37.295395
1685512368821	1685512368812	-8.416	-3.247	0.400	-0.297	-0.171	-0.181	-5.950	5.947	-4.501	126.975395	37.295395
1685512368831	1685512368821	-9.725	-3.508	0.553	-0.270	0.045	0.090	-6.560	5.722	-4.360	126.975395	37.295395
1685512368843	1685512368831	-10.657	-3.795	0.354	-0.227	0.277	0.400	-7.640	5.392	-4.171	126.975395	37.295395
1685512368851	1685512368843	-10.970	-3.922	0.189	-0.194	0.430	0.768	-8.940	5.143	-3.994	126.975395	37.295395
1685512368863	1685512368851	-10.422	-4.101	0.160	-0.210	0.452	1.197	-9.823	4.863	-4.171	126.975395	37.295395
1685512368870	1685512368863	-9.936	-4.164	0.158	-0.287	0.398	1.649	-10.044	4.738	-4.312	126.975395	37.295395
1685512368880	1685512368870	-9.776	-4.219	0.208	-0.387	0.395	2.066	-9.383	4.556	-4.322	126.975395	37.295395
1685512368890	1685512368880	-10.376	-4.197	0.476	-0.483	0.486	2.393	-8.720	4.487	-4.290	126.975395	37.295395
1685512368903	1685512368890	-11.428	-4.420	0.788	-0.560	0.685	2.628	-8.382	4.422	-4.207	126.975395	37.295395
1685512368911	1685512368903	-12.605	-4.575	1.142	-0.578	0.941	2.803	-8.756	4.429	-3.888	126.975395	37.295395
1685512368922	1685512368912	-13.621	-4.726	1.283	-0.509	1.201	2.964	-9.550	4.185	-3.517	126.975395	37.295395
1685512368932	1685512368923	-14.415	-4.729	1.238	-0.359	1.431	3.128	-10.420	3.994	-3.089	126.975395	37.295395
1685512368943	1685512368932	-14.933	-4.733	1.171	-0.169	1.602	3.295	-11.162	3.800	-2.883	126.975395	37.295395
1685512368952	1685512368943	-14.945	-4.913	1.077	0.013	1.713	3.470	-11.633	3.730	-2.859	126.975395	37.295395
1685512368965	1685512368953	-14.609	-5.001	0.962	0.178	1.772	3.657	-11.808	3.634	-2.866	126.975395	37.295395
1685512368982	1685512368981	-14.085	-4.958	0.840	0.320	1.784	3.834	-11.463	3.340	-2.902	126.975395	37.295395
1685512368982	1685512368982	-13.080	-4.726	0.759	0.421	1.746	3.958	-10.757	3.110	-2.966	126.975395	37.295395
1685512368992	1685512368982	-12.191	-4.468	0.776	0.481	1.686	4.010	-9.780	2.950	-3.033	126.975395	37.295395
1685512369002	1685512368992	-11.308	-4.238	0.943	0.501	1.627	3.995	-8.473	3.029	-3.079	126.975395	37.295395
