1685512369022	1685512369021	-10.453	-3.888	1.144	0.487	1.576	3.936	-7.214	3.077	-3.017	126.975395	37.295395
1685512369022	1685512369022	-9.716	-3.543	1.262	0.458	1.537	3.848	-5.971	3.081	-2.804	126.975395	37.295395
1685512369031	1685512369022	-9.148	-3.304	1.374	0.417	1.513	3.730	-4.774	3.196	-2.550	126.975395	37.295395
1685512369040	1685512369031	-8.705	-3.127	1.494	0.363	1.514	3.577	-3.711	3.299	-2.375	126.975395	37.295395
1685512369051	1685512369041	-8.538	-3.069	1.525	0.294	1.539	3.390	-2.808	3.268	-2.191	126.975395	37.295395
1685512369062	1685512369051	-8.583	-3.139	1.616	0.213	1.582	3.183	-2.109	3.227	-2.004	126.975395	37.295395
1685512369070	1685512369062	-8.751	-3.179	1.681	0.109	1.625	2.977	-1.678	3.045	-1.887	126.975395	37.295395
1685512369083	1685512369071	-8.894	-3.426	1.686	-0.017	1.636	2.804	-1.480	2.746	-1.697	126.975395	37.295395
1685512369090	1685512369083	-8.993	-3.594	1.750	-0.155	1.602	2.672	-1.398	2.466	-1.511	126.975395	37.295395
1685512369100	1685512369090	-9.081	-3.548	1.652	-0.283	1.522	2.583	-1.358	2.030	-1.396	126.975395	37.295395
1685512369110	1685512369100	-9.122	-3.682	1.563	-0.402	1.425	2.522	-1.245	1.645	-1.188	126.975395	37.295395
1685512369120	1685512369110	-9.088	-3.680	1.468	-0.523	1.304	2.474	-1.173	1.516	-1.166	126.975395	37.295395
1685512369130	1685512369120	-9.045	-3.788	1.264	-0.654	1.185	2.428	-1.044	1.183	-1.113	126.975395	37.295395
1685512369141	1685512369130	-9.043	-3.936	1.298	-0.797	1.060	2.375	-0.848	0.986	-1.068	126.975395	37.295395
1685512369150	1685512369142	-8.966	-3.938	1.377	-0.924	0.952	2.320	-0.654	0.680	-1.130	126.975395	37.295395
1685512369161	1685512369150	-8.966	-4.053	1.532	-1.034	0.854	2.252	-0.512	0.338	-0.958	126.975395	37.295395
1685512369171	1685512369161	-8.770	-4.104	1.616	-1.139	0.764	2.164	-0.299	0.129	-0.733	126.975395	37.295395
1685512369180	1685512369171	-8.566	-4.357	1.700	-1.245	0.672	2.059	-0.196	-0.146	-0.460	126.975395	37.295395
1685512369190	1685512369181	-8.452	-4.408	1.683	-1.344	0.586	1.944	0.105	-0.383	-0.244	126.975395	37.295395
1685512369201	1685512369190	-8.545	-4.468	1.690	-1.418	0.535	1.823	0.388	-0.778	-0.057	126.975395	37.295395
1685512369210	1685512369202	-8.736	-4.733	1.633	-1.472	0.519	1.692	0.577	-0.970	0.029	126.975395	37.295395
1685512369220	1685512369210	-9.062	-4.903	1.741	-1.506	0.529	1.556	0.548	-1.152	0.132	126.975380	37.295380
1685512369230	1685512369221	-9.464	-5.176	1.772	-1.506	0.545	1.423	0.417	-1.537	0.177	126.975380	37.295380
1685512369240	1685512369230	-9.584	-5.380	1.832	-1.453	0.551	1.300	0.129	-1.786	0.366	126.975380	37.295380
1685512369250	1685512369241	-9.682	-5.571	1.815	-1.341	0.535	1.191	-0.232	-2.138	0.486	126.975380	37.295380
1685512369262	1685512369250	-9.735	-5.691	1.815	-1.195	0.489	1.103	-0.314	-2.421	0.632	126.975380	37.295380
1685512369270	1685512369263	-9.811	-5.830	1.731	-1.026	0.448	1.024	-0.376	-2.691	0.702	126.975380	37.295380
1685512369281	1685512369270	-10.008	-5.799	1.525	-0.849	0.423	0.940	-0.393	-2.899	0.778	126.975380	37.295380
1685512369291	1685512369281	-10.518	-5.763	1.290	-0.690	0.398	0.839	-0.431	-3.141	0.781	126.975380	37.295380
1685512369300	1685512369291	-11.439	-6.132	1.324	-0.600	0.363	0.724	-0.603	-3.175	0.622	126.975380	37.295380
1685512369311	1685512369300	-12.673	-6.397	1.369	-0.546	0.371	0.584	-1.089	-3.211	0.443	126.975380	37.295380
1685512369322	1685512369311	-13.865	-6.371	1.468	-0.463	0.443	0.411	-1.990	-3.644	0.527	126.975380	37.295380
1685512369330	1685512369322	-14.234	-6.594	1.733	-0.363	0.474	0.227	-3.206	-3.960	0.620	126.975380	37.295380
1685512369342	1685512369330	-13.283	-6.481	2.124	-0.274	0.391	0.071	-4.386	-3.970	0.773	126.975380	37.295380
1685512369351	1685512369342	-11.574	-6.112	1.918	-0.164	0.178	-0.035	-4.745	-4.214	1.097	126.975380	37.295380
1685512369361	1685512369351	-10.324	-5.526	1.463	-0.028	-0.119	-0.127	-3.790	-4.106	1.528	126.975380	37.295380
1685512369372	1685512369362	-10.048	-5.444	1.164	0.045	-0.373	-0.279	-2.081	-3.733	1.341	126.975380	37.295380
1685512369381	1685512369372	-11.507	-5.377	1.137	0.044	-0.392	-0.539	-0.833	-3.134	0.876	126.975380	37.295380
1685512369390	1685512369382	-13.599	-5.476	1.089	0.055	-0.181	-0.904	-0.567	-3.024	0.536	126.975380	37.295380
1685512369400	1685512369391	-15.344	-5.523	0.989	0.108	0.034	-1.301	-2.042	-2.911	0.476	126.975380	37.295380
1685512369410	1685512369401	-16.293	-5.138	0.543	0.222	0.100	-1.616	-4.161	-2.916	0.407	126.975380	37.295380
1685512369423	1685512369410	-16.441	-4.934	0.122	0.320	-0.032	-1.836	-5.938	-2.854	0.306	126.975380	37.295380
1685512369431	1685512369424	-15.778	-5.109	-0.239	0.318	-0.327	-1.990	-6.929	-2.318	-0.132	126.975380	37.295380
1685512369444	1685512369431	-15.261	-4.968	-0.328	0.269	-0.638	-2.103	-7.132	-1.944	-0.567	126.975380	37.295380
1685512369452	1685512369446	-14.698	-4.980	-0.359	0.231	-0.861	-2.194	-6.531	-1.937	-0.967	126.975380	37.295380
1685512369461	1685512369453	-14.483	-4.978	-0.354	0.189	-1.045	-2.309	-6.088	-1.604	-1.125	126.975380	37.295380
1685512369471	1685512369462	-14.389	-4.925	-0.146	0.200	-1.124	-2.448	-5.626	-1.379	-1.259	126.975380	37.295380
1685512369482	1685512369471	-14.095	-4.559	0.146	0.259	-1.131	-2.596	-5.485	-1.209	-1.336	126.975380	37.295380
1685512369491	1685512369483	-13.724	-4.099	0.187	0.354	-1.129	-2.751	-5.511	-0.919	-1.247	126.975380	37.295380
1685512369505	1685512369491	-13.012	-3.725	0.223	0.447	-1.146	-2.911	-5.322	-0.350	-1.053	126.975380	37.295380
1685512369513	1685512369507	-12.261	-3.414	0.256	0.497	-1.185	-3.064	-5.085	0.345	-1.128	126.975380	37.295380
1685512369520	1685512369513	-11.523	-3.294	0.204	0.490	-1.222	-3.198	-4.523	0.960	-1.209	126.975380	37.295380
1685512369531	1685512369521	-10.822	-3.146	0.165	0.440	-1.242	-3.321	-3.970	1.571	-1.324	126.975380	37.295380
1685512369543	1685512369531	-10.362	-3.230	0.208	0.370	-1.233	-3.437	-3.378	1.896	-1.477	126.975380	37.295380
1685512369550	1685512369543	-9.931	-3.361	0.160	0.302	-1.189	-3.544	-2.895	2.330	-1.652	126.975380	37.295380
1685512369563	1685512369551	-9.634	-3.239	0.187	0.268	-1.119	-3.651	-2.629	2.480	-1.714	126.975380	37.295380
1685512369570	1685512369563	-9.589	-3.239	0.266	0.279	-1.030	-3.759	-2.452	2.638	-1.879	126.975380	37.295380
1685512369581	1685512369571	-9.443	-3.294	0.261	0.330	-0.947	-3.852	-2.377	3.000	-1.942	126.975380	37.295380
1685512369591	1685512369581	-9.424	-3.211	0.311	0.429	-0.870	-3.918	-2.674	3.338	-1.982	126.975380	37.295380
1685512369601	1685512369592	-9.342	-3.069	0.326	0.563	-0.804	-3.957	-2.725	3.460	-2.047	126.975380	37.295380
1685512369611	1685512369601	-9.208	-2.916	0.244	0.724	-0.753	-3.966	-3.024	3.816	-2.093	126.975380	37.295380
1685512369622	1685512369611	-9.050	-2.674	0.184	0.889	-0.722	-3.941	-3.215	4.168	-2.160	126.975380	37.295380
1685512369631	1685512369623	-8.813	-2.643	0.151	1.027	-0.732	-3.888	-3.424	4.561	-2.349	126.975380	37.295380
1685512369642	1685512369631	-8.557	-2.476	0.081	1.129	-0.761	-3.815	-3.582	5.001	-2.516	126.975380	37.295380
1685512369651	1685512369642	-8.435	-2.365	0.067	1.199	-0.795	-3.730	-3.699	5.227	-2.682	126.975380	37.295380
1685512369662	1685512369651	-8.353	-2.128	0.036	1.244	-0.817	-3.633	-3.733	5.535	-2.863	126.975380	37.295380
1685512369671	1685512369662	-8.519	-2.054	0.069	1.261	-0.833	-3.526	-3.912	5.772	-3.005	126.975380	37.295380
1685512369683	1685512369672	-8.557	-1.925	0.031	1.251	-0.839	-3.411	-4.113	6.112	-3.160	126.975380	37.295380
1685512369691	1685512369683	-8.509	-1.669	-0.024	1.213	-0.852	-3.285	-4.568	6.278	-3.263	126.975380	37.295380
1685512369701	1685512369691	-8.270	-1.425	-0.139	1.150	-0.876	-3.137	-4.815	6.462	-3.405	126.975380	37.295380
1685512369713	1685512369701	-7.973	-1.149	-0.311	1.046	-0.933	-2.963	-5.033	6.778	-3.587	126.975380	37.295380
1685512369721	1685512369713	-7.719	-1.075	-0.251	0.908	-0.987	-2.768	-4.997	7.063	-3.800	126.975380	37.295380
1685512369731	1685512369721	-7.594	-1.056	-0.213	0.750	-1.010	-2.566	-4.937	7.379	-4.077	126.975380	37.295380
1685512369743	1685512369731	-7.508	-1.135	-0.062	0.590	-0.998	-2.352	-4.922	7.491	-4.116	126.975380	37.295380
1685512369751	1685512369743	-7.484	-1.199	0.000	0.450	-0.946	-2.131	-5.059	7.549	-4.171	126.975380	37.295380
1685512369764	1685512369751	-7.503	-1.358	-0.077	0.347	-0.882	-1.895	-5.215	7.503	-4.094	126.975380	37.295380
1685512369772	1685512369766	-7.307	-1.448	-0.115	0.266	-0.828	-1.638	-5.437	7.470	-4.096	126.975380	37.295380
1685512369781	1685512369772	-7.178	-1.504	-0.211	0.198	-0.787	-1.356	-5.636	7.331	-4.216	126.975380	37.295380
1685512369791	1685512369781	-7.096	-1.652	-0.290	0.139	-0.731	-1.053	-5.636	7.262	-4.295	126.975380	37.295380
1685512369802	1685512369791	-7.307	-1.791	-0.424	0.079	-0.667	-0.742	-5.641	7.219	-4.420	126.975380	37.295380
1685512369810	1685512369802	-7.973	-2.126	-0.505	0.022	-0.569	-0.428	-5.684	7.080	-4.520	126.975380	37.295380
1685512369821	1685512369811	-8.815	-2.497	-0.479	-0.018	-0.403	-0.111	-5.988	6.946	-4.671	126.975380	37.295380
1685512369831	1685512369821	-9.608	-2.938	-0.560	-0.037	-0.202	0.219	-6.721	6.615	-4.762	126.975380	37.295380
1685512369841	1685512369831	-9.946	-3.376	-0.472	-0.045	-0.016	0.580	-7.587	6.246	-4.738	126.975380	37.295380
1685512369851	1685512369841	-9.675	-3.682	-0.354	-0.059	0.097	0.982	-8.370	5.806	-4.820	126.975380	37.295380
1685512369863	1685512369851	-9.215	-3.855	-0.323	-0.066	0.151	1.404	-8.657	5.361	-4.729	126.975380	37.295380
1685512369871	1685512369863	-8.600	-4.049	-0.287	-0.071	0.194	1.803	-8.296	5.045	-4.604	126.975380	37.295380
1685512369881	1685512369871	-8.823	-4.178	-0.117	-0.101	0.280	2.126	-7.709	4.855	-4.566	126.975380	37.295380
1685512369891	1685512369881	-9.692	-4.142	0.117	-0.172	0.484	2.335	-6.895	4.630	-4.518	126.975380	37.295380
1685512369902	1685512369891	-11.006	-4.106	0.352	-0.235	0.768	2.456	-6.960	4.472	-4.336	126.975380	37.295380
1685512369912	1685512369902	-12.218	-4.329	0.567	-0.227	1.063	2.564	-7.609	4.470	-4.077	126.975380	37.295380
1685512369924	1685512369912	-13.096	-4.487	0.737	-0.117	1.337	2.713	-8.679	4.460	-3.807	126.975380	37.295380
1685512369933	1685512369924	-13.745	-4.544	0.857	0.071	1.565	2.898	-9.629	4.185	-3.543	126.975380	37.295380
1685512369943	1685512369934	-14.162	-4.470	0.752	0.282	1.725	3.081	-10.223	3.958	-3.328	126.975380	37.295380
1685512369952	1685512369945	-14.317	-4.494	0.668	0.453	1.836	3.258	-10.534	3.800	-3.163	126.975380	37.295380
1685512369964	1685512369952	-14.396	-4.602	0.548	0.536	1.921	3.436	-10.659	3.771	-3.237	126.975380	37.295380
1685512369974	1685512369965	-14.255	-4.820	0.529	0.540	1.972	3.610	-10.475	3.608	-3.290	126.975380	37.295380
1685512369984	1685512369974	-13.767	-4.978	0.520	0.495	1.991	3.757	-10.204	3.342	-3.376	126.975380	37.295380
1685512369993	1685512369984	-13.216	-4.851	0.646	0.443	1.980	3.863	-9.665	2.926	-3.347	126.975380	37.295380
1685512370004	1685512369994	-12.412	-4.551	0.924	0.412	1.943	3.923	-8.849	2.591	-3.304	126.975380	37.295380
1685512370013	1685512370004	-11.425	-4.295	1.101	0.393	1.883	3.939	-7.898	2.480	-3.103	126.975380	37.295380
1685512370023	1685512370013	-10.616	-4.051	1.413	0.368	1.802	3.914	-6.773	2.574	-2.756	126.975380	37.295380
1685512370034	1685512370024	-9.819	-3.831	1.652	0.327	1.730	3.850	-5.442	2.586	-2.497	126.975380	37.295380
1685512370045	1685512370034	-9.210	-3.553	1.865	0.280	1.681	3.743	-4.305	2.576	-2.100	126.975380	37.295380
1685512370054	1685512370045	-8.796	-3.393	2.085	0.237	1.668	3.597	-3.196	2.535	-1.769	126.975380	37.295380
1685512370065	1685512370054	-8.660	-3.361	2.112	0.203	1.675	3.417	-2.298	2.552	-1.460	126.975380	37.295380
1685512370075	1685512370066	-8.693	-3.206	2.114	0.153	1.690	3.216	-1.587	2.423	-1.125	126.975380	37.295380
1685512370084	1685512370077	-8.679	-3.115	1.951	0.059	1.681	3.010	-1.228	2.224	-0.998	126.975380	37.295380
1685512370096	1685512370085	-8.686	-3.211	1.877	-0.125	1.613	2.822	-1.013	2.107	-0.864	126.975380	37.295380
1685512370104	1685512370096	-8.595	-3.199	1.676	-0.364	1.492	2.667	-0.812	1.987	-0.912	126.975380	37.295380
1685512370112	1685512370104	-8.605	-3.146	1.451	-0.615	1.341	2.542	-0.634	1.669	-0.852	126.975380	37.295380
1685512370123	1685512370112	-8.507	-3.349	1.159	-0.878	1.189	2.437	-0.376	1.475	-0.915	126.975380	37.295380
1685512370132	1685512370123	-8.514	-3.776	1.087	-1.172	1.030	2.342	-0.220	1.312	-0.986	126.975380	37.295380
1685512370142	1685512370138	-8.492	-3.831	1.197	-1.432	0.896	2.250	0.007	0.929	-1.142	126.975380	37.295380
1685512370151	1685512370142	-8.468	-4.197	1.317	-1.671	0.745	2.159	0.132	0.311	-1.063	126.975380	37.295380
1685512370164	1685512370152	-8.396	-4.630	1.604	-1.878	0.589	2.067	0.271	0.079	-0.800	126.975380	37.295380
1685512370172	1685512370164	-8.274	-5.033	1.851	-2.018	0.473	1.963	0.397	-0.450	-0.536	126.975380	37.295380
1685512370181	1685512370172	-8.236	-5.126	2.033	-2.081	0.395	1.842	0.558	-1.032	-0.115	126.975380	37.295380
1685512370191	1685512370182	-8.234	-5.167	2.160	-2.048	0.358	1.714	0.769	-1.592	0.271	126.975380	37.295380
1685512370201	1685512370192	-8.320	-5.253	2.045	-1.961	0.343	1.587	0.850	-1.767	0.539	126.975380	37.295380
1685512370211	1685512370202	-8.420	-5.339	1.867	-1.855	0.345	1.456	0.915	-1.935	0.766	126.975380	37.295380
1685512370222	1685512370211	-8.629	-5.488	1.829	-1.754	0.342	1.319	0.883	-2.140	0.745	126.975380	37.295380
1685512370231	1685512370223	-8.794	-5.708	1.827	-1.641	0.342	1.177	0.833	-2.337	0.656	126.975380	37.295380
1685512370241	1685512370232	-9.218	-5.899	1.832	-1.484	0.359	1.029	0.649	-2.538	0.682	126.975372	37.295372
1685512370253	1685512370242	-9.574	-5.890	1.865	-1.272	0.389	0.887	0.515	-2.825	0.759	126.975372	37.295372
1685512370263	1685512370253	-9.811	-5.904	1.901	-1.030	0.411	0.755	0.105	-3.048	0.812	126.975372	37.295372
1685512370272	1685512370263	-10.032	-5.859	1.920	-0.799	0.407	0.629	-0.225	-3.093	0.917	126.975372	37.295372
1685512370283	1685512370272	-10.218	-5.734	1.829	-0.589	0.384	0.508	-0.443	-3.156	1.010	126.975372	37.295372
1685512370292	1685512370283	-10.367	-5.622	1.688	-0.429	0.351	0.384	-0.639	-3.168	1.097	126.975372	37.295372
1685512370304	1685512370293	-11.028	-5.775	1.647	-0.324	0.320	0.254	-0.812	-3.081	1.051	126.975372	37.295372
1685512370312	1685512370304	-12.371	-6.287	1.913	-0.283	0.309	0.114	-0.946	-3.010	0.962	126.975372	37.295372
1685512370323	1685512370313	-14.269	-6.316	1.906	-0.252	0.395	-0.054	-1.599	-3.179	0.953	126.975372	37.295372
1685512370334	1685512370324	-15.632	-5.708	1.812	-0.149	0.569	-0.242	-2.938	-3.701	1.259	126.975372	37.295372
1685512370345	1685512370334	-15.194	-5.507	1.846	-0.082	0.615	-0.401	-4.836	-3.725	1.290	126.975372	37.295372
1685512370354	1685512370345	-12.878	-5.370	1.724	-0.147	0.327	-0.480	-6.201	-3.091	1.262	126.975372	37.295372
1685512370370	1685512370354	-10.147	-5.083	1.276	-0.236	-0.165	-0.501	-5.770	-2.854	1.350	126.975372	37.295372
1685512370374	1685512370370	-8.521	-4.731	1.109	-0.301	-0.648	-0.540	-3.467	-2.662	1.269	126.975372	37.295372
1685512370384	1685512370374	-8.382	-4.867	1.204	-0.359	-0.893	-0.668	-0.747	-2.332	0.812	126.975372	37.295372
1685512370399	1685512370385	-9.835	-5.155	1.188	-0.435	-0.850	-0.940	0.857	-1.923	0.587	126.975372	37.295372
1685512370406	1685512370400	-12.273	-5.485	1.379	-0.498	-0.610	-1.359	0.974	-2.002	0.618	126.975372	37.295372
1685512370414	1685512370406	-14.602	-5.765	1.401	-0.511	-0.324	-1.806	-0.510	-2.198	0.534	126.975372	37.295372
1685512370425	1685512370415	-16.211	-5.806	1.116	-0.448	-0.195	-2.137	-2.993	-2.399	0.682	126.975372	37.295372
1685512370436	1685512370425	-16.999	-5.674	0.678	-0.324	-0.282	-2.329	-5.389	-2.492	0.690	126.975372	37.295372
1685512370445	1685512370436	-16.884	-5.511	0.223	-0.213	-0.533	-2.393	-7.065	-2.354	0.402	126.975372	37.295372
1685512370453	1685512370445	-16.446	-5.346	-0.041	-0.158	-0.834	-2.398	-7.939	-2.006	-0.048	126.975372	37.295372
1685512370467	1685512370455	-15.816	-5.322	-0.074	-0.148	-1.084	-2.424	-7.918	-1.626	-0.543	126.975372	37.295372
1685512370474	1685512370468	-15.165	-4.999	-0.192	-0.166	-1.252	-2.470	-7.582	-1.245	-0.874	126.975372	37.295372
1685512370484	1685512370475	-14.621	-4.829	-0.192	-0.189	-1.341	-2.525	-7.063	-1.008	-0.998	126.975372	37.295372
1685512370495	1685512370484	-14.061	-4.590	-0.067	-0.214	-1.352	-2.605	-6.558	-0.424	-1.235	126.975372	37.295372
1685512370506	1685512370496	-13.479	-4.345	0.012	-0.235	-1.302	-2.716	-6.120	-0.079	-1.322	126.975372	37.295372
1685512370516	1685512370506	-12.854	-4.178	0.091	-0.239	-1.223	-2.845	-5.703	0.378	-1.300	126.975372	37.295372
1685512370528	1685512370517	-12.165	-4.034	0.151	-0.215	-1.136	-2.974	-5.274	0.852	-1.317	126.975372	37.295372
1685512370536	1685512370528	-11.447	-3.838	0.127	-0.160	-1.047	-3.098	-4.820	1.255	-1.324	126.975372	37.295372
1685512370544	1685512370537	-10.815	-3.804	0.144	-0.072	-0.952	-3.213	-4.310	1.638	-1.343	126.975372	37.295372
1685512370554	1685512370544	-10.317	-3.773	0.101	0.043	-0.844	-3.311	-3.807	2.100	-1.446	126.975372	37.295372
1685512370570	1685512370557	-9.936	-3.709	0.108	0.178	-0.734	-3.396	-3.364	2.354	-1.489	126.975372	37.295372
1685512370574	1685512370570	-9.550	-3.589	-0.005	0.327	-0.641	-3.468	-3.089	2.626	-1.597	126.975372	37.295372
1685512370598	1685512370576	-9.239	-3.539	-0.053	0.481	-0.577	-3.516	-2.940	2.931	-1.654	126.975372	37.295372
1685512370599	1685512370599	-8.954	-3.390	-0.093	0.644	-0.530	-3.539	-2.828	3.304	-1.839	126.975372	37.295372
1685512370605	1685512370599	-8.722	-3.213	-0.110	0.808	-0.490	-3.543	-2.746	3.555	-1.951	126.975372	37.295372
1685512370614	1685512370605	-8.499	-3.069	-0.074	0.960	-0.464	-3.534	-2.753	3.938	-2.081	126.975372	37.295372
1685512370624	1685512370615	-8.416	-2.928	-0.034	1.090	-0.447	-3.515	-2.768	4.295	-2.179	126.975372	37.295372
1685512370635	1685512370625	-8.224	-2.780	-0.019	1.195	-0.439	-3.483	-2.823	4.623	-2.243	126.975372	37.295372
1685512370646	1685512370635	-8.018	-2.619	-0.113	1.282	-0.445	-3.434	-3.021	4.934	-2.313	126.975372	37.295372
1685512370654	1685512370646	-7.705	-2.337	-0.170	1.350	-0.463	-3.367	-3.117	5.239	-2.416	126.975372	37.295372
1685512370665	1685512370655	-7.417	-2.128	-0.156	1.384	-0.496	-3.282	-3.201	5.538	-2.634	126.975372	37.295372
1685512370673	1685512370665	-7.070	-1.975	-0.350	1.373	-0.544	-3.180	-3.203	5.954	-2.837	126.975372	37.295372
1685512370683	1685512370674	-6.831	-1.923	-0.338	1.324	-0.590	-3.071	-3.112	6.232	-2.928	126.975372	37.295372
1685512370693	1685512370684	-6.622	-1.839	-0.402	1.247	-0.610	-2.959	-3.012	6.464	-3.254	126.975372	37.295372
1685512370704	1685512370693	-6.486	-1.815	-0.376	1.150	-0.613	-2.838	-2.983	6.577	-3.352	126.975372	37.295372
1685512370714	1685512370707	-6.402	-1.805	-0.266	1.041	-0.599	-2.707	-3.048	6.732	-3.546	126.975372	37.295372
1685512370725	1685512370714	-6.323	-1.774	-0.172	0.931	-0.571	-2.564	-3.175	6.816	-3.639	126.975372	37.295372
1685512370734	1685512370725	-6.416	-1.774	-0.239	0.834	-0.524	-2.409	-3.371	6.883	-3.649	126.975372	37.295372
1685512370744	1685512370734	-6.500	-1.671	-0.292	0.760	-0.463	-2.241	-3.510	6.953	-3.644	126.975372	37.295372
1685512370756	1685512370745	-6.661	-1.578	-0.438	0.702	-0.401	-2.045	-3.833	6.989	-3.800	126.975372	37.295372
1685512370770	1685512370756	-6.828	-1.590	-0.536	0.650	-0.329	-1.820	-4.130	7.120	-3.929	126.975372	37.295372
1685512370774	1685512370770	-6.960	-1.760	-0.563	0.602	-0.255	-1.571	-4.484	7.233	-4.147	126.975372	37.295372
1685512370785	1685512370775	-7.125	-1.997	-0.601	0.558	-0.191	-1.305	-4.827	7.235	-4.310	126.975372	37.295372
1685512370799	1685512370786	-7.173	-2.236	-0.424	0.530	-0.125	-1.030	-5.136	7.075	-4.405	126.975372	37.295372
1685512370806	1685512370800	-7.257	-2.583	-0.101	0.518	-0.051	-0.742	-5.399	6.838	-4.484	126.975372	37.295372
1685512370815	1685512370806	-7.305	-2.835	0.338	0.525	0.013	-0.445	-5.543	6.596	-4.357	126.975372	37.295372
1685512370823	1685512370815	-7.398	-3.005	0.503	0.541	0.083	-0.155	-5.693	6.239	-4.080	126.975372	37.295372
1685512370835	1685512370824	-7.657	-2.863	0.666	0.558	0.169	0.110	-5.780	5.974	-3.687	126.975372	37.295372
1685512370843	1685512370835	-8.198	-2.756	0.603	0.571	0.270	0.356	-5.885	5.784	-3.570	126.975372	37.295372
1685512370853	1685512370843	-9.244	-3.007	0.673	0.571	0.413	0.597	-6.124	5.899	-3.457	126.975372	37.295372
1685512370866	1685512370854	-10.578	-3.519	0.716	0.562	0.602	0.848	-6.627	5.981	-3.560	126.975372	37.295372
1685512370874	1685512370867	-11.578	-4.063	0.618	0.585	0.847	1.113	-7.604	5.696	-3.534	126.975372	37.295372
1685512370884	1685512370874	-11.892	-4.238	0.517	0.644	1.073	1.410	-8.839	5.145	-3.529	126.975372	37.295372
1685512370894	1685512370884	-10.906	-4.058	0.500	0.678	1.148	1.767	-9.697	4.551	-3.668	126.975372	37.295372
1685512370904	1685512370895	-9.380	-3.864	0.567	0.649	1.074	2.165	-9.859	4.326	-3.800	126.975372	37.295372
1685512370913	1685512370905	-8.447	-3.836	0.927	0.547	0.974	2.516	-8.653	4.432	-3.852	126.975372	37.295372
1685512370923	1685512370914	-8.365	-4.001	1.422	0.382	0.993	2.735	-6.919	4.554	-3.812	126.975372	37.295372
1685512370933	1685512370923	-9.433	-4.094	1.992	0.222	1.188	2.808	-5.732	4.494	-3.472	126.975372	37.295372
1685512370944	1685512370934	-11.073	-4.017	2.169	0.191	1.497	2.762	-5.380	4.233	-2.981	126.975372	37.295372
1685512370952	1685512370944	-12.761	-3.656	2.121	0.337	1.847	2.704	-6.165	4.044	-2.392	126.975372	37.295372
1685512370965	1685512370953	-14.102	-3.426	1.894	0.573	2.129	2.721	-7.518	4.017	-2.179	126.975372	37.295372
1685512370974	1685512370965	-14.732	-3.661	1.609	0.726	2.236	2.799	-8.880	4.252	-2.181	126.975372	37.295372
1685512370983	1685512370974	-14.861	-4.037	1.324	0.729	2.180	2.886	-9.948	4.360	-2.370	126.975372	37.295372
1685512370994	1685512370983	-14.571	-4.355	1.099	0.662	2.048	3.005	-10.235	3.960	-2.612	126.975372	37.295372
1685512371005	1685512370994	-14.322	-4.489	0.939	0.594	1.919	3.167	-10.087	3.436	-2.854	126.975372	37.295372
1685512371014	1685512371006	-14.135	-4.410	0.800	0.540	1.820	3.326	-9.491	2.940	-3.029	126.975372	37.295372
1685512371024	1685512371015	-13.965	-4.245	0.852	0.461	1.756	3.437	-8.935	2.617	-3.132	126.975372	37.295372
1685512371034	1685512371024	-13.578	-3.970	1.056	0.316	1.696	3.501	-8.380	2.447	-3.194	126.975372	37.295372
1685512371044	1685512371035	-12.859	-3.737	1.369	0.098	1.614	3.520	-7.968	2.435	-3.084	126.975372	37.295372
1685512371055	1685512371044	-11.964	-3.668	1.674	-0.184	1.481	3.478	-7.286	2.483	-2.796	126.975372	37.295372
1685512371067	1685512371056	-11.155	-3.642	1.901	-0.457	1.351	3.399	-6.282	2.485	-2.385	126.975372	37.295372
1685512371076	1685512371067	-10.278	-3.359	2.100	-0.661	1.246	3.307	-5.119	2.330	-1.970	126.975372	37.295372
1685512371085	1685512371076	-9.491	-3.438	2.229	-0.841	1.146	3.185	-4.061	2.133	-1.621	126.975372	37.295372
1685512371095	1685512371086	-8.918	-3.733	2.375	-0.988	1.087	3.027	-2.885	2.136	-1.257	126.975372	37.295372
1685512371104	1685512371095	-8.614	-3.972	2.476	-1.076	1.090	2.856	-1.951	1.908	-1.034	126.975372	37.295372
1685512371114	1685512371104	-8.432	-4.101	2.543	-1.097	1.123	2.684	-1.166	1.393	-0.740	126.975372	37.295372
1685512371125	1685512371114	-8.353	-4.063	2.571	-1.057	1.141	2.512	-0.702	0.982	-0.515	126.975372	37.295372
1685512371144	1685512371125	-8.126	-4.173	2.389	-0.988	1.126	2.347	-0.340	0.651	-0.290	126.975372	37.295372
1685512371144	1685512371144	-7.918	-4.068	2.320	-0.919	1.057	2.203	-0.127	0.532	-0.132	126.975372	37.295372
1685512371153	1685512371144	-7.673	-3.996	2.095	-0.874	0.952	2.078	0.261	0.220	-0.148	126.975372	37.295372
1685512371164	1685512371153	-7.436	-4.008	1.990	-0.856	0.833	1.962	0.565	0.194	-0.115	126.975372	37.295372
1685512371173	1685512371164	-7.238	-4.106	1.968	-0.871	0.704	1.845	0.931	0.093	-0.211	126.975372	37.295372
1685512371184	1685512371173	-7.027	-4.137	1.985	-0.905	0.586	1.718	1.257	-0.050	-0.220	126.975372	37.295372
1685512371193	1685512371184	-7.116	-3.998	2.136	-0.926	0.508	1.581	1.559	-0.321	-0.127	126.975372	37.295372
1685512371202	1685512371193	-7.118	-3.989	2.205	-0.943	0.446	1.433	1.824	-0.448	-0.045	126.975372	37.295372
1685512371213	1685512371203	-7.087	-3.953	2.172	-0.993	0.375	1.284	1.803	-0.426	0.189	126.975372	37.295372
1685512371222	1685512371213	-7.140	-4.063	2.267	-1.064	0.318	1.141	1.834	-0.474	0.304	126.975372	37.295372
1685512371232	1685512371222	-7.295	-4.132	2.356	-1.134	0.280	1.008	1.908	-0.517	0.333	126.975372	37.295372
1685512371244	1685512371232	-7.537	-4.128	2.260	-1.172	0.265	0.889	1.887	-0.685	0.479	126.975357	37.295361
1685512371254	1685512371244	-7.630	-4.075	2.164	-1.178	0.258	0.784	1.760	-0.802	0.618	126.975357	37.295361
1685512371264	1685512371254	-7.745	-4.192	2.006	-1.183	0.242	0.693	1.542	-0.836	0.570	126.975357	37.295361
1685512371272	1685512371264	-7.846	-4.341	1.987	-1.207	0.206	0.615	1.470	-0.816	0.529	126.975357	37.295361
1685512371283	1685512371273	-7.949	-4.554	1.999	-1.232	0.162	0.547	1.367	-0.950	0.409	126.975357	37.295361
1685512371293	1685512371283	-8.193	-4.700	1.997	-1.230	0.128	0.483	1.281	-1.113	0.438	126.975357	37.295361
1685512371305	1685512371293	-8.449	-4.719	1.970	-1.190	0.114	0.423	1.183	-1.326	0.481	126.975357	37.295361
1685512371315	1685512371305	-8.624	-4.690	1.925	-1.129	0.104	0.371	0.941	-1.465	0.510	126.975357	37.295361
1685512371324	1685512371315	-8.806	-4.839	1.767	-1.068	0.086	0.327	0.682	-1.465	0.508	126.975357	37.295361
1685512371334	1685512371324	-8.966	-4.934	1.762	-1.012	0.053	0.292	0.500	-1.408	0.486	126.975357	37.295361
1685512371345	1685512371335	-9.108	-5.018	1.791	-0.955	0.026	0.257	0.304	-1.513	0.335	126.975357	37.295361
1685512371355	1685512371345	-9.258	-4.951	1.695	-0.885	0.018	0.217	0.124	-1.556	0.335	126.975357	37.295361
1685512371368	1685512371355	-9.306	-4.944	1.446	-0.804	0.010	0.178	-0.031	-1.592	0.369	126.975357	37.295361
1685512371384	1685512371369	-9.479	-5.097	1.432	-0.749	-0.012	0.138	-0.196	-1.487	0.285	126.975357	37.295361
1685512371386	1685512371386	-10.247	-5.363	1.353	-0.746	-0.029	0.077	-0.254	-1.448	0.048	126.975357	37.295361
1685512371395	1685512371386	-11.437	-5.631	1.358	-0.743	0.032	-0.021	-0.433	-1.575	0.055	126.975357	37.295361
1685512371406	1685512371395	-13.048	-6.235	1.547	-0.727	0.137	-0.147	-1.209	-1.820	-0.010	126.975357	37.295361
1685512371415	1685512371406	-14.866	-6.558	1.798	-0.684	0.259	-0.283	-2.401	-2.071	0.019	126.975357	37.295361
1685512371426	1685512371416	-15.756	-6.479	1.681	-0.528	0.408	-0.404	-4.017	-2.653	0.249	126.975357	37.295361
1685512371435	1685512371426	-15.009	-6.172	1.221	-0.326	0.376	-0.457	-5.842	-2.940	0.548	126.975357	37.295361
1685512371446	1685512371435	-13.563	-6.203	0.790	-0.153	0.103	-0.436	-6.742	-2.818	0.486	126.975357	37.295361
1685512371455	1685512371446	-12.321	-6.038	0.601	-0.039	-0.226	-0.432	-6.007	-2.464	0.077	126.975357	37.295361
1685512371467	1685512371455	-12.019	-5.708	0.711	0.022	-0.397	-0.544	-4.575	-2.456	-0.338	126.975357	37.295361
1685512371476	1685512371467	-12.455	-5.423	0.991	0.071	-0.403	-0.770	-3.352	-2.253	-0.546	126.975357	37.295361
1685512371488	1685512371476	-13.352	-5.459	1.120	0.101	-0.359	-1.057	-3.074	-1.872	-0.474	126.975357	37.295361
1685512371498	1685512371488	-14.638	-5.231	1.228	0.181	-0.255	-1.366	-3.548	-1.513	-0.235	126.975357	37.295361
1685512371508	1685512371498	-15.476	-5.246	1.082	0.340	-0.131	-1.669	-4.489	-1.465	-0.139	126.975357	37.295361
1685512371516	1685512371508	-15.847	-5.195	0.690	0.500	-0.115	-1.944	-5.839	-1.109	-0.062	126.975357	37.295361
1685512371528	1685512371517	-15.878	-5.272	0.419	0.638	-0.217	-2.167	-6.742	-0.996	-0.232	126.975357	37.295361
1685512371538	1685512371528	-15.680	-5.298	0.148	0.765	-0.359	-2.316	-7.199	-0.783	-0.656	126.975357	37.295361
1685512371549	1685512371538	-15.716	-5.128	-0.026	0.882	-0.489	-2.391	-7.331	-0.682	-0.974	126.975357	37.295361
1685512371557	1685512371549	-15.541	-4.908	-0.110	0.980	-0.579	-2.441	-7.245	-0.522	-1.312	126.975357	37.295361
1685512371575	1685512371558	-15.122	-4.554	-0.153	1.030	-0.674	-2.500	-7.405	-0.165	-1.571	126.975357	37.295361
1685512371576	1685512371575	-14.425	-4.164	-0.113	1.016	-0.793	-2.563	-7.377	0.256	-1.762	126.975357	37.295361
1685512371588	1685512371577	-13.470	-3.747	-0.060	0.951	-0.920	-2.632	-7.087	0.778	-1.903	126.975357	37.295361
1685512371607	1685512371588	-12.536	-3.292	-0.041	0.859	-1.031	-2.713	-6.558	1.372	-1.992	126.975357	37.295361
1685512371607	1685512371607	-11.562	-3.084	-0.057	0.729	-1.129	-2.811	-5.751	1.958	-2.052	126.975357	37.295361
1685512371615	1685512371607	-10.664	-3.012	-0.062	0.562	-1.203	-2.925	-4.997	2.602	-2.162	126.975357	37.295361
1685512371627	1685512371615	-9.981	-3.043	-0.017	0.373	-1.228	-3.053	-4.214	3.005	-2.306	126.975357	37.295361
1685512371639	1685512371627	-9.392	-3.122	0.105	0.192	-1.200	-3.194	-3.546	3.294	-2.444	126.975357	37.295361
1685512371646	1685512371640	-9.105	-3.146	0.237	0.062	-1.114	-3.341	-3.067	3.448	-2.500	126.975357	37.295361
1685512371655	1685512371647	-8.940	-3.213	0.314	0.015	-1.001	-3.487	-2.717	3.582	-2.471	126.975357	37.295361
1685512371668	1685512371657	-8.643	-3.127	0.364	0.048	-0.891	-3.603	-2.689	3.773	-2.416	126.975357	37.295361
1685512371676	1685512371669	-8.305	-3.191	0.371	0.139	-0.801	-3.676	-2.794	3.926	-2.404	126.975357	37.295361
1685512371687	1685512371677	-7.997	-3.220	0.359	0.282	-0.738	-3.703	-2.784	4.226	-2.411	126.975357	37.295361
1685512371696	1685512371687	-7.721	-3.139	0.362	0.470	-0.679	-3.690	-2.804	4.408	-2.471	126.975357	37.295361
1685512371706	1685512371696	-7.463	-3.019	0.304	0.687	-0.624	-3.644	-2.739	4.532	-2.531	126.975357	37.295361
1685512371716	1685512371706	-7.156	-2.890	0.230	0.907	-0.577	-3.575	-2.772	4.788	-2.600	126.975357	37.295361
1685512371728	1685512371716	-7.147	-2.703	0.302	1.102	-0.541	-3.484	-2.823	5.061	-2.741	126.975357	37.295361
1685512371737	1685512371729	-6.910	-2.538	0.261	1.262	-0.519	-3.378	-2.828	5.325	-2.916	126.975357	37.295361
1685512371747	1685512371737	-6.869	-2.308	0.124	1.387	-0.509	-3.261	-3.122	5.622	-2.959	126.975357	37.295361
1685512371757	1685512371748	-6.699	-2.090	0.069	1.469	-0.523	-3.131	-3.215	5.883	-3.136	126.975357	37.295361
1685512371770	1685512371757	-6.584	-1.872	-0.017	1.502	-0.541	-2.982	-3.438	6.175	-3.395	126.975357	37.295361
1685512371776	1685512371770	-6.591	-1.741	-0.005	1.478	-0.557	-2.826	-3.582	6.448	-3.608	126.975357	37.295361
1685512371809	1685512371777	-6.634	-1.585	0.014	1.409	-0.558	-2.669	-3.716	6.694	-3.824	126.975357	37.295361
1685512371810	1685512371809	-6.697	-1.482	0.014	1.308	-0.544	-2.513	-4.013	6.847	-3.967	126.975357	37.295361
1685512371810	1685512371810	-6.826	-1.410	-0.041	1.186	-0.533	-2.346	-4.283	7.013	-4.070	126.975357	37.295361
1685512371817	1685512371810	-6.838	-1.444	0.019	1.047	-0.523	-2.154	-4.633	7.116	-4.219	126.975357	37.295361
1685512371827	1685512371817	-6.907	-1.458	-0.045	0.902	-0.505	-1.946	-4.942	7.185	-4.365	126.975357	37.295361
1685512371835	1685512371827	-6.874	-1.458	-0.038	0.760	-0.478	-1.724	-5.160	7.144	-4.403	126.975357	37.295361
1685512371848	1685512371836	-6.867	-1.664	0.029	0.616	-0.443	-1.486	-5.420	7.120	-4.554	126.975357	37.295361
1685512371855	1685512371848	-6.936	-1.851	0.057	0.479	-0.407	-1.228	-5.574	7.108	-4.626	126.975357	37.295361
1685512371867	1685512371856	-6.948	-2.033	0.280	0.367	-0.357	-0.958	-5.698	6.893	-4.611	126.975357	37.295361
1685512371877	1685512371868	-7.046	-2.301	0.292	0.288	-0.285	-0.694	-5.916	6.697	-4.638	126.975357	37.295361
1685512371887	1685512371877	-7.135	-2.310	0.383	0.248	-0.200	-0.437	-6.007	6.507	-4.441	126.975357	37.295361
1685512371896	1685512371887	-7.264	-2.428	0.292	0.237	-0.115	-0.182	-6.194	6.230	-4.463	126.975357	37.295361
1685512371908	1685512371896	-7.642	-2.557	0.129	0.243	-0.033	0.077	-6.318	6.215	-4.391	126.975357	37.295361
1685512371916	1685512371908	-8.655	-2.928	0.124	0.238	0.077	0.323	-6.472	6.086	-4.503	126.975357	37.295361
1685512371925	1685512371916	-9.864	-3.663	0.158	0.203	0.241	0.546	-6.845	5.945	-4.685	126.975357	37.295361
1685512371935	1685512371925	-10.918	-4.147	0.148	0.160	0.459	0.755	-7.822	5.557	-4.714	126.975357	37.295361
1685512371945	1685512371935	-11.188	-4.252	0.204	0.139	0.668	0.990	-8.985	4.810	-4.693	126.975357	37.295361
1685512371955	1685512371946	-10.578	-4.451	0.218	0.121	0.732	1.304	-9.943	4.310	-4.712	126.975357	37.295361
1685512371966	1685512371955	-9.732	-4.721	0.366	0.097	0.670	1.687	-10.108	4.190	-4.662	126.975357	37.295361
1685512371975	1685512371966	-9.395	-4.788	0.512	0.049	0.640	2.027	-9.340	3.967	-4.650	126.975357	37.295361
1685512371984	1685512371975	-9.941	-4.865	0.745	-0.026	0.735	2.231	-8.320	3.670	-4.501	126.975357	37.295361
1685512371994	1685512371985	-11.090	-4.872	1.001	-0.084	0.976	2.325	-7.740	3.563	-4.348	126.975357	37.295361
1685512372004	1685512371995	-12.467	-5.021	1.264	-0.082	1.304	2.392	-8.109	3.457	-4.104	126.975357	37.295361
1685512372013	1685512372004	-13.515	-4.855	1.302	0.018	1.618	2.491	-9.019	3.407	-3.821	126.975357	37.295361
1685512372025	1685512372014	-14.078	-4.618	1.259	0.187	1.847	2.621	-10.135	3.211	-3.522	126.975357	37.295361
1685512372033	1685512372026	-14.222	-4.592	1.255	0.337	1.955	2.767	-10.903	3.314	-3.445	126.975357	37.295361
1685512372044	1685512372034	-14.097	-4.563	1.264	0.406	1.978	2.913	-11.164	3.469	-3.452	126.975357	37.295361
1685512372054	1685512372045	-13.920	-4.760	1.097	0.408	1.978	3.049	-10.963	3.383	-3.421	126.975357	37.295361
1685512372066	1685512372054	-13.795	-4.872	1.030	0.375	1.987	3.172	-10.549	3.306	-3.378	126.975357	37.295361
1685512372074	1685512372066	-13.393	-4.973	1.089	0.334	1.999	3.269	-10.041	2.978	-3.505	126.975357	37.295361
1685512372088	1685512372074	-12.955	-4.851	1.238	0.293	1.996	3.335	-9.582	2.720	-3.519	126.975357	37.295361
1685512372095	1685512372088	-12.277	-4.616	1.518	0.253	1.963	3.365	-8.811	2.444	-3.390	126.975357	37.295361
1685512372105	1685512372095	-11.392	-4.338	1.714	0.211	1.899	3.361	-8.073	2.411	-3.177	126.975357	37.295361
1685512372115	1685512372106	-10.558	-3.965	1.963	0.165	1.812	3.327	-7.034	2.447	-2.806	126.975357	37.295361
1685512372124	1685512372116	-9.754	-3.642	2.030	0.109	1.714	3.263	-5.863	2.555	-2.533	126.975357	37.295361
1685512372134	1685512372125	-8.940	-3.484	2.145	0.027	1.615	3.169	-4.729	2.732	-2.191	126.975357	37.295361
1685512372145	1685512372137	-8.370	-3.426	2.179	-0.078	1.548	3.038	-3.637	2.856	-2.028	126.975357	37.295361
1685512372154	1685512372145	-8.078	-3.397	2.241	-0.182	1.517	2.871	-2.557	2.813	-1.815	126.975357	37.295361
1685512372165	1685512372154	-7.913	-3.373	2.301	-0.276	1.511	2.685	-1.736	2.677	-1.676	126.975357	37.295361
1685512372174	1685512372166	-7.927	-3.383	2.346	-0.357	1.510	2.501	-1.192	2.500	-1.489	126.975357	37.295361
1685512372184	1685512372174	-7.913	-3.443	2.461	-0.432	1.491	2.334	-0.836	2.363	-1.319	126.975357	37.295361
1685512372194	1685512372184	-7.855	-3.472	2.339	-0.509	1.436	2.192	-0.637	2.172	-1.132	126.975357	37.295361
1685512372205	1685512372194	-7.647	-3.464	2.296	-0.590	1.332	2.077	-0.460	1.970	-0.898	126.975357	37.295361
1685512372214	1685512372205	-7.424	-3.493	2.176	-0.667	1.199	1.990	-0.239	1.793	-0.883	126.975357	37.295361
1685512372224	1685512372214	-7.321	-3.462	2.059	-0.729	1.075	1.918	0.117	1.659	-0.792	126.975357	37.295361
1685512372236	1685512372224	-7.254	-3.440	1.956	-0.793	0.962	1.850	0.491	1.480	-0.773	126.975342	37.295357
1685512372244	1685512372236	-7.281	-3.591	1.915	-0.874	0.843	1.785	0.747	1.343	-0.752	126.975342	37.295357
1685512372254	1685512372244	-7.365	-3.563	1.990	-0.972	0.734	1.721	0.958	1.197	-0.716	126.975342	37.295357
1685512372266	1685512372254	-7.472	-3.546	1.987	-1.067	0.649	1.653	1.051	0.895	-0.634	126.975342	37.295357
1685512372275	1685512372266	-7.513	-3.661	2.030	-1.161	0.567	1.581	1.073	0.792	-0.450	126.975342	37.295357
1685512372284	1685512372275	-7.604	-3.646	1.903	-1.256	0.484	1.509	1.056	0.687	-0.347	126.975342	37.295357
1685512372295	1685512372285	-7.590	-3.745	1.889	-1.354	0.411	1.434	1.109	0.438	-0.189	126.975342	37.295357
1685512372305	1685512372295	-7.819	-3.919	1.757	-1.451	0.343	1.362	1.075	0.371	-0.242	126.975342	37.295357
1685512372315	1685512372306	-8.119	-4.085	1.788	-1.534	0.313	1.291	1.154	0.177	-0.168	126.975342	37.295357
1685512372327	1685512372315	-8.543	-4.283	1.745	-1.598	0.307	1.223	0.984	-0.086	-0.213	126.975342	37.295357
1685512372336	1685512372327	-8.938	-4.633	1.654	-1.643	0.302	1.161	0.737	-0.333	-0.101	126.975342	37.295357
1685512372346	1685512372336	-9.311	-4.776	1.662	-1.671	0.298	1.107	0.362	-0.603	-0.062	126.975342	37.295357
1685512372356	1685512372346	-9.668	-4.949	1.635	-1.674	0.282	1.058	0.012	-1.022	-0.065	126.975342	37.295357
1685512372370	1685512372356	-9.843	-5.078	1.559	-1.651	0.255	1.016	-0.330	-1.209	0.007	126.975342	37.295357
1685512372377	1685512372371	-9.814	-5.248	1.463	-1.609	0.206	0.981	-0.661	-1.415	0.050	126.975342	37.295357
1685512372388	1685512372377	-9.773	-5.375	1.281	-1.565	0.144	0.942	-0.795	-1.611	0.053	126.975342	37.295357
1685512372406	1685512372388	-9.876	-5.370	0.977	-1.520	0.084	0.885	-0.728	-1.853	0.038	126.975342	37.295357
1685512372407	1685512372407	-10.338	-5.657	0.967	-1.493	0.028	0.806	-0.656	-2.037	-0.081	126.975342	37.295357
1685512372417	1685512372407	-11.341	-6.285	1.192	-1.494	0.015	0.695	-0.725	-2.100	-0.321	126.975342	37.295357
1685512372427	1685512372417	-12.687	-6.574	1.494	-1.470	0.109	0.540	-1.164	-2.435	-0.285	126.975342	37.295357
1685512372436	1685512372427	-13.585	-6.840	2.023	-1.330	0.266	0.353	-2.145	-3.110	-0.012	126.975342	37.295357
1685512372449	1685512372436	-13.657	-7.266	2.588	-1.112	0.324	0.200	-3.472	-3.431	0.345	126.975342	37.295357
1685512372456	1685512372450	-12.919	-7.163	2.780	-0.819	0.252	0.119	-4.357	-3.716	0.941	126.975342	37.295357
1685512372468	1685512372458	-11.887	-6.742	2.172	-0.417	0.120	0.086	-4.420	-4.147	1.571	126.975342	37.295357
1685512372477	1685512372468	-11.712	-6.586	1.585	-0.028	-0.067	0.022	-3.675	-4.049	1.815	126.975342	37.295357
1685512372489	1685512372477	-12.728	-6.527	1.140	0.248	-0.133	-0.136	-2.638	-3.630	1.228	126.975342	37.295357
1685512372498	1685512372489	-14.243	-6.359	1.003	0.400	-0.027	-0.400	-2.464	-3.476	0.637	126.975342	37.295357
1685512372509	1685512372498	-15.622	-6.155	0.874	0.509	0.092	-0.713	-3.484	-3.407	0.172	126.975342	37.295357
1685512372518	1685512372509	-16.575	-5.892	0.792	0.617	0.078	-0.997	-5.013	-3.206	0.022	126.975342	37.295357
1685512372528	1685512372518	-16.834	-5.550	0.620	0.722	-0.057	-1.234	-6.414	-2.942	-0.113	126.975342	37.295357
1685512372538	1685512372528	-16.510	-5.351	0.417	0.770	-0.266	-1.453	-7.403	-2.586	-0.208	126.975342	37.295357
1685512372548	1685512372539	-15.924	-5.298	0.309	0.731	-0.530	-1.669	-7.700	-2.148	-0.407	126.975342	37.295357
1685512372558	1685512372549	-15.507	-5.227	0.117	0.652	-0.750	-1.883	-7.429	-1.824	-0.663	126.975342	37.295357
1685512372578	1685512372558	-15.093	-5.049	0.019	0.585	-0.900	-2.083	-6.907	-1.628	-0.845	126.975342	37.295357
1685512372578	1685512372578	-14.729	-4.875	0.177	0.501	-1.020	-2.288	-6.572	-1.396	-1.128	126.975342	37.295357
1685512372586	1685512372578	-14.293	-4.654	0.232	0.447	-1.073	-2.497	-6.249	-1.041	-1.329	126.975342	37.295357
1685512372602	1685512372586	-13.556	-4.250	0.381	0.431	-1.085	-2.688	-6.017	-0.632	-1.305	126.975342	37.295357
1685512372607	1685512372603	-12.811	-3.903	0.405	0.435	-1.111	-2.864	-5.681	-0.244	-1.338	126.975342	37.295357
1685512372616	1685512372607	-11.978	-3.651	0.369	0.439	-1.142	-3.029	-5.083	0.381	-1.302	126.975342	37.295357
1685512372628	1685512372618	-11.174	-3.512	0.397	0.421	-1.155	-3.184	-4.492	0.960	-1.391	126.975342	37.295357
1685512372638	1685512372628	-10.625	-3.438	0.385	0.382	-1.133	-3.328	-3.831	1.453	-1.544	126.975342	37.295357
1685512372649	1685512372638	-10.166	-3.361	0.534	0.336	-1.095	-3.461	-3.215	1.841	-1.630	126.975342	37.295357
1685512372656	1685512372649	-9.718	-3.438	0.565	0.309	-1.043	-3.583	-2.895	2.193	-1.762	126.975342	37.295357
1685512372668	1685512372656	-9.373	-3.452	0.618	0.315	-0.986	-3.690	-2.636	2.500	-1.707	126.975342	37.295357
1685512372677	1685512372669	-9.218	-3.369	0.527	0.369	-0.926	-3.779	-2.425	2.682	-1.772	126.975342	37.295357
1685512372690	1685512372677	-9.005	-3.259	0.493	0.465	-0.861	-3.851	-2.334	2.926	-1.810	126.975342	37.295357
1685512372698	1685512372690	-8.921	-3.189	0.460	0.586	-0.808	-3.901	-2.476	3.285	-1.997	126.975342	37.295357
1685512372708	1685512372699	-8.741	-3.117	0.326	0.718	-0.772	-3.918	-2.516	3.615	-2.112	126.975342	37.295357
1685512372718	1685512372709	-8.586	-2.892	0.364	0.850	-0.757	-3.897	-2.758	3.938	-2.246	126.975342	37.295357
1685512372730	1685512372718	-8.294	-2.981	0.378	0.979	-0.757	-3.847	-2.851	4.204	-2.468	126.975342	37.295357
1685512372739	1685512372730	-8.033	-2.837	0.445	1.103	-0.770	-3.773	-3.007	4.630	-2.535	126.975342	37.295357
1685512372749	1685512372739	-7.891	-2.679	0.397	1.223	-0.786	-3.680	-3.029	4.721	-2.638	126.975342	37.295357
1685512372759	1685512372749	-7.839	-2.461	0.297	1.335	-0.790	-3.580	-3.108	5.033	-2.705	126.975342	37.295357
1685512372781	1685512372759	-7.697	-2.191	0.124	1.420	-0.794	-3.476	-3.218	5.298	-2.861	126.975342	37.295357
1685512372782	1685512372781	-7.599	-2.018	0.103	1.453	-0.812	-3.366	-3.486	5.634	-3.117	126.975342	37.295357
1685512372788	1685512372782	-7.436	-1.834	0.122	1.433	-0.845	-3.240	-3.515	5.952	-3.383	126.975342	37.295357
1685512372811	1685512372789	-7.391	-1.721	0.144	1.379	-0.877	-3.103	-3.725	6.206	-3.570	126.975342	37.295357
1685512372812	1685512372811	-7.515	-1.669	0.139	1.304	-0.883	-2.966	-3.761	6.431	-3.661	126.975342	37.295357
1685512372817	1685512372812	-7.573	-1.573	0.115	1.206	-0.869	-2.839	-4.017	6.601	-3.792	126.975342	37.295357
1685512372827	1685512372817	-7.793	-1.513	0.089	1.091	-0.845	-2.707	-4.396	6.692	-3.922	126.975342	37.295357
1685512372839	1685512372828	-7.977	-1.372	-0.010	0.966	-0.820	-2.552	-4.781	6.828	-4.096	126.975342	37.295357
1685512372849	1685512372839	-8.033	-1.427	-0.031	0.833	-0.793	-2.363	-5.212	6.910	-4.214	126.975342	37.295357
1685512372857	1685512372849	-7.994	-1.377	-0.065	0.694	-0.766	-2.145	-5.674	7.072	-4.424	126.975342	37.295357
1685512372870	1685512372857	-7.939	-1.528	-0.067	0.556	-0.749	-1.905	-5.964	7.032	-4.535	126.975342	37.295357
1685512372877	1685512372870	-7.913	-1.621	-0.101	0.429	-0.724	-1.644	-6.141	7.094	-4.642	126.975342	37.295357
1685512372888	1685512372878	-7.827	-1.741	-0.105	0.318	-0.677	-1.379	-6.282	6.950	-4.705	126.975342	37.295357
1685512372898	1685512372888	-7.700	-1.662	-0.101	0.230	-0.613	-1.113	-6.464	6.864	-4.796	126.975342	37.295357
1685512372908	1685512372898	-7.649	-1.664	-0.299	0.164	-0.545	-0.837	-6.498	6.747	-4.829	126.975342	37.295357
1685512372918	1685512372908	-7.920	-1.788	-0.457	0.105	-0.483	-0.545	-6.493	6.831	-4.851	126.975342	37.295357
1685512372930	1685512372918	-8.777	-1.932	-0.639	0.040	-0.381	-0.246	-6.541	6.828	-5.071	126.975342	37.295357
1685512372939	1685512372930	-9.950	-2.351	-0.687	-0.024	-0.198	0.051	-6.881	6.706	-5.243	126.975342	37.295357
1685512372949	1685512372940	-11.176	-2.878	-0.737	-0.089	0.043	0.360	-7.776	6.563	-5.432	126.975342	37.295357
1685512372956	1685512372949	-11.921	-3.285	-0.711	-0.143	0.271	0.710	-8.957	6.144	-5.480	126.975342	37.295357
1685512372967	1685512372958	-11.478	-3.318	-0.622	-0.189	0.414	1.114	-10.154	5.617	-5.523	126.975342	37.295357
1685512372976	1685512372968	-10.269	-3.371	-0.551	-0.241	0.429	1.558	-10.824	5.210	-5.480	126.975342	37.295357
1685512372987	1685512372976	-9.474	-3.335	-0.493	-0.301	0.382	2.000	-10.269	5.171	-5.373	126.975342	37.295357
1685512372996	1685512372988	-9.546	-3.503	-0.256	-0.384	0.419	2.369	-8.890	5.109	-5.272	126.975342	37.295357
1685512373006	1685512372996	-10.623	-3.579	0.127	-0.501	0.632	2.601	-7.927	5.133	-5.186	126.975342	37.295357
1685512373015	1685512373006	-12.170	-3.766	0.469	-0.583	0.971	2.707	-7.757	4.942	-4.906	126.975342	37.295357
1685512373026	1685512373016	-13.477	-3.967	0.730	-0.560	1.321	2.784	-8.610	4.841	-4.472	126.975342	37.295357
1685512373036	1685512373027	-14.310	-4.147	0.812	-0.417	1.618	2.917	-9.886	4.623	-4.061	126.975342	37.295357
1685512373047	1685512373037	-14.669	-4.178	0.924	-0.186	1.825	3.101	-10.901	4.379	-3.721	126.975342	37.295357
1685512373057	1685512373048	-14.653	-4.147	0.934	0.070	1.952	3.286	-11.420	4.137	-3.560	126.975342	37.295357
1685512373067	1685512373058	-14.492	-4.209	0.838	0.298	2.021	3.467	-11.444	4.020	-3.376	126.975342	37.295357
1685512373076	1685512373068	-14.243	-4.360	0.685	0.462	2.083	3.668	-11.042	3.924	-3.299	126.975342	37.295357
1685512373086	1685512373078	-14.104	-4.518	0.606	0.555	2.147	3.859	-10.556	3.733	-3.349	126.975342	37.295357
1685512373095	1685512373086	-13.738	-4.666	0.558	0.610	2.187	3.999	-9.895	3.393	-3.448	126.975342	37.295357
1685512373106	1685512373095	-13.113	-4.369	0.656	0.650	2.181	4.079	-9.409	3.057	-3.476	126.975342	37.295357
1685512373115	1685512373107	-12.304	-4.106	0.927	0.668	2.117	4.112	-8.655	2.689	-3.462	126.975342	37.295357
1685512373125	1685512373115	-11.416	-3.730	1.070	0.657	2.015	4.100	-7.649	2.744	-3.297	126.975342	37.295357
1685512373136	1685512373125	-10.649	-3.440	1.415	0.604	1.911	4.038	-6.433	2.722	-2.945	126.975342	37.295357
1685512373146	1685512373136	-9.998	-3.215	1.695	0.498	1.812	3.940	-5.227	2.854	-2.732	126.975342	37.295357
1685512373156	1685512373146	-9.402	-3.211	1.901	0.347	1.736	3.813	-4.128	2.863	-2.303	126.975342	37.295357
1685512373167	1685512373156	-9.201	-3.314	2.131	0.182	1.698	3.651	-3.168	2.806	-1.935	126.975342	37.295357
1685512373175	1685512373167	-9.129	-3.352	2.279	0.024	1.685	3.455	-2.284	2.533	-1.628	126.975342	37.295357
1685512373185	1685512373175	-9.218	-3.467	2.318	-0.123	1.692	3.247	-1.820	2.160	-1.283	126.975342	37.295357
1685512373195	1685512373185	-9.278	-3.546	2.315	-0.272	1.682	3.047	-1.460	1.808	-0.984	126.975342	37.295357
1685512373205	1685512373195	-9.215	-3.584	2.274	-0.431	1.622	2.869	-1.374	1.494	-0.838	126.975342	37.295357
1685512373215	1685512373205	-8.952	-3.618	2.085	-0.597	1.505	2.715	-1.233	1.183	-0.692	126.975342	37.295357
1685512373229	1685512373215	-8.600	-3.780	1.908	-0.766	1.352	2.579	-0.991	0.922	-0.582	126.975327	37.295345
1685512373235	1685512373229	-8.365	-3.855	1.836	-0.925	1.192	2.453	-0.565	0.680	-0.620	126.975327	37.295345
1685512373245	1685512373235	-8.191	-3.883	1.733	-1.043	1.059	2.329	-0.069	0.318	-0.649	126.975327	37.295345
1685512373256	1685512373246	-8.107	-4.032	1.899	-1.157	0.937	2.195	0.302	0.038	-0.567	126.975327	37.295345
1685512373267	1685512373256	-7.987	-4.298	2.002	-1.278	0.815	2.051	0.582	-0.151	-0.551	126.975327	37.295345
1685512373276	1685512373267	-7.903	-4.393	2.167	-1.372	0.715	1.901	0.766	-0.467	-0.254	126.975327	37.295345
1685512373287	1685512373276	-7.963	-4.290	2.227	-1.415	0.656	1.747	0.974	-0.883	-0.026	126.975327	37.295345
1685512373297	1685512373287	-7.848	-4.295	2.184	-1.433	0.606	1.593	1.140	-1.123	0.259	126.975327	37.295345
1685512373307	1685512373297	-7.781	-4.317	2.109	-1.466	0.540	1.447	1.130	-1.111	0.409	126.975327	37.295345
1685512373317	1685512373308	-7.757	-4.539	2.042	-1.508	0.476	1.306	1.295	-1.209	0.464	126.975327	37.295345
1685512373328	1685512373317	-7.819	-4.650	1.970	-1.548	0.421	1.170	1.391	-1.279	0.457	126.975327	37.295345
1685512373338	1685512373328	-8.090	-4.899	2.085	-1.574	0.379	1.042	1.439	-1.535	0.455	126.975327	37.295345
1685512373351	1685512373338	-8.617	-5.076	1.966	-1.564	0.376	0.919	1.391	-1.662	0.438	126.975327	37.295345
1685512373358	1685512373351	-9.108	-5.203	1.872	-1.499	0.400	0.801	1.130	-1.915	0.606	126.975327	37.295345
1685512373369	1685512373358	-9.452	-5.341	1.844	-1.404	0.404	0.699	0.608	-2.083	0.534	126.975327	37.295345
1685512373380	1685512373369	-9.608	-5.619	1.851	-1.301	0.352	0.628	0.124	-2.205	0.508	126.975327	37.295345
1685512373390	1685512373380	-9.725	-5.897	1.935	-1.168	0.293	0.579	-0.218	-2.325	0.520	126.975327	37.295345
1685512373407	1685512373390	-9.881	-5.794	1.867	-0.972	0.270	0.536	-0.362	-2.612	0.594	126.975327	37.295345
1685512373410	1685512373408	-9.955	-5.598	1.568	-0.740	0.263	0.496	-0.472	-2.897	0.718	126.975327	37.295345
1685512373418	1685512373410	-10.266	-5.725	1.422	-0.546	0.224	0.456	-0.606	-2.835	0.711	126.975327	37.295345
1685512373428	1685512373420	-11.119	-6.127	1.463	-0.447	0.186	0.395	-0.663	-2.672	0.453	126.975327	37.295345
1685512373438	1685512373428	-12.313	-6.299	1.638	-0.384	0.241	0.282	-0.958	-2.844	0.352	126.975327	37.295345
1685512373450	1685512373438	-13.264	-6.316	1.937	-0.288	0.357	0.128	-1.798	-3.270	0.417	126.975327	37.295345
1685512373458	1685512373450	-13.403	-6.467	2.186	-0.189	0.395	-0.018	-2.983	-3.469	0.627	126.975327	37.295345
1685512373470	1685512373458	-12.553	-6.541	2.318	-0.079	0.310	-0.115	-3.926	-3.493	0.965	126.975327	37.295345
1685512373479	1685512373470	-11.885	-6.335	2.116	0.093	0.143	-0.171	-4.063	-3.642	1.259	126.975327	37.295345
1685512373488	1685512373479	-12.383	-6.328	1.772	0.313	-0.029	-0.258	-3.213	-3.704	1.420	126.975327	37.295345
1685512373500	1685512373490	-13.910	-6.361	1.556	0.494	-0.068	-0.454	-2.547	-3.479	1.233	126.975327	37.295345
1685512373510	1685512373500	-15.562	-6.213	1.417	0.637	0.076	-0.756	-3.053	-3.457	0.879	126.975327	37.295345
1685512373520	1685512373510	-16.644	-5.842	0.996	0.746	0.169	-1.068	-4.594	-3.448	0.642	126.975327	37.295345
1685512373532	1685512373520	-17.023	-5.236	0.661	0.834	0.054	-1.327	-6.268	-3.242	0.491	126.975327	37.295345
1685512373542	1685512373532	-16.690	-4.822	0.153	0.870	-0.217	-1.539	-7.384	-2.770	0.062	126.975327	37.295345
1685512373550	1685512373542	-16.170	-4.609	-0.124	0.806	-0.555	-1.741	-7.803	-2.049	-0.292	126.975327	37.295345
1685512373561	1685512373551	-15.818	-4.659	-0.273	0.651	-0.865	-1.978	-7.527	-1.487	-0.852	126.975327	37.295345
1685512373583	1685512373561	-15.711	-4.401	-0.328	0.461	-1.059	-2.253	-7.065	-1.140	-1.202	126.975327	37.295345
1685512373584	1685512373584	-15.562	-4.336	-0.340	0.271	-1.172	-2.535	-6.795	-1.018	-1.451	126.975327	37.295345
1685512373591	1685512373585	-15.404	-4.187	-0.393	0.084	-1.285	-2.820	-6.785	-0.563	-1.618	126.975327	37.295345
1685512373613	1685512373591	-14.909	-3.984	-0.309	-0.039	-1.388	-3.081	-6.764	-0.254	-1.757	126.975327	37.295345
1685512373614	1685512373614	-14.234	-3.735	-0.347	-0.116	-1.480	-3.310	-6.728	0.113	-1.913	126.975327	37.295345
1685512373618	1685512373614	-13.501	-3.539	-0.376	-0.169	-1.556	-3.506	-6.407	0.608	-1.958	126.975327	37.295345
1685512373628	1685512373618	-12.749	-3.457	-0.275	-0.203	-1.597	-3.677	-5.897	1.111	-2.105	126.975327	37.295345
1685512373639	1685512373628	-12.179	-3.378	-0.266	-0.224	-1.591	-3.833	-5.365	1.599	-2.253	126.975327	37.295345
1685512373650	1685512373640	-11.581	-3.347	-0.196	-0.233	-1.542	-3.968	-4.839	1.980	-2.270	126.975327	37.295345
1685512373658	1685512373650	-11.083	-3.347	-0.144	-0.239	-1.472	-4.081	-4.518	2.361	-2.373	126.975327	37.295345
1685512373670	1685512373658	-10.649	-3.345	-0.151	-0.232	-1.396	-4.166	-4.185	2.696	-2.404	126.975327	37.295345
1685512373679	1685512373670	-10.216	-3.357	-0.077	-0.203	-1.310	-4.227	-4.003	3.026	-2.454	126.975327	37.295345
1685512373688	1685512373679	-9.850	-3.498	0.151	-0.144	-1.218	-4.260	-3.843	3.294	-2.533	126.975327	37.295345
1685512373699	1685512373688	-9.716	-3.649	0.254	-0.037	-1.119	-4.265	-3.759	3.596	-2.540	126.975327	37.295345
1685512373711	1685512373699	-9.766	-3.500	0.184	0.131	-0.991	-4.263	-3.692	3.701	-2.373	126.975327	37.295345
1685512373720	1685512373712	-9.852	-3.112	-0.024	0.352	-0.836	-4.264	-3.900	3.807	-2.334	126.975327	37.295345
1685512373731	1685512373721	-9.536	-2.847	-0.091	0.569	-0.740	-4.233	-4.298	4.192	-2.468	126.975327	37.295345
1685512373742	1685512373732	-9.084	-2.770	-0.225	0.749	-0.728	-4.156	-4.776	4.817	-2.756	126.975327	37.295345
1685512373751	1685512373743	-8.665	-2.555	-0.299	0.893	-0.743	-4.044	-4.784	5.255	-2.897	126.975327	37.295345
1685512373761	1685512373751	-8.248	-2.406	-0.342	1.016	-0.757	-3.916	-4.693	5.502	-3.127	126.975327	37.295345
1685512373772	1685512373762	-7.913	-2.212	-0.220	1.122	-0.762	-3.787	-4.633	5.861	-3.306	126.975327	37.295345
1685512373789	1685512373773	-7.788	-2.023	-0.192	1.208	-0.742	-3.658	-4.571	6.129	-3.464	126.975327	37.295345
1685512373791	1685512373790	-7.762	-1.894	-0.005	1.275	-0.702	-3.521	-4.580	6.419	-3.464	126.975327	37.295345
1685512373811	1685512373791	-7.752	-1.721	0.103	1.318	-0.668	-3.376	-4.865	6.697	-3.589	126.975327	37.295345
1685512373812	1685512373811	-7.788	-1.575	0.153	1.338	-0.640	-3.213	-5.104	6.869	-3.508	126.975327	37.295345
1685512373819	1685512373812	-7.705	-1.422	0.141	1.341	-0.622	-3.027	-5.416	7.080	-3.531	126.975327	37.295345
1685512373830	1685512373819	-7.664	-1.135	0.041	1.330	-0.624	-2.821	-5.758	7.245	-3.613	126.975327	37.295345
1685512373839	1685512373830	-7.683	-1.006	-0.153	1.291	-0.634	-2.606	-5.964	7.405	-3.754	126.975327	37.295345
1685512373850	1685512373839	-7.657	-0.869	-0.225	1.214	-0.634	-2.386	-6.177	7.683	-3.979	126.975327	37.295345
1685512373859	1685512373851	-7.396	-0.936	-0.299	1.096	-0.634	-2.150	-6.476	7.793	-4.307	126.975327	37.295345
1685512373870	1685512373859	-7.336	-1.140	-0.297	0.953	-0.641	-1.891	-6.663	7.908	-4.482	126.975327	37.295345
1685512373879	1685512373871	-7.326	-1.312	-0.323	0.814	-0.628	-1.620	-6.618	7.812	-4.659	126.975327	37.295345
1685512373890	1685512373879	-7.324	-1.590	-0.314	0.696	-0.589	-1.350	-6.752	7.580	-4.743	126.975327	37.295345
1685512373900	1685512373891	-7.345	-1.662	-0.338	0.607	-0.536	-1.076	-6.929	7.374	-4.851	126.975327	37.295345
1685512373910	1685512373900	-7.365	-1.733	-0.414	0.560	-0.472	-0.794	-7.056	7.072	-4.899	126.975327	37.295345
1685512373920	1685512373910	-7.673	-1.709	-0.692	0.541	-0.409	-0.498	-7.207	6.972	-4.980	126.975327	37.295345
1685512373932	1685512373921	-8.452	-1.920	-0.910	0.518	-0.354	-0.192	-7.307	6.879	-5.102	126.975327	37.295345
1685512373942	1685512373932	-9.498	-2.433	-0.927	0.454	-0.232	0.117	-7.678	6.876	-5.425	126.975327	37.295345
1685512373954	1685512373942	-10.312	-2.909	-0.843	0.364	-0.023	0.436	-8.490	6.642	-5.689	126.975327	37.295345
1685512373962	1685512373954	-10.271	-3.273	-0.639	0.265	0.155	0.805	-9.538	6.108	-5.744	126.975327	37.295345
1685512373969	1685512373962	-9.170	-3.560	-0.565	0.148	0.200	1.249	-10.317	5.612	-5.691	126.975327	37.295345
1685512373981	1685512373972	-8.030	-3.893	-0.517	0.023	0.153	1.715	-10.192	5.234	-5.511	126.975327	37.295345
1685512373987	1685512373981	-7.604	-4.187	-0.373	-0.112	0.132	2.125	-8.985	4.939	-5.449	126.975327	37.295345
1685512373998	1685512373989	-8.272	-4.307	-0.136	-0.293	0.266	2.397	-7.676	4.599	-5.404	126.975327	37.295345
1685512374011	1685512374011	-9.713	-4.446	0.196	-0.496	0.564	2.523	-7.082	4.302	-5.250	126.975327	37.295345
