1685512263872	1685512263872	-8.566	-3.529	1.420	-2.547	0.638	1.585	0.895	-1.413	3.773	126.974731	37.295773
1685512263877	1685512263872	-8.519	-3.608	1.319	-2.628	0.557	1.609	0.838	-1.681	3.795	126.974731	37.295773
1685512263886	1685512263877	-8.432	-3.831	1.109	-2.698	0.478	1.635	0.869	-2.061	3.637	126.974731	37.295773
1685512263895	1685512263886	-8.545	-4.017	1.087	-2.735	0.398	1.648	0.934	-2.296	3.555	126.974731	37.295773
1685512263905	1685512263895	-8.641	-3.962	0.881	-2.707	0.337	1.638	1.041	-2.739	3.373	126.974731	37.295773
1685512263916	1685512263905	-8.909	-3.972	0.836	-2.674	0.303	1.613	0.946	-3.055	3.338	126.974731	37.295773
1685512263927	1685512263916	-9.131	-4.080	0.692	-2.646	0.263	1.593	0.869	-3.187	3.129	126.974731	37.295773
1685512263937	1685512263927	-9.397	-4.118	0.479	-2.619	0.214	1.575	0.615	-3.335	3.065	126.974731	37.295773
1685512263947	1685512263937	-9.586	-4.185	0.206	-2.580	0.182	1.552	0.405	-3.639	2.911	126.974731	37.295773
1685512263957	1685512263948	-9.629	-4.010	-0.012	-2.527	0.149	1.533	0.151	-3.790	2.672	126.974731	37.295773
1685512263966	1685512263957	-9.562	-4.262	-0.014	-2.483	0.097	1.509	-0.029	-4.051	2.385	126.974731	37.295773
1685512263977	1685512263967	-9.503	-4.836	0.321	-2.456	0.022	1.470	-0.065	-3.994	2.145	126.974731	37.295773
1685512263986	1685512263977	-9.428	-5.456	0.800	-2.409	-0.081	1.416	0.002	-4.422	2.124	126.974731	37.295773
1685512263998	1685512263986	-9.438	-5.763	1.188	-2.351	-0.167	1.334	0.065	-5.136	2.435	126.974731	37.295773
1685512264005	1685512263998	-9.711	-5.796	1.369	-2.268	-0.204	1.262	0.139	-5.930	2.878	126.974731	37.295773
1685512264017	1685512264005	-9.807	-5.574	1.410	-2.148	-0.177	1.225	0.129	-6.376	3.230	126.974731	37.295773
1685512264026	1685512264017	-9.902	-5.186	1.250	-2.042	-0.142	1.201	-0.146	-6.598	3.364	126.974731	37.295773
1685512264036	1685512264026	-9.943	-5.028	1.171	-1.991	-0.123	1.169	-0.247	-6.519	3.373	126.974731	37.295773
1685512264045	1685512264036	-9.823	-5.035	1.027	-1.974	-0.089	1.135	-0.354	-6.302	3.175	126.974731	37.295773
1685512264057	1685512264046	-9.900	-5.193	1.070	-1.940	-0.043	1.100	-0.405	-6.278	3.065	126.974731	37.295773
1685512264065	1685512264057	-9.905	-5.365	1.049	-1.868	-0.004	1.047	-0.299	-6.431	2.885	126.974731	37.295773
1685512264077	1685512264065	-10.005	-5.521	0.931	-1.769	0.024	0.968	-0.390	-6.730	2.897	126.974731	37.295773
1685512264087	1685512264077	-10.008	-5.514	0.615	-1.668	0.022	0.882	-0.414	-7.049	2.842	126.974731	37.295773
1685512264096	1685512264087	-10.266	-5.509	0.524	-1.589	0.016	0.806	-0.529	-7.314	2.698	126.974731	37.295773
1685512264106	1685512264096	-10.697	-5.837	0.529	-1.550	0.017	0.724	-0.548	-7.422	2.354	126.974731	37.295773
1685512264118	1685512264106	-11.193	-6.249	0.642	-1.528	0.046	0.623	-0.824	-7.520	2.234	126.974731	37.295773
1685512264126	1685512264118	-11.451	-6.443	0.704	-1.478	0.116	0.511	-1.269	-7.942	2.207	126.974731	37.295773
1685512264136	1685512264126	-11.389	-6.615	0.934	-1.372	0.160	0.431	-1.779	-8.440	2.291	126.974731	37.295773
1685512264146	1685512264136	-10.886	-6.711	1.147	-1.205	0.161	0.407	-2.054	-8.720	2.327	126.974731	37.295773
1685512264156	1685512264146	-9.850	-6.881	1.161	-0.962	0.158	0.409	-2.002	-8.942	2.545	126.974731	37.295773
1685512264166	1685512264156	-9.045	-6.776	1.144	-0.628	0.150	0.414	-1.511	-9.096	2.744	126.974731	37.295773
1685512264177	1685512264166	-8.420	-6.752	1.183	-0.247	0.140	0.393	-0.486	-9.318	2.751	126.974731	37.295773
1685512264186	1685512264177	-8.559	-7.058	1.247	0.138	0.170	0.307	0.302	-9.263	2.732	126.974731	37.295773
1685512264196	1685512264186	-9.395	-7.211	1.494	0.520	0.258	0.117	0.917	-9.280	2.777	126.974731	37.295773
1685512264206	1685512264196	-10.695	-7.592	1.621	0.910	0.390	-0.171	0.766	-9.615	2.863	126.974731	37.295773
1685512264217	1685512264206	-12.024	-7.599	1.693	1.332	0.506	-0.496	-0.074	-9.771	3.144	126.974731	37.295773
1685512264226	1685512264217	-13.010	-7.623	1.427	1.780	0.589	-0.777	-1.377	-10.120	3.330	126.974731	37.295773
1685512264237	1685512264226	-13.635	-7.635	1.214	2.189	0.585	-0.977	-2.703	-10.058	3.481	126.974731	37.295773
1685512264246	1685512264237	-13.886	-7.262	0.843	2.525	0.483	-1.115	-3.682	-9.965	3.323	126.974731	37.295773
1685512264256	1685512264246	-13.831	-6.869	0.491	2.779	0.326	-1.249	-4.298	-9.857	3.203	126.974731	37.295773
1685512264266	1685512264256	-13.671	-6.278	0.393	2.936	0.154	-1.412	-4.532	-9.311	2.942	126.974731	37.295773
1685512264276	1685512264266	-13.666	-5.804	0.306	2.954	-0.010	-1.625	-4.463	-8.760	2.667	126.974747	37.295761
1685512264287	1685512264276	-13.518	-5.327	0.352	2.820	-0.161	-1.891	-4.278	-7.970	2.636	126.974747	37.295761
1685512264297	1685512264287	-13.319	-5.069	0.333	2.567	-0.290	-2.199	-4.250	-7.278	2.595	126.974747	37.295761
1685512264306	1685512264297	-13.082	-4.796	0.302	2.250	-0.390	-2.519	-4.070	-6.558	2.665	126.974747	37.295761
1685512264317	1685512264306	-12.673	-4.650	0.194	1.894	-0.485	-2.831	-3.840	-6.031	2.646	126.974747	37.295761
1685512264326	1685512264317	-12.457	-4.539	0.124	1.527	-0.556	-3.130	-3.572	-5.437	2.593	126.974747	37.295761
1685512264336	1685512264326	-12.292	-4.396	0.108	1.205	-0.589	-3.409	-3.139	-5.011	2.452	126.974747	37.295761
1685512264346	1685512264336	-12.141	-4.379	0.101	0.949	-0.588	-3.662	-2.904	-4.535	2.327	126.974747	37.295761
1685512264357	1685512264347	-11.966	-4.334	0.050	0.764	-0.588	-3.883	-2.732	-4.073	2.258	126.974747	37.295761
1685512264366	1685512264358	-11.794	-4.252	0.057	0.645	-0.590	-4.068	-2.588	-3.687	2.191	126.974747	37.295761
1685512264376	1685512264366	-11.514	-4.137	-0.055	0.602	-0.572	-4.213	-2.435	-3.254	2.076	126.974747	37.295761
1685512264386	1685512264376	-11.483	-4.039	-0.141	0.644	-0.550	-4.319	-2.308	-2.734	2.014	126.974747	37.295761
1685512264397	1685512264386	-11.358	-3.953	-0.213	0.755	-0.519	-4.391	-2.083	-2.251	1.844	126.974747	37.295761
1685512264406	1685512264397	-11.085	-3.855	-0.275	0.910	-0.480	-4.425	-2.131	-1.733	1.690	126.974747	37.295761
1685512264419	1685512264406	-10.951	-3.859	-0.393	1.093	-0.454	-4.423	-2.109	-1.226	1.551	126.974747	37.295761
1685512264427	1685512264419	-10.664	-3.718	-0.481	1.290	-0.440	-4.377	-1.956	-0.704	1.420	126.974747	37.295761
1685512264436	1685512264428	-10.398	-3.417	-0.548	1.493	-0.429	-4.292	-1.963	-0.290	1.223	126.974747	37.295761
1685512264446	1685512264436	-10.082	-3.170	-0.704	1.690	-0.429	-4.178	-1.870	0.340	1.030	126.974747	37.295761
1685512264458	1685512264446	-9.869	-3.108	-0.790	1.863	-0.434	-4.037	-1.743	0.958	0.881	126.974747	37.295761
1685512264466	1685512264458	-9.689	-2.986	-0.840	1.988	-0.443	-3.874	-1.611	1.587	0.613	126.974747	37.295761
1685512264478	1685512264466	-9.459	-2.837	-0.857	2.046	-0.453	-3.699	-1.592	2.011	0.397	126.974747	37.295761
1685512264486	1685512264479	-9.347	-2.775	-0.816	2.061	-0.465	-3.510	-1.614	2.471	0.206	126.974747	37.295761
1685512264499	1685512264486	-9.285	-2.710	-0.783	2.053	-0.473	-3.297	-1.587	2.935	0.038	126.974747	37.295761
1685512264507	1685512264499	-9.256	-2.629	-0.749	2.022	-0.480	-3.067	-1.697	3.316	-0.093	126.974747	37.295761
1685512264520	1685512264508	-9.266	-2.569	-0.881	1.978	-0.479	-2.826	-1.817	3.615	-0.206	126.974747	37.295761
1685512264528	1685512264520	-9.237	-2.224	-1.140	1.914	-0.474	-2.578	-1.985	3.934	-0.340	126.974747	37.295761
1685512264538	1685512264529	-9.227	-2.097	-1.132	1.819	-0.480	-2.323	-2.181	4.204	-0.637	126.974747	37.295761
1685512264550	1685512264538	-9.369	-2.057	-1.082	1.688	-0.495	-2.065	-2.342	4.745	-1.075	126.974747	37.295761
1685512264557	1685512264550	-9.495	-2.131	-1.025	1.526	-0.524	-1.817	-2.464	4.999	-1.211	126.974747	37.295761
1685512264567	1685512264557	-9.598	-2.356	-0.974	1.339	-0.547	-1.585	-2.746	5.169	-1.324	126.974747	37.295761
1685512264578	1685512264567	-9.627	-2.480	-0.838	1.158	-0.567	-1.359	-2.966	5.174	-1.389	126.974747	37.295761
1685512264586	1685512264579	-9.644	-2.411	-0.836	1.010	-0.578	-1.125	-3.158	5.018	-1.463	126.974747	37.295761
1685512264598	1685512264587	-9.689	-2.200	-0.919	0.866	-0.580	-0.889	-3.256	4.946	-1.439	126.974747	37.295761
1685512264612	1685512264598	-9.670	-2.061	-1.015	0.688	-0.573	-0.663	-3.328	5.054	-1.537	126.974747	37.295761
1685512264618	1685512264612	-9.859	-2.011	-1.264	0.456	-0.546	-0.446	-3.412	5.286	-1.712	126.974747	37.295761
1685512264627	1685512264618	-10.281	-2.174	-1.453	0.181	-0.496	-0.242	-3.424	5.442	-1.901	126.974747	37.295761
1685512264638	1685512264627	-11.001	-2.488	-1.635	-0.106	-0.404	-0.055	-3.608	5.485	-2.191	126.974747	37.295761
1685512264646	1685512264639	-11.681	-2.722	-1.695	-0.374	-0.276	0.123	-4.025	5.310	-2.421	126.974747	37.295761
1685512264658	1685512264647	-11.842	-2.938	-1.796	-0.586	-0.130	0.326	-4.724	4.980	-2.607	126.974747	37.295761
1685512264666	1685512264658	-11.516	-3.012	-1.760	-0.750	-0.026	0.590	-5.385	4.731	-2.650	126.974747	37.295761
1685512264677	1685512264667	-10.848	-3.108	-1.448	-0.887	0.021	0.913	-5.526	4.501	-2.720	126.974747	37.295761
1685512264686	1685512264677	-10.204	-3.333	-0.891	-0.996	0.078	1.238	-5.148	4.391	-2.617	126.974747	37.295761
1685512264697	1685512264687	-9.974	-3.658	-0.218	-1.060	0.193	1.510	-4.424	4.254	-2.253	126.974747	37.295761
1685512264708	1685512264697	-10.020	-3.991	0.515	-1.060	0.365	1.702	-3.680	3.948	-1.609	126.974747	37.295761
1685512264720	1685512264708	-10.149	-4.125	0.843	-0.955	0.573	1.820	-3.349	3.541	-0.855	126.974747	37.295761
1685512264727	1685512264722	-10.448	-4.094	1.073	-0.721	0.772	1.895	-3.261	3.089	-0.012	126.974747	37.295761
1685512264737	1685512264728	-10.774	-4.008	0.804	-0.378	0.941	1.951	-3.259	2.835	0.419	126.974747	37.295761
1685512264747	1685512264738	-11.083	-3.773	0.570	0.024	1.081	1.998	-3.397	2.710	0.773	126.974747	37.295761
1685512264757	1685512264747	-11.624	-3.383	0.187	0.446	1.210	2.023	-3.630	2.701	0.570	126.974747	37.295761
1685512264767	1685512264758	-12.002	-3.065	-0.077	0.811	1.305	2.017	-3.790	2.777	0.419	126.974747	37.295761
1685512264779	1685512264767	-12.062	-3.326	-0.148	1.037	1.355	2.020	-4.211	3.033	0.091	126.974747	37.295761
1685512264788	1685512264779	-11.832	-3.464	-0.208	1.148	1.339	2.049	-4.448	3.184	-0.120	126.974747	37.295761
1685512264799	1685512264789	-11.451	-3.347	-0.204	1.197	1.247	2.083	-4.396	2.784	-0.158	126.974747	37.295761
1685512264808	1685512264799	-10.922	-3.062	-0.093	1.186	1.122	2.116	-4.020	2.456	-0.175	126.974747	37.295761
1685512264818	1685512264808	-10.546	-2.818	0.108	1.102	1.015	2.164	-3.541	2.442	-0.148	126.974747	37.295761
1685512264827	1685512264818	-10.151	-2.409	0.201	0.916	0.941	2.206	-2.880	2.543	-0.014	126.974747	37.295761
1685512264838	1685512264827	-9.627	-2.112	0.275	0.628	0.885	2.213	-2.397	2.629	0.204	126.974747	37.295761
1685512264847	1685512264838	-8.995	-2.047	0.381	0.272	0.822	2.204	-1.863	2.823	0.330	126.974747	37.295761
1685512264858	1685512264847	-8.387	-2.265	0.608	-0.126	0.759	2.204	-1.247	2.974	0.438	126.974747	37.295761
1685512264869	1685512264858	-7.968	-2.626	0.871	-0.547	0.735	2.191	-0.484	2.816	0.611	126.974747	37.295761
1685512264878	1685512264869	-7.889	-2.741	0.960	-0.932	0.755	2.145	0.213	2.428	0.903	126.974747	37.295761
1685512264888	1685512264878	-7.843	-2.883	1.068	-1.223	0.811	2.074	0.733	1.875	1.255	126.974747	37.295761
1685512264899	1685512264888	-7.908	-3.050	1.168	-1.395	0.866	2.013	0.903	1.568	1.451	126.974747	37.295761
1685512264910	1685512264900	-7.891	-3.213	1.221	-1.478	0.887	1.991	1.030	1.235	1.681	126.974747	37.295761
1685512264920	1685512264910	-7.946	-3.333	1.123	-1.516	0.866	1.993	1.041	0.879	1.915	126.974747	37.295761
1685512264929	1685512264920	-7.999	-3.457	1.166	-1.504	0.843	1.995	1.132	0.505	2.119	126.974747	37.295761
1685512264940	1685512264930	-8.066	-3.541	1.154	-1.440	0.825	1.999	1.135	0.211	2.140	126.974747	37.295761
1685512264950	1685512264941	-8.157	-3.606	1.063	-1.352	0.789	2.017	1.149	-0.129	2.325	126.974747	37.295761
1685512264961	1685512264951	-8.260	-3.589	1.053	-1.271	0.745	2.048	1.135	-0.390	2.373	126.974747	37.295761
1685512264970	1685512264961	-8.528	-3.713	1.154	-1.218	0.704	2.077	1.099	-0.649	2.354	126.974747	37.295761
1685512264982	1685512264971	-8.835	-3.773	1.168	-1.189	0.655	2.106	1.046	-0.826	2.406	126.974747	37.295761
1685512264990	1685512264982	-9.263	-3.821	1.197	-1.185	0.628	2.125	0.831	-1.166	2.576	126.974747	37.295761
1685512265001	1685512264990	-9.574	-3.797	1.053	-1.214	0.616	2.134	0.563	-1.396	2.629	126.974747	37.295761
1685512265024	1685512265001	-9.898	-3.922	1.082	-1.273	0.577	2.156	0.172	-1.633	2.696	126.974747	37.295761
1685512265025	1685512265025	-10.058	-4.113	1.156	-1.368	0.514	2.193	-0.101	-1.791	2.581	126.974747	37.295761
1685512265030	1685512265025	-10.434	-4.305	1.197	-1.487	0.458	2.237	-0.390	-2.090	2.622	126.974747	37.295761
1685512265039	1685512265030	-10.681	-4.415	1.015	-1.607	0.436	2.263	-0.520	-2.468	2.713	126.974747	37.295761
1685512265050	1685512265041	-10.676	-4.386	1.041	-1.712	0.411	2.277	-0.864	-2.945	2.832	126.974747	37.295761
1685512265061	1685512265051	-10.554	-4.566	0.996	-1.812	0.352	2.296	-1.094	-3.249	2.701	126.974747	37.295761
1685512265070	1685512265062	-10.367	-4.736	1.025	-1.927	0.275	2.319	-1.073	-3.469	2.784	126.974747	37.295761
1685512265080	1685512265070	-10.324	-5.054	1.053	-2.071	0.198	2.316	-0.939	-3.900	2.787	126.974747	37.295761
1685512265090	1685512265080	-10.484	-5.215	1.113	-2.209	0.171	2.263	-0.745	-4.329	2.854	126.974747	37.295761
1685512265099	1685512265090	-10.910	-5.454	1.271	-2.294	0.188	2.180	-0.697	-4.908	2.907	126.974747	37.295761
1685512265109	1685512265100	-11.097	-5.590	1.444	-2.326	0.200	2.099	-0.862	-5.353	2.986	126.974747	37.295761
1685512265120	1685512265109	-11.430	-5.806	1.551	-2.294	0.209	2.022	-1.295	-5.820	3.153	126.974747	37.295761
1685512265128	1685512265121	-11.715	-6.067	1.626	-2.189	0.217	1.946	-1.496	-6.203	3.335	126.974747	37.295761
1685512265139	1685512265133	-11.645	-6.256	1.609	-2.010	0.224	1.885	-1.848	-6.656	3.445	126.974747	37.295761
1685512265147	1685512265139	-11.468	-6.373	1.389	-1.781	0.206	1.835	-2.160	-7.168	3.519	126.974747	37.295761
1685512265158	1685512265147	-11.109	-6.280	1.032	-1.555	0.169	1.783	-2.114	-7.554	3.500	126.974747	37.295761
1685512265167	1685512265158	-10.721	-6.177	0.512	-1.370	0.111	1.719	-1.968	-7.898	3.273	126.974747	37.295761
1685512265177	1685512265167	-10.712	-5.990	0.242	-1.255	0.054	1.635	-1.638	-7.985	2.909	126.974747	37.295761
1685512265187	1685512265177	-11.068	-6.179	0.333	-1.232	0.028	1.506	-1.283	-8.068	2.375	126.974747	37.295761
1685512265198	1685512265187	-11.758	-6.630	0.613	-1.253	0.044	1.319	-1.307	-8.061	2.083	126.974747	37.295761
1685512265207	1685512265198	-12.172	-7.077	0.852	-1.261	0.103	1.090	-1.697	-8.413	2.150	126.974747	37.295761
1685512265218	1685512265207	-12.007	-7.451	1.080	-1.219	0.139	0.874	-2.418	-9.009	2.406	126.974747	37.295761
1685512265227	1685512265218	-11.566	-7.781	1.437	-1.123	0.095	0.722	-2.863	-9.594	2.622	126.974747	37.295761
1685512265237	1685512265227	-10.774	-7.997	1.863	-0.954	0.044	0.628	-2.720	-10.060	2.835	126.974747	37.295761
1685512265248	1685512265237	-9.962	-8.162	2.059	-0.670	0.045	0.552	-2.303	-10.487	3.168	126.974754	37.295757
1685512265259	1685512265248	-9.263	-8.049	2.085	-0.279	0.073	0.454	-1.528	-10.769	3.575	126.974754	37.295757
1685512265267	1685512265259	-8.847	-7.977	2.014	0.155	0.100	0.316	-0.730	-10.997	3.757	126.974754	37.295757
1685512265277	1685512265267	-8.732	-7.975	1.887	0.564	0.125	0.132	-0.045	-10.930	3.780	126.974754	37.295757
1685512265288	1685512265277	-9.143	-7.982	1.841	0.930	0.171	-0.120	0.357	-10.889	3.723	126.974754	37.295757
1685512265298	1685512265288	-9.950	-7.805	1.800	1.293	0.248	-0.434	0.467	-10.886	3.622	126.974754	37.295757
1685512265308	1685512265298	-11.023	-7.609	1.575	1.666	0.337	-0.776	0.055	-10.867	3.620	126.974754	37.295757
1685512265321	1685512265308	-11.897	-7.420	1.379	2.024	0.376	-1.104	-0.742	-10.628	3.639	126.974754	37.295757
1685512265328	1685512265321	-12.610	-7.106	1.142	2.335	0.347	-1.392	-1.800	-10.329	3.491	126.974754	37.295757
1685512265339	1685512265328	-13.101	-6.862	0.903	2.574	0.249	-1.635	-2.653	-9.996	3.383	126.974754	37.295757
1685512265348	1685512265339	-13.494	-6.321	0.697	2.737	0.104	-1.846	-3.333	-9.471	3.254	126.974754	37.295757
1685512265359	1685512265349	-13.709	-5.859	0.520	2.822	-0.053	-2.043	-3.800	-9.060	3.079	126.974754	37.295757
1685512265369	1685512265359	-13.764	-5.365	0.450	2.828	-0.208	-2.236	-4.156	-8.286	2.940	126.974754	37.295757
1685512265381	1685512265370	-13.633	-4.927	0.321	2.750	-0.369	-2.424	-4.331	-7.568	2.808	126.974754	37.295757
1685512265390	1685512265381	-13.194	-4.614	0.376	2.597	-0.528	-2.604	-4.348	-6.800	2.765	126.974754	37.295757
1685512265401	1685512265390	-12.708	-4.295	0.275	2.390	-0.689	-2.773	-4.175	-6.069	2.636	126.974754	37.295757
1685512265422	1685512265401	-12.287	-4.087	0.299	2.138	-0.825	-2.955	-3.697	-5.418	2.665	126.974754	37.295757
1685512265423	1685512265422	-12.024	-3.795	0.225	1.859	-0.927	-3.153	-3.179	-4.815	2.519	126.974754	37.295757
1685512265429	1685512265423	-11.724	-3.733	0.189	1.577	-0.992	-3.351	-2.729	-4.276	2.471	126.974754	37.295757
1685512265440	1685512265429	-11.667	-3.754	0.204	1.310	-1.027	-3.541	-2.444	-3.642	2.308	126.974754	37.295757
1685512265449	1685512265441	-11.593	-3.742	0.084	1.074	-1.042	-3.714	-2.136	-3.191	2.162	126.974754	37.295757
1685512265459	1685512265449	-11.442	-3.754	-0.038	0.874	-1.056	-3.868	-2.083	-2.885	2.081	126.974754	37.295757
1685512265470	1685512265460	-11.430	-3.828	-0.124	0.722	-1.070	-3.987	-2.033	-2.461	1.836	126.974754	37.295757
1685512265480	1685512265470	-11.281	-3.845	-0.254	0.637	-1.071	-4.062	-1.915	-2.126	1.614	126.974754	37.295757
1685512265490	1685512265480	-11.131	-3.824	-0.388	0.624	-1.065	-4.096	-1.961	-1.810	1.413	126.974754	37.295757
1685512265503	1685512265492	-10.982	-3.761	-0.464	0.672	-1.047	-4.094	-1.887	-1.434	1.168	126.974754	37.295757
1685512265512	1685512265503	-10.841	-3.757	-0.515	0.768	-1.025	-4.059	-1.827	-1.022	0.917	126.974754	37.295757
1685512265523	1685512265514	-10.683	-3.546	-0.658	0.896	-0.994	-3.990	-1.788	-0.572	0.723	126.974754	37.295757
1685512265532	1685512265523	-10.534	-3.405	-0.723	1.038	-0.965	-3.896	-1.786	-0.151	0.541	126.974754	37.295757
1685512265540	1685512265533	-10.300	-3.280	-0.812	1.184	-0.931	-3.778	-1.755	0.390	0.287	126.974754	37.295757
1685512265551	1685512265541	-10.163	-3.091	-0.759	1.317	-0.891	-3.636	-1.774	0.919	0.081	126.974754	37.295757
1685512265562	1685512265551	-9.934	-2.976	-0.826	1.426	-0.855	-3.471	-1.686	1.348	-0.124	126.974754	37.295757
1685512265572	1685512265563	-9.668	-2.842	-0.831	1.500	-0.837	-3.290	-1.717	1.856	-0.211	126.974754	37.295757
1685512265581	1685512265573	-9.483	-2.763	-0.895	1.538	-0.820	-3.095	-1.659	2.267	-0.424	126.974754	37.295757
1685512265592	1685512265581	-9.258	-2.693	-0.836	1.534	-0.795	-2.894	-1.587	2.703	-0.591	126.974754	37.295757
1685512265603	1685512265592	-9.139	-2.677	-0.862	1.491	-0.768	-2.690	-1.559	3.007	-0.795	126.974754	37.295757
1685512265626	1685512265603	-9.096	-2.679	-0.919	1.416	-0.746	-2.485	-1.504	3.304	-0.886	126.974754	37.295757
1685512265628	1685512265628	-8.993	-2.538	-1.006	1.315	-0.728	-2.279	-1.549	3.524	-1.063	126.974754	37.295757
1685512265631	1685512265628	-8.878	-2.459	-1.070	1.188	-0.709	-2.079	-1.664	3.706	-1.267	126.974754	37.295757
1685512265640	1685512265631	-8.904	-2.332	-1.080	1.038	-0.699	-1.883	-1.707	4.003	-1.489	126.974754	37.295757
1685512265650	1685512265640	-8.973	-2.315	-1.075	0.872	-0.688	-1.695	-1.745	4.238	-1.702	126.974754	37.295757
1685512265663	1685512265650	-9.196	-2.298	-1.068	0.704	-0.672	-1.517	-1.853	4.441	-1.796	126.974754	37.295757
1685512265671	1685512265664	-9.311	-2.456	-1.092	0.533	-0.641	-1.352	-2.009	4.537	-1.884	126.974754	37.295757
1685512265681	1685512265672	-9.371	-2.447	-1.135	0.364	-0.606	-1.196	-2.303	4.616	-1.954	126.974754	37.295757
1685512265690	1685512265681	-9.385	-2.473	-1.137	0.210	-0.586	-1.032	-2.476	4.506	-2.037	126.974754	37.295757
1685512265700	1685512265690	-9.203	-2.540	-1.156	0.071	-0.569	-0.861	-2.581	4.554	-2.126	126.974754	37.295757
1685512265710	1685512265701	-9.246	-2.629	-1.123	-0.060	-0.529	-0.695	-2.643	4.568	-2.172	126.974754	37.295757
1685512265721	1685512265711	-9.452	-2.703	-1.089	-0.180	-0.470	-0.540	-2.468	4.508	-2.203	126.974754	37.295757
1685512265731	1685512265721	-9.780	-2.696	-1.202	-0.283	-0.384	-0.397	-2.521	4.424	-2.176	126.974754	37.295757
1685512265742	1685512265731	-10.364	-2.744	-1.322	-0.360	-0.265	-0.255	-2.722	4.348	-2.136	126.974754	37.295757
1685512265751	1685512265742	-10.843	-2.701	-1.437	-0.425	-0.139	-0.105	-3.038	4.348	-2.231	126.974754	37.295757
1685512265762	1685512265752	-11.152	-2.847	-1.523	-0.484	-0.002	0.061	-3.601	4.281	-2.325	126.974754	37.295757
1685512265770	1685512265762	-11.341	-2.986	-1.590	-0.538	0.110	0.266	-4.058	4.310	-2.397	126.974754	37.295757
1685512265782	1685512265770	-11.114	-3.010	-1.377	-0.584	0.210	0.519	-4.345	4.147	-2.447	126.974754	37.295757
1685512265802	1685512265782	-10.479	-3.172	-0.917	-0.618	0.301	0.805	-4.508	3.989	-2.461	126.974754	37.295757
1685512265802	1685512265802	-9.890	-3.594	-0.249	-0.615	0.390	1.107	-4.247	3.938	-2.200	126.974754	37.295757
1685512265819	1685512265802	-9.448	-3.800	0.352	-0.555	0.496	1.393	-3.548	3.718	-1.669	126.974754	37.295757
1685512265819	1685512265819	-9.316	-3.958	0.833	-0.428	0.665	1.621	-2.887	3.232	-0.939	126.974754	37.295757
1685512265828	1685512265820	-9.459	-4.226	1.228	-0.219	0.875	1.784	-2.327	2.911	-0.251	126.974754	37.295757
1685512265838	1685512265828	-9.922	-4.305	1.398	0.067	1.101	1.888	-2.107	2.662	0.290	126.974754	37.295757
1685512265849	1685512265838	-10.475	-4.312	1.489	0.402	1.337	1.954	-2.105	2.241	0.778	126.974754	37.295757
1685512265860	1685512265849	-10.934	-4.175	1.422	0.753	1.542	1.991	-2.466	2.049	1.010	126.974754	37.295757
1685512265869	1685512265860	-11.210	-3.900	1.152	1.069	1.688	2.016	-2.880	1.879	1.183	126.974754	37.295757
1685512265880	1685512265869	-11.317	-3.498	0.778	1.319	1.762	2.054	-3.225	1.877	1.180	126.974754	37.295757
1685512265889	1685512265881	-11.092	-3.175	0.316	1.481	1.764	2.116	-3.354	1.961	0.991	126.974754	37.295757
1685512265900	1685512265891	-10.851	-2.885	-0.031	1.522	1.692	2.178	-3.352	2.215	0.675	126.974754	37.295757
1685512265908	1685512265901	-10.408	-2.667	-0.235	1.425	1.580	2.208	-3.007	2.368	0.271	126.974754	37.295757
1685512265920	1685512265910	-10.020	-2.634	-0.180	1.223	1.477	2.202	-2.646	2.480	-0.019	126.974754	37.295757
1685512265927	1685512265921	-9.574	-2.636	0.045	0.960	1.382	2.175	-2.085	2.516	-0.168	126.974754	37.295757
1685512265939	1685512265927	-8.993	-2.744	0.558	0.683	1.280	2.142	-1.587	2.365	-0.050	126.974754	37.295757
1685512265950	1685512265939	-8.440	-2.746	1.089	0.424	1.175	2.109	-1.018	2.143	0.256	126.974754	37.295757
1685512265960	1685512265950	-7.906	-2.751	1.563	0.189	1.071	2.072	-0.357	1.889	0.831	126.974754	37.295757
1685512265969	1685512265960	-7.523	-2.614	1.887	-0.040	0.990	2.020	0.285	1.705	1.446	126.974754	37.295757
1685512265981	1685512265970	-7.173	-2.662	2.052	-0.275	0.952	1.955	0.905	1.520	2.006	126.974754	37.295757
1685512265989	1685512265981	-7.106	-2.818	2.076	-0.508	0.952	1.885	1.369	1.477	2.418	126.974754	37.295757
1685512266000	1685512265990	-7.106	-3.012	2.059	-0.734	0.970	1.815	1.791	1.252	2.679	126.974754	37.295757
1685512266017	1685512266001	-7.257	-3.251	1.901	-0.929	1.004	1.748	1.930	0.907	2.820	126.974754	37.295757
1685512266020	1685512266017	-7.393	-3.251	1.844	-1.068	1.032	1.698	1.982	0.560	2.907	126.974754	37.295757
1685512266030	1685512266021	-7.628	-3.388	1.719	-1.150	1.043	1.671	1.884	0.153	2.873	126.974754	37.295757
1685512266041	1685512266031	-7.779	-3.589	1.671	-1.189	1.025	1.673	1.793	-0.012	2.945	126.974754	37.295757
1685512266049	1685512266042	-7.982	-3.625	1.712	-1.208	0.992	1.696	1.604	-0.333	2.966	126.974754	37.295757
1685512266060	1685512266050	-8.210	-3.824	1.748	-1.217	0.952	1.729	1.484	-0.687	3.036	126.974754	37.295757
1685512266069	1685512266060	-8.473	-3.905	1.750	-1.217	0.910	1.767	1.317	-0.915	3.215	126.974754	37.295757
1685512266080	1685512266071	-8.940	-4.032	1.753	-1.195	0.885	1.806	1.118	-1.276	3.359	126.974754	37.295757
1685512266091	1685512266080	-9.335	-4.190	1.800	-1.152	0.876	1.848	0.883	-1.544	3.476	126.974754	37.295757
1685512266100	1685512266091	-9.804	-4.137	1.899	-1.101	0.875	1.892	0.443	-1.846	3.563	126.974754	37.295757
1685512266110	1685512266101	-10.142	-4.259	1.889	-1.037	0.878	1.935	0.074	-2.179	3.677	126.974754	37.295757
1685512266120	1685512266111	-10.388	-4.384	1.968	-0.977	0.876	1.976	-0.369	-2.294	3.826	126.974754	37.295757
1685512266129	1685512266121	-10.446	-4.583	1.973	-0.924	0.860	2.013	-0.690	-2.638	3.926	126.974754	37.295757
1685512266139	1685512266130	-10.470	-4.712	2.011	-0.875	0.823	2.048	-0.927	-2.950	4.094	126.974754	37.295757
1685512266148	1685512266140	-10.453	-4.726	2.073	-0.826	0.798	2.062	-0.974	-3.381	4.202	126.974754	37.295757
1685512266160	1685512266148	-10.556	-4.975	2.205	-0.775	0.781	2.054	-0.996	-3.701	4.319	126.974754	37.295757
1685512266168	1685512266160	-10.731	-5.069	2.284	-0.713	0.781	2.016	-0.979	-3.931	4.465	126.974754	37.295757
1685512266178	1685512266169	-11.044	-5.128	2.334	-0.644	0.787	1.946	-1.087	-4.393	4.676	126.974754	37.295757
1685512266188	1685512266179	-11.305	-5.286	2.342	-0.578	0.786	1.856	-1.271	-4.717	4.839	126.974754	37.295757
1685512266198	1685512266188	-11.542	-5.382	2.406	-0.519	0.772	1.752	-1.599	-4.956	4.958	126.974754	37.295757
1685512266211	1685512266198	-11.746	-5.380	2.454	-0.462	0.756	1.637	-1.879	-5.306	5.040	126.974754	37.295757
1685512266220	1685512266211	-11.870	-5.476	2.576	-0.395	0.728	1.509	-2.140	-5.581	5.176	126.974754	37.295757
1685512266228	1685512266220	-11.856	-5.531	2.617	-0.318	0.691	1.373	-2.370	-5.746	5.294	126.974754	37.295757
1685512266238	1685512266228	-11.650	-5.519	2.710	-0.235	0.649	1.225	-2.521	-5.993	5.483	126.974754	37.295757
1685512266248	1685512266238	-11.521	-5.509	2.782	-0.154	0.586	1.064	-2.543	-6.213	5.600	126.974754	37.295757
1685512266258	1685512266248	-11.229	-5.490	2.674	-0.086	0.518	0.888	-2.358	-6.299	5.739	126.974754	37.295757
1685512266268	1685512266258	-10.932	-5.413	2.631	-0.034	0.445	0.704	-2.255	-6.393	5.863	126.974754	37.295757
1685512266279	1685512266268	-10.783	-5.404	2.629	-0.015	0.356	0.512	-1.987	-6.457	5.804	126.974754	37.295757
1685512266288	1685512266279	-10.910	-5.413	2.708	-0.012	0.279	0.310	-1.712	-6.448	5.801	126.974754	37.295757
1685512266301	1685512266288	-11.253	-5.356	2.775	0.000	0.246	0.093	-1.580	-6.486	5.832	126.974770	37.295757
1685512266308	1685512266301	-11.617	-5.382	2.880	0.042	0.236	-0.125	-1.721	-6.527	5.938	126.974770	37.295757
1685512266319	1685512266308	-11.839	-5.600	3.208	0.106	0.204	-0.321	-2.071	-6.476	6.026	126.974770	37.295757
1685512266328	1685512266319	-11.909	-5.641	3.414	0.194	0.151	-0.491	-2.442	-6.491	6.153	126.974770	37.295757
1685512266339	1685512266328	-11.899	-5.454	3.508	0.341	0.100	-0.643	-2.667	-6.675	6.500	126.974770	37.295757
1685512266348	1685512266339	-11.724	-5.234	3.481	0.541	0.032	-0.755	-2.737	-6.661	6.725	126.974770	37.295757
1685512266358	1685512266348	-11.468	-5.092	3.108	0.744	-0.086	-0.820	-2.725	-6.409	6.831	126.974770	37.295757
1685512266368	1685512266358	-11.396	-5.013	2.768	0.910	-0.228	-0.875	-2.543	-6.093	6.812	126.974770	37.295757
1685512266378	1685512266368	-11.507	-4.858	2.428	1.030	-0.357	-0.951	-2.279	-5.861	6.436	126.974770	37.295757
1685512266389	1685512266378	-11.796	-4.793	2.203	1.101	-0.479	-1.042	-2.193	-5.672	6.081	126.974770	37.295757
1685512266400	1685512266389	-12.309	-4.709	1.887	1.133	-0.589	-1.137	-2.286	-5.394	5.715	126.974770	37.295757
1685512266413	1685512266400	-12.797	-4.515	1.666	1.148	-0.693	-1.235	-2.555	-5.198	5.452	126.974770	37.295757
1685512266420	1685512266413	-13.209	-4.393	1.429	1.156	-0.808	-1.329	-3.045	-4.973	5.083	126.974770	37.295757
1685512266428	1685512266420	-13.575	-4.302	1.171	1.148	-0.932	-1.418	-3.508	-4.614	4.796	126.974770	37.295757
1685512266439	1685512266428	-13.807	-4.152	1.092	1.126	-1.047	-1.506	-3.895	-4.348	4.492	126.974770	37.295757
1685512266450	1685512266440	-13.829	-4.073	0.941	1.075	-1.168	-1.589	-4.233	-4.073	4.135	126.974770	37.295757
1685512266461	1685512266450	-13.546	-3.953	0.876	0.994	-1.301	-1.655	-4.444	-3.764	3.965	126.974770	37.295757
1685512266470	1685512266461	-12.847	-3.740	0.764	0.903	-1.451	-1.698	-4.439	-3.508	3.699	126.974770	37.295757
1685512266480	1685512266470	-11.981	-3.496	0.699	0.797	-1.625	-1.729	-4.132	-3.203	3.505	126.974770	37.295757
1685512266490	1685512266481	-10.997	-3.378	0.591	0.655	-1.809	-1.770	-3.407	-2.789	3.235	126.974770	37.295757
1685512266501	1685512266491	-10.209	-3.165	0.510	0.476	-1.960	-1.844	-2.521	-2.380	3.024	126.974770	37.295757
1685512266512	1685512266501	-9.632	-3.048	0.381	0.280	-2.037	-1.954	-1.518	-2.081	2.737	126.974770	37.295757
1685512266523	1685512266512	-9.196	-2.995	0.290	0.073	-2.071	-2.094	-0.716	-1.683	2.461	126.974770	37.295757
1685512266531	1685512266524	-8.720	-2.784	0.172	-0.132	-2.090	-2.257	-0.132	-1.374	2.136	126.974770	37.295757
1685512266543	1685512266531	-8.456	-2.854	-0.034	-0.318	-2.084	-2.437	0.299	-1.123	1.846	126.974770	37.295757
1685512266553	1685512266543	-8.179	-2.816	-0.160	-0.480	-2.061	-2.627	0.757	-0.656	1.494	126.974770	37.295757
1685512266562	1685512266554	-8.097	-2.780	-0.326	-0.618	-2.022	-2.814	0.998	-0.546	1.135	126.974770	37.295757
1685512266573	1685512266563	-8.128	-2.931	-0.373	-0.728	-1.958	-2.986	1.235	-0.263	0.826	126.974770	37.295757
1685512266583	1685512266573	-8.296	-2.897	-0.512	-0.795	-1.869	-3.135	1.259	0.029	0.488	126.974770	37.295757
1685512266594	1685512266583	-8.495	-2.947	-0.570	-0.810	-1.752	-3.255	1.154	0.151	0.278	126.974770	37.295757
1685512266606	1685512266594	-8.538	-2.904	-0.642	-0.784	-1.635	-3.335	0.895	0.469	-0.005	126.974770	37.295757
1685512266626	1685512266607	-8.399	-2.897	-0.555	-0.724	-1.538	-3.366	0.579	0.742	-0.208	126.974770	37.295757
1685512266626	1685512266626	-8.143	-2.942	-0.591	-0.635	-1.467	-3.337	0.441	1.022	-0.397	126.974770	37.295757
1685512266631	1685512266626	-7.834	-2.871	-0.570	-0.520	-1.398	-3.261	0.469	1.279	-0.421	126.974770	37.295757
1685512266644	1685512266631	-7.731	-2.873	-0.543	-0.384	-1.312	-3.147	0.613	1.465	-0.553	126.974770	37.295757
1685512266652	1685512266646	-7.774	-2.887	-0.431	-0.233	-1.210	-3.013	0.790	1.788	-0.627	126.974770	37.295757
1685512266662	1685512266653	-7.930	-2.789	-0.450	-0.086	-1.093	-2.859	0.783	1.982	-0.673	126.974770	37.295757
1685512266671	1685512266662	-8.104	-2.708	-0.498	0.050	-0.975	-2.685	0.594	2.212	-0.646	126.974770	37.295757
1685512266680	1685512266672	-8.102	-2.593	-0.520	0.169	-0.858	-2.495	0.318	2.500	-0.735	126.974770	37.295757
1685512266691	1685512266682	-7.942	-2.495	-0.570	0.248	-0.787	-2.272	0.010	2.782	-0.860	126.974770	37.295757
1685512266702	1685512266692	-7.652	-2.310	-0.666	0.268	-0.761	-2.020	-0.129	3.096	-0.960	126.974770	37.295757
1685512266712	1685512266704	-7.357	-2.054	-0.852	0.228	-0.738	-1.764	-0.105	3.373	-1.087	126.974770	37.295757
1685512266723	1685512266712	-7.099	-1.808	-0.986	0.150	-0.695	-1.523	0.060	3.713	-1.257	126.974770	37.295757
1685512266733	1685512266726	-7.008	-1.697	-1.051	0.033	-0.650	-1.295	0.230	4.116	-1.520	126.974770	37.295757
1685512266742	1685512266733	-7.061	-1.815	-0.958	-0.119	-0.588	-1.075	0.400	4.465	-1.712	126.974770	37.295757
1685512266753	1685512266744	-7.283	-1.827	-0.893	-0.292	-0.500	-0.876	0.395	4.681	-1.832	126.974770	37.295757
1685512266764	1685512266753	-7.379	-1.954	-0.838	-0.463	-0.389	-0.695	0.275	4.635	-1.769	126.974770	37.295757
1685512266773	1685512266765	-7.389	-2.002	-0.709	-0.607	-0.291	-0.497	-0.007	4.690	-1.724	126.974770	37.295757
1685512266783	1685512266774	-7.381	-2.255	-0.543	-0.712	-0.214	-0.257	-0.151	4.618	-1.666	126.974770	37.295757
1685512266805	1685512266783	-7.400	-2.334	-0.450	-0.776	-0.128	0.007	-0.199	4.616	-1.516	126.974770	37.295757
1685512266806	1685512266806	-7.604	-2.581	-0.383	-0.804	-0.021	0.270	-0.208	4.384	-1.322	126.974770	37.295757
1685512266818	1685512266806	-7.834	-2.696	-0.338	-0.797	0.114	0.518	-0.227	4.310	-1.185	126.974770	37.295757
1685512266822	1685512266818	-8.294	-2.799	-0.235	-0.751	0.255	0.767	-0.414	4.049	-1.068	126.974770	37.295757
1685512266830	1685512266825	-9.084	-2.895	-0.201	-0.679	0.395	1.026	-0.608	3.903	-0.960	126.974770	37.295757
1685512266839	1685512266834	-10.072	-3.019	-0.086	-0.595	0.550	1.286	-1.018	3.747	-0.790	126.974770	37.295757
1685512266849	1685512266840	-11.131	-3.172	-0.014	-0.507	0.731	1.536	-1.724	3.565	-0.668	126.974770	37.295757
1685512266858	1685512266849	-12.050	-3.469	0.036	-0.419	0.900	1.798	-2.646	3.366	-0.491	126.974770	37.295757
1685512266869	1685512266858	-12.517	-3.594	0.192	-0.334	1.043	2.094	-3.594	3.089	-0.323	126.974770	37.295757
1685512266881	1685512266869	-12.328	-3.926	0.481	-0.263	1.134	2.425	-4.413	2.670	-0.187	126.974770	37.295757
1685512266890	1685512266882	-11.818	-4.223	0.898	-0.205	1.130	2.771	-4.750	2.385	0.067	126.974770	37.295757
1685512266899	1685512266891	-11.626	-4.597	1.343	-0.145	1.090	3.078	-4.417	1.863	0.460	126.974770	37.295757
1685512266910	1685512266899	-11.928	-4.788	1.693	-0.062	1.119	3.272	-3.721	1.300	1.001	126.974770	37.295757
1685512266921	1685512266910	-12.785	-4.901	1.748	0.084	1.260	3.337	-3.395	0.723	1.523	126.974770	37.295757
1685512266930	1685512266922	-13.791	-4.635	1.535	0.296	1.455	3.328	-3.515	0.232	1.978	126.974770	37.295757
1685512266943	1685512266930	-14.703	-4.065	0.970	0.518	1.627	3.305	-4.228	-0.132	2.126	126.974770	37.295757
1685512266950	1685512266943	-15.265	-3.488	0.424	0.689	1.706	3.285	-5.059	-0.211	2.047	126.974770	37.295757
1685512266960	1685512266950	-15.328	-3.132	-0.117	0.744	1.659	3.255	-5.863	0.127	1.578	126.974770	37.295757
1685512266971	1685512266960	-14.873	-3.196	-0.383	0.665	1.502	3.180	-6.282	0.359	1.183	126.974770	37.295757
1685512266982	1685512266971	-14.032	-3.165	-0.488	0.483	1.263	3.052	-6.249	0.457	0.752	126.974770	37.295757
1685512266992	1685512266982	-12.883	-3.323	-0.268	0.230	0.992	2.886	-5.696	0.108	0.599	126.974770	37.295757
1685512267003	1685512266992	-11.732	-3.747	0.283	-0.059	0.729	2.707	-4.772	-0.134	0.594	126.974770	37.295757
1685512267021	1685512267003	-10.666	-3.979	0.795	-0.327	0.542	2.546	-3.551	-0.558	0.900	126.974770	37.295757
1685512267023	1685512267021	-9.596	-3.907	1.381	-0.544	0.432	2.390	-2.337	-1.238	1.523	126.974770	37.295757
1685512267031	1685512267023	-8.557	-3.809	1.755	-0.738	0.348	2.217	-1.211	-1.738	2.100	126.974770	37.295757
1685512267044	1685512267031	-7.635	-3.622	2.006	-0.870	0.321	2.044	-0.101	-1.877	2.734	126.974770	37.295757
1685512267050	1685512267044	-6.953	-3.570	2.100	-0.947	0.347	1.878	0.979	-2.021	3.158	126.974770	37.295757
1685512267062	1685512267051	-6.469	-3.613	2.014	-0.983	0.413	1.720	1.927	-2.023	3.450	126.974770	37.295757
1685512267071	1685512267062	-6.306	-3.735	1.887	-0.983	0.508	1.572	2.634	-2.162	3.591	126.974770	37.295757
1685512267082	1685512267071	-6.249	-3.886	1.812	-0.943	0.617	1.431	3.134	-2.387	3.558	126.974770	37.295757
1685512267091	1685512267082	-6.278	-3.888	1.592	-0.876	0.710	1.305	3.306	-2.691	3.498	126.974770	37.295757
1685512267100	1685512267091	-6.383	-3.907	1.456	-0.798	0.756	1.212	3.369	-2.981	3.486	126.974770	37.295757
1685512267110	1685512267100	-6.419	-3.847	1.544	-0.704	0.761	1.161	3.338	-3.122	3.340	126.974770	37.295757
1685512267123	1685512267110	-6.601	-3.857	1.415	-0.623	0.737	1.134	3.227	-3.273	3.282	126.974770	37.295757
1685512267132	1685512267123	-6.888	-3.745	1.465	-0.555	0.707	1.113	3.184	-3.338	3.448	126.974770	37.295757
1685512267140	1685512267132	-7.128	-3.654	1.247	-0.512	0.687	1.091	2.993	-3.469	3.393	126.974770	37.295757
1685512267149	1685512267140	-7.535	-3.575	0.984	-0.516	0.650	1.076	2.693	-3.498	3.527	126.974770	37.295757
1685512267159	1685512267149	-7.776	-3.646	0.912	-0.560	0.601	1.067	2.444	-3.498	3.361	126.974770	37.295757
1685512267169	1685512267159	-7.954	-3.919	0.948	-0.652	0.531	1.067	2.023	-3.534	3.160	126.974770	37.295757
1685512267180	1685512267169	-8.298	-3.912	1.061	-0.761	0.451	1.074	1.767	-3.721	3.146	126.974770	37.295757
1685512267189	1685512267181	-8.473	-4.027	1.403	-0.860	0.397	1.075	1.578	-4.108	3.232	126.974770	37.295757
1685512267199	1685512267189	-8.748	-4.130	1.575	-0.947	0.346	1.084	1.219	-4.221	3.385	126.974770	37.295757
1685512267212	1685512267199	-9.000	-3.991	1.453	-1.023	0.288	1.101	1.030	-4.472	3.766	126.974770	37.295757
1685512267220	1685512267212	-9.170	-4.068	1.255	-1.102	0.261	1.096	0.742	-4.688	3.962	126.974770	37.295757
1685512267229	1685512267220	-9.414	-4.348	1.037	-1.203	0.242	1.075	0.476	-4.678	3.862	126.974770	37.295757
1685512267240	1685512267229	-9.661	-4.468	0.905	-1.323	0.213	1.041	0.292	-4.884	3.680	126.974770	37.295757
1685512267249	1685512267240	-10.197	-4.503	0.864	-1.437	0.213	0.980	0.031	-5.308	3.476	126.974792	37.295757
1685512267260	1685512267249	-10.537	-4.719	0.869	-1.536	0.222	0.908	-0.227	-5.547	3.349	126.974792	37.295757
1685512267269	1685512267260	-10.740	-5.045	0.998	-1.635	0.199	0.844	-0.764	-5.660	3.273	126.974792	37.295757
1685512267279	1685512267269	-10.762	-5.562	1.226	-1.691	0.170	0.797	-1.118	-5.986	3.280	126.974792	37.295757
1685512267289	1685512267279	-10.568	-5.689	1.506	-1.671	0.155	0.766	-1.338	-6.428	3.407	126.974792	37.295757
1685512267300	1685512267290	-10.446	-5.974	1.508	-1.560	0.145	0.755	-1.374	-7.063	3.625	126.974792	37.295757
1685512267310	1685512267300	-10.341	-6.120	1.539	-1.362	0.150	0.756	-1.197	-7.300	3.895	126.974792	37.295757
1685512267321	1685512267310	-10.487	-6.249	1.398	-1.100	0.172	0.751	-1.092	-7.695	3.886	126.974792	37.295757
1685512267332	1685512267321	-11.068	-6.359	1.314	-0.799	0.227	0.715	-1.003	-7.954	3.905	126.974792	37.295757
1685512267341	1685512267332	-12.072	-6.385	1.381	-0.485	0.326	0.637	-1.166	-8.169	3.759	126.974792	37.295757
1685512267351	1685512267341	-12.895	-6.495	1.460	-0.175	0.435	0.533	-1.769	-8.373	3.682	126.974792	37.295757
1685512267362	1685512267351	-13.261	-6.795	1.674	0.115	0.479	0.424	-2.792	-8.464	3.766	126.974792	37.295757
1685512267372	1685512267362	-13.094	-6.972	2.069	0.418	0.458	0.335	-3.637	-8.626	3.883	126.974792	37.295757
1685512267383	1685512267372	-12.531	-6.989	2.239	0.772	0.393	0.290	-4.025	-8.964	4.142	126.974792	37.295757
1685512267392	1685512267383	-11.875	-6.809	2.176	1.156	0.253	0.269	-3.879	-9.163	4.594	126.974792	37.295757
1685512267407	1685512267393	-11.621	-6.668	1.930	1.502	0.094	0.214	-3.330	-9.187	4.812	126.974792	37.295757
1685512267423	1685512267407	-11.813	-6.536	1.781	1.757	-0.031	0.092	-2.686	-9.000	4.803	126.974792	37.295757
1685512267423	1685512267423	-12.503	-6.330	1.575	1.918	-0.103	-0.093	-2.440	-8.842	4.594	126.974792	37.295757
1685512267431	1685512267423	-13.431	-6.117	1.317	2.021	-0.156	-0.319	-2.634	-8.669	4.480	126.974792	37.295757
1685512267444	1685512267432	-14.159	-5.916	1.061	2.078	-0.232	-0.558	-3.318	-8.404	4.305	126.974792	37.295757
1685512267452	1685512267444	-14.777	-5.636	0.697	2.077	-0.363	-0.793	-4.233	-8.080	4.082	126.974792	37.295757
1685512267462	1685512267452	-15.083	-5.499	0.354	1.998	-0.550	-1.023	-4.949	-7.803	3.838	126.974792	37.295757
1685512267472	1685512267462	-15.112	-5.327	-0.029	1.834	-0.766	-1.247	-5.540	-7.379	3.479	126.974792	37.295757
1685512267483	1685512267472	-14.897	-5.131	-0.089	1.613	-0.986	-1.464	-5.818	-7.106	3.120	126.974792	37.295757
1685512267492	1685512267484	-14.681	-4.891	-0.225	1.371	-1.188	-1.664	-5.804	-6.752	2.689	126.974792	37.295757
1685512267502	1685512267493	-14.339	-4.707	-0.239	1.103	-1.372	-1.857	-5.545	-6.393	2.567	126.974792	37.295757
1685512267514	1685512267502	-13.879	-4.472	-0.158	0.852	-1.498	-2.060	-5.270	-5.923	2.315	126.974792	37.295757
1685512267525	1685512267514	-13.125	-4.168	-0.105	0.632	-1.582	-2.259	-4.882	-5.557	2.193	126.974792	37.295757
1685512267534	1685512267525	-12.356	-3.869	-0.129	0.428	-1.654	-2.454	-4.369	-5.107	2.138	126.974792	37.295757
1685512267544	1685512267536	-11.583	-3.689	-0.012	0.232	-1.690	-2.661	-3.570	-4.573	2.045	126.974792	37.295757
1685512267554	1685512267545	-10.934	-3.567	-0.012	0.048	-1.690	-2.889	-2.756	-4.005	1.846	126.974792	37.295757
1685512267565	1685512267554	-10.386	-3.479	0.000	-0.119	-1.662	-3.126	-1.951	-3.591	1.817	126.974792	37.295757
1685512267575	1685512267566	-9.993	-3.472	-0.002	-0.254	-1.600	-3.357	-1.279	-3.160	1.638	126.974792	37.295757
1685512267584	1685512267575	-9.804	-3.433	-0.249	-0.352	-1.519	-3.576	-0.723	-2.804	1.506	126.974792	37.295757
1685512267594	1685512267585	-9.735	-3.510	-0.359	-0.409	-1.426	-3.779	-0.335	-2.476	1.350	126.974792	37.295757
1685512267614	1685512267594	-9.701	-3.426	-0.534	-0.428	-1.323	-3.957	-0.168	-2.095	0.962	126.974792	37.295757
1685512267615	1685512267614	-9.546	-3.431	-0.606	-0.402	-1.229	-4.096	-0.139	-1.815	0.721	126.974792	37.295757
1685512267626	1685512267615	-9.459	-3.443	-0.781	-0.320	-1.145	-4.192	-0.168	-1.355	0.429	126.974792	37.295757
1685512267655	1685512267627	-9.294	-3.467	-0.912	-0.180	-1.068	-4.235	-0.101	-0.936	0.237	126.974792	37.295757
1685512267656	1685512267656	-9.081	-3.318	-0.982	0.010	-0.992	-4.236	-0.108	-0.596	-0.024	126.974792	37.295757
1685512267657	1685512267657	-8.928	-3.179	-1.008	0.236	-0.915	-4.200	-0.077	-0.189	-0.259	126.974792	37.295757
1685512267663	1685512267657	-8.806	-3.100	-0.994	0.483	-0.834	-4.126	0.007	0.306	-0.409	126.974792	37.295757
1685512267672	1685512267663	-8.607	-2.935	-0.996	0.728	-0.759	-4.011	0.005	0.826	-0.527	126.974792	37.295757
1685512267684	1685512267673	-8.384	-2.794	-0.905	0.954	-0.690	-3.861	-0.038	1.271	-0.608	126.974792	37.295757
1685512267692	1685512267684	-8.243	-2.626	-0.869	1.150	-0.628	-3.675	-0.038	1.820	-0.718	126.974792	37.295757
1685512267704	1685512267693	-8.076	-2.595	-0.754	1.308	-0.583	-3.453	0.024	2.239	-0.716	126.974792	37.295757
1685512267713	1685512267704	-7.855	-2.401	-0.632	1.423	-0.547	-3.203	0.000	2.679	-0.783	126.974792	37.295757
1685512267726	1685512267713	-7.743	-2.413	-0.505	1.487	-0.513	-2.935	0.012	2.945	-0.769	126.974792	37.295757
1685512267733	1685512267726	-7.556	-2.392	-0.500	1.489	-0.491	-2.662	0.093	3.333	-0.747	126.974792	37.295757
1685512267743	1685512267733	-7.465	-2.327	-0.414	1.449	-0.465	-2.397	0.077	3.493	-0.725	126.974792	37.295757
1685512267752	1685512267744	-7.460	-2.085	-0.388	1.371	-0.435	-2.136	0.101	3.718	-0.860	126.974792	37.295757
1685512267764	1685512267753	-7.606	-1.961	-0.462	1.262	-0.413	-1.872	0.096	3.895	-0.862	126.974792	37.295757
1685512267773	1685512267764	-7.681	-1.867	-0.373	1.139	-0.382	-1.614	-0.036	4.290	-0.953	126.974792	37.295757
1685512267785	1685512267773	-7.755	-1.709	-0.455	1.001	-0.348	-1.367	-0.304	4.547	-1.140	126.974792	37.295757
1685512267793	1685512267785	-7.853	-1.705	-0.601	0.831	-0.356	-1.134	-0.486	4.748	-1.154	126.974792	37.295757
1685512267802	1685512267793	-7.695	-1.575	-0.814	0.629	-0.375	-0.916	-0.656	4.997	-1.326	126.974792	37.295757
1685512267826	1685512267803	-7.602	-1.405	-0.984	0.411	-0.395	-0.710	-0.840	5.080	-1.561	126.974792	37.295757
1685512267826	1685512267826	-7.547	-1.434	-1.101	0.182	-0.421	-0.506	-0.742	5.262	-1.836	126.974792	37.295757
1685512267833	1685512267827	-7.499	-1.532	-1.051	-0.065	-0.437	-0.298	-0.702	5.476	-2.064	126.974792	37.295757
1685512267847	1685512267833	-7.693	-1.793	-0.893	-0.315	-0.423	-0.094	-0.687	5.480	-2.222	126.974792	37.295757
1685512267853	1685512267847	-7.865	-2.025	-0.888	-0.544	-0.367	0.106	-0.668	5.406	-2.200	126.974792	37.295757
1685512267862	1685512267854	-8.114	-2.176	-0.733	-0.724	-0.290	0.318	-0.871	5.152	-2.047	126.974792	37.295757
1685512267873	1685512267864	-8.384	-2.346	-0.716	-0.850	-0.220	0.562	-1.039	4.920	-2.028	126.974792	37.295757
1685512267884	1685512267874	-8.923	-2.495	-0.752	-0.929	-0.134	0.841	-1.271	4.757	-1.846	126.974792	37.295757
1685512267892	1685512267884	-9.560	-2.631	-0.881	-0.976	-0.010	1.129	-1.506	4.559	-1.786	126.974792	37.295757
1685512267904	1685512267892	-10.015	-2.746	-1.020	-1.007	0.137	1.418	-1.990	4.360	-1.767	126.974792	37.295757
1685512267911	1685512267905	-10.314	-2.892	-1.097	-1.036	0.260	1.735	-2.550	4.154	-1.829	126.974792	37.295757
1685512267922	1685512267912	-10.611	-3.239	-1.034	-1.074	0.354	2.088	-2.907	3.948	-1.891	126.974792	37.295757
1685512267931	1685512267923	-10.795	-3.486	-0.836	-1.114	0.447	2.452	-3.077	3.675	-1.872	126.974792	37.295757
1685512267942	1685512267932	-10.862	-3.926	-0.510	-1.146	0.574	2.786	-3.249	3.199	-1.724	126.974792	37.295757
1685512267952	1685512267943	-10.724	-4.221	-0.069	-1.151	0.698	3.087	-3.261	2.758	-1.410	126.974792	37.295757
1685512267963	1685512267952	-10.750	-4.587	0.503	-1.117	0.800	3.363	-3.170	2.131	-0.982	126.974792	37.295757
1685512267971	1685512267963	-11.066	-4.815	1.034	-1.020	0.924	3.576	-2.844	1.602	-0.419	126.974792	37.295757
1685512267982	1685512267972	-11.653	-5.176	1.539	-0.843	1.106	3.703	-2.677	0.970	0.280	126.974792	37.295757
1685512267991	1685512267983	-12.589	-5.545	1.877	-0.571	1.328	3.756	-2.780	0.421	0.955	126.974792	37.295757
1685512268002	1685512267991	-13.736	-5.784	1.839	-0.189	1.580	3.758	-3.196	-0.215	1.583	126.974792	37.295757
1685512268014	1685512268005	-14.921	-5.497	1.611	0.283	1.842	3.736	-3.955	-0.907	2.061	126.974792	37.295757
1685512268022	1685512268014	-15.574	-5.145	1.216	0.795	2.071	3.718	-4.937	-1.475	2.169	126.974792	37.295757
1685512268030	1685512268023	-15.701	-4.786	0.678	1.253	2.181	3.724	-5.976	-1.518	2.093	126.974792	37.295757
1685512268040	1685512268030	-15.306	-4.597	0.182	1.583	2.171	3.746	-6.498	-1.496	1.853	126.974792	37.295757
1685512268050	1685512268041	-14.487	-4.515	0.010	1.778	2.087	3.747	-6.491	-1.535	1.504	126.974792	37.295757
1685512268060	1685512268051	-13.194	-4.429	0.012	1.874	1.946	3.693	-6.017	-1.611	1.128	126.974792	37.295757
1685512268070	1685512268061	-11.803	-4.233	0.338	1.917	1.758	3.582	-5.114	-1.860	1.099	126.974792	37.295757
1685512268081	1685512268070	-10.544	-4.156	0.931	1.906	1.566	3.437	-3.752	-2.102	1.240	126.974792	37.295757
1685512268090	1685512268082	-9.431	-3.950	1.686	1.850	1.412	3.264	-2.306	-2.219	1.690	126.974792	37.295757
1685512268100	1685512268091	-8.650	-3.541	2.035	1.778	1.304	3.062	-1.003	-2.442	2.397	126.974792	37.295757
1685512268110	1685512268101	-8.066	-2.806	2.349	1.707	1.244	2.812	0.144	-2.579	3.280	126.974792	37.295757
1685512268121	1685512268111	-7.659	-2.255	2.392	1.556	1.194	2.511	0.939	-2.380	3.711	126.974792	37.295757
1685512268130	1685512268122	-7.458	-1.748	2.272	1.266	1.146	2.178	1.530	-1.908	4.137	126.974792	37.295757
1685512268142	1685512268131	-7.348	-1.537	2.097	0.855	1.104	1.828	1.937	-1.549	4.271	126.974792	37.295757
1685512268150	1685512268142	-7.216	-1.587	1.913	0.321	1.020	1.487	2.126	-1.262	4.276	126.974792	37.295757
1685512268161	1685512268151	-7.137	-1.937	1.822	-0.252	0.885	1.199	2.224	-1.178	4.183	126.974792	37.295757
1685512268171	1685512268161	-7.199	-2.265	1.666	-0.793	0.744	0.963	2.334	-1.391	4.113	126.974792	37.295757
1685512268181	1685512268171	-7.645	-2.308	1.654	-1.252	0.637	0.766	2.397	-1.848	4.099	126.974792	37.295757
1685512268190	1685512268181	-8.023	-2.562	1.504	-1.632	0.569	0.616	2.318	-2.286	4.015	126.974792	37.295757
1685512268202	1685512268191	-8.313	-2.911	1.377	-1.999	0.465	0.522	1.858	-2.433	4.063	126.974792	37.295757
1685512268213	1685512268202	-8.423	-3.048	1.209	-2.314	0.329	0.467	1.463	-2.784	3.962	126.974792	37.295757
1685512268222	1685512268213	-8.471	-3.393	1.144	-2.589	0.180	0.432	1.168	-3.213	3.850	126.974792	37.295753
1685512268232	1685512268222	-8.511	-3.888	1.092	-2.820	0.018	0.429	1.053	-3.440	3.682	126.974792	37.295753
1685512268241	1685512268232	-8.626	-4.168	1.046	-2.974	-0.122	0.463	1.008	-3.859	3.598	126.974792	37.295753
1685512268250	1685512268241	-8.727	-4.642	1.109	-3.035	-0.209	0.523	0.972	-4.451	3.505	126.974792	37.295753
1685512268262	1685512268251	-8.837	-4.994	1.092	-3.038	-0.281	0.604	0.857	-4.834	3.433	126.974792	37.295753
1685512268271	1685512268262	-9.045	-5.164	1.125	-2.976	-0.334	0.691	0.759	-5.430	3.455	126.974792	37.295753
1685512268281	1685512268271	-9.182	-5.152	1.034	-2.853	-0.351	0.760	0.649	-5.911	3.385	126.974792	37.295753
1685512268291	1685512268281	-9.285	-5.064	0.924	-2.704	-0.358	0.810	0.441	-6.227	3.352	126.974792	37.295753
1685512268302	1685512268291	-9.227	-5.145	0.848	-2.561	-0.378	0.855	0.304	-6.335	3.201	126.974792	37.295753
1685512268312	1685512268302	-9.392	-5.052	0.836	-2.434	-0.396	0.887	0.199	-6.383	3.024	126.974792	37.295753
1685512268325	1685512268312	-9.620	-5.217	0.838	-2.313	-0.373	0.886	0.251	-6.598	2.875	126.974792	37.295753
1685512268332	1685512268325	-10.063	-5.404	0.960	-2.189	-0.314	0.844	0.081	-6.637	2.789	126.974792	37.295753
1685512268343	1685512268333	-10.460	-5.612	1.075	-2.042	-0.224	0.779	-0.141	-6.898	2.703	126.974792	37.295753
1685512268352	1685512268343	-10.853	-5.519	1.257	-1.850	-0.112	0.710	-0.591	-7.207	2.734	126.974792	37.295753
1685512268362	1685512268352	-11.028	-5.535	1.329	-1.611	0.005	0.639	-0.994	-7.496	2.801	126.974792	37.295753
1685512268371	1685512268362	-10.862	-5.423	1.317	-1.354	0.087	0.580	-1.398	-7.501	2.935	126.974792	37.295753
1685512268382	1685512268372	-10.465	-5.397	1.243	-1.103	0.116	0.539	-1.587	-7.604	2.976	126.974792	37.295753
1685512268391	1685512268383	-9.934	-5.303	1.168	-0.877	0.120	0.501	-1.437	-7.568	2.942	126.974792	37.295753
1685512268401	1685512268391	-9.570	-5.279	1.075	-0.684	0.128	0.448	-1.051	-7.611	2.856	126.974792	37.295753
1685512268414	1685512268401	-9.534	-5.116	0.915	-0.527	0.161	0.365	-0.534	-7.585	2.772	126.974792	37.295753
1685512268422	1685512268414	-9.850	-5.052	0.781	-0.407	0.226	0.249	-0.182	-7.609	2.677	126.974792	37.295753
1685512268431	1685512268422	-10.434	-5.138	0.773	-0.323	0.308	0.111	-0.156	-7.489	2.519	126.974792	37.295753
1685512268442	1685512268431	-10.827	-5.291	0.881	-0.255	0.392	-0.038	-0.481	-7.453	2.397	126.974792	37.295753
1685512268452	1685512268442	-11.018	-5.389	1.046	-0.178	0.436	-0.159	-1.075	-7.558	2.411	126.974792	37.295753
1685512268462	1685512268452	-10.901	-5.559	1.274	-0.078	0.411	-0.228	-1.472	-7.712	2.547	126.974792	37.295753
1685512268472	1685512268462	-10.645	-5.698	1.420	0.051	0.354	-0.259	-1.669	-7.796	2.753	126.974792	37.295753
1685512268483	1685512268473	-10.252	-5.777	1.604	0.221	0.314	-0.265	-1.551	-7.949	3.012	126.974792	37.295753
1685512268493	1685512268483	-9.826	-5.832	1.573	0.434	0.275	-0.257	-1.295	-8.061	3.194	126.974792	37.295753
1685512268505	1685512268493	-9.627	-5.945	1.451	0.668	0.224	-0.248	-0.903	-8.112	3.412	126.974792	37.295753
1685512268514	1685512268505	-9.852	-5.954	1.183	0.910	0.184	-0.258	-0.476	-8.135	3.417	126.974792	37.295753
1685512268526	1685512268514	-10.439	-5.976	1.073	1.151	0.184	-0.305	-0.275	-8.212	3.330	126.974792	37.295753
1685512268534	1685512268526	-11.193	-5.976	0.922	1.388	0.206	-0.392	-0.498	-8.176	3.103	126.974792	37.295753
1685512268545	1685512268534	-12.098	-5.957	0.632	1.618	0.224	-0.497	-1.082	-8.152	3.031	126.974792	37.295753
1685512268554	1685512268546	-12.749	-5.921	0.565	1.840	0.197	-0.599	-1.832	-8.083	2.935	126.974792	37.295753
1685512268564	1685512268555	-13.288	-5.868	0.232	2.045	0.125	-0.689	-2.732	-7.992	2.693	126.974792	37.295753
1685512268573	1685512268565	-13.649	-5.801	0.014	2.220	0.013	-0.779	-3.376	-7.860	2.682	126.974792	37.295753
1685512268583	1685512268573	-13.973	-5.686	-0.156	2.354	-0.108	-0.882	-3.905	-7.700	2.399	126.974792	37.295753
1685512268594	1685512268586	-13.932	-5.497	-0.213	2.436	-0.241	-0.997	-4.252	-7.499	2.227	126.974792	37.295753
1685512268603	1685512268594	-13.554	-5.236	-0.266	2.462	-0.392	-1.123	-4.559	-7.262	2.081	126.974792	37.295753
1685512268613	1685512268604	-12.967	-4.968	-0.405	2.437	-0.563	-1.261	-4.499	-6.924	2.037	126.974792	37.295753
1685512268628	1685512268624	-12.361	-4.496	-0.342	2.363	-0.739	-1.412	-4.096	-6.500	1.980	126.974792	37.295753
1685512268635	1685512268628	-11.763	-3.907	-0.230	2.239	-0.889	-1.593	-3.481	-6.060	1.817	126.974792	37.295753
1685512268643	1685512268636	-11.265	-3.620	-0.103	2.070	-0.991	-1.809	-2.844	-5.401	1.834	126.974792	37.295753
1685512268652	1685512268643	-10.882	-3.302	0.005	1.867	-1.049	-2.061	-2.210	-4.573	1.865	126.974792	37.295753
1685512268662	1685512268653	-10.585	-3.053	0.081	1.633	-1.080	-2.338	-1.686	-4.111	1.925	126.974792	37.295753
1685512268671	1685512268662	-10.290	-2.964	0.093	1.376	-1.096	-2.628	-1.274	-3.558	1.939	126.974792	37.295753
1685512268685	1685512268672	-10.151	-3.036	0.069	1.111	-1.095	-2.913	-0.953	-3.053	1.915	126.974792	37.295753
1685512268693	1685512268686	-10.127	-2.998	-0.062	0.853	-1.084	-3.179	-0.644	-2.686	1.820	126.974792	37.295753
1685512268703	1685512268694	-10.036	-3.098	-0.196	0.618	-1.071	-3.421	-0.498	-2.459	1.686	126.974792	37.295753
1685512268713	1685512268704	-10.070	-3.120	-0.354	0.421	-1.064	-3.627	-0.481	-2.069	1.432	126.974792	37.295753
1685512268724	1685512268713	-9.991	-3.191	-0.517	0.275	-1.057	-3.795	-0.412	-1.865	1.197	126.974792	37.295753
1685512268734	1685512268725	-9.869	-3.134	-0.611	0.188	-1.043	-3.917	-0.481	-1.532	0.931	126.974792	37.295753
1685512268746	1685512268734	-9.790	-3.194	-0.761	0.164	-1.015	-3.998	-0.457	-1.238	0.663	126.974792	37.295753
1685512268755	1685512268746	-9.697	-3.158	-0.783	0.193	-0.971	-4.032	-0.414	-0.769	0.455	126.974792	37.295753
1685512268765	1685512268756	-9.565	-3.177	-0.771	0.269	-0.916	-4.029	-0.417	-0.488	0.215	126.974792	37.295753
1685512268775	1685512268766	-9.538	-3.165	-0.718	0.376	-0.856	-3.989	-0.455	0.000	0.079	126.974792	37.295753
1685512268784	1685512268776	-9.443	-3.129	-0.697	0.507	-0.795	-3.910	-0.424	0.278	0.017	126.974792	37.295753
1685512268796	1685512268784	-9.280	-2.964	-0.589	0.645	-0.742	-3.787	-0.551	0.690	-0.029	126.974792	37.295753
1685512268815	1685512268796	-9.084	-2.887	-0.481	0.775	-0.696	-3.625	-0.591	1.041	-0.091	126.974792	37.295753
1685512268815	1685512268815	-8.859	-2.744	-0.460	0.882	-0.657	-3.433	-0.606	1.578	-0.086	126.974792	37.295753
1685512268836	1685512268815	-8.703	-2.607	-0.405	0.960	-0.622	-3.219	-0.555	1.932	-0.065	126.974792	37.295753
1685512268837	1685512268836	-8.519	-2.562	-0.453	0.998	-0.591	-2.985	-0.524	2.409	-0.160	126.974792	37.295753
1685512268844	1685512268837	-8.262	-2.387	-0.500	0.997	-0.564	-2.739	-0.484	2.732	-0.182	126.974792	37.295753
1685512268853	1685512268847	-8.030	-2.277	-0.553	0.949	-0.539	-2.487	-0.467	3.031	-0.347	126.974792	37.295753
1685512268865	1685512268853	-7.910	-2.215	-0.419	0.861	-0.524	-2.235	-0.299	3.330	-0.467	126.974792	37.295753
