1685512303938	1685512303938	-10.992	-3.850	1.688	1.283	-3.236	-1.818	-1.470	-3.086	0.347	126.975243	37.295883
1685512303938	1685512303938	-10.657	-3.905	1.439	1.534	-3.318	-1.802	-1.827	-2.105	-0.165	126.975243	37.295883
1685512303945	1685512303938	-10.364	-3.764	1.372	1.679	-3.354	-1.806	-1.884	-1.338	-0.929	126.975243	37.295883
1685512303957	1685512303946	-10.238	-3.591	1.257	1.714	-3.343	-1.868	-1.688	-1.274	-1.518	126.975243	37.295883
1685512303966	1685512303958	-9.946	-3.519	1.132	1.662	-3.313	-1.941	-1.549	-1.022	-1.927	126.975243	37.295883
1685512303977	1685512303967	-9.572	-3.706	1.030	1.592	-3.256	-1.965	-1.590	-0.747	-2.382	126.975243	37.295883
1685512303984	1685512303977	-9.105	-3.309	0.850	1.548	-3.179	-1.934	-1.499	-0.563	-2.873	126.975243	37.295883
1685512303994	1685512303985	-8.672	-2.959	0.757	1.574	-3.085	-1.866	-1.300	-0.661	-3.263	126.975243	37.295883
1685512304005	1685512303995	-8.229	-2.995	0.761	1.580	-2.994	-1.768	-1.056	-0.165	-3.780	126.975243	37.295883
1685512304018	1685512304006	-8.107	-2.988	0.587	1.549	-2.864	-1.668	-0.807	0.247	-4.140	126.975243	37.295883
1685512304024	1685512304018	-7.944	-2.811	0.723	1.577	-2.674	-1.593	-0.572	0.268	-4.420	126.975243	37.295883
1685512304037	1685512304024	-8.006	-3.007	0.814	1.635	-2.468	-1.521	-0.658	0.321	-4.860	126.975243	37.295883
1685512304045	1685512304038	-8.092	-2.770	0.656	1.682	-2.261	-1.429	-0.718	0.529	-4.999	126.975243	37.295883
1685512304056	1685512304045	-7.951	-2.514	0.591	1.804	-2.015	-1.327	-0.955	0.345	-5.116	126.975243	37.295883
1685512304065	1685512304056	-7.721	-2.720	0.771	1.899	-1.801	-1.189	-1.226	0.579	-5.488	126.975243	37.295883
1685512304079	1685512304065	-7.776	-2.593	0.927	1.896	-1.608	-1.047	-1.255	0.814	-5.748	126.975243	37.295883
1685512304087	1685512304079	-8.200	-2.368	0.967	1.829	-1.373	-0.947	-1.135	0.570	-5.703	126.975243	37.295883
1685512304095	1685512304087	-8.528	-2.358	0.955	1.695	-1.131	-0.872	-1.298	0.646	-5.679	126.975243	37.295883
1685512304104	1685512304095	-9.002	-2.389	1.293	1.522	-0.882	-0.800	-1.844	0.802	-5.789	126.975243	37.295883
1685512304116	1685512304104	-9.522	-2.593	1.513	1.335	-0.589	-0.726	-2.234	0.766	-5.880	126.975243	37.295883
1685512304124	1685512304116	-9.878	-2.356	1.800	1.166	-0.275	-0.645	-2.770	0.685	-5.624	126.975243	37.295883
1685512304136	1685512304124	-9.797	-1.721	1.923	1.095	0.048	-0.546	-3.328	0.436	-5.456	126.975243	37.295883
1685512304144	1685512304136	-9.278	-1.647	1.879	0.998	0.313	-0.417	-3.689	0.632	-5.191	126.975243	37.295883
1685512304154	1685512304144	-8.777	-1.513	1.731	0.828	0.529	-0.290	-3.620	1.228	-5.095	126.975243	37.295883
1685512304164	1685512304155	-8.473	-1.046	1.678	0.637	0.742	-0.197	-3.089	1.250	-5.150	126.975243	37.295883
1685512304176	1685512304164	-8.064	-1.051	1.918	0.400	0.908	-0.134	-2.564	1.350	-5.291	126.975243	37.295883
1685512304184	1685512304176	-8.080	-1.001	2.217	0.160	1.043	-0.086	-2.210	1.781	-5.313	126.975243	37.295883
1685512304196	1685512304184	-8.279	-1.092	2.670	0.021	1.164	-0.055	-1.702	1.760	-4.992	126.975243	37.295883
1685512304204	1685512304196	-8.686	-1.724	2.626	-0.045	1.268	-0.050	-1.599	1.800	-4.585	126.975243	37.295883
1685512304217	1685512304204	-9.100	-1.341	2.274	0.020	1.387	-0.045	-1.702	1.709	-4.039	126.975243	37.295883
1685512304224	1685512304217	-9.170	-1.269	2.011	0.279	1.510	-0.007	-1.994	1.080	-3.965	126.975243	37.295883
1685512304235	1685512304224	-9.634	-0.797	1.999	0.481	1.575	0.078	-2.301	1.460	-4.209	126.975243	37.295883
1685512304244	1685512304235	-10.142	0.084	1.827	0.601	1.680	0.155	-2.243	1.508	-4.345	126.975243	37.295883
1685512304256	1685512304245	-10.341	0.283	1.877	0.604	1.791	0.199	-2.571	1.937	-4.226	126.975243	37.295883
1685512304264	1685512304256	-10.554	-0.163	1.997	0.454	1.905	0.235	-2.933	2.758	-4.254	126.975243	37.295883
1685512304276	1685512304265	-10.673	-0.500	1.903	0.233	2.062	0.271	-2.971	2.890	-4.039	126.975243	37.295883
1685512304289	1685512304276	-10.673	-0.706	1.549	-0.004	2.239	0.283	-3.055	2.397	-3.776	126.975258	37.295887
1685512304295	1685512304289	-10.293	-0.522	1.391	-0.220	2.379	0.332	-3.062	2.028	-3.735	126.975258	37.295887
1685512304305	1685512304295	-10.077	-0.630	1.120	-0.420	2.484	0.436	-2.919	1.798	-3.898	126.975258	37.295887
1685512304318	1685512304305	-9.905	-0.493	1.243	-0.556	2.560	0.568	-2.413	1.970	-3.883	126.975258	37.295887
1685512304325	1685512304318	-9.665	-0.900	1.475	-0.585	2.617	0.654	-2.040	1.834	-3.922	126.975258	37.295887
1685512304335	1685512304325	-9.641	-1.003	1.973	-0.577	2.650	0.694	-1.707	1.939	-3.553	126.975258	37.295887
1685512304345	1685512304335	-9.510	-0.539	2.456	-0.505	2.700	0.693	-1.298	1.487	-3.041	126.975258	37.295887
1685512304355	1685512304345	-9.280	-0.225	2.978	-0.425	2.746	0.671	-1.132	1.336	-2.298	126.975258	37.295887
1685512304365	1685512304355	-9.199	-0.093	3.282	-0.346	2.793	0.665	-0.852	1.741	-1.542	126.975258	37.295887
1685512304377	1685512304365	-9.158	-0.024	3.438	-0.279	2.843	0.651	-0.481	1.987	-0.737	126.975258	37.295887
1685512304385	1685512304377	-9.170	0.160	3.484	-0.227	2.903	0.607	-0.266	2.040	-0.146	126.975258	37.295887
1685512304397	1685512304385	-9.153	-0.086	3.551	-0.205	2.943	0.557	-0.098	2.018	0.294	126.975258	37.295887
1685512304406	1685512304397	-9.199	-0.060	3.469	-0.226	2.966	0.513	0.007	2.143	0.663	126.975258	37.295887
1685512304418	1685512304406	-9.242	0.369	3.479	-0.224	2.970	0.496	0.096	1.860	0.950	126.975258	37.295887
1685512304425	1685512304418	-9.443	0.548	3.919	-0.217	2.941	0.513	0.134	1.844	1.149	126.975258	37.295887
1685512304436	1685512304425	-10.001	1.966	5.835	-0.264	2.875	0.547	0.165	2.231	1.441	126.975258	37.295887
1685512304445	1685512304436	-10.264	2.239	5.976	-0.545	2.639	0.524	0.031	2.320	2.128	126.975258	37.295887
1685512304455	1685512304445	-10.568	0.567	5.770	-1.181	2.343	0.465	-0.467	3.651	4.283	126.975258	37.295887
1685512304465	1685512304456	-10.005	0.194	4.767	-1.438	2.238	0.735	-0.680	3.876	4.712	126.975258	37.295887
1685512304476	1685512304465	-9.203	-0.445	3.438	-1.178	2.242	0.963	-0.953	2.176	4.726	126.975258	37.295887
1685512304485	1685512304477	-9.036	-1.358	3.019	-0.781	2.208	1.049	-0.359	1.745	3.962	126.975258	37.295887
1685512304496	1685512304485	-9.632	-1.310	3.084	-0.520	2.291	1.031	0.472	1.020	2.866	126.975258	37.295887
1685512304506	1685512304497	-10.082	-1.238	3.340	-0.514	2.364	0.888	0.666	0.000	2.696	126.975258	37.295887
1685512304516	1685512304506	-10.300	-1.008	3.601	-0.731	2.366	0.724	0.086	-0.038	2.966	126.975258	37.295887
1685512304526	1685512304516	-10.245	-0.649	3.915	-1.005	2.330	0.673	-0.350	-0.062	3.481	126.975258	37.295887
1685512304536	1685512304526	-10.075	-0.769	4.068	-1.289	2.246	0.678	-0.565	0.101	3.958	126.975258	37.295887
1685512304545	1685512304536	-9.989	-0.950	3.768	-1.547	2.133	0.670	-0.515	0.390	4.511	126.975258	37.295887
1685512304557	1685512304545	-9.773	-0.845	3.543	-1.649	2.010	0.674	-0.354	0.194	4.894	126.975258	37.295887
1685512304565	1685512304557	-9.768	-1.300	3.634	-1.607	1.886	0.701	-0.280	-0.065	4.817	126.975258	37.295887
1685512304576	1685512304565	-9.989	-2.049	3.666	-1.567	1.774	0.709	-0.084	-0.043	4.800	126.975258	37.295887
1685512304585	1685512304576	-10.300	-2.028	3.747	-1.498	1.721	0.660	-0.101	-0.596	5.104	126.975258	37.295887
1685512304598	1685512304585	-10.482	-2.119	4.063	-1.328	1.690	0.561	-0.342	-1.429	5.301	126.975258	37.295887
1685512304606	1685512304598	-10.860	-2.243	4.386	-1.130	1.640	0.473	-0.682	-1.508	5.574	126.975258	37.295887
1685512304623	1685512304607	-11.140	-1.865	4.638	-0.916	1.615	0.389	-0.891	-1.669	6.041	126.975258	37.295887
1685512304628	1685512304623	-11.360	-1.726	4.606	-0.733	1.593	0.298	-1.300	-1.863	6.527	126.975258	37.295887
1685512304635	1685512304628	-11.880	-2.023	4.645	-0.616	1.552	0.239	-1.614	-1.542	6.936	126.975258	37.295887
1685512304645	1685512304635	-12.831	-1.786	4.798	-0.563	1.508	0.197	-1.875	-1.453	7.072	126.975258	37.295887
1685512304658	1685512304645	-13.721	-1.554	4.891	-0.536	1.486	0.150	-2.430	-1.784	7.245	126.975258	37.295887
1685512304666	1685512304658	-13.975	-1.659	4.884	-0.544	1.450	0.137	-3.421	-1.580	7.542	126.975258	37.295887
1685512304679	1685512304666	-13.846	-2.145	4.889	-0.590	1.377	0.153	-4.353	-1.377	7.776	126.975258	37.295887
1685512304688	1685512304680	-13.455	-1.987	5.289	-0.617	1.264	0.164	-4.650	-1.513	7.906	126.975258	37.295887
1685512304696	1685512304688	-12.577	-2.116	5.497	-0.573	1.123	0.166	-4.563	-2.030	8.040	126.975258	37.295887
1685512304706	1685512304696	-11.593	-1.997	5.578	-0.551	0.926	0.175	-4.221	-1.915	8.581	126.975258	37.295887
1685512304718	1685512304706	-10.829	-1.721	5.646	-0.568	0.691	0.162	-3.371	-2.071	8.871	126.975258	37.295887
1685512304725	1685512304718	-10.242	-1.422	5.808	-0.594	0.465	0.116	-2.418	-1.987	9.038	126.975258	37.295887
1685512304737	1685512304726	-10.048	-1.106	5.928	-0.612	0.231	0.044	-1.678	-1.745	9.170	126.975258	37.295887
1685512304746	1685512304737	-10.338	-0.802	6.031	-0.634	-0.011	-0.073	-1.111	-1.482	9.378	126.975258	37.295887
1685512304756	1685512304746	-11.059	-0.781	6.108	-0.672	-0.230	-0.233	-0.924	-1.188	9.517	126.975258	37.295887
1685512304766	1685512304756	-11.650	-1.257	5.617	-0.756	-0.421	-0.396	-1.214	-0.903	9.618	126.975258	37.295887
1685512304777	1685512304766	-12.409	-1.087	5.239	-0.843	-0.626	-0.528	-1.927	-0.883	9.677	126.975258	37.295887
1685512304785	1685512304778	-12.718	-1.051	4.841	-0.828	-0.830	-0.619	-2.502	-1.350	9.143	126.975258	37.295887
1685512304797	1685512304786	-12.912	-1.290	4.506	-0.882	-1.096	-0.650	-3.242	-1.164	8.712	126.975258	37.295887
1685512304806	1685512304797	-12.902	-1.341	4.254	-1.074	-1.376	-0.666	-3.517	-1.094	8.222	126.975258	37.295887
1685512304820	1685512304806	-12.948	-1.149	4.046	-1.388	-1.648	-0.710	-3.677	-1.305	7.796	126.975258	37.295887
1685512304826	1685512304820	-12.792	-1.185	3.816	-1.824	-1.907	-0.786	-3.618	-1.326	7.405	126.975258	37.295887
1685512304836	1685512304826	-12.661	-1.472	3.546	-2.362	-2.126	-0.908	-3.618	-1.113	7.058	126.975258	37.295887
1685512304847	1685512304836	-12.519	-1.944	3.237	-2.954	-2.286	-1.085	-3.407	-1.130	6.651	126.975258	37.295887
1685512304859	1685512304847	-12.280	-2.605	2.873	-3.542	-2.424	-1.307	-3.218	-1.396	6.182	126.975258	37.295887
1685512304868	1685512304860	-12.105	-2.782	2.531	-4.050	-2.536	-1.543	-3.019	-1.839	5.657	126.975258	37.295887
1685512304880	1685512304868	-11.796	-2.682	2.337	-4.393	-2.625	-1.774	-2.727	-2.456	5.069	126.975258	37.295887
1685512304889	1685512304880	-11.322	-2.727	2.071	-4.643	-2.740	-1.989	-2.497	-2.564	4.465	126.975258	37.295887
1685512304899	1685512304889	-10.836	-2.746	2.028	-4.819	-2.854	-2.192	-2.150	-2.382	4.056	126.975258	37.295887
1685512304909	1685512304899	-10.372	-2.746	1.784	-4.858	-2.902	-2.384	-1.635	-2.296	3.517	126.975258	37.295887
1685512304922	1685512304909	-9.845	-2.746	1.544	-4.771	-2.888	-2.580	-1.125	-2.181	3.244	126.975258	37.295887
1685512304930	1685512304923	-9.493	-3.093	1.211	-4.575	-2.809	-2.803	-0.644	-2.004	2.751	126.975258	37.295887
1685512304939	1685512304931	-9.280	-3.529	0.984	-4.353	-2.656	-3.030	-0.115	-1.793	2.270	126.975258	37.295887
1685512304951	1685512304940	-9.184	-3.850	0.749	-4.128	-2.458	-3.255	0.220	-1.870	1.693	126.975258	37.295887
1685512304961	1685512304953	-9.201	-4.082	0.661	-3.880	-2.241	-3.440	0.407	-2.057	1.286	126.975258	37.295887
1685512304970	1685512304961	-9.124	-4.264	0.534	-3.574	-2.028	-3.567	0.455	-2.073	0.879	126.975258	37.295887
1685512304983	1685512304971	-9.081	-4.044	0.579	-3.187	-1.831	-3.633	0.373	-1.978	0.651	126.975258	37.295887
1685512304987	1685512304984	-8.969	-4.027	0.563	-2.746	-1.652	-3.648	0.366	-1.817	0.412	126.975258	37.295887
1685512305002	1685512304990	-8.868	-4.049	0.632	-2.260	-1.491	-3.618	0.311	-1.247	0.369	126.975258	37.295887
1685512305021	1685512305002	-8.650	-4.037	0.608	-1.732	-1.338	-3.556	0.287	-0.814	0.266	126.975258	37.295887
1685512305022	1685512305021	-8.464	-3.855	0.421	-1.202	-1.192	-3.484	0.287	-0.563	0.285	126.975258	37.295887
1685512305040	1685512305022	-8.396	-3.802	0.366	-0.699	-1.074	-3.401	0.371	-0.225	0.196	126.975258	37.295887
1685512305041	1685512305040	-8.341	-3.522	0.211	-0.231	-0.962	-3.290	0.419	0.263	-0.055	126.975258	37.295887
1685512305048	1685512305041	-8.310	-3.249	-0.065	0.162	-0.877	-3.173	0.342	0.601	-0.184	126.975258	37.295887
1685512305059	1685512305048	-8.248	-3.127	-0.208	0.452	-0.823	-3.043	0.259	1.137	-0.419	126.975258	37.295887
1685512305068	1685512305059	-8.064	-3.136	-0.192	0.633	-0.759	-2.880	0.141	1.662	-0.788	126.975258	37.295887
1685512305080	1685512305069	-7.891	-2.959	-0.139	0.710	-0.702	-2.695	0.101	1.946	-1.008	126.975258	37.295887
1685512305089	1685512305080	-7.745	-2.717	-0.182	0.711	-0.656	-2.502	0.175	2.102	-1.073	126.975258	37.295887
1685512305100	1685512305089	-7.621	-2.521	-0.249	0.691	-0.615	-2.307	0.235	2.437	-1.097	126.975258	37.295887
1685512305107	1685512305100	-7.626	-2.538	-0.294	0.671	-0.557	-2.096	0.256	2.849	-1.226	126.975258	37.295887
1685512305118	1685512305108	-7.796	-2.516	-0.369	0.599	-0.509	-1.888	0.283	3.172	-1.358	126.975258	37.295887
1685512305127	1685512305118	-7.954	-2.600	-0.450	0.468	-0.474	-1.699	0.153	3.306	-1.484	126.975258	37.295887
1685512305137	1685512305127	-8.195	-2.626	-0.567	0.324	-0.419	-1.530	-0.120	3.452	-1.628	126.975258	37.295887
1685512305147	1685512305137	-8.289	-2.567	-0.654	0.197	-0.348	-1.348	-0.388	3.493	-1.772	126.975258	37.295887
1685512305158	1685512305147	-8.329	-2.512	-0.735	0.094	-0.308	-1.131	-0.730	3.577	-1.942	126.975258	37.295887
1685512305166	1685512305158	-8.392	-2.626	-0.620	-0.010	-0.290	-0.909	-0.912	3.735	-2.066	126.975258	37.295887
1685512305178	1685512305166	-8.473	-2.660	-0.474	-0.121	-0.236	-0.699	-1.030	3.871	-2.176	126.975258	37.295887
1685512305186	1685512305178	-8.631	-2.914	-0.333	-0.228	-0.160	-0.497	-1.159	3.828	-2.083	126.975258	37.295887
1685512305196	1685512305186	-8.959	-3.031	-0.287	-0.305	-0.072	-0.287	-1.286	3.843	-1.946	126.975258	37.295887
1685512305207	1685512305197	-9.474	-3.127	-0.419	-0.358	0.024	-0.072	-1.482	3.632	-1.800	126.975258	37.295887
1685512305219	1685512305207	-10.080	-3.172	-0.357	-0.389	0.148	0.139	-1.827	3.536	-1.741	126.975258	37.295887
1685512305226	1685512305219	-10.496	-3.041	-0.369	-0.380	0.294	0.364	-2.330	3.433	-1.839	126.975258	37.295887
1685512305236	1685512305227	-10.781	-3.045	-0.445	-0.362	0.401	0.615	-2.897	3.357	-1.724	126.975258	37.295887
1685512305246	1685512305237	-10.865	-3.347	-0.366	-0.353	0.490	0.883	-3.239	3.421	-1.657	126.975258	37.295887
1685512305257	1685512305247	-10.973	-3.481	-0.223	-0.338	0.588	1.166	-3.488	3.385	-1.693	126.975258	37.295887
1685512305266	1685512305258	-10.836	-3.426	0.103	-0.340	0.673	1.436	-3.510	3.024	-1.554	126.975258	37.295887
1685512305279	1685512305267	-10.429	-3.522	0.419	-0.370	0.759	1.680	-3.536	2.806	-1.346	126.975273	37.295891
1685512305287	1685512305280	-9.859	-3.481	0.630	-0.374	0.831	1.913	-3.292	2.746	-0.941	126.975273	37.295891
1685512305296	1685512305287	-9.397	-3.539	0.917	-0.334	0.864	2.114	-2.787	2.540	-0.553	126.975273	37.295891
1685512305307	1685512305297	-9.220	-3.761	1.180	-0.260	0.894	2.249	-2.059	2.392	-0.230	126.975273	37.295891
1685512305317	1685512305307	-9.522	-3.800	1.300	-0.136	0.936	2.314	-1.506	2.222	0.117	126.975273	37.295891
1685512305327	1685512305317	-10.290	-3.828	1.494	0.011	0.990	2.320	-1.178	1.800	0.474	126.975273	37.295891
1685512305339	1685512305327	-11.408	-3.788	1.444	0.158	1.074	2.307	-1.353	1.585	0.670	126.975273	37.295891
1685512305347	1685512305339	-12.352	-3.857	1.365	0.301	1.141	2.310	-1.975	1.336	0.955	126.975273	37.295891
1685512305358	1685512305347	-13.005	-3.740	1.202	0.425	1.151	2.335	-2.981	1.199	0.979	126.975273	37.295891
1685512305368	1685512305358	-13.307	-3.630	0.903	0.487	1.091	2.382	-3.785	0.893	0.998	126.975273	37.295891
1685512305380	1685512305369	-13.084	-3.498	0.548	0.451	0.974	2.475	-4.348	0.848	0.898	126.975273	37.295891
1685512305388	1685512305380	-12.637	-3.247	0.340	0.319	0.843	2.605	-4.530	0.728	0.680	126.975273	37.295891
1685512305400	1685512305389	-12.115	-3.278	0.227	0.055	0.709	2.722	-4.199	0.642	0.393	126.975273	37.295891
1685512305409	1685512305400	-11.681	-3.500	0.306	-0.332	0.585	2.787	-3.637	0.634	0.254	126.975273	37.295891
1685512305429	1685512305409	-11.305	-3.821	0.421	-0.781	0.518	2.797	-3.021	0.383	0.196	126.975273	37.295891
1685512305430	1685512305430	-10.788	-4.073	0.594	-1.218	0.464	2.782	-2.480	-0.117	0.347	126.975273	37.295891
1685512305439	1685512305430	-10.204	-4.360	0.804	-1.559	0.398	2.755	-2.021	-0.673	0.529	126.975273	37.295891
1685512305449	1685512305439	-9.610	-4.403	0.821	-1.783	0.326	2.711	-1.420	-1.185	0.781	126.975273	37.295891
1685512305460	1685512305449	-9.189	-4.599	0.936	-1.912	0.265	2.657	-0.761	-1.736	1.073	126.975273	37.295891
1685512305468	1685512305460	-8.772	-4.779	1.003	-1.949	0.236	2.601	-0.101	-2.040	1.164	126.975273	37.295891
1685512305481	1685512305468	-8.447	-4.975	1.154	-1.907	0.230	2.547	0.376	-2.497	1.348	126.975273	37.295891
1685512305490	1685512305481	-8.255	-5.076	1.310	-1.797	0.221	2.496	0.848	-2.962	1.480	126.975273	37.295891
1685512305500	1685512305491	-8.085	-5.042	1.539	-1.651	0.211	2.448	1.211	-3.388	1.681	126.975273	37.295891
1685512305509	1685512305500	-8.126	-5.097	1.659	-1.462	0.214	2.398	1.441	-3.766	1.889	126.975273	37.295891
1685512305520	1685512305511	-8.200	-5.126	1.501	-1.222	0.244	2.336	1.638	-3.955	2.155	126.975273	37.295891
1685512305530	1685512305521	-8.272	-4.870	1.322	-0.944	0.288	2.264	1.618	-4.252	2.310	126.975273	37.295891
1685512305541	1685512305530	-8.305	-4.683	1.104	-0.691	0.310	2.193	1.559	-4.518	2.184	126.975273	37.295891
1685512305551	1685512305541	-8.320	-4.626	0.962	-0.529	0.314	2.136	1.496	-4.511	2.040	126.975273	37.295891
1685512305562	1685512305552	-8.246	-4.645	0.960	-0.476	0.296	2.089	1.468	-4.501	1.844	126.975273	37.295891
1685512305572	1685512305563	-8.198	-4.865	1.041	-0.517	0.281	2.048	1.453	-4.626	1.719	126.975273	37.295891
1685512305584	1685512305573	-8.425	-4.855	1.295	-0.604	0.258	2.001	1.525	-4.815	1.731	126.975273	37.295891
1685512305591	1685512305585	-8.669	-4.899	1.391	-0.678	0.236	1.945	1.568	-5.193	1.822	126.975273	37.295891
1685512305601	1685512305593	-8.722	-5.018	1.295	-0.717	0.219	1.873	1.334	-5.332	2.083	126.975273	37.295891
1685512305623	1685512305602	-8.619	-4.980	1.197	-0.720	0.195	1.800	1.080	-5.559	2.184	126.975273	37.295891
1685512305623	1685512305623	-8.471	-4.860	0.967	-0.735	0.160	1.740	1.020	-5.780	2.083	126.975273	37.295891
1685512305631	1685512305624	-8.358	-4.920	0.850	-0.788	0.116	1.673	1.111	-5.875	1.982	126.975273	37.295891
1685512305655	1685512305632	-8.183	-4.925	0.802	-0.888	0.087	1.589	1.247	-5.885	1.745	126.975273	37.295891
1685512305655	1685512305655	-8.219	-5.023	0.855	-1.051	0.050	1.499	1.348	-6.067	1.616	126.975273	37.295891
1685512305659	1685512305656	-8.339	-5.358	1.130	-1.234	0.027	1.406	1.508	-6.182	1.551	126.975273	37.295891
1685512305669	1685512305660	-8.689	-5.684	1.233	-1.379	0.032	1.315	1.460	-6.393	1.580	126.975273	37.295891
1685512305681	1685512305669	-9.007	-6.002	1.346	-1.456	0.049	1.228	1.331	-6.800	1.827	126.975273	37.295891
1685512305691	1685512305682	-9.395	-6.261	1.405	-1.439	0.073	1.155	0.972	-7.207	1.896	126.975273	37.295891
1685512305702	1685512305691	-9.567	-6.349	1.434	-1.318	0.094	1.102	0.642	-7.606	1.980	126.975273	37.295891
1685512305710	1685512305702	-9.663	-6.385	1.211	-1.124	0.104	1.070	0.239	-7.963	2.011	126.975273	37.295891
1685512305720	1685512305710	-9.627	-6.479	1.099	-0.896	0.112	1.053	0.053	-8.135	2.023	126.975273	37.295891
1685512305730	1685512305720	-9.895	-6.503	0.943	-0.674	0.133	1.036	-0.062	-8.294	1.788	126.975273	37.295891
1685512305740	1685512305731	-10.578	-6.658	1.051	-0.513	0.145	0.991	-0.045	-8.483	1.671	126.975273	37.295891
1685512305750	1685512305740	-11.408	-7.056	1.307	-0.434	0.188	0.896	-0.338	-8.610	1.513	126.975273	37.295891
1685512305762	1685512305750	-12.019	-7.417	1.267	-0.393	0.258	0.773	-1.041	-8.861	1.626	126.975273	37.295891
1685512305770	1685512305762	-12.234	-7.800	1.245	-0.341	0.291	0.654	-1.894	-9.347	1.889	126.975273	37.295891
1685512305782	1685512305771	-12.129	-7.877	1.662	-0.213	0.294	0.564	-2.523	-9.785	1.863	126.975273	37.295891
1685512305791	1685512305782	-11.298	-7.824	1.949	-0.027	0.263	0.487	-2.758	-10.238	1.863	126.975273	37.295891
1685512305801	1685512305792	-9.986	-7.946	1.985	0.172	0.206	0.380	-2.667	-10.364	2.301	126.975273	37.295891
1685512305811	1685512305802	-8.923	-8.071	1.891	0.398	0.142	0.237	-1.851	-10.362	2.614	126.975273	37.295891
1685512305821	1685512305812	-8.528	-8.164	1.920	0.649	0.095	0.054	-0.548	-10.515	2.672	126.975273	37.295891
1685512305836	1685512305822	-9.100	-7.920	1.863	0.887	0.072	-0.236	0.505	-10.661	2.602	126.975273	37.295891
1685512305839	1685512305836	-10.441	-7.882	1.899	1.073	0.087	-0.641	0.898	-10.755	2.658	126.975273	37.295891
1685512305849	1685512305840	-11.981	-7.788	1.865	1.210	0.127	-1.078	0.330	-10.477	2.631	126.975273	37.295891
1685512305860	1685512305850	-13.285	-7.640	1.571	1.311	0.142	-1.455	-0.994	-10.376	2.701	126.975273	37.295891
1685512305870	1685512305860	-14.059	-7.398	1.223	1.416	0.092	-1.740	-2.509	-10.173	2.708	126.975273	37.295891
1685512305882	1685512305871	-14.291	-6.972	0.836	1.534	0.001	-1.934	-3.780	-9.874	2.456	126.975273	37.295891
1685512305890	1685512305882	-14.087	-6.596	0.493	1.631	-0.122	-2.059	-4.518	-9.455	2.148	126.975273	37.295891
1685512305900	1685512305891	-14.083	-6.230	0.254	1.625	-0.269	-2.192	-4.712	-8.827	1.791	126.975273	37.295891
1685512305910	1685512305900	-14.078	-6.100	0.129	1.498	-0.389	-2.377	-4.465	-8.195	1.468	126.975273	37.295891
1685512305920	1685512305910	-13.999	-5.947	-0.043	1.294	-0.447	-2.594	-4.432	-7.647	1.228	126.975273	37.295891
1685512305931	1685512305920	-13.685	-5.890	-0.101	1.074	-0.501	-2.798	-4.393	-7.274	1.085	126.975273	37.295891
1685512305942	1685512305931	-13.156	-5.614	-0.132	0.889	-0.567	-2.980	-4.283	-6.857	0.881	126.975273	37.295891
1685512305951	1685512305942	-12.615	-5.301	-0.299	0.742	-0.633	-3.151	-3.943	-6.517	0.785	126.975273	37.295891
1685512305962	1685512305951	-12.043	-5.011	-0.405	0.613	-0.677	-3.317	-3.395	-5.942	0.702	126.975273	37.295891
1685512305971	1685512305962	-11.626	-4.827	-0.443	0.483	-0.705	-3.478	-2.842	-5.253	0.462	126.975273	37.295891
1685512305983	1685512305971	-11.334	-4.772	-0.505	0.359	-0.712	-3.635	-2.270	-4.700	0.302	126.975273	37.295891
1685512305991	1685512305983	-11.092	-4.647	-0.412	0.248	-0.696	-3.775	-1.867	-4.140	0.184	126.975273	37.295891
1685512306002	1685512305991	-10.827	-4.640	-0.395	0.165	-0.677	-3.890	-1.599	-3.764	0.057	126.975273	37.295891
1685512306011	1685512306002	-10.645	-4.673	-0.429	0.136	-0.641	-3.973	-1.408	-3.196	0.067	126.975273	37.295891
1685512306022	1685512306013	-10.398	-4.501	-0.345	0.164	-0.595	-4.027	-1.197	-2.851	0.022	126.975273	37.295891
1685512306040	1685512306023	-10.381	-4.353	-0.347	0.249	-0.529	-4.054	-1.099	-2.464	-0.079	126.975273	37.295891
1685512306041	1685512306040	-10.238	-4.178	-0.223	0.385	-0.464	-4.049	-0.936	-1.946	-0.050	126.975273	37.295891
1685512306051	1685512306041	-9.986	-4.034	-0.390	0.562	-0.408	-4.006	-1.030	-1.417	-0.110	126.975273	37.295891
1685512306061	1685512306051	-9.704	-3.859	-0.405	0.776	-0.359	-3.934	-0.998	-0.903	-0.034	126.975273	37.295891
1685512306073	1685512306061	-9.558	-3.733	-0.572	0.997	-0.320	-3.836	-0.900	-0.354	-0.266	126.975273	37.295891
1685512306081	1685512306074	-9.349	-3.409	-0.575	1.194	-0.303	-3.717	-0.752	0.139	-0.335	126.975273	37.295891
1685512306090	1685512306086	-9.225	-3.244	-0.735	1.349	-0.294	-3.582	-0.800	0.675	-0.587	126.975273	37.295891
1685512306099	1685512306090	-9.014	-2.981	-0.764	1.448	-0.294	-3.431	-0.728	1.255	-0.654	126.975273	37.295891
1685512306110	1685512306099	-8.823	-2.770	-0.867	1.478	-0.307	-3.275	-0.812	1.784	-0.922	126.975273	37.295891
1685512306120	1685512306110	-8.569	-2.653	-0.960	1.449	-0.327	-3.109	-0.761	2.303	-1.041	126.975273	37.295891
1685512306129	1685512306121	-8.487	-2.588	-0.927	1.378	-0.346	-2.937	-0.747	2.775	-1.250	126.975273	37.295891
1685512306139	1685512306129	-8.452	-2.500	-0.979	1.271	-0.363	-2.764	-0.670	3.136	-1.451	126.975273	37.295891
1685512306149	1685512306139	-8.499	-2.354	-0.972	1.134	-0.376	-2.585	-0.773	3.431	-1.530	126.975273	37.295891
1685512306159	1685512306149	-8.557	-2.461	-1.085	0.999	-0.369	-2.414	-0.867	3.675	-1.664	126.975273	37.295891
1685512306168	1685512306160	-8.452	-2.492	-1.037	0.867	-0.370	-2.247	-1.046	3.970	-1.736	126.975273	37.295891
1685512306181	1685512306169	-8.270	-2.425	-1.080	0.732	-0.373	-2.068	-1.216	3.984	-1.913	126.975273	37.295891
1685512306188	1685512306182	-8.195	-2.308	-1.010	0.606	-0.384	-1.867	-1.209	4.056	-1.918	126.975273	37.295891
1685512306198	1685512306189	-8.143	-2.337	-1.041	0.483	-0.375	-1.658	-1.116	4.214	-2.006	126.975273	37.295891
1685512306209	1685512306198	-8.085	-2.406	-1.073	0.375	-0.338	-1.459	-1.149	4.439	-1.992	126.975273	37.295891
1685512306222	1685512306209	-8.143	-2.567	-1.137	0.299	-0.303	-1.262	-1.152	4.463	-2.047	126.975273	37.295891
1685512306228	1685512306223	-8.193	-2.512	-1.137	0.226	-0.260	-1.070	-1.166	4.460	-2.109	126.975273	37.295891
1685512306240	1685512306229	-8.435	-2.562	-1.166	0.148	-0.186	-0.887	-1.286	4.360	-2.200	126.975273	37.295891
1685512306248	1685512306240	-8.657	-2.579	-1.207	0.084	-0.105	-0.688	-1.391	4.465	-2.222	126.975273	37.295891
1685512306259	1685512306248	-9.117	-2.710	-1.334	0.027	-0.010	-0.472	-1.678	4.456	-2.263	126.975273	37.295891
1685512306268	1685512306259	-9.627	-2.909	-1.161	-0.044	0.101	-0.242	-1.935	4.472	-2.306	126.975273	37.295891
1685512306283	1685512306268	-10.357	-3.156	-1.010	-0.114	0.231	0.016	-2.404	4.350	-2.423	126.975288	37.295891
1685512306290	1685512306283	-11.035	-3.321	-1.015	-0.148	0.367	0.307	-2.902	4.144	-2.224	126.975288	37.295891
1685512306299	1685512306290	-11.435	-3.189	-0.960	-0.126	0.490	0.610	-3.589	3.864	-2.025	126.975288	37.295891
1685512306308	1685512306299	-11.461	-3.345	-0.871	-0.051	0.590	0.933	-4.240	3.677	-1.992	126.975288	37.295891
1685512306320	1685512306308	-10.987	-3.426	-0.848	0.054	0.673	1.280	-4.597	3.773	-1.899	126.975288	37.295891
1685512306328	1685512306320	-10.168	-3.397	-0.718	0.127	0.737	1.593	-4.547	3.546	-1.762	126.975288	37.295891
1685512306338	1685512306328	-9.424	-3.632	-0.438	0.120	0.799	1.834	-3.989	3.385	-1.700	126.975288	37.295891
1685512306348	1685512306338	-9.009	-3.857	-0.014	0.078	0.860	2.011	-3.055	3.299	-1.528	126.975288	37.295891
1685512306359	1685512306348	-9.081	-4.128	0.333	0.042	0.942	2.129	-2.181	2.933	-1.197	126.975288	37.295891
1685512306368	1685512306360	-9.589	-4.422	0.697	0.049	1.067	2.184	-1.630	2.559	-0.716	126.975288	37.295891
1685512306379	1685512306369	-10.439	-4.659	0.979	0.142	1.206	2.193	-1.561	2.131	-0.302	126.975288	37.295891
1685512306388	1685512306379	-11.241	-4.788	1.073	0.325	1.318	2.198	-1.915	1.652	0.146	126.975288	37.295891
1685512306398	1685512306388	-12.024	-4.590	1.185	0.575	1.404	2.227	-2.641	1.262	0.505	126.975288	37.295891
1685512306408	1685512306398	-12.445	-4.525	1.147	0.856	1.444	2.294	-3.297	0.941	0.692	126.975288	37.295891
1685512306425	1685512306409	-12.555	-4.123	1.034	1.133	1.455	2.429	-3.962	0.977	0.876	126.975288	37.295891
1685512306429	1685512306425	-12.395	-3.366	0.845	1.346	1.433	2.601	-4.252	0.852	0.910	126.975288	37.295891
1685512306440	1685512306429	-11.935	-2.571	0.591	1.444	1.360	2.767	-4.233	1.053	0.857	126.975288	37.295891
1685512306449	1685512306440	-11.511	-2.662	0.371	1.367	1.263	2.887	-3.924	1.566	0.725	126.975288	37.295891
1685512306460	1685512306449	-11.080	-3.079	0.326	1.080	1.185	2.942	-3.342	2.148	0.512	126.975288	37.295891
1685512306470	1685512306460	-10.915	-3.108	0.364	0.553	1.156	2.917	-2.787	1.805	0.340	126.975288	37.295891
1685512306482	1685512306470	-10.551	-3.462	0.534	-0.158	1.120	2.845	-2.227	1.130	0.352	126.975288	37.295891
1685512306490	1685512306483	-10.190	-3.953	0.848	-0.826	1.031	2.801	-1.944	0.843	0.469	126.975288	37.295891
1685512306501	1685512306490	-9.835	-4.262	1.192	-1.321	0.929	2.792	-1.472	0.230	0.747	126.975288	37.295891
1685512306510	1685512306501	-9.419	-4.575	1.425	-1.660	0.832	2.766	-0.996	-0.567	1.209	126.975288	37.295891
1685512306521	1685512306511	-9.218	-4.810	1.666	-1.855	0.743	2.717	-0.570	-1.087	1.657	126.975288	37.295891
1685512306532	1685512306521	-8.969	-4.970	1.844	-1.884	0.676	2.677	-0.074	-1.666	2.018	126.975288	37.295891
1685512306544	1685512306533	-8.732	-5.167	1.865	-1.775	0.624	2.644	0.194	-2.169	2.380	126.975288	37.295891
1685512306552	1685512306546	-8.631	-5.052	1.774	-1.587	0.582	2.600	0.505	-2.598	2.670	126.975288	37.295891
1685512306563	1685512306553	-8.444	-5.045	1.726	-1.372	0.556	2.542	0.797	-3.060	2.789	126.975288	37.295891
1685512306574	1685512306564	-8.317	-4.925	1.686	-1.157	0.523	2.481	0.948	-3.235	2.794	126.975288	37.295891
1685512306585	1685512306574	-8.389	-4.815	1.633	-0.975	0.481	2.418	1.168	-3.462	2.816	126.975288	37.295891
1685512306594	1685512306585	-8.475	-4.664	1.489	-0.881	0.456	2.338	1.324	-3.594	2.842	126.975288	37.295891
1685512306605	1685512306594	-8.660	-4.666	1.458	-0.876	0.429	2.249	1.276	-3.728	2.847	126.975288	37.295891
1685512306612	1685512306606	-8.866	-4.769	1.381	-0.933	0.400	2.161	1.209	-3.828	2.756	126.975288	37.295891
1685512306625	1685512306613	-9.115	-4.954	1.393	-1.024	0.367	2.077	1.034	-4.022	2.756	126.975288	37.295891
1685512306632	1685512306626	-9.321	-5.018	1.365	-1.119	0.334	2.000	0.836	-4.369	2.720	126.975288	37.295891
1685512306656	1685512306633	-9.536	-5.071	1.417	-1.188	0.285	1.933	0.589	-4.705	2.749	126.975288	37.295891
1685512306657	1685512306656	-9.546	-5.241	1.441	-1.230	0.224	1.869	0.383	-4.982	2.746	126.975288	37.295891
1685512306662	1685512306657	-9.565	-5.318	1.444	-1.258	0.171	1.804	0.165	-5.205	2.816	126.975288	37.295891
1685512306672	1685512306663	-9.586	-5.349	1.518	-1.297	0.121	1.735	0.148	-5.586	2.856	126.975288	37.295891
1685512306682	1685512306672	-9.402	-5.368	1.432	-1.344	0.083	1.660	0.120	-5.837	2.868	126.975288	37.295891
1685512306692	1685512306683	-9.263	-5.437	1.365	-1.378	0.044	1.585	0.081	-6.091	2.947	126.975288	37.295891
1685512306701	1685512306693	-9.146	-5.485	1.257	-1.410	0.023	1.500	0.256	-6.254	2.859	126.975288	37.295891
1685512306711	1685512306702	-9.122	-5.552	1.219	-1.451	0.011	1.390	0.373	-6.531	2.782	126.975288	37.295891
1685512306722	1685512306712	-9.218	-5.751	1.441	-1.488	-0.009	1.279	0.476	-6.711	2.662	126.975288	37.295891
1685512306731	1685512306722	-9.380	-5.799	1.496	-1.504	-0.015	1.173	0.481	-6.946	2.605	126.975288	37.295891
1685512306741	1685512306731	-9.531	-6.086	1.683	-1.492	-0.007	1.064	0.369	-7.274	2.806	126.975288	37.295891
1685512306752	1685512306742	-9.519	-6.249	1.738	-1.443	0.001	0.965	0.184	-7.482	2.830	126.975288	37.295891
1685512306761	1685512306752	-9.498	-6.201	1.815	-1.337	0.000	0.897	0.019	-7.865	2.998	126.975288	37.295891
1685512306771	1685512306761	-9.486	-6.381	1.851	-1.181	0.006	0.849	0.010	-8.150	3.021	126.975288	37.295891
1685512306784	1685512306773	-9.450	-6.316	1.666	-0.993	0.015	0.793	0.014	-8.205	3.074	126.975288	37.295891
1685512306792	1685512306784	-9.469	-6.345	1.465	-0.790	0.032	0.728	0.010	-8.480	3.086	126.975288	37.295891
1685512306802	1685512306793	-9.797	-6.309	1.197	-0.607	0.046	0.662	0.029	-8.504	2.880	126.975288	37.295891
1685512306812	1685512306802	-10.501	-6.340	1.269	-0.491	0.059	0.585	-0.010	-8.626	2.662	126.975288	37.295891
1685512306823	1685512306813	-11.143	-6.503	1.492	-0.451	0.089	0.486	-0.350	-8.645	2.387	126.975288	37.295891
1685512306839	1685512306824	-11.480	-6.723	1.453	-0.443	0.125	0.386	-1.068	-8.739	2.452	126.975288	37.295891
1685512306843	1685512306841	-11.437	-7.144	1.305	-0.423	0.126	0.316	-1.724	-8.952	2.672	126.975288	37.295891
1685512306851	1685512306843	-11.341	-7.118	1.583	-0.352	0.088	0.291	-2.071	-9.215	2.634	126.975288	37.295891
1685512306862	1685512306851	-10.958	-7.116	1.875	-0.258	0.055	0.255	-2.037	-9.670	2.488	126.975288	37.295891
1685512306872	1685512306863	-10.204	-7.113	1.860	-0.158	0.038	0.166	-1.951	-9.680	2.765	126.975288	37.295891
1685512306882	1685512306873	-9.373	-7.432	1.925	-0.018	0.017	0.057	-1.575	-9.701	3.055	126.975288	37.295891
1685512306892	1685512306883	-8.961	-7.436	1.908	0.160	-0.005	-0.049	-0.826	-9.716	3.041	126.975288	37.295891
1685512306903	1685512306892	-8.995	-7.324	1.987	0.351	-0.022	-0.213	0.002	-10.039	3.105	126.975288	37.295891
1685512306912	1685512306904	-9.582	-7.393	2.047	0.555	-0.017	-0.470	0.414	-10.036	3.093	126.975288	37.295891
1685512306923	1685512306912	-10.534	-7.475	1.927	0.761	0.023	-0.771	0.388	-9.902	3.179	126.975288	37.295891
1685512306932	1685512306923	-11.528	-7.539	1.875	0.966	0.056	-1.051	-0.184	-9.917	3.254	126.975288	37.295891
1685512306943	1685512306932	-12.287	-7.374	1.657	1.174	0.062	-1.301	-1.120	-9.924	3.151	126.975288	37.295891
1685512306952	1685512306943	-12.799	-7.089	1.369	1.392	0.023	-1.505	-2.090	-9.878	3.127	126.975288	37.295891
1685512306965	1685512306954	-12.965	-6.883	1.041	1.613	-0.038	-1.657	-2.820	-9.574	2.942	126.975288	37.295891
1685512306973	1685512306965	-13.240	-6.534	0.903	1.781	-0.104	-1.780	-3.302	-9.129	2.686	126.975288	37.295891
1685512306985	1685512306973	-13.130	-6.268	0.718	1.869	-0.173	-1.922	-3.433	-8.744	2.387	126.975288	37.295891
1685512306994	1685512306985	-13.147	-6.055	0.510	1.889	-0.246	-2.085	-3.673	-8.181	2.270	126.975288	37.295891
1685512307004	1685512306994	-12.804	-5.693	0.407	1.861	-0.327	-2.239	-3.534	-7.726	2.097	126.975288	37.295891
1685512307014	1685512307004	-12.354	-5.346	0.259	1.787	-0.406	-2.384	-3.517	-7.264	1.891	126.975288	37.295891
1685512307027	1685512307014	-11.779	-5.152	0.153	1.679	-0.490	-2.530	-3.148	-6.685	1.779	126.975288	37.295891
1685512307032	1685512307027	-11.305	-4.815	0.103	1.539	-0.575	-2.682	-2.672	-6.081	1.607	126.975288	37.295891
1685512307060	1685512307034	-10.910	-4.666	0.062	1.365	-0.648	-2.838	-2.076	-5.622	1.463	126.975288	37.295891
1685512307061	1685512307061	-10.578	-4.472	0.060	1.178	-0.700	-2.997	-1.583	-4.975	1.355	126.975288	37.295891
1685512307062	1685512307061	-10.350	-4.480	0.019	0.991	-0.742	-3.151	-1.180	-4.563	1.259	126.975288	37.295891
1685512307072	1685512307062	-10.228	-4.302	0.045	0.820	-0.766	-3.294	-0.848	-4.063	1.185	126.975288	37.295891
1685512307083	1685512307073	-10.175	-4.271	-0.014	0.679	-0.786	-3.421	-0.630	-3.754	1.068	126.975288	37.295891
1685512307092	1685512307084	-10.118	-4.243	-0.041	0.591	-0.790	-3.522	-0.529	-3.247	1.013	126.975288	37.295891
1685512307100	1685512307092	-10.034	-4.063	-0.105	0.553	-0.786	-3.594	-0.510	-2.878	0.867	126.975288	37.295891
1685512307111	1685512307101	-9.859	-3.960	-0.199	0.541	-0.786	-3.637	-0.512	-2.437	0.737	126.975288	37.295891
1685512307120	1685512307111	-9.809	-3.826	-0.373	0.564	-0.766	-3.652	-0.481	-1.978	0.606	126.975288	37.295891
1685512307130	1685512307121	-9.620	-3.689	-0.469	0.605	-0.733	-3.637	-0.383	-1.525	0.424	126.975288	37.295891
1685512307141	1685512307131	-9.409	-3.572	-0.567	0.645	-0.713	-3.599	-0.424	-1.044	0.163	126.975288	37.295891
1685512307149	1685512307141	-9.333	-3.455	-0.587	0.690	-0.693	-3.541	-0.338	-0.565	-0.017	126.975288	37.295891
1685512307160	1685512307150	-9.304	-3.409	-0.555	0.737	-0.671	-3.464	-0.242	-0.113	-0.204	126.975288	37.295891
1685512307170	1685512307161	-9.230	-3.287	-0.611	0.779	-0.641	-3.371	-0.304	0.359	-0.318	126.975288	37.295891
1685512307180	1685512307170	-9.232	-3.146	-0.776	0.812	-0.608	-3.267	-0.397	0.685	-0.369	126.975288	37.295891
1685512307189	1685512307180	-9.139	-2.947	-0.907	0.828	-0.589	-3.155	-0.467	1.106	-0.512	126.975288	37.295891
1685512307200	1685512307189	-8.981	-2.820	-0.984	0.815	-0.584	-3.025	-0.618	1.532	-0.769	126.975288	37.295891
1685512307209	1685512307200	-8.820	-2.528	-0.910	0.762	-0.585	-2.878	-0.690	2.023	-0.998	126.975288	37.295891
1685512307219	1685512307209	-8.650	-2.612	-0.919	0.660	-0.594	-2.727	-0.663	2.365	-1.152	126.975288	37.295891
1685512307229	1685512307220	-8.705	-2.701	-0.912	0.535	-0.590	-2.577	-0.656	2.895	-1.166	126.975288	37.295891
1685512307244	1685512307229	-8.722	-2.763	-0.838	0.423	-0.566	-2.426	-0.601	2.976	-1.238	126.975296	37.295891
1685512307249	1685512307245	-8.916	-2.622	-0.812	0.323	-0.542	-2.270	-0.773	3.048	-1.288	126.975296	37.295891
1685512307260	1685512307249	-9.069	-2.682	-0.828	0.247	-0.508	-2.098	-0.895	3.127	-1.262	126.975296	37.295891
1685512307269	1685512307260	-9.239	-2.763	-0.814	0.197	-0.473	-1.902	-1.183	3.388	-1.271	126.975296	37.295891
1685512307280	1685512307269	-9.143	-2.689	-0.907	0.164	-0.442	-1.690	-1.420	3.431	-1.314	126.975296	37.295891
1685512307289	1685512307280	-9.067	-2.547	-0.967	0.131	-0.417	-1.467	-1.671	3.448	-1.326	126.975296	37.295891
1685512307300	1685512307289	-8.717	-2.492	-1.032	0.100	-0.395	-1.236	-1.623	3.579	-1.434	126.975296	37.295891
1685512307311	1685512307300	-8.499	-2.423	-1.130	0.062	-0.360	-1.002	-1.602	3.783	-1.511	126.975296	37.295891
1685512307322	1685512307311	-8.406	-2.399	-1.149	0.001	-0.314	-0.771	-1.274	3.864	-1.580	126.975296	37.295891
1685512307331	1685512307322	-8.808	-2.567	-1.226	-0.088	-0.243	-0.558	-1.068	3.948	-1.683	126.975296	37.295891
1685512307341	1685512307331	-9.524	-2.784	-1.262	-0.192	-0.148	-0.357	-0.979	3.979	-1.700	126.975296	37.295891
1685512307352	1685512307341	-10.422	-2.909	-1.264	-0.285	-0.021	-0.147	-1.381	3.812	-1.767	126.975296	37.295891
1685512307363	1685512307352	-10.980	-2.959	-1.302	-0.358	0.114	0.090	-2.081	3.575	-1.779	126.975296	37.295891
1685512307371	1685512307366	-11.346	-3.050	-1.317	-0.400	0.206	0.370	-2.942	3.409	-1.738	126.975296	37.295891
1685512307383	1685512307372	-11.140	-3.057	-1.228	-0.411	0.279	0.700	-3.448	3.299	-1.719	126.975296	37.295891
1685512307390	1685512307384	-10.173	-3.108	-0.974	-0.412	0.343	1.079	-3.790	3.182	-1.693	126.975296	37.295891
1685512307401	1685512307391	-8.966	-3.290	-0.682	-0.407	0.387	1.467	-3.539	3.124	-1.556	126.975296	37.295891
1685512307410	1685512307402	-8.267	-3.826	-0.172	-0.390	0.436	1.789	-2.490	2.976	-1.240	126.975296	37.295891
1685512307419	1685512307411	-8.277	-4.259	0.283	-0.360	0.538	2.000	-1.211	2.705	-0.905	126.975296	37.295891
1685512307429	1685512307420	-9.172	-4.808	0.611	-0.277	0.701	2.105	-0.405	2.028	-0.338	126.975296	37.295891
1685512307441	1685512307430	-10.463	-5.071	0.910	-0.090	0.907	2.123	-0.299	1.437	0.177	126.975296	37.295891
1685512307451	1685512307442	-11.722	-5.052	0.977	0.211	1.097	2.117	-1.075	0.721	0.577	126.975296	37.295891
1685512307461	1685512307452	-12.701	-4.920	0.893	0.579	1.203	2.155	-2.251	0.283	0.955	126.975296	37.295891
1685512307470	1685512307462	-13.099	-4.709	0.838	0.971	1.249	2.271	-3.390	0.110	1.111	126.975296	37.295891
1685512307482	1685512307471	-13.075	-4.441	0.639	1.348	1.227	2.470	-4.274	0.079	1.092	126.975296	37.295891
1685512307490	1685512307482	-12.847	-3.881	0.496	1.629	1.146	2.679	-4.561	0.101	1.094	126.975296	37.295891
1685512307501	1685512307490	-12.402	-3.244	0.294	1.710	1.056	2.827	-4.424	0.160	0.939	126.975296	37.295891
1685512307510	1685512307501	-11.921	-2.983	0.163	1.543	0.965	2.903	-4.070	0.469	0.824	126.975296	37.295891
1685512307522	1685512307510	-11.305	-2.995	0.115	1.155	0.894	2.932	-3.519	0.886	0.642	126.975296	37.295891
1685512307532	1685512307522	-10.568	-3.160	0.215	0.595	0.838	2.921	-2.914	0.869	0.536	126.975296	37.295891
1685512307542	1685512307533	-9.864	-3.670	0.517	-0.081	0.788	2.872	-2.203	0.620	0.522	126.975296	37.295891
1685512307553	1685512307543	-9.270	-4.192	0.974	-0.749	0.733	2.801	-1.367	0.192	0.680	126.975296	37.295891
1685512307564	1685512307553	-8.715	-4.573	1.178	-1.272	0.695	2.726	-0.575	-0.582	1.056	126.975296	37.295891
1685512307571	1685512307564	-8.104	-4.863	1.460	-1.585	0.655	2.649	0.103	-1.398	1.614	126.975296	37.295891
1685512307585	1685512307572	-7.568	-5.100	1.774	-1.691	0.600	2.571	0.721	-2.016	1.906	126.975296	37.295891
1685512307593	1685512307585	-7.142	-5.109	1.867	-1.624	0.546	2.501	1.401	-2.624	2.310	126.975296	37.295891
1685512307605	1685512307593	-6.828	-5.049	1.920	-1.427	0.520	2.432	1.978	-3.067	2.698	126.975296	37.295891
1685512307614	1685512307605	-6.783	-4.860	1.820	-1.153	0.524	2.347	2.454	-3.383	2.890	126.975296	37.295891
1685512307631	1685512307614	-6.871	-4.604	1.650	-0.869	0.524	2.239	2.794	-3.522	3.002	126.975296	37.295891
1685512307632	1685512307631	-7.020	-4.508	1.511	-0.629	0.533	2.118	2.871	-3.596	2.974	126.975296	37.295891
1685512307658	1685512307634	-7.223	-4.386	1.398	-0.464	0.529	2.011	2.799	-3.546	2.859	126.975296	37.295891
1685512307659	1685512307658	-7.472	-4.288	1.267	-0.432	0.517	1.916	2.667	-3.704	2.789	126.975296	37.295891
1685512307662	1685512307659	-7.688	-4.353	1.204	-0.516	0.502	1.839	2.468	-3.742	2.720	126.975296	37.295891
1685512307672	1685512307662	-7.966	-4.460	1.192	-0.635	0.476	1.791	2.224	-3.855	2.646	126.975296	37.295891
1685512307685	1685512307672	-8.305	-4.606	1.264	-0.775	0.447	1.765	2.009	-4.041	2.602	126.975296	37.295891
1685512307692	1685512307685	-8.693	-4.803	1.293	-0.899	0.411	1.745	1.731	-4.310	2.619	126.975296	37.295891
1685512307703	1685512307692	-9.024	-4.899	1.346	-0.987	0.376	1.729	1.389	-4.594	2.713	126.975296	37.295891
1685512307712	1685512307703	-9.143	-4.987	1.432	-1.040	0.343	1.731	0.996	-4.961	2.761	126.975296	37.295891
1685512307723	1685512307714	-9.194	-5.234	1.559	-1.078	0.308	1.751	0.666	-5.143	2.811	126.975296	37.295891
1685512307733	1685512307723	-9.175	-5.375	1.597	-1.108	0.270	1.768	0.534	-5.413	2.928	126.975296	37.295891
1685512307744	1685512307733	-9.390	-5.564	1.638	-1.124	0.238	1.768	0.472	-5.847	3.079	126.975296	37.295891
1685512307753	1685512307744	-9.816	-5.777	1.544	-1.120	0.222	1.746	0.474	-6.175	3.134	126.975296	37.295891
1685512307764	1685512307756	-10.240	-5.837	1.556	-1.100	0.219	1.695	0.237	-6.553	3.189	126.975296	37.295891
1685512307773	1685512307764	-10.657	-5.926	1.602	-1.082	0.206	1.627	-0.206	-6.941	3.091	126.975296	37.295891
1685512307785	1685512307775	-10.922	-5.981	1.650	-1.078	0.176	1.575	-0.649	-7.151	3.105	126.975296	37.295891
1685512307795	1685512307785	-10.925	-6.266	1.741	-1.095	0.143	1.537	-1.092	-7.412	3.156	126.975296	37.295891
1685512307806	1685512307795	-10.800	-6.510	1.774	-1.118	0.117	1.497	-1.384	-7.635	3.203	126.975296	37.295891
1685512307813	1685512307806	-10.513	-6.747	1.815	-1.117	0.094	1.448	-1.420	-8.100	3.290	126.975296	37.295891
1685512307828	1685512307813	-10.285	-6.934	1.872	-1.075	0.070	1.387	-1.322	-8.487	3.314	126.975296	37.295891
1685512307832	1685512307830	-10.058	-6.910	1.858	-0.985	0.046	1.307	-1.068	-8.894	3.338	126.975296	37.295891
1685512307865	1685512307833	-10.137	-6.996	1.853	-0.861	0.043	1.205	-0.869	-9.213	3.381	126.975296	37.295891
1685512307866	1685512307865	-10.724	-7.183	1.810	-0.738	0.049	1.069	-0.673	-9.328	3.347	126.975296	37.295891
1685512307867	1685512307866	-11.499	-7.386	1.942	-0.645	0.071	0.889	-0.783	-9.538	3.326	126.975296	37.295891
1685512307873	1685512307867	-11.875	-7.585	1.954	-0.584	0.112	0.691	-1.398	-9.835	3.268	126.975296	37.295891
1685512307886	1685512307873	-11.813	-7.709	1.946	-0.512	0.132	0.522	-2.200	-10.132	3.388	126.975296	37.295891
1685512307894	1685512307887	-11.274	-7.714	2.152	-0.393	0.093	0.401	-2.598	-10.410	3.393	126.975296	37.295891
1685512307902	1685512307894	-10.276	-7.475	2.184	-0.225	0.042	0.303	-2.552	-10.585	3.385	126.975296	37.295891
1685512307912	1685512307904	-9.091	-7.307	2.124	-0.026	-0.013	0.187	-2.025	-10.637	3.587	126.975296	37.295891
1685512307924	1685512307912	-8.179	-7.082	2.047	0.183	-0.081	0.042	-1.037	-10.427	3.615	126.975296	37.295891
1685512307932	1685512307924	-7.807	-7.001	1.963	0.379	-0.136	-0.134	0.141	-10.276	3.553	126.975296	37.295891
1685512307943	1685512307933	-8.346	-6.893	1.973	0.533	-0.149	-0.381	1.053	-10.051	3.476	126.975296	37.295891
1685512307952	1685512307943	-9.440	-6.989	1.968	0.629	-0.128	-0.718	1.432	-9.950	3.390	126.975296	37.295891
1685512307963	1685512307952	-10.937	-7.171	1.956	0.696	-0.067	-1.086	0.905	-9.804	3.402	126.975296	37.295891
1685512307972	1685512307963	-12.318	-7.223	1.800	0.779	-0.004	-1.394	-0.165	-9.826	3.402	126.975296	37.295891
1685512307985	1685512307973	-13.362	-7.242	1.451	0.909	-0.007	-1.598	-1.630	-9.895	3.405	126.975296	37.295891
1685512307993	1685512307986	-13.906	-7.061	1.061	1.118	-0.068	-1.697	-2.976	-9.807	3.268	126.975296	37.295891
1685512308004	1685512307993	-14.025	-6.596	0.728	1.363	-0.160	-1.720	-3.979	-9.663	2.940	126.975296	37.295891
1685512308013	1685512308004	-14.114	-6.230	0.481	1.550	-0.264	-1.730	-4.475	-9.270	2.574	126.975296	37.295891
1685512308026	1685512308013	-14.040	-6.065	0.206	1.621	-0.354	-1.772	-4.563	-8.657	2.253	126.975296	37.295891
1685512308033	1685512308026	-13.860	-5.698	0.110	1.580	-0.417	-1.844	-4.614	-8.104	2.011	126.975296	37.295891
1685512308054	1685512308033	-13.087	-5.547	0.096	1.448	-0.469	-1.930	-4.503	-7.745	1.731	126.975296	37.295891
1685512308054	1685512308054	-12.244	-5.325	0.022	1.278	-0.542	-2.012	-4.288	-7.178	1.621	126.975296	37.295891
1685512308063	1685512308054	-11.332	-4.951	0.062	1.114	-0.628	-2.099	-3.481	-6.821	1.580	126.975296	37.295891
1685512308074	1685512308063	-10.573	-4.865	0.048	0.949	-0.691	-2.211	-2.602	-6.364	1.465	126.975296	37.295891
1685512308083	1685512308074	-9.974	-4.683	0.101	0.787	-0.726	-2.358	-1.664	-5.794	1.460	126.975296	37.295891
1685512308092	1685512308083	-9.522	-4.573	0.129	0.622	-0.742	-2.531	-0.881	-5.480	1.386	126.975296	37.295891
1685512308102	1685512308092	-9.254	-4.554	0.192	0.468	-0.755	-2.712	-0.261	-5.059	1.372	126.975296	37.295891
1685512308111	1685512308103	-8.971	-4.377	0.163	0.353	-0.756	-2.886	0.206	-4.671	1.324	126.975296	37.295891
1685512308121	1685512308111	-8.782	-4.341	0.101	0.281	-0.749	-3.045	0.481	-4.408	1.319	126.975296	37.295891
1685512308130	1685512308121	-8.792	-4.240	0.115	0.250	-0.729	-3.180	0.764	-3.917	1.209	126.975296	37.295891
1685512308140	1685512308130	-8.633	-4.106	-0.005	0.263	-0.696	-3.290	0.943	-3.613	1.080	126.975296	37.295891
1685512308150	1685512308140	-8.607	-4.096	-0.079	0.312	-0.668	-3.376	0.912	-3.201	1.020	126.975296	37.295891
1685512308162	1685512308150	-8.624	-3.965	-0.187	0.395	-0.637	-3.434	1.039	-2.746	0.831	126.975296	37.295891
1685512308170	1685512308162	-8.669	-3.790	-0.225	0.498	-0.601	-3.462	1.018	-2.406	0.687	126.975296	37.295891
1685512308181	1685512308170	-8.624	-3.651	-0.326	0.608	-0.571	-3.459	0.943	-1.942	0.510	126.975296	37.295891
1685512308190	1685512308182	-8.631	-3.455	-0.373	0.713	-0.541	-3.423	0.816	-1.401	0.397	126.975296	37.295891
1685512308200	1685512308190	-8.703	-3.306	-0.457	0.792	-0.509	-3.361	0.785	-0.958	0.230	126.975296	37.295891
1685512308210	1685512308200	-8.813	-3.215	-0.563	0.844	-0.464	-3.280	0.668	-0.390	0.098	126.975296	37.295891
1685512308221	1685512308210	-8.861	-3.026	-0.711	0.866	-0.425	-3.183	0.496	0.055	-0.057	126.975311	37.295887
1685512308230	1685512308221	-8.739	-2.935	-0.790	0.869	-0.412	-3.060	0.268	0.457	-0.239	126.975311	37.295887
1685512308243	1685512308230	-8.562	-2.772	-0.790	0.858	-0.403	-2.908	0.101	0.936	-0.460	126.975311	37.295887
1685512308250	1685512308243	-8.339	-2.617	-0.788	0.819	-0.409	-2.732	0.093	1.312	-0.615	126.975311	37.295887
1685512308260	1685512308250	-8.140	-2.605	-0.781	0.745	-0.408	-2.547	0.175	1.671	-0.670	126.975311	37.295887
1685512308271	1685512308261	-8.042	-2.562	-0.766	0.650	-0.401	-2.360	0.299	2.016	-0.723	126.975311	37.295887
1685512308283	1685512308271	-8.028	-2.622	-0.639	0.552	-0.393	-2.167	0.412	2.186	-0.764	126.975311	37.295887
1685512308292	1685512308283	-8.088	-2.619	-0.678	0.467	-0.371	-1.976	0.424	2.377	-0.792	126.975311	37.295887
1685512308302	1685512308292	-8.126	-2.691	-0.587	0.390	-0.351	-1.796	0.357	2.456	-0.709	126.975311	37.295887
1685512308312	1685512308303	-8.291	-2.746	-0.632	0.329	-0.332	-1.614	0.194	2.622	-0.800	126.975311	37.295887
1685512308322	1685512308312	-8.432	-2.602	-0.687	0.274	-0.309	-1.418	0.098	2.641	-0.737	126.975311	37.295887
1685512308333	1685512308323	-8.423	-2.559	-0.747	0.225	-0.293	-1.217	-0.136	2.693	-0.816	126.975311	37.295887
1685512308343	1685512308334	-8.404	-2.538	-0.723	0.182	-0.272	-1.008	-0.342	2.931	-0.905	126.975311	37.295887
1685512308354	1685512308344	-8.483	-2.519	-0.745	0.122	-0.259	-0.797	-0.385	3.050	-0.991	126.975311	37.295887
1685512308365	1685512308354	-8.756	-2.624	-0.745	0.027	-0.226	-0.590	-0.412	3.134	-0.991	126.975311	37.295887
1685512308373	1685512308365	-9.258	-2.801	-0.764	-0.093	-0.166	-0.389	-0.527	3.203	-1.037	126.975311	37.295887
1685512308386	1685512308374	-9.943	-3.021	-0.812	-0.193	-0.086	-0.178	-0.816	3.120	-1.046	126.975311	37.295887
1685512308394	1685512308387	-10.793	-3.012	-0.946	-0.266	0.004	0.049	-1.326	2.952	-1.063	126.975311	37.295887
1685512308403	1685512308394	-11.545	-3.096	-1.178	-0.318	0.090	0.296	-1.999	2.715	-1.094	126.975311	37.295887
1685512308411	1685512308403	-11.935	-3.160	-1.238	-0.367	0.166	0.574	-2.813	2.677	-1.192	126.975311	37.295887
1685512308422	1685512308411	-12.045	-3.199	-1.183	-0.425	0.228	0.900	-3.548	2.571	-1.401	126.975311	37.295887
1685512308432	1685512308422	-11.559	-3.390	-1.001	-0.487	0.263	1.263	-3.903	2.456	-1.425	126.975311	37.295887
1685512308447	1685512308432	-10.645	-3.603	-0.678	-0.564	0.292	1.630	-3.967	2.354	-1.331	126.975311	37.295887
1685512308451	1685512308447	-9.905	-3.898	-0.271	-0.646	0.334	1.960	-3.412	2.059	-1.101	126.975311	37.295887
1685512308461	1685512308451	-9.493	-4.465	0.213	-0.704	0.409	2.214	-2.409	1.714	-0.723	126.975311	37.295887
1685512308473	1685512308462	-9.524	-4.899	0.622	-0.690	0.541	2.376	-1.566	1.257	-0.254	126.975311	37.295887
1685512308483	1685512308473	-9.910	-5.262	1.073	-0.569	0.701	2.453	-1.041	0.503	0.297	126.975311	37.295887
1685512308491	1685512308483	-10.479	-5.454	1.377	-0.324	0.858	2.469	-0.936	-0.172	0.802	126.975311	37.295887
1685512308501	1685512308491	-11.217	-5.583	1.542	0.035	0.999	2.469	-1.231	-0.706	1.322	126.975311	37.295887
1685512308510	1685512308501	-11.971	-5.478	1.575	0.462	1.114	2.467	-1.683	-1.137	1.724	126.975311	37.295887
1685512308523	1685512308511	-12.416	-5.126	1.468	0.899	1.194	2.467	-2.332	-1.463	1.968	126.975311	37.295887
1685512308531	1685512308524	-12.414	-4.489	1.209	1.305	1.221	2.498	-2.993	-1.575	2.083	126.975311	37.295887
1685512308543	1685512308531	-12.060	-3.816	0.879	1.613	1.188	2.567	-3.349	-1.441	2.047	126.975311	37.295887
1685512308552	1685512308543	-11.473	-3.512	0.800	1.741	1.102	2.629	-3.251	-1.068	1.867	126.975311	37.295887
1685512308562	1685512308553	-10.918	-3.436	0.728	1.624	1.009	2.634	-2.835	-0.575	1.580	126.975311	37.295887
1685512308572	1685512308562	-10.317	-3.443	0.776	1.261	0.941	2.569	-2.167	-0.524	1.554	126.975311	37.295887
1685512308586	1685512308573	-9.747	-3.469	0.924	0.722	0.896	2.468	-1.549	-0.658	1.525	126.975311	37.295887
1685512308593	1685512308587	-9.122	-3.706	1.257	0.134	0.850	2.375	-0.881	-0.919	1.635	126.975311	37.295887
1685512308603	1685512308593	-8.432	-3.982	1.551	-0.398	0.793	2.292	-0.266	-1.149	1.844	126.975311	37.295887
1685512308615	1685512308603	-7.870	-4.233	1.815	-0.812	0.739	2.206	0.414	-1.678	2.277	126.975311	37.295887
1685512308625	1685512308615	-7.290	-4.451	1.978	-1.060	0.695	2.116	1.132	-2.133	2.638	126.975311	37.295887
1685512308635	1685512308625	-6.893	-4.566	2.114	-1.140	0.649	2.026	1.726	-2.605	2.988	126.975311	37.295887
1685512308656	1685512308636	-6.565	-4.630	2.102	-1.082	0.596	1.939	2.330	-3.041	3.232	126.975311	37.295887
1685512308656	1685512308656	-6.450	-4.439	1.975	-0.943	0.555	1.853	2.744	-3.364	3.448	126.975311	37.295887
1685512308663	1685512308657	-6.357	-4.324	1.757	-0.787	0.528	1.763	3.086	-3.632	3.505	126.975311	37.295887
1685512308672	1685512308663	-6.426	-4.238	1.638	-0.656	0.500	1.675	3.211	-3.651	3.445	126.975311	37.295887
1685512308685	1685512308672	-6.651	-4.051	1.592	-0.583	0.487	1.588	3.309	-3.699	3.278	126.975311	37.295887
1685512308693	1685512308686	-7.041	-4.039	1.551	-0.590	0.481	1.506	3.239	-3.785	3.211	126.975311	37.295887
1685512308705	1685512308693	-7.463	-4.140	1.532	-0.655	0.472	1.439	3.012	-3.761	3.215	126.975311	37.295887
1685512308714	1685512308705	-7.764	-4.362	1.451	-0.731	0.474	1.398	2.617	-3.922	3.227	126.975311	37.295887
1685512308724	1685512308714	-8.013	-4.484	1.458	-0.804	0.448	1.376	2.188	-4.156	3.249	126.975311	37.295887
1685512308733	1685512308724	-8.222	-4.566	1.508	-0.877	0.413	1.372	1.877	-4.542	3.215	126.975311	37.295887
1685512308743	1685512308734	-8.471	-4.697	1.525	-0.922	0.384	1.393	1.616	-4.796	3.261	126.975311	37.295887
1685512308753	1685512308744	-8.729	-4.841	1.580	-0.937	0.360	1.423	1.398	-5.006	3.335	126.975311	37.295887
1685512308766	1685512308753	-8.899	-4.891	1.638	-0.941	0.343	1.445	1.140	-5.260	3.366	126.975311	37.295887
1685512308774	1685512308766	-9.127	-5.001	1.666	-0.937	0.326	1.451	0.867	-5.557	3.450	126.975311	37.295887
1685512308785	1685512308774	-9.160	-5.069	1.697	-0.924	0.313	1.445	0.678	-5.765	3.534	126.975311	37.295887
1685512308794	1685512308786	-9.213	-5.049	1.669	-0.911	0.279	1.428	0.429	-6.048	3.587	126.975311	37.295887
1685512308803	1685512308794	-9.244	-5.150	1.604	-0.921	0.232	1.389	0.376	-6.254	3.634	126.975311	37.295887
1685512308814	1685512308803	-9.407	-5.171	1.633	-0.959	0.193	1.321	0.311	-6.347	3.591	126.975311	37.295887
1685512308826	1685512308814	-9.658	-5.203	1.647	-1.037	0.160	1.228	0.271	-6.536	3.512	126.975311	37.295887
1685512308836	1685512308826	-10.013	-5.521	1.733	-1.139	0.134	1.119	0.093	-6.665	3.527	126.975311	37.295887
1685512308844	1685512308836	-10.317	-5.763	1.815	-1.228	0.131	0.998	-0.170	-6.807	3.527	126.975311	37.295887
1685512308859	1685512308844	-10.520	-5.914	1.913	-1.282	0.127	0.881	-0.543	-7.250	3.598	126.975311	37.295887
1685512308864	1685512308859	-10.546	-6.029	1.992	-1.288	0.108	0.788	-0.867	-7.597	3.670	126.975311	37.295887
1685512308873	1685512308865	-10.446	-6.127	1.935	-1.235	0.082	0.724	-1.089	-7.855	3.757	126.975311	37.295887
1685512308886	1685512308873	-10.285	-6.206	1.937	-1.117	0.071	0.677	-1.132	-8.068	3.821	126.975311	37.295887
1685512308894	1685512308887	-10.125	-6.304	1.784	-0.959	0.054	0.629	-1.049	-8.258	3.745	126.975311	37.295887
1685512308903	1685512308894	-10.278	-6.182	1.712	-0.788	0.037	0.568	-0.905	-8.420	3.730	126.975311	37.295887
1685512308913	1685512308903	-10.834	-6.292	1.556	-0.634	0.035	0.487	-0.761	-8.610	3.558	126.975311	37.295887
1685512308924	1685512308914	-11.442	-6.337	1.664	-0.522	0.066	0.386	-0.927	-8.540	3.474	126.975311	37.295887
