1685512243851	1685512243851	-9.807	-3.093	-0.278	-0.401	0.203	1.831	-2.409	0.275	-1.966	126.974770	37.295532
1685512243851	1685512243851	-9.476	-3.294	-0.084	-0.473	0.169	2.142	-1.499	0.007	-1.779	126.974770	37.295532
1685512243858	1685512243851	-9.850	-3.469	0.251	-0.538	0.233	2.374	-0.546	-0.201	-1.693	126.974770	37.295532
1685512243870	1685512243858	-10.798	-3.608	0.421	-0.575	0.406	2.501	-0.153	-0.594	-1.470	126.974770	37.295532
1685512243879	1685512243870	-11.961	-3.699	0.508	-0.553	0.594	2.547	-0.462	-0.984	-1.099	126.974770	37.295532
1685512243889	1685512243879	-12.809	-3.874	0.412	-0.450	0.754	2.589	-1.346	-1.350	-0.876	126.974770	37.295532
1685512243899	1685512243890	-13.340	-3.929	0.196	-0.282	0.852	2.673	-2.437	-1.724	-0.709	126.974770	37.295532
1685512243908	1685512243899	-13.467	-3.728	0.098	-0.087	0.870	2.793	-3.237	-2.093	-0.740	126.974770	37.295532
1685512243918	1685512243908	-13.068	-3.754	0.115	0.073	0.799	2.931	-3.706	-2.452	-0.852	126.974770	37.295532
1685512243929	1685512243918	-12.447	-3.843	0.180	0.162	0.684	3.082	-3.795	-2.466	-0.881	126.974770	37.295532
1685512243937	1685512243929	-11.765	-3.967	0.292	0.186	0.573	3.239	-3.352	-2.806	-0.781	126.974770	37.295532
1685512243948	1685512243938	-11.157	-3.905	0.412	0.166	0.481	3.372	-2.703	-3.165	-0.656	126.974770	37.295532
1685512243958	1685512243948	-10.484	-3.797	0.634	0.117	0.425	3.455	-1.997	-3.670	-0.479	126.974770	37.295532
1685512243968	1685512243958	-9.855	-3.689	0.862	0.039	0.396	3.482	-1.381	-3.874	-0.321	126.974770	37.295532
1685512243977	1685512243968	-9.246	-3.467	1.058	-0.073	0.376	3.457	-0.711	-4.137	-0.053	126.974770	37.295532
1685512243990	1685512243978	-8.598	-3.345	1.132	-0.225	0.364	3.390	-0.093	-4.336	0.208	126.974770	37.295532
1685512243997	1685512243990	-8.250	-3.175	1.283	-0.398	0.373	3.297	0.484	-4.484	0.443	126.974770	37.295532
1685512244008	1685512243998	-7.903	-3.199	1.238	-0.585	0.397	3.183	1.099	-4.657	0.548	126.974770	37.295532
1685512244018	1685512244008	-7.657	-3.349	1.226	-0.773	0.420	3.048	1.384	-4.899	0.737	126.974770	37.295532
1685512244028	1685512244018	-7.630	-3.505	1.197	-0.951	0.442	2.900	1.686	-5.164	0.713	126.974770	37.295532
1685512244039	1685512244028	-7.717	-3.730	1.168	-1.098	0.457	2.757	1.870	-5.602	0.725	126.974770	37.295532
1685512244050	1685512244039	-7.975	-4.027	1.228	-1.203	0.464	2.629	1.829	-6.031	0.716	126.974770	37.295532
1685512244058	1685512244050	-8.394	-4.104	1.233	-1.262	0.478	2.511	1.674	-6.510	0.702	126.974770	37.295532
1685512244068	1685512244058	-8.882	-3.982	1.166	-1.283	0.497	2.392	1.341	-7.049	0.769	126.974770	37.295532
1685512244079	1685512244068	-9.184	-4.053	0.989	-1.286	0.505	2.286	0.836	-7.374	0.781	126.974770	37.295532
1685512244089	1685512244079	-9.270	-4.087	0.761	-1.306	0.461	2.217	0.306	-7.365	0.706	126.974770	37.295532
1685512244099	1685512244089	-9.469	-4.173	0.644	-1.354	0.374	2.178	-0.041	-7.563	0.522	126.974770	37.295532
1685512244109	1685512244100	-9.495	-4.293	0.433	-1.412	0.293	2.136	-0.177	-7.724	0.280	126.974770	37.295532
1685512244118	1685512244109	-9.565	-4.482	0.383	-1.471	0.226	2.085	-0.438	-7.958	0.139	126.974770	37.295532
1685512244128	1685512244118	-9.639	-4.638	0.383	-1.521	0.164	2.037	-0.515	-8.191	-0.101	126.974770	37.295532
1685512244137	1685512244128	-9.622	-4.697	0.426	-1.552	0.130	1.980	-0.675	-8.576	-0.194	126.974770	37.295532
1685512244148	1685512244138	-9.637	-4.772	0.496	-1.564	0.105	1.921	-0.824	-8.885	-0.237	126.974770	37.295532
1685512244158	1685512244148	-9.452	-4.800	0.472	-1.569	0.077	1.862	-0.879	-9.081	-0.251	126.974770	37.295532
1685512244169	1685512244158	-9.297	-4.958	0.443	-1.572	0.054	1.804	-0.965	-9.290	-0.242	126.974770	37.295532
1685512244178	1685512244169	-9.285	-5.090	0.524	-1.575	0.042	1.745	-0.860	-9.452	-0.333	126.974770	37.295532
1685512244189	1685512244178	-9.495	-5.361	0.730	-1.570	0.051	1.669	-0.781	-9.740	-0.431	126.974770	37.295532
1685512244198	1685512244189	-9.886	-5.622	0.888	-1.532	0.112	1.572	-0.857	-10.010	-0.429	126.974770	37.295532
1685512244208	1685512244198	-10.051	-5.693	1.044	-1.440	0.199	1.469	-1.140	-10.386	-0.290	126.974770	37.295532
1685512244218	1685512244208	-10.080	-5.782	0.998	-1.297	0.275	1.377	-1.616	-10.774	-0.208	126.974770	37.295532
1685512244229	1685512244218	-9.826	-5.875	1.073	-1.118	0.310	1.313	-1.848	-10.939	-0.103	126.974770	37.295532
1685512244238	1685512244229	-9.488	-5.995	1.073	-0.929	0.303	1.272	-1.946	-11.126	-0.196	126.974770	37.295532
1685512244253	1685512244238	-9.234	-6.000	0.893	-0.748	0.279	1.221	-1.760	-11.313	-0.156	126.974747	37.295532
1685512244258	1685512244253	-9.440	-5.933	0.639	-0.584	0.270	1.137	-1.494	-11.530	-0.187	126.974747	37.295532
1685512244268	1685512244258	-10.015	-6.007	0.611	-0.442	0.292	1.024	-1.298	-11.614	-0.383	126.974747	37.295532
1685512244278	1685512244268	-11.083	-6.187	0.668	-0.338	0.346	0.876	-1.566	-11.631	-0.649	126.974747	37.295532
1685512244290	1685512244278	-12.208	-6.452	0.733	-0.254	0.428	0.696	-2.195	-11.779	-0.680	126.974747	37.295532
1685512244298	1685512244292	-13.036	-6.785	1.039	-0.153	0.512	0.506	-3.309	-12.024	-0.615	126.974747	37.295532
1685512244308	1685512244299	-13.053	-7.068	1.671	-0.023	0.539	0.348	-4.470	-12.340	-0.532	126.974747	37.295532
1685512244318	1685512244308	-12.146	-7.264	2.011	0.149	0.485	0.257	-5.327	-12.718	-0.189	126.974747	37.295532
1685512244328	1685512244318	-10.767	-7.113	1.918	0.395	0.367	0.231	-5.356	-13.022	0.474	126.974747	37.295532
1685512244338	1685512244328	-9.728	-6.701	1.575	0.684	0.187	0.226	-4.458	-13.240	0.860	126.974747	37.295532
1685512244349	1685512244338	-9.651	-6.584	1.355	0.908	0.011	0.156	-3.089	-13.111	0.819	126.974747	37.295532
1685512244358	1685512244349	-10.637	-6.558	1.161	1.025	-0.023	-0.049	-2.059	-12.723	0.532	126.974747	37.295532
1685512244368	1685512244358	-12.122	-6.596	1.020	1.101	0.088	-0.374	-1.992	-12.627	0.366	126.974747	37.295532
1685512244378	1685512244368	-13.719	-6.476	0.730	1.186	0.214	-0.724	-2.976	-12.608	0.239	126.974747	37.295532
1685512244389	1685512244378	-14.693	-6.299	0.479	1.280	0.239	-1.025	-4.439	-12.629	0.163	126.974747	37.295532
1685512244398	1685512244390	-15.162	-6.065	0.120	1.357	0.133	-1.272	-5.993	-12.462	-0.036	126.974747	37.295532
1685512244409	1685512244398	-15.110	-5.811	-0.227	1.370	-0.083	-1.484	-6.905	-12.215	-0.194	126.974747	37.295532
1685512244419	1685512244409	-14.748	-5.571	-0.371	1.317	-0.321	-1.684	-7.290	-11.880	-0.455	126.974747	37.295532
1685512244429	1685512244420	-14.169	-5.260	-0.395	1.219	-0.527	-1.870	-7.161	-11.528	-0.735	126.974747	37.295532
1685512244438	1685512244429	-13.513	-4.985	-0.290	1.102	-0.689	-2.046	-6.697	-11.147	-0.826	126.974747	37.295532
1685512244450	1685512244438	-12.821	-4.599	-0.290	0.960	-0.833	-2.236	-6.026	-10.704	-0.828	126.974747	37.295532
1685512244458	1685512244450	-12.249	-4.391	-0.175	0.798	-0.922	-2.454	-5.265	-10.264	-0.721	126.974747	37.295532
1685512244470	1685512244458	-11.765	-3.996	-0.022	0.639	-0.930	-2.691	-4.458	-9.699	-0.740	126.974747	37.295532
1685512244478	1685512244470	-11.377	-3.800	0.050	0.501	-0.889	-2.943	-3.768	-9.287	-0.663	126.974747	37.295532
1685512244489	1685512244478	-11.061	-3.646	0.163	0.381	-0.830	-3.202	-3.160	-8.665	-0.558	126.974747	37.295532
1685512244500	1685512244489	-10.788	-3.634	0.096	0.276	-0.757	-3.453	-2.631	-8.191	-0.546	126.974747	37.295532
1685512244510	1685512244500	-10.613	-3.613	0.086	0.181	-0.681	-3.685	-2.198	-7.786	-0.484	126.974747	37.295532
1685512244518	1685512244510	-10.472	-3.565	0.012	0.104	-0.606	-3.891	-1.779	-7.436	-0.613	126.974747	37.295532
1685512244532	1685512244518	-10.434	-3.630	-0.110	0.053	-0.541	-4.070	-1.487	-7.116	-0.673	126.974747	37.295532
1685512244538	1685512244532	-10.324	-3.634	-0.235	0.059	-0.479	-4.205	-1.221	-6.711	-0.800	126.974747	37.295532
1685512244548	1685512244538	-10.118	-3.508	-0.316	0.117	-0.423	-4.307	-1.068	-6.397	-0.970	126.974747	37.295532
1685512244558	1685512244549	-10.053	-3.663	-0.390	0.217	-0.374	-4.373	-0.845	-5.966	-1.144	126.974747	37.295532
1685512244568	1685512244559	-9.888	-3.505	-0.515	0.359	-0.326	-4.404	-0.558	-5.471	-1.259	126.974747	37.295532
1685512244578	1685512244569	-9.821	-3.438	-0.601	0.538	-0.281	-4.408	-0.421	-5.210	-1.365	126.974747	37.295532
1685512244591	1685512244579	-9.730	-3.306	-0.558	0.733	-0.241	-4.381	-0.201	-4.628	-1.516	126.974747	37.295532
1685512244598	1685512244591	-9.620	-3.158	-0.541	0.927	-0.204	-4.324	-0.096	-4.140	-1.626	126.974747	37.295532
1685512244609	1685512244598	-9.445	-2.976	-0.534	1.109	-0.178	-4.239	0.012	-3.589	-1.602	126.974747	37.295532
1685512244620	1685512244609	-9.388	-2.732	-0.460	1.267	-0.166	-4.129	0.122	-2.945	-1.609	126.974747	37.295532
1685512244629	1685512244620	-9.258	-2.674	-0.424	1.393	-0.162	-3.998	0.283	-2.442	-1.618	126.974747	37.295532
1685512244638	1685512244629	-9.210	-2.540	-0.412	1.478	-0.169	-3.847	0.309	-1.812	-1.571	126.974747	37.295532
1685512244651	1685512244639	-9.182	-2.320	-0.431	1.523	-0.178	-3.674	0.390	-1.384	-1.566	126.974747	37.295532
1685512244660	1685512244652	-9.088	-2.337	-0.362	1.528	-0.177	-3.481	0.373	-0.860	-1.595	126.974747	37.295532
1685512244669	1685512244660	-8.985	-2.227	-0.287	1.508	-0.176	-3.264	0.340	-0.333	-1.642	126.974747	37.295532
1685512244679	1685512244669	-8.871	-2.054	-0.304	1.456	-0.184	-3.031	0.340	0.031	-1.607	126.974747	37.295532
1685512244690	1685512244680	-8.772	-1.999	-0.256	1.377	-0.202	-2.784	0.381	0.378	-1.539	126.974747	37.295532
1685512244702	1685512244691	-8.619	-1.846	-0.235	1.273	-0.217	-2.522	0.409	0.838	-1.568	126.974747	37.295532
1685512244715	1685512244702	-8.533	-1.858	-0.163	1.147	-0.232	-2.247	0.443	1.097	-1.516	126.974747	37.295532
1685512244722	1685512244715	-8.365	-1.796	-0.136	1.009	-0.235	-1.968	0.512	1.480	-1.501	126.974747	37.295532
1685512244743	1685512244722	-8.317	-1.709	-0.136	0.866	-0.224	-1.697	0.560	1.583	-1.405	126.974747	37.295532
1685512244744	1685512244743	-8.358	-1.717	-0.108	0.717	-0.224	-1.426	0.666	1.803	-1.391	126.974747	37.295532
1685512244751	1685512244744	-8.478	-1.765	-0.184	0.566	-0.214	-1.153	0.682	1.968	-1.386	126.974747	37.295532
1685512244761	1685512244751	-8.693	-1.681	-0.139	0.428	-0.177	-0.892	0.599	2.059	-1.374	126.974747	37.295532
1685512244772	1685512244762	-8.854	-1.678	-0.215	0.294	-0.143	-0.639	0.453	2.071	-1.460	126.974747	37.295532
1685512244780	1685512244772	-9.306	-1.630	-0.177	0.160	-0.123	-0.378	0.208	2.212	-1.427	126.974747	37.295532
1685512244792	1685512244781	-9.974	-1.745	-0.158	0.023	-0.072	-0.110	0.038	2.241	-1.506	126.974747	37.295532
1685512244801	1685512244793	-10.815	-2.047	-0.302	-0.111	0.020	0.159	-0.419	2.303	-1.468	126.974747	37.295532
1685512244812	1685512244802	-11.674	-2.313	-0.429	-0.228	0.131	0.445	-1.075	2.167	-1.429	126.974747	37.295532
1685512244822	1685512244812	-11.957	-2.569	-0.505	-0.325	0.228	0.772	-1.887	1.810	-1.535	126.974747	37.295532
1685512244835	1685512244822	-11.645	-3.036	-0.335	-0.417	0.265	1.158	-2.729	1.511	-1.642	126.974747	37.295532
1685512244841	1685512244835	-10.922	-3.259	-0.146	-0.501	0.252	1.582	-2.981	1.190	-1.686	126.974747	37.295532
1685512244850	1685512244842	-10.348	-3.223	0.067	-0.566	0.225	1.995	-2.624	0.622	-1.477	126.974747	37.295532
1685512244860	1685512244850	-10.211	-3.371	0.402	-0.613	0.222	2.347	-1.834	0.249	-1.243	126.974747	37.295532
1685512244870	1685512244860	-10.776	-3.529	0.663	-0.635	0.309	2.617	-1.195	0.127	-0.994	126.974747	37.295532
1685512244880	1685512244870	-11.708	-3.639	0.840	-0.634	0.489	2.789	-0.982	-0.227	-0.618	126.974747	37.295532
1685512244892	1685512244880	-12.622	-3.943	0.804	-0.596	0.672	2.880	-1.463	-0.622	-0.309	126.974747	37.295532
1685512244899	1685512244892	-13.431	-3.926	0.678	-0.490	0.822	2.944	-2.313	-0.989	-0.069	126.974747	37.295532
1685512244912	1685512244899	-13.803	-3.733	0.335	-0.325	0.915	3.024	-3.151	-1.559	-0.026	126.974747	37.295532
1685512244920	1685512244912	-13.585	-3.541	0.139	-0.172	0.889	3.112	-3.874	-1.875	-0.045	126.974747	37.295532
1685512244933	1685512244920	-12.804	-3.500	0.084	-0.070	0.762	3.198	-4.192	-1.911	-0.314	126.974747	37.295532
1685512244939	1685512244933	-11.887	-3.543	0.041	-0.037	0.594	3.282	-3.917	-2.018	-0.421	126.974747	37.295532
1685512244951	1685512244939	-11.119	-3.613	0.089	-0.078	0.418	3.357	-3.089	-2.286	-0.402	126.974747	37.295532
1685512244959	1685512244951	-10.355	-3.644	0.302	-0.160	0.276	3.411	-2.133	-2.648	-0.385	126.974747	37.295532
1685512244969	1685512244959	-9.632	-3.584	0.692	-0.247	0.206	3.422	-1.338	-3.045	-0.297	126.974747	37.295532
1685512244979	1685512244969	-9.129	-3.529	0.965	-0.342	0.188	3.383	-0.560	-3.443	-0.053	126.974747	37.295532
1685512244991	1685512244979	-8.607	-3.280	1.235	-0.445	0.177	3.315	0.163	-3.685	0.352	126.974747	37.295532
1685512245000	1685512244991	-8.181	-3.225	1.358	-0.568	0.169	3.231	0.658	-3.960	0.644	126.974747	37.295532
1685512245011	1685512245000	-7.827	-3.290	1.516	-0.711	0.166	3.141	1.161	-4.034	0.929	126.974747	37.295532
1685512245020	1685512245011	-7.669	-3.462	1.460	-0.855	0.172	3.049	1.556	-4.324	1.063	126.974747	37.295532
1685512245032	1685512245021	-7.661	-3.558	1.578	-0.976	0.213	2.954	1.875	-4.662	1.228	126.974747	37.295532
1685512245041	1685512245032	-7.877	-3.730	1.439	-1.073	0.258	2.861	1.982	-5.157	1.176	126.974747	37.295532
1685512245053	1685512245041	-8.152	-3.828	1.317	-1.153	0.263	2.779	1.942	-5.504	1.295	126.974747	37.295532
1685512245062	1685512245053	-8.444	-3.766	1.190	-1.224	0.248	2.701	1.666	-5.950	1.159	126.974747	37.295532
1685512245074	1685512245063	-8.720	-4.034	1.106	-1.310	0.214	2.629	1.326	-6.309	1.037	126.974747	37.295532
1685512245081	1685512245075	-9.079	-3.986	0.936	-1.403	0.166	2.566	0.965	-6.498	0.900	126.974747	37.295532
1685512245095	1685512245083	-9.383	-4.068	0.828	-1.495	0.115	2.501	0.639	-6.929	0.788	126.974747	37.295532
1685512245100	1685512245096	-9.673	-4.298	0.816	-1.582	0.057	2.437	0.223	-7.063	0.577	126.974747	37.295532
1685512245115	1685512245103	-9.950	-4.408	0.785	-1.660	-0.011	2.390	-0.127	-7.276	0.426	126.974747	37.295532
1685512245121	1685512245116	-10.123	-4.463	0.721	-1.726	-0.075	2.352	-0.481	-7.683	0.354	126.974747	37.295532
1685512245136	1685512245121	-10.218	-4.597	0.637	-1.780	-0.132	2.313	-0.814	-7.930	0.266	126.974747	37.295532
1685512245142	1685512245136	-10.345	-4.867	0.579	-1.823	-0.192	2.269	-1.073	-8.191	0.132	126.974747	37.295532
1685512245150	1685512245142	-10.223	-4.867	0.634	-1.858	-0.233	2.219	-1.259	-8.521	-0.031	126.974747	37.295532
1685512245162	1685512245150	-10.159	-5.049	0.730	-1.894	-0.261	2.164	-1.487	-9.000	-0.187	126.974747	37.295532
1685512245169	1685512245162	-9.960	-5.088	0.788	-1.924	-0.280	2.103	-1.451	-9.163	-0.223	126.974747	37.295532
1685512245180	1685512245170	-9.948	-5.104	0.773	-1.938	-0.286	2.029	-1.484	-9.515	-0.232	126.974747	37.295532
1685512245191	1685512245180	-10.001	-5.222	0.785	-1.935	-0.269	1.938	-1.384	-9.716	-0.285	126.974747	37.295532
1685512245199	1685512245192	-10.053	-5.229	0.759	-1.927	-0.238	1.826	-1.470	-9.883	-0.417	126.974747	37.295532
1685512245209	1685512245199	-10.197	-5.365	0.857	-1.917	-0.199	1.697	-1.621	-10.139	-0.520	126.974747	37.295532
1685512245219	1685512245209	-10.408	-5.411	0.927	-1.888	-0.160	1.563	-1.786	-10.297	-0.685	126.974747	37.295532
1685512245229	1685512245219	-10.444	-5.557	1.003	-1.809	-0.115	1.432	-2.002	-10.523	-0.680	126.974747	37.295532
1685512245239	1685512245229	-10.386	-5.619	1.020	-1.682	-0.068	1.316	-2.296	-10.666	-0.721	126.974747	37.295532
1685512245255	1685512245239	-10.228	-5.734	1.068	-1.515	-0.024	1.217	-2.409	-10.898	-0.749	126.974716	37.295544
1685512245259	1685512245255	-10.144	-5.895	0.989	-1.326	0.024	1.123	-2.425	-11.035	-0.828	126.974716	37.295544
1685512245270	1685512245259	-10.168	-5.947	0.934	-1.125	0.077	1.023	-2.332	-11.217	-0.864	126.974716	37.295544
1685512245280	1685512245270	-10.475	-5.916	0.800	-0.920	0.126	0.915	-2.318	-11.447	-1.022	126.974716	37.295544
1685512245291	1685512245281	-11.078	-5.993	0.778	-0.738	0.167	0.804	-2.389	-11.550	-1.128	126.974716	37.295544
1685512245299	1685512245291	-11.875	-6.237	0.919	-0.580	0.224	0.679	-2.746	-11.571	-1.305	126.974716	37.295544
1685512245311	1685512245299	-12.378	-6.314	0.922	-0.428	0.299	0.541	-3.393	-11.693	-1.355	126.974716	37.295544
1685512245320	1685512245311	-12.282	-6.316	1.087	-0.290	0.360	0.418	-4.226	-11.981	-1.231	126.974716	37.295544
1685512245330	1685512245320	-11.703	-6.524	1.302	-0.188	0.374	0.332	-4.752	-12.088	-1.231	126.974716	37.295544
1685512245340	1685512245330	-10.649	-6.680	1.389	-0.111	0.351	0.266	-4.676	-12.119	-1.053	126.974716	37.295544
1685512245352	1685512245340	-9.716	-6.567	1.377	-0.017	0.312	0.187	-4.106	-12.345	-0.824	126.974716	37.295544
1685512245361	1685512245352	-9.110	-6.378	1.022	0.106	0.257	0.083	-3.060	-12.519	-0.716	126.974716	37.295544
1685512245372	1685512245361	-9.251	-6.311	0.804	0.236	0.219	-0.068	-2.131	-12.421	-0.706	126.974716	37.295544
1685512245381	1685512245373	-10.048	-6.194	0.730	0.359	0.258	-0.303	-1.523	-12.242	-1.032	126.974716	37.295544
1685512245394	1685512245382	-11.102	-6.357	0.515	0.481	0.358	-0.615	-1.657	-12.172	-1.223	126.974716	37.295544
1685512245402	1685512245394	-12.373	-6.390	0.311	0.624	0.473	-0.953	-2.428	-12.036	-1.247	126.974716	37.295544
1685512245412	1685512245402	-13.405	-6.464	0.055	0.799	0.553	-1.257	-3.448	-12.170	-1.420	126.974716	37.295544
1685512245424	1685512245412	-14.114	-6.409	-0.316	0.999	0.557	-1.494	-4.642	-12.129	-1.537	126.974716	37.295544
1685512245435	1685512245424	-14.368	-6.314	-0.572	1.213	0.508	-1.664	-5.610	-12.136	-1.721	126.974716	37.295544
1685512245442	1685512245436	-14.035	-6.297	-0.694	1.416	0.409	-1.781	-6.215	-11.971	-1.982	126.974716	37.295544
1685512245453	1685512245443	-13.254	-5.926	-0.675	1.585	0.260	-1.866	-6.369	-11.763	-2.131	126.974716	37.295544
1685512245464	1685512245454	-12.505	-5.528	-0.572	1.708	0.087	-1.943	-5.923	-11.612	-2.133	126.974716	37.295544
1685512245474	1685512245466	-11.779	-5.076	-0.352	1.774	-0.065	-2.048	-5.061	-11.138	-2.030	126.974716	37.295544
1685512245485	1685512245475	-11.394	-4.642	-0.163	1.791	-0.145	-2.210	-4.202	-10.587	-1.824	126.974716	37.295544
1685512245497	1685512245486	-11.179	-4.120	0.072	1.767	-0.160	-2.420	-3.373	-9.986	-1.520	126.974716	37.295544
1685512245503	1685512245498	-10.968	-3.742	0.251	1.707	-0.151	-2.656	-2.883	-9.385	-1.257	126.974716	37.295544
1685512245522	1685512245504	-10.716	-3.419	0.328	1.604	-0.148	-2.897	-2.557	-8.674	-0.955	126.974716	37.295544
1685512245523	1685512245522	-10.448	-3.290	0.378	1.458	-0.154	-3.131	-2.207	-8.040	-0.699	126.974716	37.295544
1685512245554	1685512245523	-10.254	-3.235	0.311	1.282	-0.164	-3.356	-1.860	-7.523	-0.579	126.974716	37.295544
1685512245555	1685512245555	-10.065	-3.139	0.254	1.098	-0.164	-3.567	-1.468	-7.128	-0.486	126.974716	37.295544
1685512245556	1685512245556	-10.046	-3.266	0.110	0.932	-0.153	-3.758	-1.152	-6.780	-0.520	126.974716	37.295544
1685512245562	1685512245556	-10.022	-3.340	-0.053	0.808	-0.134	-3.914	-0.843	-6.366	-0.555	126.974716	37.295544
1685512245573	1685512245562	-9.972	-3.371	-0.110	0.745	-0.109	-4.035	-0.711	-6.151	-0.685	126.974716	37.295544
1685512245582	1685512245574	-9.950	-3.323	-0.144	0.744	-0.081	-4.118	-0.572	-5.827	-0.838	126.974716	37.295544
1685512245594	1685512245583	-9.917	-3.273	-0.321	0.790	-0.068	-4.167	-0.438	-5.521	-0.888	126.974716	37.295544
1685512245603	1685512245595	-9.802	-3.266	-0.323	0.872	-0.059	-4.188	-0.335	-5.083	-0.915	126.974716	37.295544
1685512245614	1685512245604	-9.723	-3.172	-0.424	0.972	-0.044	-4.173	-0.237	-4.638	-1.087	126.974716	37.295544
1685512245623	1685512245615	-9.625	-3.129	-0.407	1.074	-0.037	-4.126	-0.072	-4.190	-1.085	126.974716	37.295544
1685512245633	1685512245623	-9.498	-3.062	-0.333	1.174	-0.038	-4.044	0.034	-3.737	-1.183	126.974716	37.295544
1685512245643	1685512245633	-9.323	-2.866	-0.290	1.277	-0.035	-3.933	0.146	-3.259	-1.166	126.974716	37.295544
1685512245653	1685512245643	-9.266	-2.789	-0.184	1.374	-0.037	-3.792	0.273	-2.844	-1.094	126.974716	37.295544
1685512245663	1685512245653	-9.201	-2.660	-0.199	1.450	-0.046	-3.624	0.431	-2.274	-1.061	126.974716	37.295544
1685512245675	1685512245664	-9.163	-2.622	-0.120	1.495	-0.056	-3.432	0.460	-1.836	-0.970	126.974716	37.295544
1685512245683	1685512245675	-8.983	-2.444	0.050	1.522	-0.057	-3.222	0.481	-1.358	-0.998	126.974716	37.295544
1685512245695	1685512245684	-8.823	-2.471	0.134	1.533	-0.067	-2.990	0.467	-0.979	-0.931	126.974716	37.295544
1685512245704	1685512245695	-8.624	-2.296	0.127	1.525	-0.098	-2.739	0.579	-0.455	-0.778	126.974716	37.295544
1685512245712	1685512245704	-8.533	-2.193	0.050	1.500	-0.115	-2.490	0.680	-0.218	-0.702	126.974716	37.295544
1685512245722	1685512245713	-8.456	-2.076	0.045	1.442	-0.123	-2.246	0.807	0.237	-0.725	126.974716	37.295544
1685512245742	1685512245722	-8.382	-2.018	0.148	1.349	-0.147	-1.996	0.840	0.543	-0.809	126.974716	37.295544
1685512245743	1685512245743	-8.394	-2.004	0.151	1.239	-0.158	-1.741	0.860	0.850	-0.819	126.974716	37.295544
1685512245757	1685512245747	-8.559	-1.808	0.146	1.130	-0.156	-1.493	0.881	1.065	-0.728	126.974716	37.295544
1685512245763	1685512245757	-8.657	-1.650	0.022	1.013	-0.165	-1.255	0.819	1.223	-0.749	126.974716	37.295544
1685512245773	1685512245763	-8.892	-1.654	-0.055	0.869	-0.167	-1.023	0.618	1.511	-0.771	126.974716	37.295544
1685512245783	1685512245773	-9.275	-1.571	-0.194	0.711	-0.156	-0.789	0.488	1.748	-0.919	126.974716	37.295544
1685512245796	1685512245785	-9.795	-1.484	-0.333	0.531	-0.140	-0.555	0.230	1.803	-1.018	126.974716	37.295544
1685512245803	1685512245796	-10.556	-1.702	-0.486	0.326	-0.119	-0.309	-0.168	1.923	-1.171	126.974716	37.295544
1685512245813	1685512245803	-11.463	-1.954	-0.577	0.114	-0.055	-0.042	-0.692	2.018	-1.314	126.974716	37.295544
1685512245823	1685512245813	-12.136	-2.464	-0.690	-0.082	0.055	0.253	-1.446	1.788	-1.463	126.974716	37.295544
1685512245835	1685512245824	-12.076	-2.761	-0.534	-0.264	0.149	0.585	-2.330	1.480	-1.516	126.974716	37.295544
1685512245841	1685512245835	-11.432	-3.043	-0.271	-0.430	0.170	0.969	-2.993	0.946	-1.621	126.974716	37.295544
1685512245853	1685512245842	-10.602	-3.266	0.048	-0.567	0.126	1.388	-2.911	0.599	-1.441	126.974716	37.295544
1685512245863	1685512245855	-9.855	-3.510	0.709	-0.654	0.090	1.792	-2.234	0.230	-1.149	126.974716	37.295544
1685512245871	1685512245863	-9.847	-3.639	1.164	-0.683	0.160	2.129	-1.358	-0.113	-0.800	126.974716	37.295544
1685512245882	1685512245872	-10.137	-3.821	1.516	-0.662	0.338	2.375	-0.548	-0.534	-0.108	126.974716	37.295544
1685512245892	1685512245882	-10.836	-3.979	1.788	-0.586	0.556	2.529	-0.486	-0.838	0.376	126.974716	37.295544
1685512245901	1685512245893	-11.751	-4.166	1.784	-0.439	0.773	2.624	-0.709	-1.238	0.778	126.974716	37.295544
1685512245911	1685512245901	-12.742	-4.257	1.544	-0.217	0.974	2.709	-1.341	-1.630	1.118	126.974716	37.295544
1685512245920	1685512245912	-13.599	-4.185	1.322	0.065	1.151	2.794	-2.186	-2.090	1.204	126.974716	37.295544
1685512245932	1685512245920	-14.205	-3.974	0.860	0.367	1.267	2.867	-3.127	-2.413	1.053	126.974716	37.295544
1685512245940	1685512245932	-14.459	-3.812	0.318	0.639	1.280	2.939	-3.926	-2.638	0.950	126.974716	37.295544
1685512245950	1685512245940	-14.396	-3.809	-0.050	0.834	1.222	3.036	-4.492	-2.679	0.596	126.974716	37.295544
1685512245960	1685512245951	-13.980	-3.740	-0.163	0.932	1.123	3.152	-4.709	-2.804	0.170	126.974716	37.295544
1685512245971	1685512245961	-13.417	-3.730	0.010	0.946	0.999	3.252	-4.618	-3.098	-0.084	126.974716	37.295544
1685512245980	1685512245971	-12.493	-3.558	0.290	0.916	0.867	3.310	-4.185	-3.338	-0.091	126.974716	37.295544
1685512245994	1685512245980	-11.559	-3.486	0.773	0.855	0.722	3.326	-3.615	-3.646	0.175	126.974716	37.295544
1685512246002	1685512245994	-10.616	-3.318	1.156	0.755	0.577	3.306	-2.696	-3.828	0.548	126.974716	37.295544
1685512246011	1685512246002	-9.752	-3.105	1.575	0.628	0.458	3.247	-1.776	-4.046	1.099	126.974716	37.295544
1685512246021	1685512246011	-9.091	-2.935	1.944	0.467	0.378	3.140	-0.862	-4.231	1.551	126.974716	37.295544
1685512246032	1685512246021	-8.574	-2.732	2.162	0.286	0.349	2.990	-0.031	-4.300	2.016	126.974716	37.295544
1685512246042	1685512246032	-8.143	-2.500	2.112	0.099	0.375	2.800	0.584	-4.434	2.428	126.974716	37.295544
1685512246052	1685512246043	-7.841	-2.334	2.011	-0.100	0.406	2.594	1.051	-4.515	2.684	126.974716	37.295544
1685512246063	1685512246052	-7.573	-2.322	1.844	-0.351	0.403	2.386	1.420	-4.580	2.677	126.974716	37.295544
1685512246074	1685512246063	-7.276	-2.406	1.592	-0.650	0.374	2.186	1.669	-4.638	2.607	126.974716	37.295544
1685512246083	1685512246074	-7.140	-2.684	1.441	-0.946	0.329	1.996	1.877	-4.853	2.471	126.974716	37.295544
1685512246095	1685512246083	-7.068	-2.732	1.358	-1.190	0.282	1.830	2.114	-5.148	2.236	126.974716	37.295544
1685512246101	1685512246096	-7.197	-2.907	1.341	-1.394	0.237	1.698	2.191	-5.619	2.090	126.974716	37.295544
1685512246112	1685512246102	-7.238	-3.187	1.365	-1.586	0.186	1.599	2.205	-5.844	1.997	126.974716	37.295544
1685512246122	1685512246119	-7.372	-3.371	1.410	-1.732	0.142	1.526	2.004	-6.235	1.949	126.974716	37.295544
1685512246137	1685512246123	-7.381	-3.440	1.420	-1.822	0.095	1.475	1.925	-6.625	1.949	126.974716	37.295544
1685512246141	1685512246137	-7.537	-3.668	1.468	-1.872	0.038	1.453	1.738	-6.950	1.935	126.974716	37.295544
1685512246152	1685512246148	-7.810	-3.728	1.417	-1.883	-0.001	1.458	1.681	-7.149	1.891	126.974716	37.295544
1685512246161	1685512246153	-8.088	-3.795	1.369	-1.852	0.006	1.473	1.465	-7.530	1.865	126.974716	37.295544
1685512246171	1685512246161	-8.294	-4.053	1.444	-1.813	0.020	1.502	1.140	-7.714	1.748	126.974716	37.295544
1685512246180	1685512246171	-8.396	-4.247	1.460	-1.757	0.004	1.550	0.790	-7.946	1.611	126.974716	37.295544
1685512246192	1685512246181	-8.291	-4.302	1.458	-1.676	-0.027	1.615	0.527	-8.327	1.618	126.974716	37.295544
1685512246200	1685512246192	-8.011	-4.381	1.384	-1.582	-0.067	1.691	0.357	-8.660	1.559	126.974716	37.295544
1685512246212	1685512246201	-7.870	-4.350	1.343	-1.493	-0.116	1.767	0.405	-8.830	1.472	126.974716	37.295544
1685512246221	1685512246212	-7.913	-4.357	1.240	-1.415	-0.134	1.825	0.615	-9.038	1.305	126.974716	37.295544
1685512246231	1685512246221	-8.171	-4.413	1.271	-1.346	-0.095	1.846	0.702	-9.108	1.183	126.974716	37.295544
1685512246249	1685512246231	-8.471	-4.556	1.360	-1.296	-0.029	1.835	0.579	-9.246	0.986	126.974693	37.295559
1685512246251	1685512246249	-8.686	-4.733	1.458	-1.264	0.028	1.808	0.261	-9.404	0.943	126.974693	37.295559
1685512246261	1685512246251	-8.993	-4.918	1.614	-1.221	0.086	1.770	-0.105	-9.658	0.955	126.974693	37.295559
1685512246272	1685512246261	-9.254	-5.073	1.559	-1.148	0.136	1.730	-0.385	-9.934	0.984	126.974693	37.295559
1685512246281	1685512246272	-9.618	-5.243	1.530	-1.059	0.169	1.691	-0.752	-10.202	1.073	126.974693	37.295559
1685512246292	1685512246281	-10.211	-5.409	1.329	-0.968	0.217	1.643	-1.061	-10.427	0.955	126.974693	37.295559
1685512246302	1685512246293	-10.903	-5.571	1.207	-0.875	0.296	1.574	-1.484	-10.678	0.869	126.974693	37.295559
1685512246313	1685512246302	-11.892	-5.906	1.255	-0.799	0.358	1.478	-2.128	-10.915	0.630	126.974693	37.295559
1685512246323	1685512246313	-12.658	-6.340	1.398	-0.729	0.407	1.359	-2.914	-11.210	0.479	126.974693	37.295559
1685512246341	1685512246323	-12.874	-6.450	1.441	-0.622	0.456	1.212	-3.977	-11.645	0.512	126.974693	37.295559
1685512246342	1685512246341	-12.263	-6.524	1.554	-0.481	0.431	1.058	-4.820	-12.179	0.646	126.974693	37.295559
1685512246353	1685512246342	-11.107	-6.510	1.822	-0.341	0.290	0.930	-5.102	-12.380	0.687	126.974693	37.295559
1685512246363	1685512246353	-9.962	-6.342	1.956	-0.215	0.101	0.809	-4.559	-12.541	0.807	126.974693	37.295559
1685512246373	1685512246363	-9.060	-6.057	1.827	-0.082	-0.023	0.629	-3.450	-12.589	1.075	126.974693	37.295559
1685512246383	1685512246374	-8.799	-5.660	1.575	0.040	-0.071	0.380	-2.354	-12.481	1.204	126.974693	37.295559
1685512246396	1685512246384	-9.242	-5.373	1.317	0.128	-0.057	0.084	-1.489	-12.244	1.068	126.974693	37.295559
1685512246403	1685512246396	-10.489	-5.217	1.018	0.178	0.039	-0.250	-1.252	-11.875	0.814	126.974693	37.295559
1685512246414	1685512246404	-11.921	-5.195	0.816	0.248	0.204	-0.626	-1.700	-11.595	0.558	126.974693	37.295559
1685512246424	1685512246417	-12.890	-5.349	0.685	0.376	0.340	-1.026	-2.931	-11.418	0.275	126.974693	37.295559
1685512246434	1685512246424	-13.393	-5.509	0.417	0.552	0.343	-1.404	-4.329	-11.360	0.101	126.974693	37.295559
1685512246444	1685512246434	-13.618	-5.488	0.158	0.732	0.225	-1.719	-5.234	-11.437	0.017	126.974693	37.295559
1685512246457	1685512246445	-13.697	-5.346	0.002	0.898	0.072	-1.943	-5.650	-11.492	-0.189	126.974693	37.295559
1685512246465	1685512246457	-13.858	-5.195	-0.031	1.032	-0.067	-2.079	-5.772	-11.341	-0.388	126.974693	37.295559
1685512246475	1685512246466	-14.001	-5.107	0.050	1.118	-0.177	-2.166	-5.739	-11.052	-0.486	126.974693	37.295559
1685512246487	1685512246476	-14.059	-4.956	0.215	1.180	-0.241	-2.246	-5.772	-10.721	-0.460	126.974693	37.295559
1685512246498	1685512246487	-13.783	-4.707	0.347	1.211	-0.287	-2.340	-5.811	-10.479	-0.338	126.974693	37.295559
1685512246505	1685512246498	-13.271	-4.405	0.472	1.210	-0.353	-2.425	-5.748	-10.147	-0.129	126.974693	37.295559
1685512246517	1685512246506	-12.567	-4.111	0.565	1.175	-0.440	-2.497	-5.356	-9.706	0.036	126.974693	37.295559
1685512246530	1685512246529	-11.662	-3.814	0.637	1.108	-0.525	-2.573	-4.714	-9.182	0.194	126.974693	37.295559
1685512246549	1685512246532	-10.903	-3.534	0.618	1.009	-0.578	-2.673	-3.905	-8.696	0.302	126.974693	37.295559
1685512246550	1685512246549	-10.278	-3.366	0.668	0.885	-0.590	-2.798	-2.875	-8.155	0.378	126.974693	37.295559
1685512246555	1685512246550	-9.735	-3.227	0.646	0.749	-0.573	-2.938	-2.016	-7.664	0.352	126.974693	37.295559
1685512246566	1685512246556	-9.366	-3.244	0.613	0.616	-0.540	-3.092	-1.281	-7.250	0.385	126.974693	37.295559
1685512246576	1685512246566	-9.117	-3.203	0.500	0.501	-0.491	-3.252	-0.627	-6.847	0.340	126.974693	37.295559
1685512246588	1685512246576	-9.000	-3.211	0.498	0.421	-0.439	-3.410	-0.153	-6.582	0.278	126.974693	37.295559
1685512246596	1685512246588	-8.966	-3.110	0.417	0.384	-0.391	-3.558	0.196	-6.242	0.136	126.974693	37.295559
1685512246604	1685512246597	-9.096	-3.091	0.347	0.387	-0.354	-3.684	0.419	-5.899	0.101	126.974693	37.295559
1685512246615	1685512246604	-9.301	-3.000	0.211	0.424	-0.325	-3.784	0.532	-5.497	-0.002	126.974693	37.295559
1685512246624	1685512246615	-9.397	-2.895	0.067	0.470	-0.312	-3.857	0.488	-5.092	-0.101	126.974693	37.295559
1685512246636	1685512246624	-9.412	-2.808	-0.012	0.517	-0.326	-3.901	0.345	-4.676	-0.256	126.974693	37.295559
1685512246644	1685512246636	-9.433	-2.612	-0.096	0.558	-0.360	-3.912	0.309	-4.164	-0.426	126.974693	37.295559
1685512246654	1685512246644	-9.433	-2.581	-0.129	0.591	-0.393	-3.890	0.333	-3.737	-0.529	126.974693	37.295559
1685512246664	1685512246654	-9.421	-2.538	-0.124	0.626	-0.408	-3.840	0.342	-3.079	-0.649	126.974693	37.295559
1685512246675	1685512246664	-9.416	-2.504	-0.029	0.656	-0.418	-3.753	0.350	-2.729	-0.711	126.974693	37.295559
1685512246685	1685512246676	-9.299	-2.435	0.045	0.677	-0.426	-3.626	0.357	-2.253	-0.747	126.974693	37.295559
1685512246697	1685512246685	-9.124	-2.514	0.196	0.685	-0.431	-3.468	0.342	-1.863	-0.685	126.974693	37.295559
1685512246704	1685512246698	-9.103	-2.411	0.192	0.685	-0.434	-3.295	0.421	-1.372	-0.651	126.974693	37.295559
1685512246714	1685512246704	-9.108	-2.382	0.206	0.685	-0.417	-3.106	0.546	-1.085	-0.534	126.974693	37.295559
1685512246727	1685512246715	-8.973	-2.375	0.259	0.674	-0.390	-2.900	0.496	-0.577	-0.582	126.974693	37.295559
1685512246750	1685512246727	-8.866	-2.272	0.271	0.641	-0.374	-2.672	0.443	-0.318	-0.582	126.974693	37.295559
1685512246751	1685512246751	-8.756	-2.282	0.268	0.590	-0.360	-2.420	0.503	-0.002	-0.560	126.974693	37.295559
1685512246755	1685512246751	-8.672	-2.258	0.268	0.531	-0.332	-2.156	0.541	0.347	-0.570	126.974693	37.295559
1685512246765	1685512246755	-8.619	-2.342	0.357	0.474	-0.294	-1.890	0.589	0.551	-0.589	126.974693	37.295559
1685512246774	1685512246765	-8.638	-2.203	0.424	0.420	-0.247	-1.627	0.615	0.749	-0.601	126.974693	37.295559
1685512246787	1685512246774	-8.715	-2.298	0.335	0.373	-0.191	-1.366	0.613	0.828	-0.527	126.974693	37.295559
1685512246798	1685512246788	-8.897	-2.198	0.359	0.335	-0.115	-1.111	0.558	1.070	-0.467	126.974693	37.295559
1685512246805	1685512246798	-9.012	-2.133	0.321	0.307	-0.024	-0.860	0.448	1.065	-0.560	126.974693	37.295559
1685512246816	1685512246805	-9.074	-2.037	0.285	0.274	0.035	-0.606	0.239	1.235	-0.539	126.974693	37.295559
1685512246825	1685512246816	-9.400	-1.985	0.242	0.233	0.077	-0.346	0.108	1.350	-0.570	126.974693	37.295559
1685512246835	1685512246825	-9.838	-2.172	0.182	0.178	0.132	-0.090	0.041	1.458	-0.591	126.974693	37.295559
1685512246845	1685512246835	-10.472	-2.344	0.266	0.111	0.216	0.149	-0.278	1.506	-0.618	126.974693	37.295559
1685512246855	1685512246845	-11.116	-2.437	0.218	0.038	0.315	0.382	-0.702	1.283	-0.651	126.974693	37.295559
1685512246865	1685512246855	-11.542	-2.480	0.089	-0.034	0.392	0.630	-1.310	1.049	-0.527	126.974693	37.295559
1685512246877	1685512246865	-11.653	-2.605	-0.010	-0.100	0.429	0.916	-1.918	0.871	-0.527	126.974693	37.295559
1685512246885	1685512246877	-11.200	-2.844	0.034	-0.169	0.424	1.232	-2.322	0.771	-0.618	126.974693	37.295559
1685512246896	1685512246885	-10.611	-3.031	0.187	-0.239	0.393	1.555	-2.399	0.563	-0.673	126.974693	37.295559
1685512246906	1685512246896	-10.065	-3.134	0.460	-0.310	0.343	1.866	-1.901	0.199	-0.582	126.974693	37.295559
1685512246916	1685512246906	-10.025	-3.388	0.632	-0.370	0.309	2.129	-1.269	-0.115	-0.388	126.974693	37.295559
1685512246927	1685512246916	-10.556	-3.428	0.862	-0.400	0.358	2.315	-0.663	-0.409	-0.069	126.974693	37.295559
1685512246946	1685512246927	-11.334	-3.316	0.950	-0.390	0.473	2.413	-0.570	-0.843	0.134	126.974693	37.295559
1685512246946	1685512246946	-12.115	-3.323	0.919	-0.353	0.593	2.456	-1.044	-1.101	0.409	126.974693	37.295559
1685512246956	1685512246946	-13.001	-3.089	0.764	-0.283	0.702	2.505	-1.767	-1.216	0.551	126.974693	37.295559
1685512246963	1685512246956	-13.422	-2.933	0.532	-0.205	0.766	2.578	-2.492	-1.482	0.589	126.974693	37.295559
1685512246973	1685512246963	-13.467	-2.883	0.278	-0.187	0.713	2.655	-3.338	-1.463	0.500	126.974693	37.295559
1685512246983	1685512246973	-13.106	-3.007	0.213	-0.247	0.579	2.723	-3.718	-1.556	0.345	126.974693	37.295559
1685512246995	1685512246983	-12.457	-3.381	0.362	-0.370	0.430	2.795	-3.728	-1.765	0.163	126.974693	37.295559
1685512247003	1685512246995	-11.870	-3.577	0.467	-0.516	0.285	2.887	-3.340	-2.155	0.158	126.974693	37.295559
1685512247013	1685512247003	-11.325	-3.484	0.570	-0.630	0.192	2.969	-2.672	-2.801	0.350	126.974693	37.295559
1685512247024	1685512247013	-10.678	-3.366	0.752	-0.731	0.136	3.013	-2.071	-3.338	0.491	126.974693	37.295559
1685512247034	1685512247024	-10.008	-3.440	0.838	-0.872	0.077	3.013	-1.520	-3.476	0.611	126.974693	37.295559
1685512247043	1685512247035	-9.311	-3.400	0.857	-1.056	0.029	2.979	-0.879	-3.656	0.804	126.974693	37.295559
1685512247054	1685512247044	-8.586	-3.254	0.900	-1.256	0.001	2.913	-0.220	-4.025	0.895	126.974693	37.295559
1685512247062	1685512247054	-8.011	-3.261	0.907	-1.464	-0.016	2.821	0.453	-4.276	0.910	126.974693	37.295559
1685512247073	1685512247062	-7.582	-3.393	0.953	-1.651	-0.016	2.717	1.147	-4.415	0.939	126.974693	37.295559
1685512247085	1685512247073	-7.324	-3.543	0.915	-1.794	0.011	2.605	1.681	-4.724	0.924	126.974693	37.295559
1685512247096	1685512247085	-7.295	-3.713	0.996	-1.877	0.055	2.489	2.071	-5.092	0.943	126.974693	37.295559
1685512247104	1685512247096	-7.408	-3.934	1.006	-1.891	0.098	2.374	2.284	-5.495	0.874	126.974693	37.295559
1685512247114	1685512247104	-7.769	-4.111	0.912	-1.848	0.140	2.266	2.260	-5.902	0.922	126.974693	37.295559
1685512247123	1685512247115	-8.109	-4.113	0.910	-1.759	0.178	2.166	2.088	-6.369	0.893	126.974693	37.295559
1685512247135	1685512247123	-8.334	-4.118	0.711	-1.642	0.197	2.076	1.674	-6.737	0.771	126.974693	37.295559
1685512247142	1685512247135	-8.418	-4.065	0.383	-1.523	0.183	2.002	1.264	-6.981	0.730	126.974693	37.295559
1685512247153	1685512247143	-8.459	-4.063	0.146	-1.431	0.137	1.954	0.989	-7.137	0.508	126.974693	37.295559
1685512247163	1685512247153	-8.516	-4.310	0.146	-1.367	0.066	1.927	0.860	-7.221	0.139	126.974693	37.295559
1685512247174	1685512247163	-8.624	-4.465	0.124	-1.323	0.007	1.899	0.785	-7.314	-0.132	126.974693	37.295559
1685512247182	1685512247174	-8.875	-4.587	0.271	-1.274	-0.027	1.864	0.680	-7.685	-0.182	126.974693	37.295559
1685512247194	1685512247183	-9.131	-4.602	0.436	-1.205	-0.034	1.829	0.539	-7.927	-0.247	126.974693	37.295559
1685512247202	1685512247194	-9.426	-4.657	0.560	-1.120	-0.024	1.796	0.237	-8.176	-0.160	126.974693	37.295559
1685512247213	1685512247203	-9.594	-4.547	0.599	-1.045	-0.012	1.768	-0.045	-8.258	-0.041	126.974693	37.295559
1685512247222	1685512247213	-9.536	-4.480	0.512	-1.002	-0.006	1.737	-0.385	-8.416	0.034	126.974693	37.295559
1685512247234	1685512247223	-9.464	-4.585	0.450	-1.004	-0.021	1.706	-0.589	-8.384	0.034	126.974678	37.295574
1685512247242	1685512247236	-9.469	-4.635	0.390	-1.045	-0.049	1.666	-0.577	-8.418	-0.091	126.974678	37.295574
1685512247253	1685512247243	-9.443	-4.714	0.419	-1.103	-0.055	1.599	-0.555	-8.631	-0.196	126.974678	37.295574
1685512247263	1685512247253	-9.756	-4.791	0.476	-1.155	-0.027	1.508	-0.622	-8.803	-0.309	126.974678	37.295574
1685512247273	1685512247263	-9.926	-4.939	0.563	-1.192	0.011	1.414	-0.644	-8.976	-0.326	126.974678	37.295574
1685512247283	1685512247273	-10.147	-5.179	0.651	-1.219	0.050	1.321	-1.013	-9.153	-0.321	126.974678	37.295574
1685512247296	1685512247283	-10.171	-5.291	0.713	-1.212	0.092	1.227	-1.238	-9.402	-0.285	126.974678	37.295574
1685512247305	1685512247296	-9.989	-5.468	0.773	-1.164	0.111	1.142	-1.516	-9.742	-0.249	126.974678	37.295574
1685512247315	1685512247306	-9.859	-5.545	0.730	-1.082	0.109	1.075	-1.595	-9.950	-0.235	126.974678	37.295574
1685512247325	1685512247315	-9.708	-5.622	0.699	-0.970	0.105	1.014	-1.477	-10.230	-0.227	126.974678	37.295574
1685512247344	1685512247325	-9.649	-5.543	0.500	-0.841	0.110	0.946	-1.389	-10.372	-0.306	126.974678	37.295574
1685512247345	1685512247344	-9.955	-5.509	0.311	-0.715	0.130	0.856	-1.286	-10.523	-0.376	126.974678	37.295574
1685512247356	1685512247345	-10.714	-5.605	0.335	-0.607	0.173	0.750	-1.271	-10.515	-0.606	126.974678	37.295574
1685512247366	1685512247356	-11.451	-5.887	0.352	-0.522	0.249	0.623	-1.618	-10.544	-0.821	126.974678	37.295574
1685512247375	1685512247366	-12.014	-6.136	0.450	-0.437	0.335	0.483	-2.413	-10.695	-0.812	126.974678	37.295574
1685512247385	1685512247375	-12.131	-6.402	0.836	-0.324	0.378	0.360	-3.184	-11.028	-0.802	126.974678	37.295574
1685512247396	1685512247385	-11.660	-6.515	1.247	-0.176	0.358	0.291	-3.766	-11.308	-0.699	126.974678	37.295574
1685512247405	1685512247396	-10.537	-6.613	1.389	0.016	0.282	0.279	-3.898	-11.600	-0.299	126.974678	37.295574
1685512247416	1685512247405	-9.385	-6.519	1.255	0.265	0.173	0.290	-3.436	-11.736	0.129	126.974678	37.295574
1685512247426	1685512247418	-9.127	-6.460	1.092	0.549	0.086	0.270	-2.325	-11.858	0.297	126.974678	37.295574
1685512247436	1685512247426	-9.720	-6.352	0.924	0.805	0.078	0.170	-1.185	-11.789	0.189	126.974678	37.295574
1685512247448	1685512247436	-11.025	-6.450	0.790	1.013	0.176	-0.043	-0.941	-11.760	0.067	126.974678	37.295574
1685512247458	1685512247448	-12.517	-6.586	0.706	1.223	0.329	-0.323	-1.542	-11.672	-0.055	126.974678	37.295574
1685512247468	1685512247459	-13.692	-6.728	0.505	1.449	0.439	-0.582	-2.844	-11.777	-0.120	126.974678	37.295574
1685512247479	1685512247469	-14.430	-6.869	0.338	1.687	0.429	-0.778	-4.317	-11.897	-0.113	126.974678	37.295574
1685512247488	1685512247479	-14.803	-6.780	0.014	1.935	0.307	-0.919	-5.459	-12.002	-0.201	126.974678	37.295574
1685512247499	1685512247488	-14.653	-6.500	-0.098	2.186	0.119	-1.023	-6.153	-12.091	-0.244	126.974678	37.295574
1685512247508	1685512247499	-14.291	-6.120	-0.259	2.395	-0.073	-1.119	-6.472	-11.928	-0.431	126.974678	37.295574
1685512247518	1685512247508	-13.530	-5.590	-0.407	2.509	-0.277	-1.221	-6.273	-11.578	-0.433	126.974678	37.295574
1685512247531	1685512247518	-12.859	-5.004	-0.335	2.511	-0.485	-1.345	-5.849	-11.102	-0.467	126.974678	37.295574
1685512247551	1685512247531	-12.251	-4.506	-0.299	2.401	-0.644	-1.516	-5.035	-10.482	-0.527	126.974678	37.295574
1685512247552	1685512247552	-11.796	-3.838	-0.127	2.227	-0.732	-1.748	-4.300	-9.783	-0.373	126.974678	37.295574
1685512247558	1685512247552	-11.313	-3.338	0.084	1.993	-0.771	-2.043	-3.620	-9.155	-0.280	126.974678	37.295574
1685512247565	1685512247558	-10.999	-3.120	0.290	1.706	-0.778	-2.355	-3.077	-8.320	-0.067	126.974678	37.295574
1685512247575	1685512247567	-10.755	-3.110	0.397	1.387	-0.789	-2.654	-2.512	-7.657	0.160	126.974678	37.295574
1685512247586	1685512247576	-10.513	-3.196	0.385	1.079	-0.799	-2.948	-2.097	-7.228	0.369	126.974678	37.295574
1685512247599	1685512247586	-10.338	-3.266	0.407	0.797	-0.805	-3.242	-1.748	-6.979	0.462	126.974678	37.295574
1685512247606	1685512247599	-10.245	-3.510	0.311	0.560	-0.803	-3.508	-1.393	-6.797	0.417	126.974678	37.295574
1685512247616	1685512247607	-10.259	-3.625	0.235	0.396	-0.784	-3.746	-1.109	-6.570	0.393	126.974678	37.295574
1685512247626	1685512247617	-10.329	-3.704	0.165	0.301	-0.756	-3.952	-0.883	-6.424	0.227	126.974678	37.295574
1685512247636	1685512247626	-10.297	-3.792	0.029	0.277	-0.733	-4.098	-0.816	-6.256	0.101	126.974678	37.295574
1685512247646	1685512247636	-10.161	-3.723	-0.151	0.331	-0.711	-4.172	-0.790	-5.962	-0.031	126.974678	37.295574
1685512247657	1685512247646	-10.166	-3.469	-0.158	0.483	-0.706	-4.217	-0.675	-5.657	-0.230	126.974678	37.295574
1685512247666	1685512247657	-10.132	-3.467	-0.115	0.691	-0.660	-4.209	-0.472	-5.186	-0.474	126.974678	37.295574
1685512247678	1685512247667	-10.034	-3.318	-0.060	0.936	-0.613	-4.138	-0.426	-4.525	-0.543	126.974678	37.295574
1685512247687	1685512247678	-9.979	-3.002	-0.012	1.216	-0.601	-4.054	-0.354	-4.032	-0.570	126.974678	37.295574
1685512247697	1685512247688	-9.900	-2.686	-0.019	1.508	-0.580	-3.958	-0.247	-3.563	-0.560	126.974678	37.295574
1685512247707	1685512247697	-9.764	-2.569	-0.026	1.747	-0.575	-3.837	-0.194	-2.818	-0.577	126.974678	37.295574
1685512247717	1685512247707	-9.840	-2.337	0.124	1.929	-0.578	-3.697	-0.129	-2.162	-0.639	126.974678	37.295574
1685512247728	1685512247718	-9.986	-2.248	0.364	2.034	-0.567	-3.531	-0.031	-1.609	-0.730	126.974678	37.295574
1685512247736	1685512247728	-9.986	-2.069	0.321	2.085	-0.579	-3.327	-0.144	-1.101	-0.642	126.974678	37.295574
1685512247756	1685512247736	-9.948	-1.858	0.373	2.098	-0.601	-3.111	-0.357	-0.622	-0.503	126.974678	37.295574
1685512247757	1685512247756	-9.931	-1.674	0.390	2.015	-0.627	-2.897	-0.407	-0.201	-0.620	126.974678	37.295574
1685512247767	1685512247757	-9.888	-1.413	0.326	1.870	-0.650	-2.674	-0.445	0.309	-0.675	126.974678	37.295574
1685512247777	1685512247767	-9.689	-1.276	0.206	1.666	-0.678	-2.446	-0.493	0.721	-0.752	126.974678	37.295574
1685512247787	1685512247777	-9.651	-1.068	0.156	1.426	-0.723	-2.214	-0.532	1.233	-0.929	126.974678	37.295574
1685512247797	1685512247787	-9.366	-0.977	0.098	1.148	-0.761	-1.968	-0.407	1.571	-1.149	126.974678	37.295574
1685512247807	1685512247799	-9.328	-0.903	0.034	0.826	-0.800	-1.761	-0.443	1.968	-1.300	126.974678	37.295574
1685512247817	1685512247808	-9.201	-1.152	0.038	0.464	-0.827	-1.571	-0.213	2.186	-1.432	126.974678	37.295574
1685512247826	1685512247817	-8.985	-1.463	0.072	0.109	-0.833	-1.372	-0.237	2.394	-1.578	126.974678	37.295574
1685512247839	1685512247827	-8.842	-1.516	0.096	-0.186	-0.832	-1.183	-0.148	2.231	-1.621	126.974678	37.295574
1685512247847	1685512247839	-8.957	-1.460	0.000	-0.401	-0.812	-0.971	0.026	1.997	-1.628	126.974678	37.295574
1685512247857	1685512247848	-9.323	-1.355	0.108	-0.534	-0.768	-0.742	0.141	2.004	-1.630	126.974678	37.295574
1685512247867	1685512247857	-9.931	-1.393	-0.199	-0.595	-0.690	-0.511	0.005	2.105	-1.743	126.974678	37.295574
1685512247879	1685512247868	-10.594	-1.611	-0.326	-0.599	-0.577	-0.259	-0.362	2.222	-1.630	126.974678	37.295574
1685512247888	1685512247880	-10.874	-1.798	-0.443	-0.566	-0.442	0.021	-0.970	2.184	-1.930	126.974678	37.295574
1685512247900	1685512247889	-10.762	-2.279	-0.572	-0.571	-0.340	0.325	-1.618	1.942	-2.037	126.974678	37.295574
1685512247908	1685512247901	-10.197	-2.567	-0.395	-0.574	-0.248	0.683	-1.879	1.717	-2.133	126.974678	37.295574
1685512247918	1685512247908	-9.503	-2.629	-0.177	-0.561	-0.112	1.075	-1.743	1.183	-2.243	126.974678	37.295574
1685512247931	1685512247919	-8.794	-2.303	0.144	-0.531	0.046	1.456	-1.154	0.833	-2.069	126.974678	37.295574
1685512247938	1685512247932	-8.612	-2.073	0.299	-0.545	0.232	1.779	-0.433	0.699	-1.844	126.974678	37.295574
1685512247951	1685512247950	-8.832	-2.138	0.445	-0.667	0.417	1.989	0.321	0.903	-1.501	126.974678	37.295574
1685512247958	1685512247951	-9.373	-2.052	0.630	-0.837	0.595	2.122	0.563	0.977	-1.307	126.974678	37.295574
1685512247967	1685512247958	-10.017	-2.310	0.606	-1.008	0.753	2.191	0.409	0.740	-1.104	126.974678	37.295574
1685512247975	1685512247967	-10.805	-2.818	0.725	-1.129	0.870	2.220	-0.062	0.642	-0.840	126.974678	37.295574
1685512247990	1685512247976	-11.600	-3.177	0.742	-1.151	0.959	2.252	-0.632	0.175	-0.759	126.974678	37.295574
1685512247996	1685512247990	-12.057	-3.517	1.010	-1.078	1.015	2.314	-1.362	-0.505	-0.541	126.974678	37.295574
1685512248004	1685512247997	-12.067	-3.711	1.149	-0.883	1.045	2.453	-2.095	-1.065	-0.407	126.974678	37.295574
1685512248017	1685512248005	-11.863	-3.646	1.068	-0.602	1.060	2.660	-2.495	-1.614	-0.022	126.974678	37.295574
1685512248026	1685512248019	-11.370	-3.594	0.917	-0.298	1.049	2.874	-2.447	-2.057	0.244	126.974678	37.295574
1685512248036	1685512248027	-10.997	-3.385	0.802	-0.024	1.029	3.040	-2.198	-2.219	0.263	126.974678	37.295574
1685512248046	1685512248037	-10.659	-2.990	0.766	0.177	1.013	3.141	-1.654	-2.471	0.227	126.974678	37.295574
1685512248055	1685512248046	-10.314	-2.703	0.958	0.253	0.996	3.196	-1.247	-2.528	0.204	126.974678	37.295574
1685512248064	1685512248056	-9.955	-2.825	1.192	0.206	0.953	3.216	-0.883	-2.440	0.266	126.974678	37.295574
1685512248076	1685512248065	-9.634	-3.115	1.530	0.062	0.897	3.205	-0.522	-2.466	0.553	126.974678	37.295574
1685512248084	1685512248077	-9.182	-3.345	1.597	-0.150	0.833	3.163	-0.156	-2.904	0.881	126.974678	37.295574
1685512248096	1685512248085	-8.851	-3.527	1.618	-0.353	0.781	3.118	0.158	-3.510	1.307	126.974678	37.295574
1685512248104	1685512248097	-8.612	-3.587	1.528	-0.519	0.738	3.074	0.591	-4.080	1.463	126.974678	37.295574
1685512248115	1685512248105	-8.485	-3.740	1.446	-0.657	0.702	3.027	0.898	-4.535	1.549	126.974678	37.295574
1685512248124	1685512248115	-8.528	-3.888	1.446	-0.793	0.671	2.955	1.099	-4.925	1.530	126.974678	37.295574
1685512248136	1685512248125	-8.622	-3.819	1.379	-0.900	0.635	2.871	1.185	-5.341	1.501	126.974678	37.295574
1685512248144	1685512248136	-8.698	-3.845	1.365	-1.002	0.604	2.788	1.089	-5.775	1.554	126.974678	37.295574
1685512248154	1685512248144	-8.921	-3.898	1.566	-1.086	0.550	2.731	0.939	-5.983	1.528	126.974678	37.295574
1685512248164	1685512248155	-9.048	-4.053	1.604	-1.169	0.491	2.665	0.790	-6.304	1.551	126.974678	37.295574
1685512248174	1685512248165	-9.213	-4.305	1.482	-1.251	0.417	2.569	0.515	-6.543	1.762	126.974678	37.295574
1685512248184	1685512248175	-9.364	-4.401	1.302	-1.312	0.360	2.454	0.328	-6.907	1.803	126.974678	37.295574
1685512248197	1685512248185	-9.347	-4.499	1.171	-1.357	0.299	2.346	0.101	-7.355	1.671	126.974678	37.295574
1685512248204	1685512248197	-9.524	-4.549	0.986	-1.395	0.237	2.250	-0.110	-7.640	1.472	126.974678	37.295574
1685512248216	1685512248205	-9.744	-4.767	0.864	-1.433	0.189	2.151	-0.160	-7.920	1.314	126.974670	37.295586
1685512248224	1685512248216	-10.013	-4.798	0.903	-1.470	0.171	2.038	-0.429	-8.210	1.087	126.974670	37.295586
1685512248235	1685512248225	-10.192	-5.028	0.977	-1.492	0.167	1.924	-0.694	-8.540	0.936	126.974670	37.295586
1685512248245	1685512248235	-10.003	-5.188	1.058	-1.487	0.160	1.826	-1.044	-8.758	0.924	126.974670	37.295586
1685512248256	1685512248245	-9.910	-5.116	1.030	-1.439	0.162	1.746	-1.290	-9.139	0.958	126.974670	37.295586
1685512248264	1685512248256	-9.711	-4.975	0.867	-1.387	0.161	1.659	-1.185	-9.476	0.986	126.974670	37.295586
1685512248275	1685512248265	-9.685	-5.078	0.874	-1.349	0.170	1.547	-1.161	-9.541	0.915	126.974670	37.295586
1685512248285	1685512248275	-9.752	-5.030	0.871	-1.345	0.200	1.400	-1.051	-9.572	0.692	126.974670	37.295586
1685512248296	1685512248285	-10.051	-5.016	1.010	-1.410	0.232	1.211	-1.082	-9.778	0.661	126.974670	37.295586
1685512248305	1685512248297	-10.264	-5.693	1.190	-1.470	0.272	1.023	-1.223	-9.859	0.608	126.974670	37.295586
1685512248317	1685512248306	-10.458	-6.225	1.427	-1.404	0.338	0.876	-1.575	-9.934	0.702	126.974670	37.295586
1685512248327	1685512248318	-10.460	-6.493	1.614	-1.190	0.423	0.808	-1.848	-10.709	0.821	126.974670	37.295586
1685512248347	1685512248327	-10.178	-6.764	1.609	-0.909	0.459	0.768	-2.076	-11.296	1.025	126.974670	37.295586
1685512248347	1685512248347	-10.015	-6.488	1.389	-0.524	0.447	0.731	-2.126	-11.638	1.183	126.974670	37.295586
1685512248357	1685512248348	-10.087	-6.211	1.188	-0.122	0.453	0.678	-1.877	-11.964	1.168	126.974670	37.295586
1685512248367	1685512248357	-10.187	-5.873	0.994	0.203	0.435	0.612	-1.750	-11.746	0.958	126.974670	37.295586
1685512248378	1685512248367	-10.590	-5.756	0.876	0.413	0.417	0.535	-1.856	-11.523	0.788	126.974670	37.295586
1685512248387	1685512248378	-11.253	-5.911	0.929	0.470	0.408	0.435	-1.987	-11.238	0.642	126.974670	37.295586
1685512248398	1685512248388	-11.899	-6.139	1.358	0.435	0.397	0.313	-2.418	-11.167	0.579	126.974670	37.295586
1685512248407	1685512248398	-12.201	-6.012	1.393	0.421	0.370	0.189	-3.105	-11.360	0.697	126.974670	37.295586
1685512248418	1685512248407	-12.088	-5.851	1.697	0.472	0.324	0.110	-3.766	-11.612	1.176	126.974670	37.295586
1685512248427	1685512248418	-11.641	-5.820	2.176	0.540	0.285	0.094	-4.080	-11.504	1.271	126.974670	37.295586
1685512248439	1685512248428	-10.841	-6.012	2.428	0.562	0.236	0.082	-3.972	-11.351	1.621	126.974670	37.295586
1685512248450	1685512248439	-9.910	-6.088	2.320	0.555	0.161	0.034	-3.529	-11.329	2.155	126.974670	37.295586
1685512248460	1685512248450	-9.440	-6.053	2.313	0.564	0.048	-0.033	-2.734	-11.526	2.454	126.974670	37.295586
1685512248470	1685512248460	-9.694	-5.787	2.047	0.623	-0.044	-0.123	-1.805	-11.605	2.397	126.974670	37.295586
1685512248478	1685512248470	-10.544	-5.497	1.884	0.698	-0.083	-0.287	-1.334	-11.566	2.421	126.974670	37.295586
1685512248489	1685512248479	-11.768	-5.511	1.798	0.742	-0.066	-0.547	-1.580	-11.291	2.184	126.974670	37.295586
1685512248502	1685512248489	-12.795	-5.555	1.717	0.792	-0.057	-0.830	-2.416	-10.977	2.054	126.974670	37.295586
1685512248508	1685512248502	-13.630	-5.586	1.391	0.909	-0.095	-1.079	-3.608	-10.944	2.002	126.974670	37.295586
1685512248521	1685512248508	-13.977	-5.418	1.128	1.117	-0.175	-1.271	-4.592	-10.918	1.958	126.974670	37.295586
1685512248537	1685512248521	-14.011	-5.088	0.747	1.378	-0.260	-1.401	-5.358	-10.839	1.681	126.974670	37.295586
1685512248539	1685512248538	-13.757	-4.851	0.555	1.608	-0.359	-1.500	-5.653	-10.585	1.453	126.974670	37.295586
1685512248559	1685512248539	-13.357	-4.630	0.342	1.739	-0.474	-1.607	-5.612	-10.132	1.120	126.974670	37.295586
1685512248560	1685512248560	-12.972	-4.525	0.424	1.743	-0.591	-1.743	-5.284	-9.761	0.979	126.974670	37.295586
1685512248568	1685512248560	-12.459	-4.585	0.393	1.643	-0.682	-1.925	-4.803	-9.397	0.809	126.974670	37.295586
1685512248579	1685512248570	-11.969	-4.518	0.448	1.482	-0.757	-2.133	-4.334	-9.134	0.922	126.974670	37.295586
1685512248588	1685512248579	-11.516	-4.257	0.491	1.337	-0.816	-2.351	-3.721	-9.000	0.907	126.974670	37.295586
1685512248601	1685512248588	-11.202	-3.800	0.560	1.224	-0.855	-2.557	-3.144	-8.758	0.960	126.974670	37.295586
1685512248609	1685512248602	-10.937	-3.405	0.488	1.081	-0.894	-2.754	-2.591	-8.282	0.986	126.974670	37.295586
1685512248620	1685512248609	-10.762	-3.120	0.467	0.894	-0.955	-2.955	-2.172	-7.587	1.027	126.974670	37.295586
1685512248628	1685512248622	-10.494	-3.091	0.534	0.677	-1.002	-3.176	-1.791	-6.912	0.907	126.974670	37.295586
1685512248638	1685512248628	-10.271	-3.182	0.577	0.459	-1.016	-3.389	-1.523	-6.378	0.836	126.974670	37.295586
1685512248648	1685512248640	-10.149	-3.452	0.532	0.281	-1.030	-3.580	-1.142	-6.024	0.824	126.974670	37.295586
1685512248658	1685512248649	-10.087	-3.764	0.515	0.162	-1.037	-3.752	-0.833	-5.827	0.790	126.974670	37.295586
1685512248668	1685512248660	-10.149	-3.694	0.508	0.182	-1.031	-3.883	-0.620	-5.758	0.656	126.974670	37.295586
1685512248679	1685512248668	-10.106	-3.488	0.520	0.354	-0.992	-3.958	-0.476	-5.710	0.543	126.974670	37.295586
1685512248688	1685512248680	-9.943	-3.534	0.476	0.593	-0.948	-3.980	-0.472	-5.265	0.438	126.974670	37.295586
1685512248700	1685512248688	-9.787	-3.194	0.326	0.860	-0.905	-3.968	-0.376	-4.676	0.359	126.974670	37.295586
1685512248709	1685512248700	-9.522	-2.907	0.084	1.140	-0.850	-3.936	-0.172	-4.295	0.220	126.974670	37.295586
1685512248719	1685512248709	-9.505	-2.794	0.189	1.404	-0.787	-3.859	0.000	-3.608	-0.002	126.974670	37.295586
1685512248731	1685512248719	-9.263	-2.550	0.105	1.638	-0.712	-3.735	0.271	-2.902	-0.333	126.974670	37.295586
1685512248750	1685512248731	-9.036	-2.416	-0.012	1.812	-0.660	-3.610	0.280	-2.454	-0.299	126.974670	37.295586
1685512248752	1685512248751	-9.014	-1.844	-0.163	1.945	-0.619	-3.468	0.496	-1.817	-0.469	126.974670	37.295586
1685512248759	1685512248752	-8.741	-1.334	-0.441	1.994	-0.573	-3.271	0.690	-1.377	-0.658	126.974670	37.295586
1685512248769	1685512248759	-8.475	-1.137	-0.536	1.965	-0.547	-3.064	0.654	-0.407	-0.907	126.974670	37.295586
1685512248778	1685512248769	-8.303	-1.247	-0.661	1.842	-0.513	-2.870	0.881	0.359	-1.245	126.974670	37.295586
1685512248788	1685512248778	-8.183	-1.391	-0.733	1.620	-0.481	-2.669	1.077	0.860	-1.439	126.974670	37.295586
1685512248801	1685512248788	-8.157	-1.535	-0.493	1.382	-0.453	-2.464	1.192	0.979	-1.642	126.974670	37.295586
1685512248808	1685512248801	-8.164	-1.453	-0.347	1.164	-0.415	-2.248	1.245	1.073	-1.798	126.974670	37.295586
1685512248819	1685512248809	-8.384	-1.460	-0.084	0.944	-0.393	-2.020	1.202	1.144	-1.638	126.974670	37.295586
1685512248828	1685512248819	-8.454	-1.666	0.338	0.731	-0.379	-1.763	1.118	1.458	-1.539	126.974670	37.295586
1685512248838	1685512248829	-8.090	-1.508	0.551	0.542	-0.371	-1.473	0.864	1.556	-1.290	126.974670	37.295586
