1685512228828	1685512228828	-11.035	-2.231	-1.137	-0.513	-0.326	-0.154	-0.555	0.869	-0.955	126.974823	37.295448
1685512228828	1685512228828	-11.466	-2.265	-1.211	-0.668	-0.222	0.077	-1.132	0.840	-0.986	126.974823	37.295448
1685512228846	1685512228828	-11.681	-2.370	-1.324	-0.794	-0.143	0.351	-1.693	0.737	-0.989	126.974823	37.295448
1685512228846	1685512228846	-11.619	-2.607	-1.137	-0.893	-0.092	0.670	-2.116	0.678	-1.046	126.974823	37.295448
1685512228855	1685512228847	-11.296	-2.804	-0.826	-0.955	-0.021	1.016	-2.322	0.539	-1.149	126.974823	37.295448
1685512228866	1685512228855	-10.903	-2.892	-0.373	-0.971	0.083	1.361	-2.239	0.237	-0.946	126.974823	37.295448
1685512228875	1685512228866	-10.408	-2.902	0.081	-0.930	0.194	1.690	-1.884	-0.065	-0.606	126.974823	37.295448
1685512228885	1685512228875	-9.840	-2.868	0.448	-0.826	0.312	1.987	-1.460	-0.271	-0.122	126.974823	37.295448
1685512228895	1685512228885	-9.330	-2.806	0.764	-0.671	0.441	2.236	-0.917	-0.457	0.376	126.974823	37.295448
1685512228906	1685512228895	-8.935	-2.741	1.053	-0.487	0.567	2.424	-0.309	-0.596	0.785	126.974823	37.295448
1685512228915	1685512228906	-8.794	-2.708	1.199	-0.287	0.693	2.545	0.247	-0.752	1.159	126.974823	37.295448
1685512228925	1685512228915	-9.017	-2.631	1.216	-0.075	0.825	2.599	0.685	-0.922	1.513	126.974823	37.295448
1685512228936	1685512228926	-9.608	-2.200	1.008	0.153	0.962	2.595	0.871	-1.159	1.738	126.974823	37.295448
1685512228946	1685512228936	-10.482	-1.671	0.517	0.362	1.087	2.550	0.678	-1.310	1.827	126.974823	37.295448
1685512228955	1685512228946	-11.399	-1.267	0.103	0.500	1.172	2.498	0.110	-1.130	1.709	126.974823	37.295448
1685512228969	1685512228955	-11.854	-1.195	-0.294	0.519	1.177	2.459	-0.745	-0.845	1.322	126.974823	37.295448
1685512228977	1685512228969	-11.947	-1.405	-0.524	0.402	1.068	2.443	-1.654	-0.680	1.018	126.974823	37.295448
1685512228985	1685512228977	-11.825	-1.697	-0.371	0.164	0.887	2.435	-2.109	-0.843	0.733	126.974823	37.295448
1685512228995	1685512228985	-11.530	-1.800	-0.117	-0.154	0.693	2.436	-2.212	-1.334	0.627	126.974823	37.295448
1685512229005	1685512228995	-11.226	-1.958	0.101	-0.484	0.518	2.483	-2.097	-1.815	0.850	126.974823	37.295448
1685512229015	1685512229005	-10.848	-2.198	0.395	-0.801	0.389	2.575	-1.817	-2.155	1.171	126.974823	37.295448
1685512229026	1685512229015	-10.501	-2.559	0.682	-1.104	0.314	2.673	-1.532	-2.562	1.437	126.974823	37.295448
1685512229035	1685512229026	-10.271	-2.739	0.826	-1.389	0.272	2.750	-1.178	-3.060	1.762	126.974823	37.295448
1685512229045	1685512229035	-10.005	-2.710	0.795	-1.629	0.275	2.797	-0.862	-3.697	2.069	126.974823	37.295448
1685512229055	1685512229045	-9.658	-2.780	0.819	-1.822	0.282	2.827	-0.675	-4.187	2.222	126.974823	37.295448
1685512229067	1685512229055	-9.515	-3.002	0.637	-1.990	0.260	2.855	-0.453	-4.420	2.191	126.974823	37.295448
1685512229077	1685512229068	-9.371	-3.237	0.491	-2.148	0.261	2.855	-0.163	-4.784	2.207	126.974823	37.295448
1685512229088	1685512229077	-9.515	-3.524	0.407	-2.280	0.286	2.825	-0.084	-5.306	2.009	126.974823	37.295448
1685512229097	1685512229089	-9.692	-3.788	0.285	-2.369	0.302	2.777	-0.022	-5.868	1.829	126.974823	37.295448
1685512229105	1685512229098	-9.912	-4.005	0.304	-2.409	0.314	2.731	-0.239	-6.419	1.714	126.974823	37.295448
1685512229115	1685512229106	-10.190	-4.204	0.424	-2.390	0.310	2.691	-0.512	-6.998	1.542	126.974823	37.295448
1685512229125	1685512229116	-10.453	-4.254	0.390	-2.308	0.305	2.660	-0.816	-7.463	1.513	126.974823	37.295448
1685512229135	1685512229126	-10.649	-4.374	0.321	-2.181	0.305	2.634	-1.195	-7.930	1.575	126.974823	37.295448
1685512229146	1685512229136	-10.750	-4.731	0.345	-2.035	0.281	2.627	-1.563	-8.246	1.480	126.974823	37.295448
1685512229155	1685512229147	-10.853	-4.987	0.350	-1.891	0.242	2.628	-1.872	-8.619	1.348	126.974823	37.295448
1685512229166	1685512229156	-10.872	-4.887	0.271	-1.753	0.221	2.616	-2.090	-9.227	1.307	126.974823	37.295448
1685512229175	1685512229167	-10.918	-5.049	0.294	-1.609	0.214	2.600	-2.330	-9.752	1.240	126.974823	37.295448
1685512229185	1685512229176	-10.994	-5.303	0.362	-1.476	0.189	2.595	-2.466	-9.862	1.099	126.974823	37.295448
1685512229195	1685512229186	-11.037	-5.363	0.510	-1.388	0.176	2.571	-2.658	-10.278	1.053	126.974823	37.295448
1685512229206	1685512229195	-10.944	-5.377	0.546	-1.329	0.186	2.516	-2.861	-10.733	1.063	126.974823	37.295448
1685512229216	1685512229207	-10.721	-5.454	0.639	-1.283	0.183	2.446	-3.048	-11.009	1.149	126.974823	37.295448
1685512229225	1685512229216	-10.324	-5.397	0.649	-1.252	0.173	2.366	-3.100	-11.231	1.123	126.974823	37.295448
1685512229235	1685512229226	-9.869	-5.373	0.615	-1.253	0.160	2.268	-3.053	-11.545	1.142	126.974823	37.295448
1685512229247	1685512229236	-9.577	-5.435	0.637	-1.288	0.132	2.149	-2.772	-11.636	1.101	126.974831	37.295444
1685512229255	1685512229247	-9.512	-5.612	0.658	-1.337	0.122	2.007	-2.478	-11.803	0.994	126.974831	37.295444
1685512229268	1685512229256	-9.708	-5.911	0.800	-1.373	0.161	1.835	-2.310	-12.012	0.948	126.974831	37.295444
1685512229276	1685512229268	-10.104	-6.117	0.953	-1.377	0.221	1.643	-2.394	-12.352	0.881	126.974831	37.295444
1685512229286	1685512229276	-10.465	-6.318	1.022	-1.338	0.288	1.445	-2.703	-12.771	0.948	126.974831	37.295444
1685512229296	1685512229286	-10.649	-6.515	0.948	-1.249	0.347	1.272	-3.247	-13.125	0.998	126.974831	37.295444
1685512229306	1685512229296	-10.702	-6.749	0.855	-1.113	0.364	1.147	-3.680	-13.396	1.015	126.974831	37.295444
1685512229317	1685512229306	-10.532	-6.843	0.881	-0.953	0.358	1.049	-3.962	-13.688	0.869	126.974831	37.295444
1685512229327	1685512229318	-10.348	-6.900	0.690	-0.778	0.342	0.965	-4.089	-13.989	0.725	126.974831	37.295444
1685512229336	1685512229327	-10.123	-6.886	0.615	-0.605	0.315	0.889	-4.003	-14.157	0.702	126.974831	37.295444
1685512229346	1685512229336	-10.257	-6.979	0.565	-0.450	0.291	0.806	-3.888	-14.274	0.474	126.974831	37.295444
1685512229356	1685512229346	-10.578	-7.113	0.745	-0.330	0.290	0.698	-3.735	-14.322	0.373	126.974831	37.295444
1685512229367	1685512229356	-10.707	-7.154	0.950	-0.249	0.312	0.552	-3.922	-14.461	0.309	126.974831	37.295444
1685512229376	1685512229367	-10.537	-7.271	1.025	-0.194	0.327	0.402	-4.295	-14.638	0.484	126.974831	37.295444
1685512229388	1685512229376	-10.240	-7.369	1.073	-0.144	0.299	0.281	-4.465	-14.712	0.690	126.974831	37.295444
1685512229396	1685512229388	-10.221	-7.532	1.396	-0.098	0.249	0.176	-4.329	-14.856	0.769	126.974831	37.295444
1685512229406	1685512229396	-10.551	-7.769	1.817	-0.044	0.250	0.023	-4.049	-14.971	0.824	126.974831	37.295444
1685512229419	1685512229406	-10.494	-7.944	1.772	0.059	0.309	-0.191	-4.044	-15.146	1.156	126.974831	37.295444
1685512229426	1685512229419	-10.324	-7.757	1.820	0.252	0.360	-0.398	-4.377	-15.383	1.590	126.974831	37.295444
1685512229436	1685512229426	-10.022	-7.427	1.549	0.518	0.357	-0.561	-4.302	-15.546	1.568	126.974831	37.295444
1685512229447	1685512229436	-10.029	-7.257	1.338	0.783	0.299	-0.727	-4.104	-15.335	1.657	126.974831	37.295444
1685512229457	1685512229447	-10.271	-7.238	1.317	1.018	0.254	-0.946	-3.759	-14.971	1.446	126.974831	37.295444
1685512229467	1685512229459	-10.915	-7.089	1.310	1.239	0.228	-1.206	-3.711	-14.755	1.314	126.974831	37.295444
1685512229476	1685512229467	-11.648	-6.948	1.317	1.462	0.210	-1.478	-3.874	-14.669	1.393	126.974831	37.295444
1685512229488	1685512229477	-12.402	-6.780	1.257	1.684	0.181	-1.740	-4.439	-14.449	1.482	126.974831	37.295444
1685512229496	1685512229488	-12.981	-6.563	1.176	1.900	0.117	-1.962	-5.054	-14.198	1.623	126.974831	37.295444
1685512229510	1685512229496	-13.475	-6.318	0.970	2.089	0.029	-2.147	-5.696	-13.922	1.683	126.974831	37.295444
1685512229518	1685512229511	-13.910	-6.012	0.821	2.232	-0.077	-2.305	-6.136	-13.561	1.743	126.974831	37.295444
1685512229526	1685512229518	-14.226	-5.717	0.687	2.315	-0.195	-2.452	-6.483	-13.154	1.683	126.974831	37.295444
1685512229538	1685512229526	-14.449	-5.401	0.565	2.342	-0.313	-2.591	-6.747	-12.649	1.695	126.974831	37.295444
1685512229546	1685512229539	-14.360	-5.097	0.371	2.310	-0.439	-2.722	-6.917	-12.175	1.683	126.974831	37.295444
1685512229556	1685512229547	-14.107	-4.774	0.256	2.222	-0.585	-2.843	-6.972	-11.643	1.688	126.974831	37.295444
1685512229569	1685512229556	-13.688	-4.456	0.170	2.079	-0.735	-2.965	-6.711	-11.104	1.602	126.974831	37.295444
1685512229576	1685512229569	-13.381	-4.130	0.156	1.888	-0.885	-3.098	-6.282	-10.532	1.573	126.974831	37.295444
1685512229586	1685512229576	-13.051	-3.934	0.146	1.653	-1.013	-3.252	-5.686	-9.953	1.544	126.974831	37.295444
1685512229596	1685512229587	-12.761	-3.919	0.096	1.395	-1.104	-3.427	-5.167	-9.294	1.566	126.974831	37.295444
1685512229607	1685512229597	-12.694	-3.754	-0.055	1.140	-1.156	-3.610	-4.695	-8.863	1.554	126.974831	37.295444
1685512229616	1685512229607	-12.617	-3.654	-0.101	0.907	-1.184	-3.789	-4.226	-8.540	1.477	126.974831	37.295444
1685512229628	1685512229617	-12.536	-3.522	-0.148	0.704	-1.201	-3.947	-3.982	-8.047	1.279	126.974831	37.295444
1685512229637	1685512229628	-12.306	-3.498	-0.261	0.528	-1.218	-4.081	-3.733	-7.602	1.166	126.974831	37.295444
1685512229647	1685512229637	-12.131	-3.558	-0.393	0.401	-1.227	-4.182	-3.488	-7.106	1.037	126.974831	37.295444
1685512229656	1685512229647	-12.060	-3.488	-0.453	0.338	-1.213	-4.243	-3.091	-6.665	0.821	126.974831	37.295444
1685512229669	1685512229657	-11.813	-3.448	-0.527	0.338	-1.181	-4.270	-2.794	-6.373	0.599	126.974831	37.295444
1685512229678	1685512229669	-11.533	-3.354	-0.637	0.389	-1.144	-4.264	-2.600	-5.902	0.433	126.974831	37.295444
1685512229690	1685512229678	-11.260	-3.223	-0.711	0.475	-1.103	-4.220	-2.248	-5.452	0.254	126.974831	37.295444
1685512229698	1685512229690	-10.839	-3.057	-0.694	0.585	-1.064	-4.139	-1.875	-4.903	0.031	126.974831	37.295444
1685512229708	1685512229699	-10.513	-2.942	-0.812	0.707	-1.026	-4.024	-1.544	-4.401	-0.132	126.974831	37.295444
1685512229720	1685512229709	-10.185	-2.818	-0.857	0.839	-0.981	-3.878	-1.073	-3.790	-0.223	126.974831	37.295444
1685512229729	1685512229720	-9.787	-2.607	-0.903	0.964	-0.930	-3.713	-0.723	-3.318	-0.429	126.974831	37.295444
1685512229740	1685512229729	-9.455	-2.562	-0.898	1.056	-0.883	-3.534	-0.385	-2.811	-0.567	126.974831	37.295444
1685512229752	1685512229741	-9.057	-2.514	-0.910	1.107	-0.845	-3.341	0.005	-2.234	-0.706	126.974831	37.295444
1685512229758	1685512229754	-8.732	-2.411	-0.881	1.133	-0.805	-3.136	0.321	-1.841	-0.792	126.974831	37.295444
1685512229771	1685512229760	-8.578	-2.365	-0.888	1.136	-0.760	-2.925	0.690	-1.465	-0.898	126.974831	37.295444
1685512229781	1685512229771	-8.514	-2.279	-0.886	1.129	-0.710	-2.711	0.967	-0.996	-0.979	126.974831	37.295444
1685512229791	1685512229781	-8.631	-2.239	-0.919	1.108	-0.650	-2.497	1.085	-0.725	-1.061	126.974831	37.295444
1685512229800	1685512229793	-8.971	-2.227	-0.917	1.064	-0.588	-2.282	1.089	-0.330	-1.164	126.974831	37.295444
1685512229813	1685512229806	-9.242	-2.157	-1.032	0.994	-0.531	-2.067	0.929	-0.101	-1.264	126.974831	37.295444
1685512229833	1685512229814	-9.589	-2.155	-1.032	0.900	-0.481	-1.847	0.529	0.144	-1.350	126.974831	37.295444
1685512229834	1685512229834	-10.082	-2.162	-0.965	0.787	-0.437	-1.621	0.213	0.388	-1.494	126.974831	37.295444
1685512229840	1685512229834	-10.379	-2.157	-0.967	0.655	-0.412	-1.390	-0.189	0.589	-1.530	126.974831	37.295444
1685512229849	1685512229840	-10.527	-1.968	-1.087	0.519	-0.391	-1.167	-0.718	0.702	-1.472	126.974831	37.295444
1685512229860	1685512229850	-10.364	-1.827	-1.216	0.393	-0.382	-0.946	-1.051	0.816	-1.489	126.974831	37.295444
1685512229873	1685512229860	-9.922	-1.674	-1.250	0.268	-0.413	-0.711	-1.231	1.094	-1.626	126.974831	37.295444
1685512229879	1685512229873	-9.725	-1.393	-1.429	0.116	-0.465	-0.468	-1.099	1.322	-1.803	126.974831	37.295444
1685512229889	1685512229881	-9.941	-1.334	-1.477	-0.072	-0.475	-0.255	-0.680	1.539	-1.884	126.974831	37.295444
1685512229900	1685512229891	-10.434	-1.353	-1.604	-0.274	-0.403	-0.081	-0.505	1.870	-2.119	126.974831	37.295444
1685512229909	1685512229901	-10.795	-1.360	-1.702	-0.457	-0.264	0.090	-0.723	1.932	-2.176	126.974831	37.295444
1685512229919	1685512229911	-11.169	-1.616	-1.642	-0.621	-0.127	0.291	-1.214	1.903	-2.308	126.974831	37.295444
1685512229930	1685512229919	-11.447	-1.946	-1.518	-0.759	-0.022	0.546	-1.568	1.877	-2.397	126.974831	37.295444
1685512229939	1685512229930	-11.360	-2.373	-1.111	-0.861	0.106	0.854	-1.930	1.592	-2.318	126.974831	37.295444
1685512229949	1685512229939	-10.783	-2.631	-0.678	-0.897	0.257	1.205	-2.191	1.216	-2.172	126.974831	37.295444
1685512229958	1685512229950	-10.072	-2.579	-0.165	-0.860	0.360	1.582	-2.073	0.709	-1.724	126.974831	37.295444
1685512229968	1685512229959	-9.357	-2.576	0.292	-0.764	0.445	1.957	-1.463	0.352	-1.245	126.974831	37.295444
1685512229977	1685512229969	-9.160	-2.806	0.584	-0.596	0.577	2.288	-0.704	0.263	-0.673	126.974831	37.295444
1685512229988	1685512229978	-9.562	-2.844	0.761	-0.358	0.765	2.542	0.067	0.084	-0.153	126.974831	37.295444
1685512229997	1685512229989	-10.415	-2.842	0.673	-0.115	1.005	2.680	0.330	-0.378	0.213	126.974831	37.295444
1685512230007	1685512229997	-11.495	-2.825	0.584	0.123	1.249	2.740	-0.014	-0.634	0.464	126.974831	37.295444
1685512230018	1685512230007	-12.433	-2.806	0.328	0.365	1.454	2.787	-0.804	-0.915	0.484	126.974831	37.295444
1685512230027	1685512230018	-12.912	-2.847	0.196	0.563	1.548	2.844	-1.839	-1.135	0.503	126.974831	37.295444
1685512230037	1685512230027	-13.065	-2.832	-0.062	0.684	1.517	2.927	-2.734	-1.386	0.381	126.974831	37.295444
1685512230048	1685512230038	-12.811	-2.734	-0.220	0.716	1.396	3.029	-3.177	-1.702	0.393	126.974831	37.295444
1685512230057	1685512230048	-12.409	-2.741	-0.187	0.632	1.239	3.130	-3.306	-1.970	0.275	126.974831	37.295444
1685512230068	1685512230057	-11.923	-2.935	-0.055	0.426	1.078	3.207	-3.036	-2.167	0.247	126.974831	37.295444
1685512230077	1685512230068	-11.485	-3.105	0.196	0.119	0.944	3.245	-2.626	-2.507	0.412	126.974831	37.295444
1685512230087	1685512230077	-10.975	-3.086	0.450	-0.250	0.848	3.249	-2.145	-2.981	0.637	126.974831	37.295444
1685512230097	1685512230087	-10.539	-3.199	0.496	-0.635	0.775	3.235	-1.721	-3.498	0.991	126.974831	37.295444
1685512230108	1685512230097	-10.020	-3.244	0.515	-0.998	0.722	3.219	-1.233	-3.766	1.319	126.974831	37.295444
1685512230117	1685512230108	-9.744	-3.342	0.611	-1.312	0.698	3.200	-0.831	-4.199	1.434	126.974831	37.295444
1685512230127	1685512230117	-9.572	-3.452	0.508	-1.587	0.684	3.164	-0.357	-4.566	1.511	126.974831	37.295444
1685512230137	1685512230127	-9.517	-3.694	0.340	-1.841	0.665	3.112	-0.141	-5.018	1.659	126.974831	37.295444
1685512230147	1685512230137	-9.558	-3.874	0.204	-2.054	0.654	3.059	-0.026	-5.416	1.590	126.974831	37.295444
1685512230157	1685512230147	-9.553	-4.039	0.045	-2.215	0.641	3.013	-0.045	-5.974	1.446	126.974831	37.295444
1685512230169	1685512230157	-9.677	-4.164	0.031	-2.330	0.597	2.969	-0.168	-6.464	1.322	126.974831	37.295444
1685512230177	1685512230169	-9.723	-4.482	0.074	-2.397	0.539	2.924	-0.254	-6.936	1.161	126.974831	37.295444
1685512230187	1685512230177	-10.017	-4.604	0.050	-2.417	0.487	2.882	-0.474	-7.362	1.132	126.974831	37.295444
1685512230198	1685512230187	-10.154	-4.652	0.050	-2.397	0.439	2.839	-0.646	-8.033	1.137	126.974838	37.295448
1685512230207	1685512230198	-10.202	-4.798	0.000	-2.353	0.386	2.800	-1.030	-8.382	1.077	126.974838	37.295448
1685512230217	1685512230207	-10.379	-4.894	-0.103	-2.304	0.314	2.776	-1.281	-8.708	1.022	126.974838	37.295448
1685512230228	1685512230217	-10.446	-5.004	-0.199	-2.253	0.258	2.755	-1.451	-9.124	0.907	126.974838	37.295448
1685512230237	1685512230229	-10.633	-5.080	-0.247	-2.205	0.213	2.724	-1.753	-9.481	0.730	126.974838	37.295448
1685512230248	1685512230237	-10.695	-5.150	-0.424	-2.167	0.171	2.689	-1.954	-9.845	0.551	126.974838	37.295448
1685512230257	1685512230248	-10.652	-5.298	-0.381	-2.144	0.137	2.652	-2.289	-10.190	0.400	126.974838	37.295448
1685512230269	1685512230258	-10.525	-5.404	-0.254	-2.142	0.092	2.619	-2.480	-10.472	0.134	126.974838	37.295448
1685512230279	1685512230270	-10.491	-5.617	-0.127	-2.159	0.055	2.582	-2.581	-10.848	0.072	126.974838	37.295448
1685512230290	1685512230280	-10.487	-5.562	-0.156	-2.167	0.050	2.524	-2.602	-11.171	0.086	126.974838	37.295448
1685512230299	1685512230291	-10.364	-5.562	-0.218	-2.162	0.067	2.441	-2.737	-11.614	0.077	126.974838	37.295448
1685512230309	1685512230299	-10.051	-5.662	-0.359	-2.165	0.062	2.353	-2.871	-11.736	-0.065	126.974838	37.295448
1685512230319	1685512230310	-9.881	-5.722	-0.318	-2.195	0.044	2.258	-2.916	-11.937	-0.271	126.974838	37.295448
1685512230330	1685512230320	-9.826	-5.952	-0.239	-2.246	0.040	2.138	-2.739	-12.194	-0.534	126.974838	37.295448
1685512230341	1685512230332	-9.804	-6.165	-0.144	-2.287	0.054	1.991	-2.717	-12.412	-0.634	126.974838	37.295448
1685512230352	1685512230341	-9.931	-6.354	0.074	-2.288	0.084	1.831	-2.808	-12.785	-0.704	126.974838	37.295448
1685512230361	1685512230353	-9.979	-6.543	0.134	-2.241	0.123	1.669	-2.923	-13.123	-0.761	126.974838	37.295448
1685512230373	1685512230361	-9.905	-6.675	0.139	-2.143	0.155	1.510	-3.177	-13.422	-0.699	126.974838	37.295448
1685512230382	1685512230374	-9.833	-6.797	0.211	-2.005	0.186	1.356	-3.354	-13.712	-0.804	126.974838	37.295448
1685512230392	1685512230382	-9.685	-6.838	0.192	-1.836	0.217	1.213	-3.378	-13.915	-0.931	126.974838	37.295448
1685512230401	1685512230393	-9.646	-6.912	0.134	-1.652	0.242	1.075	-3.412	-14.107	-1.006	126.974838	37.295448
1685512230411	1685512230401	-9.862	-7.008	0.096	-1.467	0.276	0.933	-3.340	-14.198	-1.132	126.974838	37.295448
1685512230422	1685512230412	-10.494	-7.307	0.184	-1.293	0.312	0.784	-3.378	-14.317	-1.298	126.974838	37.295448
1685512230434	1685512230422	-11.612	-7.757	0.558	-1.133	0.375	0.613	-3.658	-14.449	-1.427	126.974838	37.295448
1685512230459	1685512230434	-12.783	-8.066	0.886	-0.963	0.487	0.404	-4.350	-14.779	-1.425	126.974838	37.295448
1685512230461	1685512230460	-13.087	-8.171	1.223	-0.753	0.613	0.197	-5.504	-15.246	-1.106	126.974838	37.295448
1685512230462	1685512230461	-12.105	-8.159	1.587	-0.490	0.671	0.065	-6.699	-15.565	-0.821	126.974838	37.295448
1685512230473	1685512230462	-10.393	-8.028	1.827	-0.167	0.617	0.046	-7.005	-15.668	-0.500	126.974838	37.295448
1685512230481	1685512230474	-8.928	-7.721	1.714	0.164	0.473	0.067	-6.017	-15.651	-0.134	126.974838	37.295448
1685512230492	1685512230481	-8.310	-7.233	1.580	0.458	0.359	-0.017	-4.298	-15.519	0.129	126.974838	37.295448
1685512230504	1685512230492	-8.545	-6.728	1.575	0.663	0.342	-0.276	-2.830	-15.222	0.065	126.974838	37.295448
1685512230511	1685512230504	-9.615	-6.539	1.719	0.771	0.387	-0.663	-2.205	-14.739	-0.022	126.974838	37.295448
1685512230520	1685512230511	-11.198	-6.493	1.961	0.836	0.465	-1.118	-2.413	-14.226	0.043	126.974838	37.295448
1685512230532	1685512230521	-12.459	-6.328	1.990	0.900	0.539	-1.580	-3.428	-14.008	0.268	126.974838	37.295448
1685512230540	1685512230532	-13.537	-6.132	1.836	0.965	0.535	-1.988	-4.913	-13.898	0.611	126.974838	37.295448
1685512230551	1685512230541	-14.013	-6.029	1.604	0.992	0.428	-2.299	-6.065	-13.654	0.730	126.974838	37.295448
1685512230560	1685512230552	-14.265	-6.199	1.348	0.979	0.250	-2.519	-6.962	-13.317	0.702	126.974838	37.295448
1685512230572	1685512230561	-14.202	-6.120	1.144	0.951	0.072	-2.684	-7.305	-13.099	0.548	126.974838	37.295448
1685512230580	1685512230572	-14.083	-6.038	0.883	0.955	-0.077	-2.823	-7.360	-13.091	0.385	126.974838	37.295448
1685512230593	1685512230581	-14.030	-5.710	0.840	1.004	-0.184	-2.938	-7.132	-12.852	0.244	126.974838	37.295448
1685512230600	1685512230593	-14.004	-5.368	0.742	1.060	-0.272	-3.046	-6.788	-12.536	0.053	126.974838	37.295448
1685512230612	1685512230601	-13.882	-5.107	0.764	1.087	-0.351	-3.152	-6.567	-12.021	0.055	126.974838	37.295448
1685512230631	1685512230612	-13.578	-4.602	0.771	1.089	-0.413	-3.266	-6.337	-11.432	0.007	126.974838	37.295448
1685512230632	1685512230631	-13.197	-4.360	0.771	1.060	-0.474	-3.384	-6.048	-10.961	0.062	126.974838	37.295448
1685512230640	1685512230632	-12.797	-4.113	0.668	1.007	-0.536	-3.505	-5.559	-10.202	0.101	126.974838	37.295448
1685512230651	1685512230640	-12.491	-4.003	0.541	0.930	-0.588	-3.627	-4.997	-9.694	0.120	126.974838	37.295448
1685512230660	1685512230651	-12.167	-3.922	0.462	0.816	-0.630	-3.752	-4.417	-9.163	0.024	126.974838	37.295448
1685512230674	1685512230660	-11.868	-4.008	0.445	0.683	-0.662	-3.881	-3.938	-8.751	-0.105	126.974838	37.295448
1685512230680	1685512230674	-11.653	-3.958	0.412	0.573	-0.668	-3.995	-3.431	-8.317	-0.204	126.974838	37.295448
1685512230691	1685512230681	-11.619	-3.783	0.333	0.500	-0.667	-4.089	-2.986	-8.102	-0.247	126.974838	37.295448
1685512230701	1685512230692	-11.351	-3.807	0.182	0.468	-0.663	-4.159	-2.605	-7.661	-0.321	126.974838	37.295448
1685512230712	1685512230701	-11.169	-3.836	0.180	0.481	-0.657	-4.205	-2.444	-7.154	-0.438	126.974838	37.295448
1685512230722	1685512230714	-11.095	-3.766	0.055	0.556	-0.629	-4.230	-2.049	-6.797	-0.637	126.974838	37.295448
1685512230732	1685512230722	-10.965	-3.615	-0.105	0.685	-0.589	-4.231	-1.757	-6.438	-0.687	126.974838	37.295448
1685512230742	1685512230733	-10.791	-3.450	-0.091	0.852	-0.552	-4.211	-1.578	-5.933	-0.862	126.974838	37.295448
1685512230752	1685512230742	-10.645	-3.299	-0.218	1.024	-0.518	-4.161	-1.377	-5.423	-1.061	126.974838	37.295448
1685512230762	1685512230753	-10.403	-3.211	-0.220	1.180	-0.495	-4.084	-1.140	-4.860	-1.087	126.974838	37.295448
1685512230774	1685512230762	-10.149	-3.074	-0.170	1.317	-0.476	-3.989	-0.948	-4.319	-1.250	126.974838	37.295448
1685512230781	1685512230774	-9.972	-2.863	-0.153	1.436	-0.456	-3.877	-0.678	-3.845	-1.290	126.974838	37.295448
1685512230791	1685512230782	-9.809	-2.686	-0.189	1.525	-0.436	-3.748	-0.412	-3.335	-1.281	126.974838	37.295448
1685512230802	1685512230792	-9.644	-2.521	-0.357	1.580	-0.420	-3.610	-0.239	-2.691	-1.317	126.974838	37.295448
1685512230815	1685512230803	-9.438	-2.394	-0.381	1.598	-0.409	-3.459	-0.089	-2.236	-1.391	126.974838	37.295448
1685512230821	1685512230816	-9.261	-2.239	-0.271	1.589	-0.404	-3.284	0.045	-1.741	-1.609	126.974838	37.295448
1685512230834	1685512230821	-8.985	-2.085	-0.297	1.555	-0.412	-3.086	0.215	-1.298	-1.688	126.974838	37.295448
1685512230856	1685512230835	-8.815	-1.968	-0.275	1.499	-0.409	-2.882	0.345	-0.848	-1.635	126.974838	37.295448
1685512230857	1685512230856	-8.588	-1.925	-0.239	1.421	-0.406	-2.669	0.567	-0.421	-1.726	126.974838	37.295448
1685512230861	1685512230857	-8.617	-1.997	-0.165	1.326	-0.397	-2.442	0.675	-0.022	-1.772	126.974838	37.295448
1685512230874	1685512230862	-8.550	-1.994	-0.072	1.229	-0.370	-2.205	0.850	0.235	-1.769	126.974838	37.295448
1685512230880	1685512230874	-8.576	-1.908	-0.108	1.129	-0.334	-1.967	0.766	0.376	-1.717	126.974838	37.295448
1685512230891	1685512230880	-8.511	-1.836	-0.153	1.036	-0.301	-1.720	0.783	0.565	-1.626	126.974838	37.295448
1685512230901	1685512230892	-8.425	-1.726	-0.194	0.948	-0.276	-1.459	0.711	0.821	-1.654	126.974838	37.295448
1685512230911	1685512230901	-8.195	-1.623	-0.268	0.841	-0.270	-1.191	0.745	1.006	-1.674	126.974838	37.295448
1685512230921	1685512230913	-8.131	-1.599	-0.225	0.713	-0.261	-0.926	0.797	1.226	-1.707	126.974838	37.295448
1685512230931	1685512230921	-8.119	-1.456	-0.266	0.580	-0.231	-0.670	1.008	1.393	-1.774	126.974838	37.295448
1685512230940	1685512230932	-8.368	-1.523	-0.299	0.436	-0.192	-0.420	1.053	1.475	-1.736	126.974838	37.295448
1685512230952	1685512230941	-8.995	-1.587	-0.156	0.288	-0.136	-0.171	1.051	1.654	-1.786	126.974838	37.295448
1685512230961	1685512230952	-9.704	-1.839	-0.278	0.142	-0.043	0.092	0.792	1.609	-1.832	126.974838	37.295448
1685512230972	1685512230961	-10.568	-1.887	-0.395	0.010	0.075	0.376	0.158	1.556	-1.709	126.974838	37.295448
1685512230988	1685512230973	-11.277	-2.061	-0.582	-0.100	0.183	0.699	-0.539	1.281	-1.820	126.974838	37.295448
1685512230991	1685512230988	-11.744	-2.351	-0.833	-0.203	0.266	1.068	-1.379	1.183	-1.901	126.974838	37.295448
1685512230999	1685512230992	-12.019	-2.619	-0.850	-0.294	0.327	1.484	-2.061	0.939	-2.066	126.974838	37.295448
1685512231011	1685512230999	-11.605	-2.710	-0.618	-0.387	0.392	1.918	-2.497	0.563	-2.289	126.974838	37.295448
1685512231023	1685512231023	-10.635	-2.832	-0.553	-0.514	0.414	2.334	-2.725	0.160	-2.267	126.974838	37.295448
1685512231030	1685512231023	-9.919	-3.002	-0.201	-0.663	0.369	2.715	-2.255	-0.101	-1.987	126.974838	37.295448
1685512231039	1685512231030	-9.720	-3.330	0.273	-0.790	0.362	3.034	-1.214	-0.457	-1.867	126.974838	37.295448
1685512231049	1685512231040	-10.101	-3.378	0.666	-0.872	0.446	3.235	-0.438	-0.850	-1.470	126.974838	37.295448
1685512231058	1685512231049	-11.313	-3.345	0.795	-0.891	0.583	3.305	-0.175	-1.458	-0.946	126.974838	37.295448
1685512231071	1685512231060	-12.450	-3.450	0.742	-0.843	0.735	3.308	-0.493	-1.805	-0.493	126.974838	37.295448
1685512231079	1685512231072	-13.484	-3.577	0.541	-0.755	0.860	3.326	-1.652	-2.081	-0.297	126.974838	37.295448
1685512231089	1685512231080	-14.035	-3.644	0.350	-0.659	0.903	3.370	-2.746	-2.497	-0.268	126.974838	37.295448
1685512231099	1685512231089	-14.183	-3.639	0.170	-0.569	0.845	3.431	-3.740	-3.002	-0.362	126.974838	37.295448
1685512231109	1685512231099	-13.946	-3.742	0.014	-0.497	0.717	3.522	-4.271	-3.328	-0.481	126.974838	37.295448
1685512231118	1685512231109	-13.503	-3.929	0.129	-0.469	0.578	3.647	-4.410	-3.654	-0.577	126.974838	37.295448
1685512231130	1685512231118	-12.802	-4.120	0.208	-0.508	0.456	3.776	-4.173	-4.099	-0.663	126.974838	37.295448
1685512231138	1685512231130	-12.062	-4.108	0.347	-0.610	0.359	3.878	-3.747	-4.638	-0.496	126.974838	37.295448
1685512231148	1685512231138	-11.198	-4.197	0.565	-0.755	0.290	3.934	-3.074	-5.195	-0.376	126.974838	37.295448
1685512231158	1685512231148	-10.470	-4.089	0.735	-0.921	0.246	3.946	-2.387	-5.593	-0.206	126.974838	37.295448
1685512231169	1685512231158	-9.883	-3.886	0.800	-1.102	0.214	3.918	-1.580	-6.019	0.022	126.974838	37.295448
1685512231178	1685512231169	-9.397	-3.824	0.783	-1.312	0.189	3.856	-0.929	-6.285	0.199	126.974838	37.295448
1685512231189	1685512231178	-9.143	-3.874	0.792	-1.544	0.169	3.760	-0.436	-6.448	0.256	126.974838	37.295448
1685512231198	1685512231189	-9.052	-4.175	0.584	-1.769	0.164	3.631	-0.065	-6.776	0.220	126.974838	37.295448
1685512231209	1685512231198	-9.048	-4.295	0.541	-1.971	0.167	3.481	0.084	-7.132	0.199	126.974838	37.295441
1685512231219	1685512231209	-9.184	-4.386	0.385	-2.128	0.128	3.327	0.038	-7.788	-0.057	126.974838	37.295441
1685512231229	1685512231219	-9.313	-4.468	0.273	-2.246	0.087	3.185	-0.072	-8.179	-0.153	126.974838	37.295441
1685512231238	1685512231229	-9.440	-4.717	0.196	-2.335	0.039	3.058	-0.340	-8.550	-0.383	126.974838	37.295441
1685512231250	1685512231238	-9.625	-4.841	0.122	-2.407	-0.033	2.947	-0.606	-8.892	-0.584	126.974838	37.295441
1685512231259	1685512231250	-9.852	-5.066	0.096	-2.459	-0.101	2.845	-0.871	-9.385	-0.764	126.974838	37.295441
1685512231270	1685512231259	-10.008	-5.219	-0.098	-2.483	-0.149	2.745	-1.197	-9.735	-0.955	126.974838	37.295441
1685512231279	1685512231270	-10.120	-5.265	-0.204	-2.478	-0.195	2.649	-1.583	-10.192	-1.125	126.974838	37.295441
1685512231290	1685512231280	-10.259	-5.430	-0.383	-2.465	-0.248	2.561	-1.870	-10.518	-1.448	126.974838	37.295441
1685512231300	1685512231290	-10.223	-5.483	-0.371	-2.453	-0.296	2.476	-2.143	-10.760	-1.717	126.974838	37.295441
1685512231311	1685512231300	-10.108	-5.588	-0.464	-2.437	-0.326	2.384	-2.413	-11.073	-2.037	126.974838	37.295441
1685512231321	1685512231312	-10.051	-5.588	-0.424	-2.419	-0.347	2.280	-2.523	-11.274	-2.191	126.974838	37.295441
1685512231331	1685512231321	-9.790	-5.679	-0.390	-2.398	-0.360	2.172	-2.555	-11.516	-2.452	126.974838	37.295441
1685512231342	1685512231331	-9.529	-5.760	-0.376	-2.374	-0.364	2.056	-2.670	-11.660	-2.614	126.974838	37.295441
1685512231353	1685512231343	-9.239	-5.823	-0.352	-2.346	-0.354	1.933	-2.521	-11.835	-2.720	126.974838	37.295441
1685512231362	1685512231353	-9.079	-5.854	-0.328	-2.313	-0.330	1.796	-2.411	-12.014	-2.897	126.974838	37.295441
1685512231374	1685512231362	-9.098	-5.890	-0.400	-2.264	-0.282	1.644	-2.239	-12.146	-3.029	126.974838	37.295441
1685512231383	1685512231374	-9.313	-6.012	-0.357	-2.200	-0.219	1.478	-2.215	-12.244	-3.191	126.974838	37.295441
1685512231393	1685512231383	-9.687	-6.167	-0.266	-2.120	-0.136	1.301	-2.334	-12.321	-3.412	126.974838	37.295441
1685512231401	1685512231393	-10.142	-6.436	-0.180	-2.012	-0.046	1.124	-2.684	-12.481	-3.572	126.974838	37.295441
1685512231414	1685512231401	-10.381	-6.610	-0.101	-1.852	0.044	0.959	-3.120	-12.649	-3.582	126.974838	37.295441
1685512231434	1685512231415	-10.353	-6.608	0.043	-1.635	0.121	0.821	-3.656	-12.924	-3.644	126.974838	37.295441
1685512231435	1685512231434	-10.101	-6.543	0.081	-1.383	0.169	0.729	-3.950	-13.094	-3.670	126.974838	37.295441
1685512231455	1685512231435	-9.706	-6.522	0.091	-1.122	0.198	0.681	-3.974	-13.084	-3.634	126.974838	37.295441
1685512231456	1685512231455	-9.471	-6.239	0.007	-0.891	0.216	0.628	-3.761	-13.017	-3.666	126.974838	37.295441
1685512231461	1685512231456	-9.462	-6.194	-0.081	-0.722	0.247	0.539	-3.409	-12.996	-3.728	126.974838	37.295441
1685512231472	1685512231461	-9.845	-6.419	0.060	-0.623	0.304	0.414	-3.201	-12.718	-3.847	126.974838	37.295441
1685512231481	1685512231473	-10.558	-6.546	0.211	-0.569	0.396	0.259	-3.218	-12.677	-3.972	126.974838	37.295441
1685512231493	1685512231481	-11.032	-6.622	0.345	-0.531	0.503	0.090	-3.615	-12.905	-3.850	126.974838	37.295441
1685512231501	1685512231493	-11.258	-6.510	0.364	-0.485	0.588	-0.051	-4.331	-13.024	-3.713	126.974838	37.295441
1685512231512	1685512231501	-11.186	-6.819	0.646	-0.424	0.607	-0.128	-4.793	-13.087	-3.582	126.974838	37.295441
1685512231521	1685512231512	-10.896	-7.063	1.164	-0.349	0.588	-0.171	-4.990	-12.950	-3.555	126.974838	37.295441
1685512231532	1685512231522	-10.285	-7.187	1.470	-0.226	0.590	-0.232	-4.889	-13.238	-3.263	126.974838	37.295441
1685512231542	1685512231532	-9.522	-6.895	1.525	-0.022	0.611	-0.312	-4.563	-13.455	-2.732	126.974838	37.295441
1685512231553	1685512231542	-9.062	-6.685	1.360	0.258	0.595	-0.380	-3.915	-13.558	-2.401	126.974838	37.295441
1685512231562	1685512231553	-9.134	-6.572	1.331	0.546	0.562	-0.467	-3.108	-13.245	-2.310	126.974838	37.295441
1685512231573	1685512231562	-9.871	-6.639	1.441	0.776	0.568	-0.635	-2.602	-13.020	-2.421	126.974838	37.295441
1685512231581	1685512231574	-10.891	-6.766	1.425	0.955	0.597	-0.892	-2.617	-12.895	-2.370	126.974838	37.295441
1685512231591	1685512231581	-11.933	-6.843	1.429	1.135	0.618	-1.170	-3.302	-12.950	-2.184	126.974838	37.295441
1685512231603	1685512231592	-12.972	-6.625	1.247	1.334	0.621	-1.405	-4.235	-13.051	-2.090	126.974838	37.295441
1685512231615	1685512231605	-13.508	-6.388	0.982	1.527	0.579	-1.582	-5.193	-13.091	-1.985	126.974838	37.295441
1685512231623	1685512231615	-13.676	-6.141	0.785	1.663	0.480	-1.718	-6.124	-12.823	-2.040	126.974838	37.295441
1685512231631	1685512231631	-13.568	-5.844	0.625	1.726	0.338	-1.828	-6.543	-12.526	-2.172	126.974838	37.295441
1685512231648	1685512231631	-13.482	-5.674	0.603	1.734	0.198	-1.946	-6.579	-12.203	-2.219	126.974838	37.295441
1685512231652	1685512231651	-13.209	-5.382	0.601	1.709	0.084	-2.089	-6.364	-11.835	-2.265	126.974838	37.295441
1685512231662	1685512231652	-13.020	-5.035	0.637	1.666	0.006	-2.258	-6.155	-11.571	-2.169	126.974838	37.295441
1685512231673	1685512231662	-12.807	-4.681	0.644	1.580	-0.044	-2.461	-5.758	-11.171	-2.066	126.974838	37.295441
1685512231682	1685512231673	-12.481	-4.403	0.649	1.453	-0.087	-2.688	-5.440	-10.697	-1.935	126.974838	37.295441
1685512231692	1685512231682	-12.131	-4.290	0.809	1.296	-0.134	-2.916	-5.090	-10.195	-1.841	126.974838	37.295441
1685512231701	1685512231692	-11.744	-4.259	0.778	1.135	-0.173	-3.136	-4.594	-9.708	-1.750	126.974838	37.295441
1685512231711	1685512231701	-11.545	-4.216	0.752	0.980	-0.192	-3.360	-4.125	-9.436	-1.544	126.974838	37.295441
1685512231720	1685512231712	-11.394	-4.053	0.759	0.842	-0.193	-3.589	-3.582	-9.177	-1.532	126.974838	37.295441
1685512231733	1685512231720	-11.380	-3.915	0.716	0.744	-0.186	-3.798	-3.227	-8.880	-1.528	126.974838	37.295441
1685512231743	1685512231733	-11.320	-3.967	0.582	0.683	-0.183	-3.979	-2.919	-8.435	-1.499	126.974838	37.295441
1685512231752	1685512231743	-11.353	-3.893	0.543	0.672	-0.178	-4.127	-2.749	-7.987	-1.528	126.974838	37.295441
1685512231763	1685512231753	-11.360	-3.850	0.520	0.724	-0.171	-4.236	-2.521	-7.673	-1.650	126.974838	37.295441
1685512231774	1685512231763	-11.277	-3.757	0.390	0.821	-0.171	-4.316	-2.428	-7.286	-1.681	126.974838	37.295441
1685512231783	1685512231775	-11.291	-3.649	0.350	0.952	-0.166	-4.379	-2.303	-6.876	-1.695	126.974838	37.295441
1685512231795	1685512231783	-11.150	-3.625	0.218	1.113	-0.156	-4.404	-2.100	-6.407	-1.817	126.974838	37.295441
1685512231804	1685512231795	-11.138	-3.579	0.275	1.282	-0.150	-4.396	-2.002	-5.878	-1.851	126.974838	37.295441
1685512231812	1685512231805	-10.942	-3.326	0.314	1.455	-0.148	-4.351	-1.781	-5.507	-1.973	126.974838	37.295441
1685512231824	1685512231813	-10.831	-3.148	0.345	1.629	-0.150	-4.266	-1.693	-5.037	-1.908	126.974838	37.295441
1685512231837	1685512231824	-10.566	-3.067	0.364	1.786	-0.166	-4.150	-1.448	-4.441	-1.865	126.974838	37.295441
1685512231842	1685512231837	-10.424	-2.923	0.424	1.919	-0.180	-4.011	-1.302	-3.893	-1.834	126.974838	37.295441
1685512231881	1685512231842	-10.159	-2.849	0.402	2.018	-0.188	-3.848	-1.015	-3.455	-1.820	126.974838	37.295441
1685512231881	1685512231881	-10.058	-2.571	0.362	2.074	-0.213	-3.673	-0.869	-2.969	-1.774	126.974838	37.295441
1685512231882	1685512231882	-9.795	-2.200	0.476	2.099	-0.243	-3.478	-0.613	-2.571	-1.815	126.974838	37.295441
1685512231882	1685512231882	-9.507	-1.930	0.407	2.079	-0.277	-3.264	-0.536	-1.961	-1.889	126.974838	37.295441
1685512231892	1685512231883	-9.158	-1.793	0.330	2.010	-0.326	-3.031	-0.299	-1.334	-1.808	126.974838	37.295441
1685512231904	1685512231892	-8.724	-1.559	0.204	1.884	-0.386	-2.784	-0.055	-0.776	-1.930	126.974838	37.295441
1685512231912	1685512231904	-8.349	-1.729	0.242	1.695	-0.447	-2.533	0.249	-0.424	-2.057	126.974838	37.295441
1685512231921	1685512231913	-8.040	-1.693	0.393	1.470	-0.489	-2.282	0.632	0.024	-2.248	126.974838	37.295441
1685512231932	1685512231922	-8.059	-1.559	0.426	1.247	-0.492	-2.034	0.958	0.053	-2.267	126.974838	37.295441
1685512231942	1685512231933	-7.951	-1.326	0.419	1.051	-0.480	-1.791	1.207	0.280	-2.195	126.974838	37.295441
1685512231952	1685512231942	-7.815	-1.238	0.412	0.876	-0.473	-1.533	1.137	0.553	-2.227	126.974838	37.295441
1685512231962	1685512231952	-7.697	-1.070	0.366	0.696	-0.463	-1.249	1.195	0.922	-2.301	126.974838	37.295441
1685512231974	1685512231962	-7.544	-1.077	0.223	0.506	-0.441	-0.964	1.283	1.125	-2.370	126.974838	37.295441
1685512231982	1685512231974	-7.568	-0.982	0.132	0.319	-0.414	-0.701	1.358	1.389	-2.476	126.974838	37.295441
1685512231994	1685512231983	-8.009	-1.001	-0.103	0.145	-0.384	-0.448	1.472	1.453	-2.672	126.974838	37.295441
1685512232003	1685512231995	-8.835	-1.132	-0.373	-0.018	-0.335	-0.195	1.413	1.614	-2.816	126.974838	37.295441
1685512232013	1685512232004	-9.934	-1.305	-0.843	-0.186	-0.258	0.070	0.953	1.623	-3.081	126.974838	37.295441
1685512232022	1685512232013	-10.877	-1.745	-1.271	-0.369	-0.180	0.364	0.113	1.508	-3.383	126.974838	37.295441
1685512232038	1685512232023	-11.626	-2.071	-1.465	-0.569	-0.122	0.716	-0.991	1.336	-3.869	126.974838	37.295441
1685512232064	1685512232038	-11.870	-2.339	-1.415	-0.786	-0.106	1.140	-1.930	0.874	-4.305	126.974838	37.295441
1685512232064	1685512232064	-11.547	-2.538	-1.393	-1.002	-0.142	1.622	-2.665	0.503	-4.494	126.974838	37.295441
1685512232064	1685512232064	-11.131	-2.614	-1.300	-1.195	-0.205	2.121	-2.880	0.146	-4.434	126.974838	37.295441
1685512232073	1685512232064	-11.138	-2.784	-1.130	-1.392	-0.253	2.578	-2.526	-0.153	-4.401	126.974838	37.295441
1685512232080	1685512232073	-11.772	-3.115	-1.006	-1.625	-0.221	2.939	-2.066	-0.385	-4.300	126.974838	37.295441
1685512232091	1685512232081	-12.773	-3.278	-1.094	-1.878	-0.117	3.172	-2.025	-0.749	-4.123	126.974838	37.295441
1685512232100	1685512232092	-13.702	-3.417	-1.123	-2.098	-0.026	3.304	-2.607	-1.322	-3.986	126.974838	37.295441
1685512232109	1685512232100	-14.449	-3.570	-1.183	-2.255	0.007	3.410	-3.563	-1.697	-4.056	126.974838	37.295441
1685512232119	1685512232110	-14.851	-3.828	-1.188	-2.321	-0.046	3.530	-4.439	-2.105	-4.053	126.974838	37.295441
1685512232129	1685512232119	-15.174	-3.886	-0.996	-2.286	-0.170	3.648	-5.150	-2.483	-4.089	126.974838	37.295441
1685512232139	1685512232130	-15.088	-4.154	-0.812	-2.200	-0.304	3.745	-5.521	-3.002	-4.075	126.974838	37.295441
1685512232150	1685512232139	-14.717	-4.496	-0.546	-2.103	-0.425	3.826	-5.823	-3.335	-3.883	126.974838	37.295441
1685512232159	1685512232151	-13.841	-4.899	-0.285	-2.020	-0.514	3.899	-5.732	-3.891	-3.718	126.974838	37.295441
1685512232170	1685512232159	-12.783	-4.975	-0.081	-1.949	-0.590	3.961	-5.368	-4.530	-3.491	126.974838	37.295441
1685512232179	1685512232171	-11.557	-4.786	0.077	-1.846	-0.648	4.019	-4.515	-5.265	-3.287	126.974838	37.295441
1685512232189	1685512232179	-10.453	-4.499	0.304	-1.704	-0.683	4.066	-3.491	-5.622	-3.141	126.974838	37.295441
1685512232199	1685512232190	-9.462	-4.254	0.448	-1.561	-0.681	4.072	-2.325	-5.780	-3.067	126.974838	37.295441
1685512232211	1685512232200	-8.732	-4.243	0.469	-1.469	-0.651	4.007	-1.281	-5.780	-2.911	126.974838	37.295441
1685512232219	1685512232211	-8.356	-4.343	0.350	-1.427	-0.582	3.875	-0.371	-5.856	-2.854	126.974838	37.295441
1685512232231	1685512232219	-8.329	-4.300	0.527	-1.409	-0.478	3.707	0.266	-6.158	-2.916	126.974846	37.295452
1685512232240	1685512232231	-8.392	-4.424	0.280	-1.406	-0.392	3.528	0.520	-6.615	-3.134	126.974846	37.295452
1685512232249	1685512232240	-8.418	-4.228	0.378	-1.439	-0.357	3.354	0.462	-6.795	-3.019	126.974846	37.295452
1685512232259	1685512232250	-8.631	-4.360	0.242	-1.484	-0.375	3.214	0.283	-7.202	-3.342	126.974846	37.295452
1685512232272	1685512232260	-8.799	-4.003	0.110	-1.541	-0.342	3.102	0.158	-7.219	-3.309	126.974846	37.295452
1685512232280	1685512232272	-9.033	-4.401	-0.022	-1.627	-0.374	2.948	-0.180	-7.592	-3.531	126.974846	37.295452
1685512232291	1685512232280	-9.421	-4.312	-0.160	-1.750	-0.396	2.855	-0.450	-7.417	-3.735	126.974846	37.295452
1685512232301	1685512232291	-9.680	-4.355	-0.323	-1.842	-0.391	2.772	-0.840	-8.049	-3.982	126.974846	37.295452
1685512232311	1685512232302	-9.998	-4.602	-0.467	-2.010	-0.432	2.677	-1.310	-8.068	-4.187	126.974846	37.295452
1685512232321	1685512232311	-10.199	-4.834	-0.532	-2.147	-0.450	2.594	-1.700	-8.270	-4.460	126.974846	37.295452
1685512232333	1685512232322	-10.417	-4.963	-0.704	-2.282	-0.461	2.529	-2.140	-8.641	-4.719	126.974846	37.295452
1685512232341	1685512232333	-10.309	-5.011	-0.843	-2.402	-0.496	2.472	-2.468	-8.983	-4.906	126.974846	37.295452
1685512232352	1685512232341	-10.238	-5.200	-1.056	-2.498	-0.535	2.419	-2.811	-9.206	-5.210	126.974846	37.295452
1685512232363	1685512232352	-10.065	-5.377	-1.168	-2.577	-0.562	2.371	-2.844	-9.337	-5.502	126.974846	37.295452
1685512232375	1685512232363	-9.977	-5.521	-1.214	-2.636	-0.579	2.316	-2.892	-9.582	-5.849	126.974846	37.295452
1685512232382	1685512232375	-10.092	-5.775	-1.171	-2.673	-0.584	2.239	-2.851	-9.804	-6.115	126.974846	37.295452
1685512232395	1685512232382	-10.254	-6.007	-1.223	-2.668	-0.562	2.148	-2.895	-9.981	-6.321	126.974846	37.295452
1685512232404	1685512232396	-10.455	-6.235	-1.190	-2.615	-0.512	2.046	-3.153	-10.257	-6.452	126.974846	37.295452
1685512232415	1685512232404	-10.604	-6.424	-1.082	-2.509	-0.452	1.939	-3.428	-10.494	-6.649	126.974846	37.295452
1685512232425	1685512232415	-10.724	-6.615	-1.015	-2.354	-0.384	1.836	-3.761	-10.714	-6.783	126.974846	37.295452
1685512232434	1685512232427	-10.523	-6.900	-0.819	-2.155	-0.312	1.753	-4.013	-10.891	-6.802	126.974846	37.295452
1685512232449	1685512232434	-10.161	-7.056	-0.764	-1.923	-0.243	1.685	-4.235	-11.066	-6.864	126.974846	37.295452
1685512232454	1685512232450	-9.629	-7.053	-0.764	-1.664	-0.178	1.618	-4.130	-11.337	-6.785	126.974846	37.295452
1685512232476	1685512232454	-9.160	-6.876	-0.730	-1.377	-0.111	1.538	-3.857	-11.485	-6.831	126.974846	37.295452
1685512232476	1685512232476	-8.677	-6.893	-0.737	-1.089	-0.031	1.433	-3.409	-11.483	-6.914	126.974846	37.295452
1685512232481	1685512232477	-8.490	-6.900	-0.733	-0.830	0.071	1.291	-3.021	-11.315	-6.955	126.974846	37.295452
1685512232493	1685512232482	-8.823	-6.979	-0.536	-0.624	0.177	1.104	-2.598	-11.349	-7.008	126.974846	37.295452
1685512232504	1685512232494	-9.531	-7.111	-0.244	-0.474	0.299	0.863	-2.468	-11.384	-7.039	126.974846	37.295452
1685512232514	1685512232504	-10.274	-7.209	-0.067	-0.342	0.456	0.572	-2.837	-11.490	-6.859	126.974846	37.295452
1685512232522	1685512232515	-10.602	-7.226	0.182	-0.193	0.613	0.296	-3.565	-11.643	-6.570	126.974846	37.295452
1685512232532	1685512232523	-10.642	-7.360	0.575	-0.024	0.707	0.099	-4.305	-11.753	-6.381	126.974846	37.295452
1685512232543	1685512232532	-10.336	-7.463	1.111	0.148	0.735	-0.039	-4.606	-11.775	-6.103	126.974846	37.295452
1685512232552	1685512232543	-9.847	-7.626	1.415	0.340	0.751	-0.172	-4.611	-11.914	-5.672	126.974846	37.295452
1685512232563	1685512232552	-9.744	-7.578	1.362	0.584	0.773	-0.315	-4.257	-12.024	-5.083	126.974846	37.295452
1685512232575	1685512232563	-10.159	-7.405	1.142	0.899	0.797	-0.464	-3.713	-12.196	-4.719	126.974846	37.295452
1685512232583	1685512232575	-10.898	-7.302	0.955	1.205	0.825	-0.649	-3.548	-12.165	-4.697	126.974846	37.295452
1685512232594	1685512232584	-11.887	-7.290	0.852	1.442	0.849	-0.894	-3.895	-12.019	-4.827	126.974846	37.295452
1685512232603	1685512232594	-12.902	-7.374	0.702	1.614	0.849	-1.153	-4.539	-11.952	-4.884	126.974846	37.295452
1685512232613	1685512232604	-13.877	-7.274	0.587	1.747	0.808	-1.376	-5.456	-11.959	-4.889	126.974846	37.295452
1685512232623	1685512232613	-14.676	-6.960	0.335	1.862	0.729	-1.556	-6.369	-12.060	-4.911	126.974846	37.295452
1685512232634	1685512232624	-15.004	-6.512	0.127	1.947	0.607	-1.715	-7.235	-11.966	-4.889	126.974846	37.295452
1685512232647	1685512232635	-14.937	-6.225	-0.069	1.978	0.437	-1.861	-7.922	-11.648	-5.004	126.974846	37.295452
1685512232666	1685512232647	-14.688	-5.849	-0.192	1.932	0.253	-1.991	-8.138	-11.188	-5.080	126.974846	37.295452
1685512232667	1685512232667	-14.387	-5.531	-0.160	1.806	0.067	-2.136	-7.951	-10.870	-5.143	126.974846	37.295452
1685512232674	1685512232668	-14.042	-5.198	-0.043	1.620	-0.081	-2.316	-7.609	-10.455	-5.169	126.974846	37.295452
1685512232682	1685512232674	-13.587	-4.987	0.067	1.403	-0.181	-2.531	-7.204	-10.072	-5.049	126.974846	37.295452
1685512232695	1685512232682	-13.250	-4.673	0.153	1.168	-0.249	-2.765	-6.761	-9.651	-4.865	126.974846	37.295452
1685512232702	1685512232695	-12.933	-4.441	0.273	0.941	-0.288	-3.008	-6.191	-9.311	-4.702	126.974846	37.295452
1685512232713	1685512232703	-12.548	-4.128	0.283	0.727	-0.305	-3.257	-5.760	-8.861	-4.587	126.974846	37.295452
1685512232723	1685512232714	-12.175	-4.080	0.342	0.525	-0.314	-3.506	-5.322	-8.428	-4.448	126.974846	37.295452
1685512232733	1685512232724	-11.885	-4.051	0.287	0.343	-0.314	-3.749	-4.836	-7.920	-4.436	126.974846	37.295452
1685512232743	1685512232734	-11.775	-4.051	0.335	0.184	-0.297	-3.980	-4.348	-7.626	-4.381	126.974846	37.295452
1685512232755	1685512232744	-11.693	-4.070	0.261	0.072	-0.261	-4.193	-3.946	-7.317	-4.448	126.974846	37.295452
1685512232763	1685512232755	-11.715	-4.017	0.168	0.029	-0.217	-4.386	-3.725	-7.008	-4.420	126.974846	37.295452
1685512232776	1685512232763	-11.751	-3.996	0.077	0.070	-0.167	-4.542	-3.541	-6.689	-4.513	126.974846	37.295452
1685512232783	1685512232777	-11.681	-4.094	0.031	0.171	-0.128	-4.658	-3.457	-6.242	-4.626	126.974846	37.295452
1685512232795	1685512232784	-11.612	-4.020	-0.062	0.316	-0.097	-4.744	-3.417	-5.885	-4.726	126.974846	37.295452
1685512232805	1685512232795	-11.504	-3.821	-0.105	0.507	-0.057	-4.801	-3.268	-5.562	-4.781	126.974846	37.295452
1685512232816	1685512232805	-11.399	-3.711	-0.067	0.738	-0.012	-4.821	-3.146	-5.140	-4.877	126.974846	37.295452
1685512232824	1685512232817	-11.205	-3.508	-0.124	0.997	0.026	-4.794	-2.998	-4.559	-4.922	126.974846	37.295452
1685512232833	1685512232825	-10.980	-3.292	-0.084	1.261	0.055	-4.729	-2.866	-4.075	-4.879	126.974846	37.295452
1685512232848	1685512232833	-10.688	-3.074	-0.093	1.506	0.070	-4.634	-2.662	-3.436	-4.932	126.974846	37.295452
1685512232867	1685512232849	-10.290	-2.988	-0.077	1.724	0.070	-4.514	-2.442	-2.947	-4.891	126.974846	37.295452
1685512232869	1685512232869	-9.919	-2.686	-0.196	1.914	0.064	-4.369	-2.172	-2.406	-4.901	126.974846	37.295452
1685512232876	1685512232870	-9.553	-2.483	-0.206	2.079	0.068	-4.191	-1.808	-2.018	-4.894	126.974846	37.295452
1685512232884	1685512232876	-9.187	-2.143	-0.201	2.200	0.067	-3.985	-1.487	-1.413	-5.030	126.974846	37.295452
1685512232893	1685512232884	-8.799	-1.676	-0.110	2.268	0.055	-3.762	-1.168	-0.982	-5.061	126.974846	37.295452
1685512232904	1685512232893	-8.255	-1.398	-0.218	2.282	0.032	-3.512	-0.883	-0.350	-5.097	126.974846	37.295452
1685512232913	1685512232904	-7.719	-1.348	-0.065	2.257	-0.001	-3.231	-0.543	0.256	-5.033	126.974846	37.295452
1685512232923	1685512232913	-7.154	-1.346	0.014	2.191	-0.020	-2.927	-0.077	0.728	-5.188	126.974846	37.295452
1685512232935	1685512232923	-6.764	-1.403	0.136	2.077	-0.026	-2.625	0.395	0.912	-5.078	126.974846	37.295452
1685512232944	1685512232935	-6.517	-1.288	0.206	1.947	-0.006	-2.330	0.883	1.053	-5.059	126.974846	37.295452
1685512232954	1685512232944	-6.452	-1.154	0.266	1.826	0.040	-2.035	1.216	1.092	-4.982	126.974846	37.295452
1685512232964	1685512232954	-6.460	-1.037	0.256	1.706	0.098	-1.731	1.391	1.307	-4.975	126.974846	37.295452
1685512232975	1685512232964	-6.366	-1.092	0.189	1.578	0.158	-1.415	1.408	1.501	-4.954	126.974846	37.295452
1685512232984	1685512232975	-6.414	-0.986	0.168	1.432	0.209	-1.087	1.360	1.664	-5.001	126.974846	37.295452
1685512232995	1685512232984	-6.352	-1.037	0.151	1.269	0.247	-0.748	1.425	1.638	-5.100	126.974846	37.295452
1685512233003	1685512232996	-6.551	-1.101	0.244	1.108	0.291	-0.401	1.355	1.753	-5.148	126.974846	37.295452
1685512233015	1685512233003	-6.843	-1.063	0.335	0.957	0.352	-0.059	1.410	1.693	-5.176	126.974846	37.295452
1685512233025	1685512233016	-7.274	-1.180	0.431	0.811	0.421	0.276	1.216	1.597	-5.092	126.974846	37.295452
1685512233035	1685512233025	-7.958	-1.417	0.524	0.652	0.494	0.610	0.941	1.595	-4.999	126.974846	37.295452
1685512233043	1685512233039	-8.660	-1.592	0.656	0.475	0.573	0.937	0.539	1.413	-4.891	126.974846	37.295452
1685512233063	1685512233049	-9.548	-1.738	0.706	0.299	0.666	1.264	-0.103	1.092	-4.776	126.974846	37.295452
1685512233076	1685512233063	-10.379	-1.765	0.476	0.145	0.755	1.603	-0.749	0.819	-4.611	126.974846	37.295452
1685512233076	1685512233076	-11.121	-1.901	0.275	0.009	0.819	1.968	-1.573	0.555	-4.515	126.974846	37.295452
1685512233082	1685512233076	-11.815	-2.219	0.132	-0.155	0.845	2.352	-2.322	0.381	-4.683	126.974846	37.295452
1685512233092	1685512233082	-11.935	-2.507	0.041	-0.353	0.859	2.727	-2.990	0.101	-4.824	126.974846	37.295452
1685512233102	1685512233092	-11.621	-2.763	0.175	-0.579	0.836	3.078	-3.589	-0.419	-4.889	126.974846	37.295452
1685512233112	1685512233102	-11.150	-3.024	0.524	-0.817	0.748	3.399	-3.630	-0.893	-4.911	126.974846	37.295452
1685512233121	1685512233113	-10.939	-3.177	0.950	-1.027	0.621	3.676	-3.227	-1.379	-4.697	126.974846	37.295452
1685512233131	1685512233121	-11.411	-3.225	1.290	-1.184	0.533	3.870	-2.677	-1.887	-4.274	126.974846	37.295452
1685512233141	1685512233131	-12.356	-3.012	1.528	-1.305	0.525	3.955	-2.394	-2.332	-3.778	126.974846	37.295452
1685512233151	1685512233141	-13.702	-2.835	1.413	-1.415	0.558	3.955	-2.818	-2.626	-3.390	126.974846	37.295452
1685512233161	1685512233151	-14.811	-2.981	1.025	-1.555	0.563	3.938	-3.721	-2.693	-3.100	126.974846	37.295452
1685512233173	1685512233161	-15.629	-3.321	0.393	-1.747	0.508	3.919	-5.035	-2.794	-3.165	126.974846	37.295452
1685512233181	1685512233173	-16.285	-3.639	-0.077	-1.974	0.390	3.881	-6.122	-3.211	-3.505	126.974846	37.295452
1685512233191	1685512233181	-16.453	-3.977	-0.520	-2.204	0.198	3.836	-6.931	-3.814	-4.101	126.974846	37.295452
1685512233201	1685512233191	-16.235	-4.336	-0.740	-2.440	-0.054	3.834	-7.597	-4.432	-4.544	126.974846	37.295452
1685512233211	1685512233201	-15.598	-4.614	-0.886	-2.673	-0.294	3.897	-7.784	-4.956	-4.990	126.974846	37.295452
1685512233221	1685512233211	-14.669	-4.817	-0.986	-2.894	-0.506	3.983	-7.611	-5.538	-5.241	126.974846	37.295452
1685512233232	1685512233221	-13.690	-4.741	-0.948	-3.111	-0.689	4.023	-7.039	-6.029	-5.447	126.974846	37.295452
1685512233241	1685512233232	-12.637	-4.707	-0.886	-3.341	-0.830	3.989	-6.191	-6.438	-5.636	126.974846	37.295452
1685512233251	1685512233241	-11.657	-4.762	-0.979	-3.585	-0.924	3.903	-5.315	-6.555	-5.708	126.974846	37.295452
1685512233261	1685512233251	-11.147	-4.515	-0.168	-3.824	-0.976	3.786	-4.389	-6.709	-5.792	126.974846	37.295452
1685512233274	1685512233261	-10.376	-5.109	-0.409	-4.071	-0.985	3.622	-3.522	-6.891	-6.019	126.974838	37.295464
1685512233281	1685512233274	-9.955	-5.131	-0.256	-4.270	-1.071	3.399	-3.146	-6.754	-5.370	126.974838	37.295464
1685512233292	1685512233281	-9.835	-4.963	-0.338	-4.225	-1.098	3.180	-2.509	-7.420	-5.782	126.974838	37.295464
1685512233301	1685512233292	-9.663	-5.090	-0.649	-4.067	-1.004	3.009	-2.239	-7.477	-5.830	126.974838	37.295464
1685512233312	1685512233301	-9.469	-5.183	-0.860	-3.820	-0.982	2.880	-2.241	-7.312	-6.076	126.974838	37.295464
1685512233322	1685512233312	-9.543	-5.409	-0.972	-3.534	-0.960	2.731	-2.212	-7.427	-6.577	126.974838	37.295464
1685512233332	1685512233322	-9.428	-5.626	-1.099	-3.220	-0.930	2.586	-2.131	-7.506	-6.934	126.974838	37.295464
1685512233343	1685512233332	-9.383	-5.827	-1.109	-2.832	-0.916	2.472	-2.327	-7.712	-7.197	126.974838	37.295464
1685512233354	1685512233343	-9.483	-6.031	-1.109	-2.402	-0.898	2.379	-2.330	-7.913	-7.465	126.974838	37.295464
1685512233363	1685512233354	-9.560	-5.964	-1.156	-1.961	-0.861	2.299	-2.399	-8.107	-7.604	126.974838	37.295464
1685512233374	1685512233363	-9.620	-5.863	-1.154	-1.536	-0.822	2.228	-2.614	-8.317	-7.721	126.974838	37.295464
1685512233383	1685512233375	-9.591	-5.693	-1.176	-1.161	-0.781	2.167	-2.811	-8.279	-7.882	126.974838	37.295464
1685512233394	1685512233383	-9.495	-5.471	-1.063	-0.858	-0.738	2.115	-2.969	-8.219	-7.961	126.974838	37.295464
1685512233404	1685512233395	-9.347	-5.258	-1.001	-0.648	-0.691	2.064	-3.055	-8.119	-8.071	126.974838	37.295464
1685512233416	1685512233405	-9.122	-5.171	-0.953	-0.529	-0.635	2.006	-3.053	-7.966	-8.021	126.974838	37.295464
1685512233425	1685512233417	-8.729	-5.126	-0.824	-0.495	-0.573	1.938	-3.005	-7.839	-8.018	126.974838	37.295464
1685512233435	1685512233425	-8.387	-5.169	-0.702	-0.519	-0.509	1.869	-2.878	-7.843	-8.025	126.974838	37.295464
1685512233451	1685512233436	-8.258	-5.143	-0.603	-0.584	-0.440	1.792	-2.588	-7.891	-7.949	126.974838	37.295464
1685512233454	1685512233451	-8.279	-5.334	-0.551	-0.670	-0.349	1.691	-2.325	-8.004	-7.867	126.974838	37.295464
1685512233468	1685512233468	-8.523	-5.447	-0.575	-0.746	-0.246	1.566	-2.279	-8.042	-7.812	126.974838	37.295464
1685512233477	1685512233468	-8.863	-5.598	-0.553	-0.803	-0.145	1.437	-2.375	-8.286	-7.800	126.974838	37.295464
1685512233485	1685512233477	-9.246	-5.827	-0.606	-0.828	-0.055	1.318	-2.684	-8.437	-7.860	126.974838	37.295464
1685512233494	1685512233485	-9.380	-6.076	-0.438	-0.825	0.016	1.223	-3.074	-8.610	-7.872	126.974838	37.295464
1685512233504	1685512233495	-9.404	-6.223	-0.393	-0.790	0.057	1.147	-3.510	-8.856	-7.956	126.974838	37.295464
1685512233514	1685512233504	-9.218	-6.316	-0.338	-0.721	0.082	1.096	-3.673	-9.115	-7.810	126.974838	37.295464
1685512233524	1685512233514	-8.866	-6.404	-0.304	-0.616	0.100	1.064	-3.728	-9.268	-7.784	126.974838	37.295464
1685512233536	1685512233524	-8.715	-6.428	-0.390	-0.490	0.121	1.030	-3.567	-9.369	-7.745	126.974838	37.295464
1685512233544	1685512233536	-8.736	-6.500	-0.453	-0.375	0.149	0.974	-3.239	-9.471	-7.726	126.974838	37.295464
1685512233555	1685512233545	-9.292	-6.551	-0.534	-0.293	0.193	0.882	-3.112	-9.517	-7.819	126.974838	37.295464
1685512233565	1685512233555	-10.283	-6.694	-0.338	-0.252	0.275	0.739	-3.156	-9.622	-7.887	126.974838	37.295464
1685512233577	1685512233565	-11.143	-6.898	-0.352	-0.233	0.397	0.551	-3.723	-9.694	-7.968	126.974838	37.295464
1685512233585	1685512233578	-11.645	-7.051	-0.199	-0.214	0.509	0.358	-4.717	-9.859	-7.762	126.974838	37.295464
1685512233596	1685512233585	-11.507	-7.214	0.081	-0.180	0.557	0.211	-5.564	-10.077	-7.762	126.974838	37.295464
1685512233604	1685512233598	-10.807	-7.434	0.510	-0.121	0.551	0.115	-6.036	-10.235	-7.582	126.974838	37.295464
1685512233614	1685512233604	-9.766	-7.458	0.804	-0.022	0.535	0.023	-5.871	-10.396	-7.283	126.974838	37.295464
1685512233625	1685512233614	-8.782	-7.396	0.759	0.144	0.525	-0.088	-5.126	-10.613	-6.821	126.974838	37.295464
1685512233636	1685512233625	-8.487	-7.195	0.606	0.370	0.525	-0.232	-4.053	-10.637	-6.503	126.974838	37.295464
1685512233645	1685512233638	-8.961	-7.094	0.553	0.618	0.579	-0.450	-3.024	-10.582	-6.510	126.974838	37.295464
1685512233672	1685512233646	-10.156	-7.140	0.524	0.855	0.687	-0.762	-2.689	-10.393	-6.625	126.974838	37.295464
1685512233674	1685512233674	-11.662	-7.298	0.445	1.081	0.815	-1.136	-3.100	-10.312	-6.620	126.974838	37.295464
1685512233676	1685512233674	-13.039	-7.429	0.362	1.319	0.915	-1.502	-4.231	-10.372	-6.586	126.974838	37.295464
1685512233684	1685512233676	-14.131	-7.230	0.249	1.566	0.949	-1.796	-5.624	-10.539	-6.565	126.974838	37.295464
1685512233694	1685512233684	-14.806	-6.907	-0.062	1.808	0.918	-2.004	-6.900	-10.673	-6.560	126.974838	37.295464
1685512233705	1685512233695	-14.928	-6.653	-0.230	2.031	0.823	-2.132	-7.855	-10.470	-6.553	126.974838	37.295464
1685512233716	1685512233705	-14.758	-6.345	-0.378	2.202	0.695	-2.230	-8.418	-10.142	-6.759	126.974838	37.295464
1685512233724	1685512233718	-14.475	-6.017	-0.302	2.301	0.574	-2.346	-8.416	-9.886	-6.807	126.974838	37.295464
1685512233735	1685512233724	-14.164	-5.581	-0.273	2.345	0.474	-2.496	-8.128	-9.572	-6.840	126.974838	37.295464
1685512233744	1685512233736	-14.004	-5.306	-0.175	2.347	0.402	-2.676	-7.721	-9.234	-6.639	126.974838	37.295464
1685512233756	1685512233744	-13.800	-4.970	-0.127	2.313	0.359	-2.880	-7.312	-8.777	-6.512	126.974838	37.295464
1685512233766	1685512233757	-13.460	-4.669	-0.103	2.253	0.336	-3.098	-7.041	-8.464	-6.314	126.974838	37.295464
1685512233778	1685512233766	-13.214	-4.401	-0.122	2.166	0.298	-3.316	-6.725	-8.066	-6.167	126.974838	37.295464
1685512233786	1685512233778	-12.931	-4.288	-0.127	2.054	0.241	-3.525	-6.270	-7.678	-6.050	126.974838	37.295464
1685512233796	1685512233787	-12.675	-4.130	-0.103	1.925	0.192	-3.724	-5.909	-7.298	-5.983	126.974838	37.295464
1685512233806	1685512233797	-12.610	-3.998	-0.141	1.792	0.153	-3.918	-5.490	-7.017	-5.899	126.974838	37.295464
1685512233818	1685512233806	-12.424	-3.977	-0.160	1.673	0.120	-4.093	-5.148	-6.723	-5.823	126.974838	37.295464
