1685512343989	1685512343989	-9.622	-3.314	-0.299	0.716	0.338	-0.421	-1.386	2.203	0.924	126.975586	37.295639
1685512343990	1685512343989	-9.819	-3.433	-0.445	0.668	0.415	-0.237	-1.544	2.356	0.955	126.975586	37.295639
1685512343997	1685512343990	-10.127	-3.491	-0.433	0.606	0.497	-0.057	-1.731	2.394	0.819	126.975586	37.295639
1685512344007	1685512343997	-10.630	-3.496	-0.390	0.520	0.599	0.114	-1.896	2.236	0.656	126.975586	37.295639
1685512344016	1685512344007	-10.877	-3.491	-0.383	0.441	0.700	0.280	-2.176	2.138	0.663	126.975586	37.295639
1685512344029	1685512344016	-10.987	-3.412	-0.441	0.378	0.799	0.456	-2.648	2.088	0.711	126.975586	37.295639
1685512344036	1685512344029	-10.944	-3.378	-0.225	0.272	0.938	0.853	-2.868	2.047	0.747	126.975586	37.295639
1685512344047	1685512344037	-11.047	-3.280	0.041	0.272	0.938	0.853	-2.964	2.097	0.728	126.975586	37.295639
1685512344056	1685512344047	-10.645	-3.359	0.414	0.222	1.034	1.048	-2.873	2.047	1.022	126.975586	37.295639
1685512344067	1685512344057	-9.847	-3.460	0.769	0.202	1.131	1.233	-2.952	2.097	1.331	126.975586	37.295639
1685512344076	1685512344067	-8.873	-3.575	1.247	0.236	1.201	1.406	-2.504	1.930	1.784	126.975586	37.295639
1685512344088	1685512344077	-7.966	-3.558	1.654	0.326	1.250	1.545	-1.664	1.741	2.212	126.975586	37.295639
1685512344096	1685512344088	-7.321	-3.460	1.918	0.480	1.307	1.626	-0.627	1.501	2.787	126.975586	37.295639
1685512344107	1685512344097	-7.197	-3.397	1.997	0.688	1.405	1.630	0.328	1.408	3.270	126.975586	37.295639
1685512344116	1685512344107	-7.544	-3.438	2.121	0.931	1.553	1.565	1.041	1.353	3.637	126.975586	37.295639
1685512344128	1685512344117	-8.499	-3.373	2.014	1.167	1.710	1.454	1.209	1.317	3.785	126.975586	37.295639
1685512344136	1685512344128	-9.649	-3.230	1.839	1.559	1.954	1.257	0.912	1.149	4.005	126.975586	37.295639
1685512344148	1685512344136	-10.786	-3.014	1.654	1.559	1.954	1.257	-0.010	1.113	3.989	126.975586	37.295639
1685512344156	1685512344148	-11.629	-2.765	1.391	1.695	1.966	1.249	-1.142	1.173	3.922	126.975586	37.295639
1685512344167	1685512344157	-11.957	-2.368	1.161	1.772	1.899	1.310	-2.267	1.324	3.826	126.975586	37.295639
1685512344176	1685512344167	-11.609	-2.037	1.041	1.758	1.763	1.427	-3.098	1.496	3.666	126.975586	37.295639
1685512344187	1685512344177	-10.858	-1.877	0.994	1.625	1.576	1.567	-3.417	1.829	3.515	126.975586	37.295639
1685512344196	1685512344187	-10.197	-1.793	0.860	1.382	1.379	1.690	-3.053	2.081	3.472	126.975586	37.295639
1685512344208	1685512344196	-9.680	-1.841	0.869	1.045	1.205	1.770	-2.274	2.148	3.493	126.975586	37.295639
1685512344216	1685512344208	-9.515	-1.908	0.831	0.627	1.080	1.806	-1.583	2.121	3.424	126.975586	37.295639
1685512344228	1685512344216	-9.515	-2.085	0.903	0.151	1.009	1.807	-1.027	1.946	3.496	126.975586	37.295639
1685512344236	1685512344228	-9.455	-2.449	1.173	-0.863	0.898	1.740	-0.821	1.726	3.536	126.975586	37.295639
1685512344249	1685512344237	-9.297	-2.741	1.362	-0.863	0.898	1.740	-0.788	1.410	3.682	126.975586	37.295639
1685512344257	1685512344250	-8.983	-2.907	1.460	-1.300	0.817	1.699	-0.690	0.852	4.070	126.975586	37.295639
1685512344269	1685512344257	-8.827	-2.859	1.630	-1.625	0.746	1.659	-0.505	0.400	4.355	126.975586	37.295639
1685512344277	1685512344269	-8.454	-2.859	1.757	-1.847	0.677	1.615	-0.165	0.045	4.566	126.975586	37.295639
1685512344287	1685512344277	-8.284	-2.971	1.846	-1.995	0.604	1.570	0.012	-0.103	4.848	126.975586	37.295639
1685512344297	1685512344287	-7.994	-3.364	1.961	-2.060	0.540	1.536	0.409	-0.326	5.095	126.975586	37.295639
1685512344307	1685512344297	-7.963	-3.792	1.973	-2.031	0.514	1.506	0.615	-0.618	5.219	126.975586	37.295639
1685512344317	1685512344307	-7.982	-4.173	1.896	-1.914	0.542	1.458	0.943	-1.207	5.361	126.975586	37.295639
1685512344329	1685512344317	-8.107	-4.204	1.860	-1.746	0.588	1.387	1.015	-1.820	5.380	126.975586	37.295639
1685512344337	1685512344329	-8.267	-4.106	1.748	-1.280	0.597	1.322	1.025	-2.373	5.318	126.975586	37.295639
1685512344347	1685512344337	-8.186	-4.022	1.583	-1.280	0.597	1.322	0.924	-2.564	5.301	126.975586	37.295639
1685512344358	1685512344348	-8.248	-3.943	1.621	-1.056	0.579	1.321	0.783	-2.634	5.215	126.975586	37.295639
1685512344369	1685512344358	-8.286	-3.900	1.669	-0.877	0.553	1.312	0.881	-2.650	5.049	126.975586	37.295639
1685512344378	1685512344369	-8.545	-3.879	1.736	-0.744	0.525	1.299	0.833	-2.693	5.095	126.975586	37.295639
1685512344388	1685512344378	-8.837	-3.922	1.851	-0.634	0.513	1.283	0.807	-2.768	5.150	126.975586	37.295639
1685512344397	1685512344388	-8.914	-3.855	1.860	-0.550	0.525	1.255	0.560	-2.854	5.217	126.975586	37.295639
1685512344407	1685512344397	-9.017	-3.864	1.793	-0.506	0.518	1.216	0.280	-3.000	5.329	126.975586	37.295639
1685512344418	1685512344407	-8.973	-3.836	1.642	-0.501	0.490	1.184	0.215	-3.036	5.337	126.975586	37.295639
1685512344429	1685512344418	-8.866	-3.699	1.674	-0.542	0.452	1.153	0.124	-3.115	5.250	126.975586	37.295639
1685512344437	1685512344429	-8.859	-3.938	1.709	-0.685	0.381	1.057	0.180	-3.165	5.083	126.975586	37.295639
1685512344450	1685512344437	-8.820	-4.221	1.769	-0.685	0.381	1.057	0.299	-3.108	5.100	126.975586	37.295639
1685512344457	1685512344450	-8.734	-4.317	1.872	-0.744	0.368	0.999	0.318	-3.436	5.119	126.975586	37.295639
1685512344467	1685512344457	-9.009	-4.434	1.858	-0.768	0.357	0.931	0.366	-3.783	5.160	126.975586	37.295639
1685512344477	1685512344467	-9.208	-4.379	1.810	-0.768	0.347	0.863	0.462	-3.967	5.250	126.975586	37.295639
1685512344487	1685512344477	-9.517	-4.374	1.784	-0.754	0.334	0.795	0.194	-4.142	5.217	126.975586	37.295639
1685512344499	1685512344487	-9.574	-4.424	1.805	-0.734	0.323	0.728	0.002	-4.154	5.160	126.975586	37.295639
1685512344508	1685512344499	-9.665	-4.594	1.666	-0.710	0.303	0.663	-0.302	-4.214	5.126	126.975586	37.295639
1685512344519	1685512344508	-9.653	-4.630	1.604	-0.694	0.266	0.600	-0.359	-4.329	5.150	126.975586	37.295639
1685512344530	1685512344519	-9.584	-4.559	1.621	-0.685	0.227	0.541	-0.450	-4.563	5.016	126.975586	37.295639
1685512344537	1685512344530	-9.462	-4.702	1.496	-0.644	0.144	0.454	-0.443	-4.669	4.963	126.975586	37.295639
1685512344548	1685512344537	-9.414	-4.848	1.477	-0.644	0.144	0.454	-0.376	-4.654	4.990	126.975586	37.295639
1685512344560	1685512344548	-9.778	-5.028	1.331	-0.633	0.121	0.407	-0.259	-4.860	4.872	126.975586	37.295639
1685512344569	1685512344560	-10.364	-5.071	1.197	-0.632	0.132	0.349	-0.213	-5.061	4.860	126.975586	37.295639
1685512344577	1685512344569	-11.188	-5.346	1.152	-0.626	0.155	0.294	-0.582	-5.298	4.721	126.975586	37.295639
1685512344587	1685512344577	-11.866	-5.547	1.331	-0.616	0.192	0.249	-1.176	-5.394	4.599	126.975586	37.295639
1685512344597	1685512344587	-12.361	-5.698	1.322	-0.584	0.216	0.211	-2.006	-5.729	4.568	126.975586	37.295639
1685512344607	1685512344597	-12.419	-5.789	1.334	-0.519	0.214	0.195	-2.691	-5.964	4.760	126.975586	37.295639
1685512344617	1685512344607	-11.940	-5.914	1.480	-0.436	0.153	0.203	-3.194	-6.155	4.767	126.975586	37.295639
1685512344629	1685512344617	-11.011	-5.981	1.726	-0.338	0.071	0.219	-3.261	-6.282	4.796	126.975586	37.295639
1685512344637	1685512344630	-9.969	-6.065	1.702	-0.020	-0.071	0.188	-2.787	-6.440	4.954	126.975586	37.295639
1685512344648	1685512344637	-8.839	-6.261	1.712	-0.020	-0.071	0.188	-1.863	-6.539	5.205	126.975586	37.295639
1685512344659	1685512344648	-8.305	-6.479	1.628	0.219	-0.123	0.119	-0.819	-6.646	5.171	126.975586	37.295639
1685512344668	1685512344659	-8.578	-6.515	1.592	0.474	-0.109	-0.013	0.311	-6.855	5.179	126.975586	37.295639
1685512344677	1685512344668	-9.589	-6.701	1.499	0.715	-0.029	-0.215	0.848	-7.077	5.083	126.975586	37.295639
1685512344691	1685512344678	-11.013	-6.924	1.525	0.964	0.088	-0.450	0.579	-7.096	5.040	126.975586	37.295639
1685512344699	1685512344691	-12.409	-6.943	1.408	1.206	0.198	-0.668	-0.426	-7.235	4.949	126.975586	37.295639
1685512344708	1685512344699	-13.352	-6.881	1.195	1.401	0.211	-0.847	-1.853	-7.391	4.987	126.975586	37.295639
1685512344720	1685512344708	-13.807	-6.752	0.838	1.567	0.121	-0.979	-3.254	-7.286	4.896	126.975586	37.295639
1685512344730	1685512344721	-13.829	-6.354	0.429	1.697	-0.024	-1.068	-4.202	-7.123	4.702	126.975586	37.295639
1685512344738	1685512344730	-13.587	-6.055	0.199	1.787	-0.385	-1.257	-4.659	-6.833	4.360	126.975586	37.295639
1685512344750	1685512344738	-13.149	-5.667	0.022	1.787	-0.385	-1.257	-4.681	-6.278	3.948	126.975586	37.295639
1685512344758	1685512344750	-12.529	-5.303	-0.026	1.721	-0.572	-1.395	-4.427	-5.784	3.675	126.975586	37.295639
1685512344768	1685512344758	-11.832	-5.047	-0.065	1.545	-0.745	-1.565	-3.979	-5.236	3.462	126.975586	37.295639
1685512344780	1685512344768	-11.253	-4.817	-0.093	1.296	-0.889	-1.759	-3.347	-4.666	3.345	126.975586	37.295639
1685512344788	1685512344780	-10.829	-4.812	-0.024	1.019	-0.981	-1.972	-2.636	-4.235	3.237	126.975586	37.295639
1685512344798	1685512344788	-10.561	-4.685	-0.002	0.753	-1.026	-2.200	-2.045	-3.800	3.112	126.975586	37.295639
1685512344810	1685512344798	-10.357	-4.551	0.029	0.514	-1.041	-2.439	-1.611	-3.582	3.081	126.975586	37.295639
1685512344818	1685512344811	-10.190	-4.468	-0.057	0.336	-1.041	-2.660	-1.341	-3.230	2.998	126.975586	37.295639
1685512344833	1685512344818	-10.084	-4.465	-0.074	0.231	-1.031	-2.847	-1.147	-2.856	2.926	126.975586	37.295639
1685512344840	1685512344833	-9.965	-4.470	-0.153	0.130	-1.005	-3.122	-0.998	-2.492	2.727	126.975586	37.295639
1685512344863	1685512344840	-9.785	-4.468	-0.304	0.130	-1.005	-3.122	-0.922	-2.248	2.619	126.975586	37.295639
1685512344863	1685512344863	-9.704	-4.386	-0.383	0.167	-0.994	-3.211	-0.855	-1.935	2.437	126.975586	37.295639
1685512344871	1685512344863	-9.620	-4.343	-0.424	0.254	-0.966	-3.262	-0.728	-1.676	2.200	126.975586	37.295639
1685512344881	1685512344871	-9.555	-4.137	-0.548	0.352	-0.937	-3.290	-0.716	-1.300	2.025	126.975586	37.295639
1685512344891	1685512344882	-9.438	-4.039	-0.639	0.465	-0.911	-3.286	-0.713	-0.958	1.891	126.975586	37.295639
1685512344900	1685512344891	-9.371	-3.876	-0.666	0.588	-0.878	-3.251	-0.754	-0.424	1.662	126.975586	37.295639
1685512344911	1685512344900	-9.321	-3.565	-0.773	0.698	-0.848	-3.192	-0.733	-0.057	1.482	126.975586	37.295639
1685512344921	1685512344911	-9.064	-3.627	-0.838	0.794	-0.831	-3.114	-0.783	0.397	1.355	126.975586	37.295639
1685512344933	1685512344921	-8.827	-3.613	-0.931	0.867	-0.809	-3.016	-0.857	0.994	1.144	126.975586	37.295639
1685512344940	1685512344933	-8.703	-3.541	-0.939	0.894	-0.771	-2.906	-0.730	1.209	0.974	126.975586	37.295639
1685512344951	1685512344941	-8.490	-3.393	-1.018	0.888	-0.728	-2.795	-0.630	1.487	0.771	126.975586	37.295639
1685512344961	1685512344951	-8.425	-3.373	-1.120	0.872	-0.685	-2.680	-0.673	1.858	0.630	126.975586	37.295639
1685512344972	1685512344961	-8.377	-3.203	-1.252	0.850	-0.637	-2.555	-0.563	2.184	0.460	126.975586	37.295639
1685512344982	1685512344972	-8.282	-3.151	-1.274	0.805	-0.589	-2.423	-0.622	2.401	0.244	126.975586	37.295639
1685512344993	1685512344982	-8.107	-3.187	-1.290	0.746	-0.551	-2.286	-0.687	2.744	0.005	126.975586	37.295639
1685512345001	1685512344993	-7.989	-3.326	-1.319	0.683	-0.511	-2.139	-0.692	2.945	-0.115	126.975586	37.295639
1685512345012	1685512345001	-7.721	-3.316	-1.346	0.619	-0.459	-1.988	-0.606	3.033	-0.223	126.975586	37.295639
1685512345021	1685512345012	-7.525	-3.347	-1.494	0.560	-0.404	-1.834	-0.575	3.014	-0.340	126.975586	37.295639
1685512345033	1685512345021	-7.568	-3.376	-1.441	0.520	-0.353	-1.676	-0.369	3.103	-0.429	126.975586	37.295639
1685512345041	1685512345033	-7.671	-3.175	-1.530	0.462	-0.204	-1.360	-0.247	3.165	-0.637	126.975586	37.295639
1685512345065	1685512345041	-7.772	-3.170	-1.472	0.462	-0.204	-1.360	-0.366	3.227	-0.637	126.975586	37.295639
1685512345067	1685512345066	-7.834	-3.388	-1.453	0.440	-0.131	-1.200	-0.541	3.512	-0.769	126.975586	37.295639
1685512345072	1685512345067	-7.992	-3.577	-1.279	0.426	-0.048	-1.023	-0.704	3.584	-0.747	126.975586	37.295639
1685512345082	1685512345074	-8.234	-3.579	-1.267	0.404	0.043	-0.848	-0.838	3.445	-0.766	126.975586	37.295639
1685512345091	1685512345082	-8.440	-3.443	-1.374	0.397	0.130	-0.677	-1.058	3.323	-0.620	126.975586	37.295639
1685512345100	1685512345091	-8.667	-3.421	-1.319	0.407	0.224	-0.494	-1.346	3.369	-0.627	126.975586	37.295639
1685512345111	1685512345101	-9.007	-3.510	-1.310	0.402	0.320	-0.301	-1.583	3.536	-0.749	126.975586	37.295639
1685512345120	1685512345112	-9.373	-3.642	-1.176	0.365	0.417	-0.104	-1.827	3.572	-0.702	126.975586	37.295639
1685512345130	1685512345120	-10.001	-3.857	-1.111	0.307	0.517	0.101	-2.164	3.481	-0.690	126.975586	37.295639
1685512345138	1685512345131	-10.827	-3.982	-0.860	0.248	0.641	0.313	-2.509	3.328	-0.541	126.975586	37.295639
1685512345149	1685512345138	-11.540	-3.991	-0.622	0.199	0.793	0.534	-3.091	3.067	-0.453	126.975586	37.295639
1685512345159	1685512345151	-11.863	-4.013	-0.455	0.173	0.942	0.778	-3.895	2.919	-0.170	126.975586	37.295639
1685512345170	1685512345160	-11.868	-4.216	-0.091	0.211	1.043	1.079	-4.585	2.880	0.098	126.975586	37.295639
1685512345178	1685512345170	-11.753	-4.597	0.503	0.308	1.144	1.436	-4.858	2.799	0.326	126.975586	37.295639
1685512345188	1685512345179	-11.236	-4.872	0.979	0.435	1.289	1.790	-4.805	2.528	0.742	126.975586	37.295639
1685512345199	1685512345189	-10.350	-5.035	1.322	0.607	1.434	2.081	-4.587	2.028	1.410	126.975586	37.295639
1685512345209	1685512345199	-9.378	-5.356	1.733	0.858	1.547	2.301	-3.984	1.654	1.937	126.975586	37.295639
1685512345218	1685512345209	-8.531	-5.780	2.169	1.173	1.642	2.446	-2.966	1.329	2.354	126.975586	37.295639
1685512345231	1685512345219	-7.946	-6.144	2.686	1.523	1.740	2.513	-1.879	0.862	2.820	126.975586	37.295639
1685512345238	1685512345231	-8.030	-5.935	2.952	1.907	1.857	2.509	-0.886	0.249	3.314	126.975586	37.295639
1685512345252	1685512345239	-8.607	-5.164	2.976	2.353	2.023	2.423	-0.184	-0.271	3.869	126.975586	37.295639
1685512345258	1685512345252	-9.608	-3.979	2.646	2.820	2.206	2.280	-0.110	-0.287	4.183	126.975586	37.295639
1685512345269	1685512345259	-10.503	-2.878	2.291	3.196	2.330	2.137	-0.599	0.350	4.231	126.975586	37.295639
1685512345278	1685512345269	-11.248	-2.014	2.014	3.400	2.348	2.035	-1.504	1.386	3.924	126.975586	37.295639
1685512345290	1685512345279	-11.480	-1.348	1.729	3.378	2.214	1.943	-2.318	2.356	3.589	126.975586	37.295639
1685512345299	1685512345290	-11.322	-0.893	1.391	3.114	1.927	1.817	-2.986	3.098	3.328	126.975586	37.295639
1685512345309	1685512345301	-10.901	-0.579	1.302	2.654	1.570	1.659	-3.151	3.646	3.057	126.975586	37.295639
1685512345319	1685512345309	-10.341	-0.309	1.149	2.050	1.206	1.502	-2.921	3.982	2.727	126.975586	37.295639
1685512345331	1685512345319	-9.787	-0.091	1.065	1.359	0.841	1.362	-2.447	4.199	2.643	126.975586	37.295639
1685512345339	1685512345331	-9.246	-0.206	0.984	0.645	0.539	1.247	-1.832	4.372	2.495	126.975586	37.295639
1685512345352	1685512345339	-8.806	-0.520	1.214	-0.062	0.352	1.147	-1.226	4.492	2.421	126.975586	37.295639
1685512345360	1685512345352	-8.423	-0.994	1.293	-0.781	0.221	1.046	-0.632	4.269	2.356	126.975586	37.295639
1685512345371	1685512345360	-8.219	-1.607	1.377	-1.481	0.144	0.959	-0.148	3.864	2.617	126.975586	37.295639
1685512345381	1685512345371	-8.126	-1.994	1.432	-2.043	0.125	0.915	0.278	3.278	2.753	126.975586	37.295639
1685512345391	1685512345381	-8.157	-2.279	1.429	-2.420	0.144	0.907	0.515	2.569	2.907	126.975586	37.295639
1685512345401	1685512345391	-8.102	-2.504	1.494	-2.623	0.187	0.924	0.644	2.069	3.055	126.975586	37.295639
1685512345413	1685512345401	-7.908	-2.789	1.355	-2.677	0.203	0.972	0.649	1.664	3.163	126.975586	37.295639
1685512345422	1685512345413	-7.750	-3.163	1.317	-2.624	0.192	1.035	0.735	1.310	3.347	126.975586	37.295639
1685512345434	1685512345422	-7.489	-3.584	1.326	-2.490	0.186	1.095	0.962	0.888	3.326	126.975586	37.295639
1685512345444	1685512345434	-7.436	-3.895	1.456	-2.246	0.191	1.152	1.156	0.354	3.409	126.975586	37.295639
1685512345456	1685512345444	-7.673	-4.075	1.472	-1.889	0.226	1.195	1.448	-0.201	3.512	126.975586	37.295639
1685512345464	1685512345456	-8.018	-4.132	1.470	-1.467	0.302	1.217	1.537	-0.680	3.742	126.975586	37.295639
1685512345483	1685512345464	-8.444	-4.175	1.587	-1.031	0.392	1.235	1.331	-0.996	3.831	126.975586	37.295639
1685512345484	1685512345484	-8.863	-3.888	1.432	-0.639	0.463	1.263	1.015	-1.199	3.898	126.975586	37.295639
1685512345491	1685512345484	-9.045	-3.440	1.480	-0.331	0.494	1.299	0.613	-1.379	4.082	126.975586	37.295639
1685512345502	1685512345491	-9.172	-3.383	1.437	-0.120	0.487	1.337	0.220	-1.235	3.991	126.975586	37.295639
1685512345512	1685512345502	-9.206	-3.388	1.446	0.001	0.478	1.373	0.065	-0.888	4.046	126.975586	37.295639
1685512345521	1685512345512	-9.033	-3.361	1.451	0.021	0.464	1.383	-0.031	-0.939	4.003	126.975586	37.295639
1685512345534	1685512345521	-8.890	-3.563	1.520	-0.037	0.430	1.376	-0.034	-1.049	3.998	126.975586	37.295639
1685512345542	1685512345535	-8.861	-3.905	1.690	-0.128	0.411	1.359	0.168	-1.123	3.979	126.975586	37.295639
1685512345552	1685512345542	-8.976	-4.022	1.709	-0.258	0.411	1.319	0.345	-1.422	4.020	126.975586	37.295639
1685512345562	1685512345552	-9.041	-4.017	1.681	-0.401	0.431	1.249	0.407	-1.887	4.166	126.975586	37.295639
1685512345572	1685512345562	-8.990	-4.113	1.683	-0.527	0.426	1.170	0.316	-2.071	4.144	126.975586	37.295639
1685512345583	1685512345572	-8.990	-4.269	1.765	-0.640	0.379	1.113	0.275	-2.155	4.092	126.975586	37.295639
1685512345596	1685512345583	-9.019	-4.413	1.721	-0.755	0.326	1.063	0.347	-2.337	4.080	126.975586	37.295639
1685512345603	1685512345597	-9.215	-4.513	1.772	-0.833	0.276	1.001	0.366	-2.576	4.149	126.975586	37.295639
1685512345615	1685512345603	-9.579	-4.580	1.808	-0.850	0.247	0.926	0.354	-2.804	4.096	126.975586	37.295639
1685512345624	1685512345615	-9.828	-4.793	1.812	-0.838	0.246	0.843	0.175	-2.998	4.142	126.975586	37.295639
1685512345635	1685512345626	-9.881	-5.006	1.693	-0.815	0.232	0.768	-0.175	-3.132	4.168	126.975586	37.295639
1685512345644	1685512345636	-9.694	-5.057	1.537	-0.792	0.192	0.712	-0.414	-3.421	4.178	126.975586	37.295639
1685512345659	1685512345644	-9.673	-5.191	1.489	-0.787	0.132	0.677	-0.457	-3.711	4.073	126.975586	37.295639
1685512345663	1685512345659	-9.850	-5.222	1.420	-0.783	0.097	0.654	-0.266	-3.850	3.941	126.975586	37.295639
1685512345687	1685512345663	-10.209	-5.176	1.274	-0.779	0.082	0.626	-0.239	-4.058	3.912	126.975586	37.295639
1685512345687	1685512345687	-11.006	-5.397	1.137	-0.786	0.083	0.582	-0.412	-4.178	3.862	126.975586	37.295639
1685512345694	1685512345687	-12.256	-5.921	1.283	-0.801	0.112	0.527	-0.766	-4.204	3.728	126.975586	37.295639
1685512345702	1685512345694	-13.314	-6.232	1.463	-0.826	0.164	0.475	-1.561	-4.499	3.608	126.975586	37.295639
1685512345713	1685512345702	-14.064	-6.359	1.671	-0.831	0.213	0.442	-2.811	-5.092	3.771	126.975586	37.295639
1685512345723	1685512345714	-13.944	-6.543	1.839	-0.768	0.200	0.451	-3.869	-5.468	3.972	126.975586	37.295639
1685512345734	1685512345723	-12.838	-6.721	1.935	-0.633	0.114	0.511	-4.621	-5.660	4.207	126.975586	37.295639
1685512345742	1685512345734	-11.200	-6.663	1.760	-0.443	-0.015	0.573	-4.503	-5.911	4.401	126.975586	37.295639
1685512345752	1685512345743	-9.589	-6.563	1.477	-0.239	-0.161	0.578	-3.397	-6.148	4.511	126.975586	37.295639
1685512345763	1685512345754	-8.368	-6.500	1.271	-0.040	-0.280	0.514	-1.755	-6.163	4.336	126.975586	37.295639
1685512345774	1685512345763	-7.705	-6.481	1.384	0.137	-0.315	0.380	-0.136	-6.115	4.041	126.975586	37.295639
1685512345783	1685512345775	-7.841	-6.467	1.389	0.269	-0.292	0.150	1.092	-6.103	3.809	126.975586	37.295639
1685512345795	1685512345785	-8.760	-6.639	1.480	0.364	-0.224	-0.183	1.765	-6.117	3.891	126.975586	37.295639
1685512345802	1685512345795	-10.341	-6.802	1.482	0.464	-0.097	-0.579	1.638	-6.112	3.862	126.975586	37.295639
1685512345814	1685512345803	-11.775	-6.752	1.393	0.596	0.055	-0.951	0.723	-6.263	3.934	126.975586	37.295639
1685512345824	1685512345814	-12.565	-6.474	1.228	0.766	0.123	-1.219	-0.857	-6.352	3.924	126.975586	37.295639
1685512345836	1685512345825	-12.546	-6.242	0.948	0.972	0.054	-1.370	-2.296	-6.208	3.838	126.975586	37.295639
1685512345842	1685512345837	-12.074	-6.031	0.766	1.189	-0.099	-1.431	-3.098	-5.782	3.680	126.975586	37.295639
1685512345859	1685512345842	-11.411	-5.780	0.697	1.368	-0.232	-1.471	-3.091	-5.411	3.397	126.975586	37.295639
1685512345862	1685512345859	-10.889	-5.392	0.716	1.453	-0.330	-1.547	-2.631	-4.987	3.189	126.975586	37.295639
1685512345887	1685512345863	-10.525	-5.116	0.639	1.469	-0.387	-1.657	-1.975	-4.616	3.093	126.975586	37.295639
1685512345887	1685512345887	-10.168	-4.982	0.532	1.433	-0.400	-1.783	-1.468	-4.029	3.060	126.975586	37.295639
1685512345893	1685512345888	-10.003	-4.798	0.417	1.351	-0.400	-1.930	-1.116	-3.584	2.931	126.975586	37.295639
1685512345903	1685512345895	-10.013	-4.772	0.311	1.236	-0.408	-2.098	-0.783	-3.230	2.756	126.975586	37.295639
1685512345912	1685512345905	-10.003	-4.671	0.256	1.111	-0.414	-2.266	-0.642	-2.856	2.583	126.975586	37.295639
1685512345923	1685512345912	-9.965	-4.446	0.151	1.004	-0.426	-2.409	-0.692	-2.562	2.401	126.975586	37.295639
1685512345934	1685512345923	-9.888	-4.393	0.074	0.927	-0.456	-2.530	-0.718	-2.274	2.296	126.975586	37.295639
1685512345942	1685512345935	-9.687	-4.231	0.084	0.877	-0.497	-2.627	-0.737	-1.781	2.119	126.975586	37.295639
1685512345954	1685512345943	-9.546	-4.190	-0.034	0.845	-0.545	-2.704	-0.723	-1.477	1.975	126.975586	37.295639
1685512345963	1685512345954	-9.313	-4.111	-0.122	0.830	-0.574	-2.761	-0.599	-1.034	1.906	126.975586	37.295639
1685512345972	1685512345963	-9.230	-3.962	-0.132	0.825	-0.579	-2.804	-0.529	-0.759	1.719	126.975586	37.295639
1685512345983	1685512345973	-9.163	-3.821	-0.278	0.828	-0.580	-2.832	-0.395	-0.393	1.539	126.975586	37.295639
1685512345993	1685512345984	-9.067	-3.572	-0.297	0.841	-0.578	-2.837	-0.400	-0.007	1.456	126.975586	37.295639
1685512346002	1685512345993	-8.906	-3.522	-0.352	0.844	-0.568	-2.819	-0.441	0.393	1.226	126.975586	37.295639
1685512346015	1685512346003	-8.751	-3.476	-0.436	0.837	-0.560	-2.783	-0.460	0.900	1.118	126.975586	37.295639
1685512346023	1685512346015	-8.645	-3.371	-0.474	0.823	-0.547	-2.737	-0.419	1.202	0.977	126.975586	37.295639
1685512346035	1685512346024	-8.538	-3.282	-0.527	0.805	-0.529	-2.676	-0.390	1.489	0.800	126.975586	37.295639
1685512346043	1685512346035	-8.416	-3.235	-0.587	0.787	-0.507	-2.596	-0.419	1.841	0.654	126.975586	37.295639
1685512346055	1685512346043	-8.341	-3.218	-0.601	0.762	-0.483	-2.505	-0.417	2.109	0.508	126.975586	37.295639
1685512346064	1685512346055	-8.150	-3.266	-0.563	0.729	-0.452	-2.399	-0.419	2.361	0.340	126.975586	37.295639
1685512346087	1685512346064	-7.920	-3.227	-0.567	0.698	-0.431	-2.282	-0.431	2.514	0.237	126.975586	37.295639
1685512346087	1685512346087	-7.724	-3.158	-0.642	0.683	-0.414	-2.153	-0.333	2.602	0.184	126.975586	37.295639
1685512346093	1685512346088	-7.645	-3.079	-0.742	0.683	-0.386	-2.023	-0.182	2.756	0.096	126.975586	37.295639
1685512346103	1685512346093	-7.724	-3.060	-0.637	0.684	-0.352	-1.902	-0.081	2.957	-0.060	126.975586	37.295639
1685512346112	1685512346104	-7.829	-3.012	-0.622	0.683	-0.315	-1.781	-0.079	3.134	-0.227	126.975586	37.295639
1685512346124	1685512346114	-8.061	-2.983	-0.599	0.663	-0.276	-1.669	-0.247	3.266	-0.189	126.975586	37.295639
1685512346135	1685512346125	-8.296	-2.986	-0.486	0.638	-0.233	-1.561	-0.443	3.426	-0.239	126.975586	37.295639
1685512346141	1685512346135	-8.662	-3.010	-0.673	0.615	-0.199	-1.445	-0.769	3.560	-0.278	126.975586	37.295639
1685512346151	1685512346141	-8.803	-2.969	-0.690	0.582	-0.169	-1.322	-1.089	3.656	-0.223	126.975586	37.295639
1685512346161	1685512346151	-9.060	-3.060	-0.694	0.536	-0.125	-1.191	-1.559	3.745	-0.472	126.975586	37.295639
1685512346170	1685512346161	-9.352	-3.067	-0.862	0.476	-0.082	-1.054	-1.753	3.840	-0.527	126.975586	37.295639
1685512346180	1685512346171	-9.541	-3.021	-0.790	0.413	-0.045	-0.909	-2.069	3.812	-0.575	126.975586	37.295639
1685512346191	1685512346180	-9.809	-3.050	-0.819	0.354	-0.016	-0.750	-2.404	3.850	-0.773	126.975586	37.295639
1685512346200	1685512346191	-10.070	-3.117	-0.771	0.292	0.022	-0.585	-2.619	3.919	-0.725	126.975586	37.295639
1685512346210	1685512346200	-10.281	-3.139	-0.718	0.217	0.083	-0.420	-2.895	3.898	-0.771	126.975586	37.295639
1685512346220	1685512346210	-10.503	-3.397	-0.735	0.150	0.142	-0.243	-3.144	3.821	-0.730	126.975586	37.295639
1685512346231	1685512346220	-10.798	-3.541	-0.788	0.100	0.195	-0.050	-3.381	3.826	-0.687	126.975586	37.295639
1685512346240	1685512346231	-11.447	-3.675	-0.773	0.068	0.270	0.150	-3.620	3.584	-0.704	126.975586	37.295639
1685512346265	1685512346240	-12.160	-3.778	-0.658	0.051	0.382	0.353	-3.888	3.414	-0.745	126.975601	37.295605
1685512346265	1685512346265	-12.562	-3.795	-0.517	0.051	0.511	0.568	-4.511	3.251	-0.711	126.975601	37.295605
1685512346271	1685512346265	-12.713	-3.864	-0.553	0.073	0.595	0.816	-5.203	3.127	-0.577	126.975601	37.295605
1685512346280	1685512346271	-12.629	-3.912	-0.517	0.122	0.628	1.104	-5.562	3.067	-0.400	126.975601	37.295605
1685512346290	1685512346280	-12.313	-4.034	-0.340	0.181	0.665	1.398	-5.665	2.945	-0.402	126.975601	37.295605
1685512346300	1685512346290	-11.365	-4.118	0.053	0.236	0.734	1.664	-5.507	2.818	-0.330	126.975601	37.295605
1685512346311	1685512346300	-9.965	-4.211	0.488	0.308	0.767	1.902	-5.097	2.598	-0.117	126.975601	37.295605
1685512346320	1685512346312	-8.571	-4.231	0.891	0.412	0.740	2.095	-4.041	2.392	0.311	126.975601	37.295605
1685512346331	1685512346320	-7.724	-4.185	1.312	0.556	0.738	2.210	-2.521	2.160	0.783	126.975601	37.295605
1685512346340	1685512346331	-7.487	-3.797	1.482	0.762	0.830	2.216	-0.984	1.968	1.219	126.975601	37.295605
1685512346351	1685512346340	-8.092	-3.306	1.506	1.026	1.005	2.123	-0.017	1.863	1.662	126.975601	37.295605
1685512346362	1685512346351	-9.153	-2.990	1.386	1.300	1.246	1.965	0.359	2.066	1.851	126.975601	37.295605
1685512346372	1685512346362	-10.534	-2.653	1.286	1.563	1.522	1.792	-0.136	2.409	1.894	126.975601	37.295605
1685512346383	1685512346373	-11.590	-2.265	1.132	1.767	1.746	1.635	-1.092	2.574	1.800	126.975601	37.295605
1685512346393	1685512346383	-11.916	-2.112	1.044	1.856	1.817	1.506	-2.382	2.772	1.738	126.975601	37.295605
1685512346401	1685512346393	-11.463	-2.318	0.891	1.830	1.708	1.453	-3.349	3.021	1.638	126.975601	37.295605
1685512346412	1685512346402	-10.506	-2.380	0.836	1.690	1.492	1.484	-3.613	3.072	1.597	126.975601	37.295605
1685512346423	1685512346413	-9.519	-2.528	0.730	1.438	1.242	1.555	-3.096	2.756	1.492	126.975601	37.295605
1685512346436	1685512346423	-8.916	-2.468	0.721	1.136	1.023	1.624	-2.073	2.579	1.477	126.975601	37.295605
1685512346444	1685512346436	-8.588	-2.296	0.931	0.816	0.907	1.664	-1.018	2.308	1.408	126.975601	37.295605
1685512346453	1685512346444	-8.502	-2.255	1.202	0.451	0.867	1.665	-0.345	2.236	1.429	126.975601	37.295605
1685512346464	1685512346453	-8.365	-2.330	1.401	0.049	0.831	1.642	0.065	2.243	1.690	126.975601	37.295605
1685512346476	1685512346464	-8.071	-2.509	1.700	-0.349	0.787	1.598	0.206	2.172	2.004	126.975601	37.295605
1685512346485	1685512346476	-7.800	-2.717	1.839	-0.704	0.748	1.537	0.407	1.956	2.274	126.975601	37.295605
1685512346504	1685512346485	-7.760	-2.820	1.887	-0.966	0.732	1.476	0.761	1.630	2.658	126.975601	37.295605
1685512346504	1685512346504	-7.784	-3.019	1.848	-1.148	0.735	1.423	1.094	1.264	2.899	126.975601	37.295605
1685512346514	1685512346504	-7.764	-3.349	1.791	-1.263	0.745	1.390	1.178	1.034	3.041	126.975601	37.295605
1685512346523	1685512346514	-7.726	-3.661	1.896	-1.305	0.743	1.384	1.209	0.666	3.134	126.975601	37.295605
1685512346535	1685512346524	-7.748	-3.757	1.884	-1.290	0.721	1.385	1.259	0.220	3.168	126.975601	37.295605
1685512346544	1685512346536	-7.913	-3.836	1.918	-1.225	0.704	1.388	1.348	-0.249	3.354	126.975601	37.295605
1685512346554	1685512346544	-8.021	-3.862	1.920	-1.118	0.683	1.396	1.365	-0.474	3.402	126.975601	37.295605
1685512346564	1685512346556	-8.176	-3.869	1.867	-0.988	0.643	1.405	1.243	-0.725	3.527	126.975601	37.295605
1685512346574	1685512346564	-8.243	-3.874	1.856	-0.855	0.611	1.407	1.164	-0.862	3.575	126.975601	37.295605
1685512346584	1685512346574	-8.375	-3.924	1.927	-0.738	0.591	1.400	1.049	-1.034	3.591	126.975601	37.295605
1685512346594	1685512346584	-8.566	-4.073	1.896	-0.656	0.563	1.382	1.010	-1.159	3.615	126.975601	37.295605
1685512346604	1685512346594	-8.586	-4.144	1.982	-0.616	0.550	1.357	0.907	-1.336	3.721	126.975601	37.295605
1685512346616	1685512346606	-8.739	-4.063	1.975	-0.597	0.539	1.335	0.745	-1.607	3.716	126.975601	37.295605
1685512346625	1685512346617	-8.794	-3.955	2.018	-0.583	0.513	1.319	0.752	-1.791	3.816	126.975601	37.295605
1685512346637	1685512346626	-8.945	-3.965	1.918	-0.575	0.483	1.295	0.622	-1.817	3.819	126.975601	37.295605
1685512346644	1685512346638	-9.086	-3.926	1.908	-0.577	0.454	1.253	0.594	-1.824	3.867	126.975601	37.295605
1685512346656	1685512346645	-9.139	-4.051	1.978	-0.594	0.417	1.190	0.464	-1.913	3.749	126.975601	37.295605
1685512346663	1685512346658	-8.995	-4.372	1.863	-0.621	0.370	1.115	0.345	-1.973	3.728	126.975601	37.295605
1685512346682	1685512346666	-9.002	-4.463	1.879	-0.643	0.315	1.036	0.311	-2.167	3.776	126.975601	37.295605
1685512346683	1685512346682	-9.076	-4.511	1.779	-0.682	0.280	0.948	0.472	-2.567	3.649	126.975601	37.295605
1685512346707	1685512346683	-9.378	-4.417	1.832	-0.728	0.252	0.866	0.481	-2.732	3.654	126.975601	37.295605
1685512346708	1685512346707	-9.476	-4.506	1.913	-0.767	0.221	0.797	0.421	-2.859	3.548	126.975601	37.295605
1685512346713	1685512346708	-9.694	-4.580	1.958	-0.799	0.195	0.727	0.132	-2.818	3.594	126.975601	37.295605
1685512346723	1685512346713	-9.768	-4.733	1.774	-0.820	0.176	0.649	0.043	-2.971	3.673	126.975601	37.295605
1685512346738	1685512346723	-9.740	-4.870	1.736	-0.832	0.137	0.572	-0.163	-3.108	3.723	126.975601	37.295605
1685512346743	1685512346738	-9.663	-4.884	1.575	-0.830	0.082	0.513	-0.230	-3.323	3.551	126.975601	37.295605
1685512346753	1685512346743	-9.692	-4.846	1.422	-0.825	0.029	0.469	-0.196	-3.519	3.527	126.975601	37.295605
1685512346763	1685512346754	-9.797	-4.980	1.233	-0.823	-0.006	0.419	-0.113	-3.610	3.388	126.975601	37.295605
1685512346774	1685512346763	-10.364	-5.241	1.015	-0.836	-0.035	0.356	-0.136	-3.620	3.244	126.975601	37.295605
1685512346784	1685512346774	-11.018	-5.567	0.960	-0.848	-0.035	0.282	-0.237	-3.809	3.065	126.975601	37.295605
1685512346795	1685512346784	-11.820	-5.756	0.903	-0.867	-0.006	0.193	-0.800	-4.118	2.854	126.975601	37.295605
1685512346804	1685512346795	-12.371	-5.693	0.931	-0.885	0.020	0.104	-1.451	-4.487	2.804	126.975601	37.295605
1685512346814	1685512346804	-12.627	-5.801	1.008	-0.869	0.017	0.045	-2.251	-4.712	2.756	126.975601	37.295605
1685512346825	1685512346814	-12.273	-6.043	1.444	-0.809	-0.035	0.031	-2.801	-4.678	2.796	126.975601	37.295605
1685512346836	1685512346825	-11.279	-6.345	1.760	-0.707	-0.099	0.024	-3.057	-4.805	2.883	126.975601	37.295605
1685512346845	1685512346836	-10.197	-6.314	1.609	-0.553	-0.155	0.002	-2.701	-5.064	3.323	126.975601	37.295605
1685512346855	1685512346845	-9.407	-6.242	1.326	-0.320	-0.236	-0.040	-1.705	-5.382	3.637	126.975601	37.295605
1685512346865	1685512346855	-9.488	-6.464	1.044	-0.024	-0.296	-0.123	-0.620	-5.363	3.474	126.975601	37.295605
1685512346877	1685512346865	-10.604	-6.634	0.907	0.281	-0.236	-0.283	0.172	-5.291	3.175	126.975601	37.295605
1685512346884	1685512346878	-12.129	-6.749	0.840	0.535	-0.077	-0.533	0.096	-5.502	2.861	126.975601	37.295605
1685512346907	1685512346884	-13.515	-6.742	0.697	0.755	0.056	-0.792	-1.018	-5.643	2.701	126.975601	37.295605
1685512346908	1685512346908	-14.066	-6.424	0.407	0.971	0.084	-0.976	-2.547	-5.698	2.622	126.975601	37.295605
1685512346915	1685512346908	-13.975	-6.199	0.294	1.179	-0.010	-1.073	-3.943	-5.600	2.476	126.975601	37.295605
1685512346927	1685512346915	-13.441	-5.969	0.168	1.354	-0.165	-1.125	-4.506	-5.171	2.181	126.975601	37.295605
1685512346936	1685512346927	-12.831	-5.792	0.034	1.478	-0.321	-1.181	-4.429	-4.824	2.052	126.975601	37.295605
1685512346946	1685512346936	-12.213	-5.514	-0.026	1.549	-0.448	-1.271	-3.910	-4.448	1.887	126.975601	37.295605
1685512346954	1685512346947	-11.645	-5.131	0.017	1.583	-0.531	-1.396	-3.311	-4.149	1.705	126.975601	37.295605
1685512346964	1685512346955	-11.092	-4.748	-0.005	1.600	-0.574	-1.548	-2.710	-3.709	1.568	126.975601	37.295605
1685512346975	1685512346964	-10.585	-4.523	-0.010	1.602	-0.607	-1.726	-2.157	-3.184	1.539	126.975601	37.295605
1685512346984	1685512346977	-10.226	-4.374	-0.041	1.548	-0.623	-1.940	-1.628	-2.631	1.429	126.975601	37.295605
1685512346994	1685512346985	-9.953	-4.175	-0.067	1.421	-0.627	-2.175	-1.149	-2.222	1.334	126.975601	37.295605
1685512347004	1685512346994	-9.701	-3.958	-0.038	1.256	-0.635	-2.402	-0.833	-1.848	1.195	126.975601	37.295605
1685512347014	1685512347004	-9.567	-3.946	0.014	1.097	-0.640	-2.604	-0.606	-1.451	1.082	126.975601	37.295605
1685512347025	1685512347014	-9.416	-3.898	-0.031	0.962	-0.651	-2.776	-0.414	-0.996	1.018	126.975601	37.295605
1685512347037	1685512347025	-9.244	-3.850	0.007	0.848	-0.673	-2.925	-0.354	-0.733	0.977	126.975601	37.295605
1685512347045	1685512347037	-9.203	-3.891	-0.041	0.759	-0.698	-3.053	-0.290	-0.421	0.838	126.975601	37.295605
1685512347055	1685512347045	-9.294	-3.733	-0.175	0.709	-0.717	-3.158	-0.218	-0.101	0.785	126.975601	37.295605
1685512347065	1685512347056	-9.210	-3.560	-0.204	0.679	-0.726	-3.238	-0.316	0.192	0.627	126.975601	37.295605
1685512347078	1685512347065	-9.227	-3.522	-0.318	0.671	-0.740	-3.284	-0.508	0.577	0.419	126.975601	37.295605
1685512347084	1685512347078	-9.041	-3.512	-0.409	0.685	-0.755	-3.293	-0.565	1.034	0.297	126.975601	37.295605
1685512347104	1685512347085	-8.985	-3.347	-0.486	0.713	-0.759	-3.271	-0.735	1.358	0.086	126.975601	37.295605
1685512347105	1685512347104	-8.906	-3.199	-0.579	0.742	-0.757	-3.227	-0.709	1.647	-0.101	126.975601	37.295605
1685512347113	1685512347105	-8.866	-3.010	-0.618	0.764	-0.742	-3.158	-0.826	2.083	-0.278	126.975601	37.295605
1685512347123	1685512347113	-8.703	-2.931	-0.656	0.778	-0.727	-3.062	-0.953	2.533	-0.493	126.975601	37.295605
1685512347133	1685512347123	-8.464	-2.854	-0.670	0.779	-0.713	-2.938	-1.044	2.899	-0.613	126.975601	37.295605
1685512347146	1685512347146	-8.317	-2.775	-0.735	0.762	-0.694	-2.794	-1.041	3.187	-0.749	126.975601	37.295605
1685512347152	1685512347146	-8.145	-2.722	-0.838	0.724	-0.671	-2.636	-0.953	3.445	-0.857	126.975601	37.295605
1685512347161	1685512347153	-8.131	-2.823	-0.910	0.682	-0.626	-2.468	-0.965	3.704	-1.020	126.975601	37.295605
1685512347172	1685512347162	-8.064	-2.816	-0.848	0.626	-0.571	-2.291	-0.895	3.869	-1.192	126.975601	37.295605
1685512347182	1685512347172	-7.961	-2.729	-0.881	0.555	-0.517	-2.104	-1.030	3.924	-1.355	126.975601	37.295605
1685512347191	1685512347182	-7.824	-2.751	-0.931	0.484	-0.464	-1.911	-1.044	4.013	-1.343	126.975601	37.295605
1685512347201	1685512347192	-7.604	-2.806	-0.950	0.434	-0.418	-1.709	-1.065	4.219	-1.444	126.975601	37.295605
1685512347212	1685512347202	-7.587	-2.947	-0.958	0.402	-0.363	-1.499	-1.020	4.281	-1.539	126.975601	37.295605
1685512347221	1685512347213	-7.719	-3.081	-0.852	0.374	-0.292	-1.291	-0.912	4.329	-1.614	126.975601	37.295605
1685512347232	1685512347221	-8.076	-3.026	-0.809	0.359	-0.204	-1.104	-0.979	4.259	-1.662	126.975609	37.295601
1685512347241	1685512347232	-8.471	-3.144	-0.745	0.369	-0.089	-0.933	-1.226	4.223	-1.611	126.975609	37.295601
1685512347252	1685512347241	-8.882	-3.096	-0.735	0.408	0.017	-0.751	-1.647	4.334	-1.599	126.975609	37.295601
1685512347262	1685512347252	-9.086	-3.026	-0.816	0.459	0.095	-0.557	-2.126	4.286	-1.575	126.975609	37.295601
1685512347274	1685512347262	-9.136	-2.866	-0.745	0.507	0.166	-0.364	-2.583	4.367	-1.590	126.975609	37.295601
1685512347282	1685512347274	-9.199	-2.950	-0.685	0.530	0.221	-0.181	-2.816	4.458	-1.695	126.975609	37.295601
1685512347293	1685512347282	-9.313	-3.069	-0.632	0.517	0.275	-0.005	-2.863	4.614	-1.638	126.975609	37.295601
1685512347302	1685512347293	-9.728	-3.232	-0.735	0.462	0.349	0.149	-2.907	4.513	-1.595	126.975609	37.295601
1685512347313	1685512347303	-10.396	-3.290	-0.764	0.396	0.459	0.285	-2.981	4.360	-1.544	126.975609	37.295601
1685512347323	1685512347314	-11.181	-3.421	-0.637	0.348	0.604	0.426	-3.335	4.144	-1.642	126.975609	37.295601
1685512347336	1685512347323	-12.012	-3.610	-0.594	0.298	0.733	0.596	-3.924	4.020	-1.647	126.975609	37.295601
1685512347343	1685512347336	-12.555	-3.967	-0.438	0.242	0.839	0.800	-4.673	3.857	-1.506	126.975609	37.295601
1685512347353	1685512347343	-12.924	-4.250	-0.156	0.211	0.927	1.040	-5.454	3.627	-1.437	126.975609	37.295601
1685512347362	1685512347354	-12.869	-4.264	0.096	0.210	1.008	1.300	-5.921	3.203	-1.235	126.975609	37.295601
1685512347372	1685512347362	-12.103	-4.527	0.407	0.232	1.079	1.571	-6.225	2.866	-0.917	126.975609	37.295601
1685512347381	1685512347372	-10.848	-4.525	0.742	0.307	1.124	1.853	-6.069	2.761	-0.611	126.975609	37.295601
1685512347393	1685512347381	-9.380	-4.472	1.140	0.395	1.101	2.098	-5.186	2.389	-0.242	126.975609	37.295601
1685512347402	1685512347393	-8.308	-4.580	1.377	0.489	1.069	2.275	-3.797	2.260	0.148	126.975609	37.295601
1685512347412	1685512347402	-7.798	-4.520	1.604	0.665	1.103	2.376	-2.181	2.160	0.599	126.975609	37.295601
1685512347422	1685512347412	-8.109	-4.077	1.520	0.948	1.247	2.362	-0.939	1.867	0.886	126.975609	37.295601
1685512347433	1685512347422	-9.189	-3.359	1.437	1.343	1.477	2.237	-0.287	1.765	1.149	126.975609	37.295601
1685512347442	1685512347433	-10.532	-2.784	1.283	1.789	1.750	2.078	-0.448	2.025	1.101	126.975609	37.295601
1685512347453	1685512347442	-11.777	-2.361	1.130	2.166	1.962	1.945	-1.389	2.567	1.051	126.975609	37.295601
1685512347462	1685512347453	-12.337	-2.169	1.101	2.395	2.034	1.829	-2.591	2.952	0.934	126.975609	37.295601
1685512347473	1685512347462	-12.107	-2.064	1.006	2.448	1.912	1.715	-3.730	3.230	0.812	126.975609	37.295601
1685512347482	1685512347473	-11.174	-2.037	0.929	2.337	1.621	1.620	-4.173	3.251	0.819	126.975609	37.295601
1685512347492	1685512347482	-10.190	-1.863	0.883	2.055	1.264	1.586	-3.857	3.223	0.747	126.975609	37.295601
1685512347502	1685512347492	-9.505	-1.781	0.886	1.626	0.964	1.610	-2.835	3.110	0.682	126.975609	37.295601
1685512347513	1685512347502	-9.287	-1.475	0.953	1.103	0.772	1.643	-1.767	3.146	0.639	126.975609	37.295601
1685512347522	1685512347513	-9.155	-1.511	1.104	0.512	0.694	1.636	-0.998	3.089	0.642	126.975609	37.295601
1685512347533	1685512347522	-8.935	-1.726	1.204	-0.125	0.667	1.591	-0.702	3.251	0.723	126.975609	37.295601
1685512347542	1685512347533	-8.653	-1.942	1.319	-0.749	0.640	1.527	-0.484	3.060	0.912	126.975609	37.295601
1685512347552	1685512347542	-8.277	-2.073	1.458	-1.306	0.593	1.459	-0.199	2.720	1.070	126.975609	37.295601
1685512347562	1685512347552	-7.863	-2.538	1.662	-1.757	0.519	1.396	0.156	2.356	1.283	126.975609	37.295601
1685512347574	1685512347562	-7.642	-2.990	1.640	-2.081	0.470	1.349	0.589	2.109	1.520	126.975609	37.295601
1685512347582	1685512347574	-7.585	-3.412	1.676	-2.270	0.470	1.321	1.061	1.518	1.841	126.975609	37.295601
1685512347594	1685512347582	-7.649	-3.855	1.721	-2.318	0.509	1.300	1.334	0.939	1.944	126.975609	37.295601
1685512347604	1685512347595	-7.760	-4.089	1.604	-2.248	0.530	1.299	1.444	0.378	2.124	126.975609	37.295601
1685512347614	1685512347604	-7.891	-4.202	1.616	-2.068	0.519	1.319	1.420	-0.180	2.289	126.975609	37.295601
1685512347624	1685512347615	-8.004	-4.166	1.628	-1.802	0.508	1.345	1.355	-0.548	2.301	126.975609	37.295601
1685512347637	1685512347624	-8.131	-4.058	1.446	-1.502	0.491	1.361	1.264	-0.795	2.433	126.975609	37.295601
1685512347644	1685512347637	-8.186	-4.015	1.453	-1.197	0.464	1.368	1.192	-0.900	2.552	126.975609	37.295601
1685512347655	1685512347644	-8.253	-3.989	1.453	-0.931	0.432	1.366	1.104	-0.931	2.461	126.975609	37.295601
1685512347665	1685512347655	-8.341	-3.953	1.427	-0.718	0.415	1.355	1.094	-1.056	2.564	126.975609	37.295601
1685512347679	1685512347665	-8.487	-3.970	1.506	-0.563	0.407	1.348	1.053	-1.140	2.619	126.975609	37.295601
1685512347684	1685512347680	-8.698	-3.900	1.623	-0.469	0.407	1.339	0.998	-1.219	2.607	126.975609	37.295601
1685512347704	1685512347684	-8.988	-3.893	1.707	-0.431	0.421	1.319	0.881	-1.343	2.693	126.975609	37.295601
1685512347705	1685512347704	-9.239	-3.812	1.719	-0.428	0.450	1.293	0.699	-1.377	2.813	126.975609	37.295601
1685512347714	1685512347705	-9.376	-3.783	1.621	-0.443	0.476	1.257	0.436	-1.468	2.892	126.975609	37.295601
1685512347725	1685512347714	-9.352	-3.792	1.587	-0.487	0.470	1.223	0.211	-1.487	2.902	126.975609	37.295601
1685512347736	1685512347725	-9.225	-3.962	1.618	-0.558	0.426	1.190	0.091	-1.525	2.784	126.975609	37.295601
1685512347745	1685512347736	-9.165	-4.041	1.618	-0.637	0.381	1.145	0.136	-1.614	2.741	126.975609	37.295601
1685512347755	1685512347745	-9.292	-4.228	1.669	-0.693	0.346	1.093	0.280	-1.863	2.765	126.975609	37.295601
1685512347765	1685512347756	-9.404	-4.281	1.709	-0.721	0.319	1.029	0.359	-2.033	2.770	126.975609	37.295601
1685512347775	1685512347765	-9.656	-4.360	1.693	-0.738	0.290	0.953	0.247	-2.286	2.816	126.975609	37.295601
1685512347784	1685512347775	-9.814	-4.456	1.597	-0.751	0.260	0.875	0.151	-2.425	2.863	126.975609	37.295601
1685512347797	1685512347784	-9.926	-4.501	1.578	-0.762	0.227	0.800	-0.086	-2.567	2.851	126.975609	37.295601
1685512347806	1685512347797	-9.979	-4.508	1.499	-0.773	0.183	0.738	-0.232	-2.732	2.768	126.975609	37.295601
1685512347818	1685512347808	-10.046	-4.523	1.434	-0.786	0.139	0.688	-0.335	-2.849	2.765	126.975609	37.295601
1685512347826	1685512347818	-10.132	-4.559	1.341	-0.801	0.106	0.640	-0.378	-2.928	2.710	126.975609	37.295601
1685512347837	1685512347827	-10.166	-4.659	1.264	-0.831	0.072	0.591	-0.438	-3.017	2.670	126.975609	37.295601
1685512347845	1685512347838	-10.269	-4.678	1.204	-0.875	0.039	0.538	-0.515	-3.132	2.600	126.975609	37.295601
1685512347858	1685512347845	-10.630	-4.911	1.046	-0.921	0.012	0.489	-0.541	-3.294	2.540	126.975609	37.295601
1685512347866	1685512347859	-11.123	-5.140	1.003	-0.965	0.010	0.440	-0.637	-3.383	2.497	126.975609	37.295601
1685512347883	1685512347866	-11.617	-5.346	1.063	-1.001	0.040	0.379	-0.994	-3.668	2.351	126.975609	37.295601
1685512347884	1685512347884	-11.995	-5.502	1.046	-1.021	0.079	0.309	-1.482	-3.953	2.320	126.975609	37.295601
1685512347909	1685512347884	-12.110	-5.753	0.986	-1.001	0.094	0.268	-1.970	-4.209	2.394	126.975609	37.295601
1685512347910	1685512347909	-11.969	-6.129	1.355	-0.942	0.059	0.270	-2.346	-4.413	2.399	126.975609	37.295601
1685512347915	1685512347910	-11.451	-6.345	1.676	-0.850	0.023	0.279	-2.461	-4.700	2.358	126.975609	37.295601
1685512347924	1685512347916	-10.436	-6.460	1.906	-0.662	0.024	0.264	-2.318	-5.114	2.741	126.975609	37.295601
1685512347940	1685512347924	-9.333	-6.404	1.812	-0.345	-0.004	0.252	-1.798	-5.368	3.074	126.975609	37.295601
1685512347948	1685512347940	-8.662	-6.381	1.676	0.032	-0.082	0.232	-0.781	-5.519	3.311	126.975609	37.295601
1685512347955	1685512347948	-8.780	-6.369	1.719	0.398	-0.108	0.150	0.326	-5.492	3.220	126.975609	37.295601
1685512347966	1685512347956	-9.541	-6.503	1.755	0.746	-0.029	-0.029	0.998	-5.495	3.074	126.975609	37.295601
1685512347975	1685512347967	-10.752	-6.780	1.743	1.086	0.099	-0.279	0.883	-5.490	3.108	126.975609	37.295601
1685512347985	1685512347976	-11.875	-6.570	1.597	1.440	0.224	-0.528	0.122	-5.610	3.134	126.975609	37.295601
1685512347997	1685512347985	-12.608	-6.270	1.293	1.813	0.270	-0.711	-1.092	-5.847	3.122	126.975609	37.295601
1685512348006	1685512347997	-12.811	-5.940	0.958	2.132	0.175	-0.833	-2.222	-5.564	2.983	126.975609	37.295601
1685512348016	1685512348007	-12.634	-5.665	0.773	2.359	-0.006	-0.927	-2.966	-5.171	2.686	126.975609	37.295601
1685512348026	1685512348016	-12.356	-5.318	0.625	2.480	-0.205	-1.023	-3.184	-4.721	2.342	126.975609	37.295601
1685512348038	1685512348027	-12.110	-4.985	0.474	2.494	-0.389	-1.137	-3.017	-4.336	2.128	126.975609	37.295601
1685512348047	1685512348038	-11.777	-4.633	0.369	2.419	-0.544	-1.288	-2.751	-3.857	1.927	126.975609	37.295601
1685512348059	1685512348047	-11.408	-4.254	0.397	2.270	-0.668	-1.464	-2.516	-3.383	1.700	126.975609	37.295601
1685512348067	1685512348059	-11.032	-4.025	0.283	2.049	-0.784	-1.651	-2.203	-2.849	1.482	126.975609	37.295601
1685512348082	1685512348067	-10.843	-3.721	0.273	1.779	-0.880	-1.851	-1.848	-2.339	1.427	126.975609	37.295601
1685512348084	1685512348082	-10.554	-3.596	0.266	1.482	-0.953	-2.064	-1.504	-1.896	1.173	126.975609	37.295601
1685512348104	1685512348085	-10.511	-3.503	0.235	1.175	-1.014	-2.285	-1.341	-1.439	1.065	126.975609	37.295601
1685512348105	1685512348105	-10.427	-3.474	0.172	0.877	-1.047	-2.505	-1.099	-1.087	0.919	126.975609	37.295601
1685512348114	1685512348105	-10.396	-3.546	0.211	0.608	-1.069	-2.710	-1.104	-0.795	0.773	126.975609	37.295601
1685512348124	1685512348116	-10.309	-3.510	0.024	0.378	-1.096	-2.893	-1.092	-0.503	0.577	126.975609	37.295601
1685512348135	1685512348124	-10.230	-3.622	-0.041	0.191	-1.133	-3.048	-1.132	-0.345	0.508	126.975609	37.295601
1685512348143	1685512348136	-9.953	-3.584	-0.098	0.065	-1.158	-3.169	-1.161	0.010	0.184	126.975609	37.295601
1685512348153	1685512348143	-9.809	-3.610	-0.113	0.006	-1.168	-3.251	-1.168	0.117	0.034	126.975609	37.295601
1685512348163	1685512348153	-9.644	-3.587	-0.218	0.006	-1.153	-3.302	-1.039	0.498	-0.151	126.975609	37.295601
1685512348175	1685512348163	-9.572	-3.529	-0.309	0.053	-1.120	-3.324	-1.006	0.702	-0.249	126.975609	37.295601
1685512348183	1685512348175	-9.407	-3.383	-0.357	0.130	-1.087	-3.317	-1.006	1.044	-0.464	126.975609	37.295601
1685512348193	1685512348184	-9.333	-3.266	-0.402	0.226	-1.049	-3.278	-1.080	1.358	-0.644	126.975609	37.295601
1685512348203	1685512348193	-9.108	-3.211	-0.527	0.332	-0.999	-3.214	-1.120	1.836	-0.809	126.975609	37.295601
1685512348212	1685512348203	-9.019	-3.160	-0.532	0.442	-0.948	-3.128	-1.190	2.169	-0.934	126.975609	37.295601
1685512348222	1685512348213	-8.842	-2.990	-0.615	0.545	-0.897	-3.023	-1.168	2.507	-1.166	126.975609	37.295601
1685512348235	1685512348223	-8.696	-2.828	-0.745	0.621	-0.850	-2.898	-1.250	2.772	-1.262	126.975609	37.295601
1685512348242	1685512348235	-8.502	-2.775	-0.773	0.663	-0.805	-2.757	-1.271	3.182	-1.453	126.975609	37.295601
1685512348253	1685512348243	-8.320	-2.619	-0.749	0.667	-0.764	-2.604	-1.279	3.515	-1.666	126.975609	37.295597
1685512348263	1685512348253	-8.114	-2.593	-0.792	0.627	-0.731	-2.439	-1.298	3.792	-1.812	126.975609	37.295597
1685512348275	1685512348263	-8.092	-2.504	-0.697	0.558	-0.699	-2.271	-1.221	4.053	-1.848	126.975609	37.295597
1685512348283	1685512348275	-8.133	-2.655	-0.702	0.474	-0.641	-2.112	-1.137	4.195	-1.961	126.975609	37.295597
1685512348294	1685512348283	-8.303	-2.555	-0.752	0.393	-0.569	-1.965	-1.223	4.381	-1.923	126.975609	37.295597
1685512348304	1685512348294	-8.490	-2.526	-0.685	0.323	-0.490	-1.813	-1.372	4.329	-1.980	126.975609	37.295597
1685512348313	1685512348304	-8.617	-2.574	-0.651	0.257	-0.428	-1.643	-1.647	4.520	-2.076	126.975609	37.295597
1685512348323	1685512348313	-8.703	-2.535	-0.733	0.194	-0.369	-1.464	-1.949	4.647	-2.052	126.975609	37.295597
1685512348336	1685512348324	-8.672	-2.574	-0.749	0.144	-0.298	-1.279	-2.155	4.666	-2.045	126.975609	37.295597
1685512348344	1685512348336	-8.581	-2.583	-0.618	0.106	-0.252	-1.079	-2.320	4.769	-2.150	126.975609	37.295597
1685512348355	1685512348344	-8.669	-2.614	-0.543	0.081	-0.205	-0.869	-2.354	4.784	-2.181	126.975609	37.295597
1685512348364	1685512348355	-8.787	-2.614	-0.405	0.061	-0.142	-0.665	-2.320	4.822	-2.059	126.975609	37.295597
1685512348374	1685512348364	-8.981	-2.698	-0.510	0.045	-0.048	-0.480	-2.437	4.815	-1.987	126.975609	37.295597
1685512348384	1685512348375	-9.316	-2.686	-0.663	0.040	0.064	-0.304	-2.579	4.834	-1.848	126.975609	37.295597
1685512348396	1685512348384	-9.821	-2.737	-0.725	0.038	0.170	-0.123	-2.772	4.752	-1.946	126.975609	37.295597
1685512348404	1685512348396	-10.683	-2.895	-0.678	0.022	0.285	0.062	-3.093	4.755	-2.083	126.975609	37.295597
1685512348418	1685512348405	-11.672	-3.086	-0.702	-0.010	0.425	0.248	-3.560	4.678	-2.119	126.975609	37.295597
1685512348426	1685512348418	-12.661	-3.170	-0.687	-0.050	0.589	0.441	-4.362	4.475	-2.033	126.975609	37.295597
1685512348439	1685512348426	-13.171	-3.314	-0.630	-0.077	0.742	0.687	-5.270	4.223	-2.006	126.975609	37.295597
1685512348446	1685512348439	-12.838	-3.409	-0.261	-0.079	0.826	1.013	-6.215	4.108	-1.946	126.975609	37.295597
1685512348456	1685512348447	-11.507	-3.481	-0.002	-0.075	0.838	1.389	-6.673	3.926	-1.839	126.975609	37.295597
1685512348464	1685512348456	-9.924	-3.642	0.369	-0.068	0.781	1.759	-6.249	3.757	-1.405	126.975609	37.295597
1685512348475	1685512348466	-8.672	-3.955	0.749	-0.042	0.721	2.066	-4.820	3.603	-1.092	126.975609	37.295597
1685512348483	1685512348476	-8.064	-4.185	1.226	0.026	0.761	2.263	-3.105	3.326	-0.663	126.975609	37.295597
1685512348498	1685512348484	-8.045	-4.384	1.496	0.153	0.914	2.314	-1.702	2.868	-0.230	126.975609	37.295597
1685512348504	1685512348498	-8.971	-4.197	1.618	0.378	1.147	2.228	-0.917	2.464	0.302	126.975609	37.295597
1685512348513	1685512348504	-10.539	-3.917	1.523	0.700	1.427	2.067	-0.754	2.112	0.622	126.975609	37.295597
1685512348525	1685512348514	-12.117	-3.579	1.446	1.067	1.723	1.913	-1.530	2.133	0.804	126.975609	37.295597
1685512348536	1685512348526	-13.096	-3.431	1.338	1.389	1.906	1.814	-2.957	2.251	0.773	126.975609	37.295597
1685512348545	1685512348537	-13.300	-3.498	1.240	1.613	1.894	1.792	-4.408	2.435	0.764	126.975609	37.295597
1685512348555	1685512348546	-12.596	-3.476	1.010	1.730	1.709	1.850	-5.267	2.435	0.721	126.975609	37.295597
1685512348564	1685512348555	-11.492	-3.383	0.895	1.748	1.421	1.963	-5.332	2.186	0.692	126.975609	37.295597
1685512348575	1685512348564	-10.645	-3.007	0.675	1.655	1.124	2.070	-4.537	2.081	0.493	126.975609	37.295597
1685512348584	1685512348575	-10.116	-2.682	0.757	1.443	0.885	2.122	-3.318	2.006	0.397	126.975609	37.295597
1685512348594	1685512348584	-9.888	-2.358	0.915	1.109	0.756	2.121	-2.356	2.203	0.182	126.975609	37.295597
1685512348604	1685512348595	-9.538	-2.433	1.281	0.667	0.700	2.083	-1.714	2.346	0.263	126.975609	37.295597
1685512348614	1685512348605	-9.194	-2.538	1.516	0.149	0.645	2.001	-1.377	2.483	0.431	126.975609	37.295597
1685512348625	1685512348614	-8.727	-2.682	1.755	-0.374	0.600	1.888	-0.915	2.210	0.828	126.975609	37.295597
1685512348637	1685512348625	-8.361	-2.796	1.836	-0.820	0.591	1.768	-0.486	1.946	1.106	126.975609	37.295597
1685512348646	1685512348638	-8.176	-2.947	1.956	-1.155	0.602	1.653	0.065	1.640	1.415	126.975609	37.295597
1685512348656	1685512348646	-8.203	-3.476	2.028	-1.394	0.626	1.553	0.508	1.372	1.585	126.975609	37.295597
1685512348666	1685512348656	-8.195	-3.996	2.009	-1.539	0.679	1.471	0.769	1.061	1.815	126.975609	37.295597
1685512348676	1685512348666	-8.143	-4.209	2.021	-1.564	0.731	1.425	0.797	0.407	1.987	126.975609	37.295597
1685512348684	1685512348676	-8.061	-4.223	1.963	-1.459	0.724	1.421	0.867	-0.256	2.100	126.975609	37.295597
1685512348700	1685512348685	-7.851	-4.271	1.920	-1.260	0.652	1.461	0.965	-0.589	2.222	126.975609	37.295597
1685512348706	1685512348700	-7.678	-4.178	1.903	-1.014	0.553	1.516	1.094	-0.737	2.284	126.975609	37.295597
1685512348716	1685512348706	-7.697	-4.051	1.889	-0.768	0.495	1.549	1.353	-0.915	2.270	126.975609	37.295597
1685512348725	1685512348717	-8.011	-3.812	1.927	-0.552	0.481	1.544	1.573	-0.965	2.337	126.975609	37.295597
1685512348737	1685512348726	-8.404	-3.630	1.879	-0.395	0.491	1.520	1.595	-0.958	2.320	126.975609	37.295597
1685512348745	1685512348737	-8.578	-3.575	1.891	-0.319	0.503	1.492	1.324	-0.850	2.361	126.975609	37.295597
1685512348756	1685512348747	-8.952	-3.488	1.700	-0.316	0.507	1.473	0.962	-0.766	2.306	126.975609	37.295597
1685512348766	1685512348756	-9.261	-3.436	1.638	-0.374	0.502	1.458	0.824	-0.836	2.322	126.975609	37.295597
1685512348777	1685512348766	-9.455	-3.634	1.666	-0.500	0.479	1.439	0.476	-0.840	2.121	126.975609	37.295597
1685512348787	1685512348777	-9.534	-3.915	1.820	-0.662	0.457	1.420	0.196	-0.888	2.054	126.975609	37.295597
1685512348797	1685512348787	-9.380	-4.140	2.023	-0.811	0.434	1.407	0.026	-1.183	2.071	126.975609	37.295597
1685512348807	1685512348797	-9.124	-4.183	2.143	-0.900	0.409	1.410	-0.022	-1.571	2.224	126.975609	37.295597
1685512348817	1685512348807	-8.871	-4.343	2.279	-0.925	0.373	1.422	0.151	-1.882	2.428	126.975609	37.295597
1685512348828	1685512348817	-8.732	-4.611	2.373	-0.910	0.357	1.412	0.429	-2.030	2.562	126.975609	37.295597
1685512348840	1685512348828	-8.696	-4.542	2.547	-0.831	0.402	1.366	0.706	-2.301	2.715	126.975609	37.295597
1685512348847	1685512348840	-8.794	-4.597	2.646	-0.698	0.456	1.299	0.867	-2.677	2.823	126.975609	37.295597
1685512348858	1685512348848	-8.823	-4.786	2.763	-0.538	0.481	1.238	0.922	-2.710	3.019	126.975609	37.295597
1685512348868	1685512348858	-9.091	-4.884	2.878	-0.346	0.502	1.183	0.845	-2.890	3.153	126.975609	37.295597
1685512348878	1685512348869	-9.373	-4.738	2.964	-0.121	0.539	1.115	0.828	-3.148	3.285	126.975609	37.295597
1685512348891	1685512348878	-9.776	-4.714	2.957	0.104	0.575	1.037	0.572	-3.338	3.431	126.975609	37.295597
1685512348900	1685512348891	-10.060	-4.549	2.895	0.291	0.572	0.958	0.302	-3.282	3.551	126.975609	37.295597
1685512348909	1685512348900	-10.226	-4.374	2.696	0.420	0.531	0.881	-0.089	-3.345	3.587	126.975609	37.295597
1685512348930	1685512348909	-10.314	-4.345	2.421	0.473	0.446	0.797	-0.364	-3.268	3.572	126.975609	37.295597
1685512348931	1685512348930	-10.539	-4.408	2.377	0.443	0.335	0.701	-0.522	-3.184	3.426	126.975609	37.295597
1685512348937	1685512348931	-11.126	-4.563	2.545	0.337	0.233	0.593	-0.606	-3.223	3.184	126.975609	37.295597
1685512348947	1685512348937	-11.983	-4.640	2.516	0.188	0.180	0.462	-0.824	-3.349	3.168	126.975609	37.295597
1685512348959	1685512348947	-12.740	-4.580	2.545	0.049	0.189	0.309	-1.408	-3.560	3.354	126.975609	37.295597
1685512348967	1685512348960	-12.665	-4.712	2.622	-0.095	0.165	0.155	-2.263	-3.685	3.345	126.975609	37.295597
1685512348977	1685512348967	-12.246	-5.037	2.665	-0.269	0.031	0.028	-3.017	-3.651	3.388	126.975609	37.295597
