1685512419108	1685512419108	-9.862	-5.227	2.059	-0.844	0.320	0.753	-0.146	-5.138	2.976	126.974785	37.295029
1685512419108	1685512419108	-10.364	-5.370	1.970	-0.709	0.320	0.670	0.022	-5.262	3.000	126.974785	37.295029
1685512419109	1685512419109	-11.334	-5.660	2.140	-0.600	0.347	0.574	-0.089	-5.272	2.832	126.974785	37.295029
1685512419117	1685512419109	-12.447	-5.818	2.102	-0.503	0.412	0.469	-0.594	-5.480	2.770	126.974785	37.295029
1685512419127	1685512419117	-13.317	-5.921	2.150	-0.373	0.483	0.352	-1.568	-5.830	2.974	126.974785	37.295029
1685512419139	1685512419127	-13.649	-6.115	2.349	-0.230	0.484	0.243	-2.686	-6.038	2.974	126.974785	37.295029
1685512419147	1685512419140	-13.044	-6.055	2.598	-0.076	0.411	0.176	-3.560	-6.179	3.069	126.974785	37.295029
1685512419157	1685512419147	-11.598	-5.758	2.557	0.112	0.269	0.151	-3.898	-6.400	3.314	126.974785	37.295029
1685512419167	1685512419158	-10.192	-5.538	2.411	0.301	0.031	0.148	-3.297	-6.361	3.610	126.974785	37.295029
1685512419177	1685512419167	-10.192	-5.538	2.411	0.418	-0.241	0.111	-1.853	-6.074	3.591	126.974785	37.295029
1685512419187	1685512419178	-10.494	-5.677	2.224	0.469	-0.334	-0.026	-0.448	-5.866	3.450	126.974785	37.295029
1685512419199	1685512419187	-10.494	-5.677	2.224	0.525	-0.205	-0.283	-0.445	-5.873	3.426	126.974785	37.295029
1685512419207	1685512419199	-12.110	-5.751	2.239	0.638	-0.002	-0.596	-0.745	-6.005	3.208	126.974785	37.295029
1685512419217	1685512419207	-13.755	-5.600	1.896	0.794	0.092	-0.854	-0.742	-5.971	3.191	126.974785	37.295029
1685512419227	1685512419217	-14.746	-5.298	1.896	0.963	0.005	-1.025	-2.356	-5.976	3.206	126.974785	37.295029
1685512419238	1685512419227	-14.945	-5.298	1.377	0.963	0.005	-1.025	-4.001	-5.741	2.873	126.974785	37.295029
1685512419247	1685512419238	-14.928	-5.260	0.946	1.144	-0.505	-1.262	-4.992	-5.332	2.875	126.974785	37.295029
1685512419258	1685512419247	-14.664	-5.294	0.692	1.144	-0.505	-1.262	-5.191	-5.222	2.356	126.974785	37.295029
1685512419267	1685512419258	-14.542	-4.784	0.543	1.161	-0.706	-1.370	-5.171	-5.035	1.867	126.974785	37.295029
1685512419277	1685512419267	-14.099	-4.413	0.488	1.122	-0.987	-1.552	-4.908	-4.949	1.568	126.974785	37.295029
1685512419287	1685512419277	-13.508	-4.413	0.534	1.122	-0.987	-1.552	-4.786	-4.266	1.329	126.974785	37.295029
1685512419297	1685512419287	-12.783	-4.137	0.563	1.020	-1.155	-1.646	-4.343	-3.768	1.192	126.974785	37.295029
1685512419307	1685512419297	-11.926	-3.989	0.572	0.867	-1.317	-1.767	-3.757	-3.594	1.123	126.974785	37.295029
1685512419319	1685512419307	-11.016	-3.656	0.517	0.695	-1.455	-1.906	-3.038	-3.168	1.041	126.974785	37.295029
1685512419329	1685512419319	-10.190	-3.409	0.591	0.527	-1.559	-2.065	-2.195	-2.828	0.900	126.974777	37.295025
1685512419339	1685512419329	-9.524	-3.237	0.594	0.369	-1.613	-2.242	-1.305	-2.325	0.711	126.974777	37.295025
1685512419347	1685512419339	-9.072	-3.282	0.589	0.071	-1.596	-2.649	-0.512	-1.839	0.594	126.974777	37.295025
1685512419357	1685512419347	-8.835	-3.294	0.529	0.071	-1.596	-2.649	0.120	-1.492	0.467	126.974777	37.295025
1685512419367	1685512419357	-8.825	-3.261	0.426	-0.042	-1.526	-2.861	0.510	-1.233	0.275	126.974777	37.295025
1685512419379	1685512419367	-8.933	-3.349	0.424	-0.114	-1.434	-3.063	0.697	-1.041	0.093	126.974777	37.295025
1685512419387	1685512419379	-8.985	-3.397	0.364	-0.139	-1.349	-3.240	0.620	-0.709	-0.165	126.974777	37.295025
1685512419398	1685512419388	-9.012	-3.436	0.306	-0.115	-1.282	-3.383	0.421	-0.510	-0.299	126.974777	37.295025
1685512419408	1685512419398	-8.916	-3.433	0.189	-0.043	-1.242	-3.481	0.249	-0.225	-0.493	126.974777	37.295025
1685512419418	1685512419409	-8.837	-3.340	0.175	0.068	-1.213	-3.532	0.113	0.014	-0.654	126.974777	37.295025
1685512419430	1685512419418	-8.811	-3.299	0.053	0.206	-1.180	-3.553	0.069	0.333	-0.881	126.974777	37.295025
1685512419441	1685512419431	-8.827	-3.148	-0.045	0.370	-1.145	-3.547	-0.002	0.740	-1.006	126.974777	37.295025
1685512419448	1685512419441	-8.842	-2.978	-0.053	0.724	-1.057	-3.464	-0.134	1.082	-1.233	126.974777	37.295025
1685512419460	1685512419448	-8.823	-2.840	-0.122	0.724	-1.057	-3.464	-0.316	1.513	-1.432	126.974777	37.295025
1685512419469	1685512419460	-8.734	-2.658	-0.182	0.880	-1.020	-3.387	-0.529	1.994	-1.566	126.974777	37.295025
1685512419478	1685512419469	-8.708	-2.605	-0.148	0.987	-1.009	-3.278	-0.637	2.318	-1.707	126.974777	37.295025
1685512419490	1685512419478	-8.543	-2.531	-0.067	1.042	-0.998	-3.142	-0.711	2.720	-1.867	126.974777	37.295025
1685512419500	1685512419490	-8.638	-2.485	-0.103	1.058	-0.979	-2.986	-0.843	2.969	-1.932	126.974777	37.295025
1685512419508	1685512419500	-8.701	-2.377	-0.199	1.049	-0.957	-2.814	-0.828	3.218	-1.951	126.974777	37.295025
1685512419521	1685512419508	-8.720	-2.260	-0.330	1.014	-0.932	-2.622	-1.068	3.419	-2.083	126.974777	37.295025
1685512419529	1685512419521	-8.693	-2.191	-0.376	0.942	-0.922	-2.413	-1.288	3.689	-2.294	126.974777	37.295025
1685512419542	1685512419529	-8.732	-2.150	-0.304	0.826	-0.913	-2.193	-1.427	3.917	-2.512	126.974777	37.295025
1685512419550	1685512419542	-8.813	-2.207	-0.345	0.514	-0.848	-1.737	-1.530	4.101	-2.653	126.974777	37.295025
1685512419559	1685512419550	-8.796	-2.219	-0.393	0.514	-0.848	-1.737	-1.688	4.245	-2.672	126.974777	37.295025
1685512419568	1685512419559	-8.732	-2.289	-0.436	0.356	-0.808	-1.506	-1.877	4.276	-2.789	126.974777	37.295025
1685512419578	1685512419568	-8.602	-2.263	-0.472	0.210	-0.768	-1.268	-1.944	4.331	-2.895	126.974777	37.295025
1685512419590	1685512419578	-8.315	-2.143	-0.548	0.078	-0.732	-1.029	-1.975	4.336	-3.002	126.974777	37.295025
1685512419598	1685512419590	-7.999	-2.172	-0.517	-0.044	-0.698	-0.795	-1.903	4.405	-3.074	126.974777	37.295025
1685512419608	1685512419598	-7.875	-2.176	-0.503	-0.160	-0.651	-0.574	-1.671	4.568	-3.184	126.974777	37.295025
1685512419620	1685512419608	-8.150	-2.361	-0.543	-0.264	-0.563	-0.381	-1.398	4.571	-3.177	126.974777	37.295025
1685512419629	1685512419620	-8.708	-2.576	-0.381	-0.335	-0.428	-0.213	-1.310	4.594	-3.182	126.974777	37.295025
1685512419641	1685512419629	-9.601	-2.717	-0.357	-0.368	-0.244	-0.044	-1.626	4.441	-3.242	126.974777	37.295025
1685512419650	1685512419642	-10.499	-2.952	-0.364	-0.324	0.167	0.387	-2.212	4.252	-3.086	126.974777	37.295025
1685512419658	1685512419650	-11.274	-3.280	-0.316	-0.324	0.167	0.387	-3.115	4.120	-3.053	126.974777	37.295025
1685512419668	1685512419658	-11.471	-3.455	-0.172	-0.254	0.346	0.682	-3.953	3.850	-3.007	126.974777	37.295025
1685512419681	1685512419668	-10.819	-3.610	0.113	-0.173	0.464	1.031	-4.700	3.508	-2.931	126.974777	37.295025
1685512419688	1685512419681	-9.706	-3.584	0.381	-0.097	0.507	1.414	-4.841	3.292	-2.746	126.974777	37.295025
1685512419701	1685512419688	-8.882	-3.656	0.551	-0.032	0.516	1.773	-4.108	3.074	-2.418	126.974777	37.295025
1685512419708	1685512419701	-8.801	-3.831	0.917	0.027	0.594	2.055	-2.878	2.998	-2.105	126.974777	37.295025
1685512419718	1685512419708	-9.390	-4.142	1.252	0.081	0.805	2.225	-1.939	2.816	-1.901	126.974777	37.295025
1685512419730	1685512419718	-10.568	-4.305	1.525	0.170	1.100	2.293	-1.712	2.497	-1.494	126.974777	37.295025
1685512419740	1685512419730	-11.808	-4.451	1.829	0.345	1.423	2.305	-2.143	2.023	-1.106	126.974777	37.295025
1685512419748	1685512419741	-12.716	-4.633	2.076	0.920	1.972	2.409	-3.156	1.688	-0.764	126.974777	37.295025
1685512419758	1685512419748	-13.168	-4.539	2.107	0.920	1.972	2.409	-4.228	1.362	-0.373	126.974777	37.295025
1685512419768	1685512419758	-13.125	-4.355	2.052	1.257	2.099	2.531	-4.920	0.934	-0.007	126.974777	37.295025
1685512419778	1685512419768	-12.737	-4.266	1.923	1.571	2.136	2.678	-5.236	0.860	0.105	126.974777	37.295025
1685512419788	1685512419779	-12.318	-4.080	1.580	1.817	2.125	2.809	-5.018	0.816	0.153	126.974777	37.295025
1685512419800	1685512419788	-11.890	-3.915	1.410	1.972	2.098	2.897	-4.456	0.656	0.120	126.974777	37.295025
1685512419808	1685512419800	-11.425	-3.807	1.307	2.034	2.064	2.932	-3.864	0.577	-0.132	126.974777	37.295025
1685512419818	1685512419808	-10.910	-3.584	1.401	2.023	2.021	2.922	-3.268	0.462	-0.211	126.974777	37.295025
1685512419828	1685512419819	-10.214	-3.206	1.554	1.960	1.943	2.877	-2.634	0.254	-0.211	126.974777	37.295025
1685512419839	1685512419828	-9.627	-2.722	1.726	1.859	1.844	2.804	-1.987	0.215	-0.026	126.974777	37.295025
1685512419848	1685512419840	-9.024	-2.315	2.002	1.522	1.625	2.566	-1.159	0.309	0.227	126.974777	37.295025
1685512419859	1685512419848	-8.545	-1.915	2.186	1.522	1.625	2.566	-0.453	0.515	0.505	126.974777	37.295025
1685512419868	1685512419860	-8.073	-1.686	2.255	1.273	1.515	2.395	0.256	0.642	0.893	126.974777	37.295025
1685512419879	1685512419869	-7.693	-1.690	2.411	0.998	1.434	2.203	0.816	0.812	1.176	126.974777	37.295025
1685512419888	1685512419879	-7.427	-1.518	2.610	0.690	1.361	2.013	1.379	0.757	1.377	126.974777	37.295025
1685512419898	1685512419889	-7.333	-1.575	2.682	0.362	1.300	1.823	1.810	0.577	1.621	126.974777	37.295025
1685512419909	1685512419899	-7.417	-1.676	2.665	-0.001	1.244	1.633	2.131	0.553	1.935	126.974777	37.295025
1685512419919	1685512419909	-7.515	-1.882	2.653	-0.364	1.200	1.466	2.267	0.318	2.124	126.974777	37.295025
1685512419928	1685512419920	-7.649	-2.227	2.571	-0.713	1.139	1.333	2.219	0.060	2.227	126.974777	37.295025
1685512419940	1685512419929	-7.592	-2.267	2.370	-0.997	1.067	1.244	2.150	-0.283	2.337	126.974777	37.295025
1685512419949	1685512419940	-7.496	-2.401	2.212	-1.409	0.819	1.148	2.045	-0.781	2.401	126.974777	37.295025
1685512419959	1685512419950	-7.496	-2.641	2.081	-1.409	0.819	1.148	2.116	-0.917	2.294	126.974777	37.295025
1685512419968	1685512419959	-7.585	-2.830	2.234	-1.591	0.699	1.126	2.229	-1.173	2.229	126.974777	37.295025
1685512419981	1685512419968	-7.724	-3.017	2.447	-1.712	0.640	1.114	2.241	-1.504	2.176	126.974777	37.295025
1685512419989	1685512419981	-7.901	-3.206	2.739	-1.770	0.613	1.115	2.164	-1.815	2.423	126.974777	37.295025
1685512419999	1685512419989	-7.853	-3.448	3.074	-1.753	0.595	1.140	2.033	-2.105	2.705	126.974777	37.295025
1685512420010	1685512420000	-7.657	-3.670	3.347	-1.685	0.583	1.174	1.865	-2.430	3.089	126.974777	37.295025
1685512420019	1685512420010	-7.482	-3.821	3.534	-1.577	0.572	1.212	1.918	-2.777	3.488	126.974777	37.295025
1685512420030	1685512420019	-7.389	-3.970	3.613	-1.433	0.567	1.247	2.119	-3.124	3.828	126.974777	37.295025
1685512420043	1685512420031	-7.458	-4.168	3.663	-1.249	0.593	1.284	2.296	-3.400	4.077	126.974777	37.295025
1685512420051	1685512420043	-7.824	-4.245	3.735	-0.742	0.742	1.371	2.392	-3.666	4.202	126.974777	37.295025
1685512420061	1685512420051	-8.339	-4.317	3.771	-0.742	0.742	1.371	2.322	-3.982	4.295	126.974777	37.295025
1685512420071	1685512420061	-8.875	-4.269	3.898	-0.436	0.842	1.418	1.954	-4.204	4.434	126.974777	37.295025
1685512420082	1685512420072	-9.285	-4.401	3.819	-0.149	0.891	1.461	1.437	-4.360	4.499	126.974777	37.295025
1685512420092	1685512420083	-9.570	-4.413	3.747	0.095	0.876	1.488	0.895	-4.417	4.669	126.974777	37.295025
1685512420104	1685512420092	-9.900	-4.369	3.577	0.316	0.839	1.500	0.481	-4.640	4.623	126.974777	37.295025
1685512420110	1685512420104	-10.063	-4.154	3.206	0.485	0.787	1.489	0.192	-4.745	4.585	126.974777	37.295025
1685512420121	1685512420111	-10.163	-3.955	2.595	0.573	0.705	1.459	-0.151	-4.843	4.496	126.974777	37.295025
1685512420130	1685512420122	-10.338	-3.926	2.148	0.538	0.594	1.388	-0.330	-4.784	4.214	126.974777	37.295025
1685512420141	1685512420130	-10.810	-4.128	2.064	0.368	0.451	1.273	-0.448	-4.707	3.668	126.974777	37.295025
1685512420149	1685512420142	-11.746	-4.492	2.241	-0.134	0.315	0.924	-0.639	-4.808	3.282	126.974777	37.295025
1685512420160	1685512420150	-12.807	-4.645	2.387	-0.134	0.315	0.924	-1.128	-5.128	3.247	126.974777	37.295025
1685512420169	1685512420161	-13.209	-4.901	2.483	-0.301	0.337	0.707	-2.081	-5.590	3.455	126.974777	37.295025
1685512420179	1685512420169	-13.087	-5.145	2.844	-0.429	0.263	0.474	-3.153	-5.827	3.627	126.974777	37.295025
1685512420189	1685512420180	-12.354	-5.279	3.103	-0.512	0.077	0.238	-3.570	-6.163	3.754	126.974777	37.295025
1685512420199	1685512420189	-11.535	-5.246	3.158	-0.517	-0.150	0.012	-3.457	-6.452	4.135	126.974777	37.295025
1685512420209	1685512420199	-11.329	-5.227	3.110	-0.397	-0.347	-0.200	-2.727	-6.615	4.393	126.974777	37.295025
1685512420220	1685512420209	-11.904	-5.169	2.897	-0.195	-0.432	-0.414	-1.908	-6.591	4.427	126.974777	37.295025
1685512420229	1685512420220	-12.955	-5.339	2.634	0.037	-0.381	-0.641	-1.695	-6.558	4.341	126.974777	37.295025
1685512420240	1685512420229	-13.932	-5.468	2.248	0.263	-0.299	-0.871	-2.258	-6.462	4.082	126.974777	37.295025
1685512420249	1685512420240	-15.055	-5.456	1.803	0.715	-0.380	-1.264	-3.297	-6.563	3.778	126.974777	37.295025
1685512420259	1685512420249	-16.065	-5.126	1.384	0.715	-0.380	-1.264	-4.262	-6.615	3.371	126.974777	37.295025
1685512420269	1685512420259	-16.707	-4.894	0.917	0.938	-0.473	-1.410	-5.365	-6.460	2.892	126.974777	37.295025
1685512420280	1685512420269	-16.755	-4.657	0.488	1.071	-0.646	-1.515	-6.361	-6.012	2.447	126.974777	37.295025
1685512420292	1685512420280	-16.436	-4.429	0.184	1.098	-0.882	-1.577	-6.986	-5.631	1.942	126.974770	37.295029
1685512420300	1685512420292	-15.871	-4.180	0.103	1.059	-1.129	-1.615	-7.017	-5.236	1.456	126.974770	37.295029
1685512420309	1685512420300	-14.995	-3.680	0.101	0.979	-1.362	-1.664	-6.682	-4.829	1.063	126.974770	37.295029
1685512420319	1685512420309	-13.946	-3.409	0.120	0.842	-1.604	-1.746	-6.103	-4.429	0.886	126.974770	37.295029
1685512420329	1685512420319	-12.967	-3.225	0.256	0.624	-1.847	-1.868	-5.215	-3.759	0.752	126.974770	37.295029
1685512420342	1685512420329	-12.026	-3.012	0.412	0.371	-2.010	-2.023	-4.156	-3.314	0.615	126.974770	37.295029
1685512420349	1685512420342	-11.167	-2.828	0.510	-0.169	-2.160	-2.434	-3.172	-2.942	0.570	126.974770	37.295029
1685512420359	1685512420349	-10.266	-2.643	0.654	-0.169	-2.160	-2.434	-2.236	-2.531	0.527	126.974770	37.295029
1685512420370	1685512420359	-9.438	-2.636	0.654	-0.435	-2.197	-2.665	-1.393	-2.061	0.371	126.974770	37.295029
1685512420379	1685512420370	-8.861	-2.698	0.658	-0.679	-2.206	-2.904	-0.515	-1.686	0.347	126.974770	37.295029
1685512420389	1685512420379	-8.578	-2.686	0.582	-0.886	-2.171	-3.152	0.275	-1.417	0.139	126.974770	37.295029
1685512420400	1685512420389	-8.468	-2.851	0.484	-1.042	-2.067	-3.407	0.800	-1.195	-0.057	126.974770	37.295029
1685512420409	1685512420400	-8.655	-2.926	0.362	-1.125	-1.900	-3.655	1.010	-0.871	-0.330	126.974770	37.295029
1685512420419	1685512420409	-8.787	-2.931	0.314	-1.145	-1.726	-3.872	1.034	-0.702	-0.603	126.974770	37.295029
1685512420430	1685512420420	-8.899	-3.120	0.165	-1.113	-1.596	-4.041	0.728	-0.381	-0.895	126.974770	37.295029
1685512420443	1685512420430	-9.064	-3.148	0.117	-1.019	-1.483	-4.154	0.481	-0.048	-1.061	126.974770	37.295029
1685512420451	1685512420443	-9.000	-3.196	0.103	-0.650	-1.283	-4.233	0.220	0.148	-1.322	126.974770	37.295029
1685512420462	1685512420451	-8.954	-3.203	0.057	-0.650	-1.283	-4.233	-0.108	0.512	-1.468	126.974770	37.295029
1685512420471	1685512420462	-8.945	-3.170	0.158	-0.387	-1.192	-4.203	-0.247	0.888	-1.580	126.974770	37.295029
1685512420482	1685512420471	-8.854	-3.055	0.237	-0.098	-1.109	-4.120	-0.373	1.207	-1.686	126.974770	37.295029
1685512420493	1685512420482	-8.899	-2.895	0.299	0.193	-1.032	-3.995	-0.584	1.618	-1.657	126.974770	37.295029
1685512420503	1685512420493	-8.918	-2.722	0.271	0.467	-0.969	-3.839	-0.673	2.014	-1.635	126.974770	37.295029
1685512420514	1685512420505	-8.959	-2.612	0.266	0.702	-0.916	-3.658	-0.919	2.459	-1.640	126.974770	37.295029
1685512420525	1685512420514	-8.880	-2.430	0.084	0.871	-0.885	-3.453	-1.135	2.887	-1.743	126.974770	37.295029
1685512420532	1685512420525	-8.686	-2.148	0.041	0.966	-0.877	-3.224	-1.362	3.220	-1.827	126.974770	37.295029
1685512420546	1685512420532	-8.509	-2.002	0.055	0.997	-0.883	-2.981	-1.460	3.596	-2.097	126.974770	37.295029
1685512420553	1685512420547	-8.305	-1.896	0.091	0.903	-0.854	-2.456	-1.475	4.087	-2.255	126.974770	37.295029
1685512420563	1685512420554	-8.250	-1.832	0.242	0.903	-0.854	-2.456	-1.410	4.334	-2.308	126.974770	37.295029
1685512420583	1685512420564	-8.047	-1.958	0.338	0.800	-0.797	-2.200	-1.372	4.578	-2.385	126.974770	37.295029
1685512420583	1685512420583	-8.066	-1.729	0.249	0.696	-0.727	-1.958	-1.420	4.724	-2.303	126.974770	37.295029
1685512420599	1685512420584	-7.985	-1.614	0.172	0.591	-0.659	-1.715	-1.365	4.709	-2.308	126.974770	37.295029
1685512420603	1685512420602	-7.889	-1.568	0.103	0.470	-0.593	-1.470	-1.494	5.021	-2.468	126.974770	37.295029
1685512420612	1685512420603	-7.784	-1.405	-0.026	0.335	-0.518	-1.223	-1.556	5.236	-2.636	126.974770	37.295029
1685512420624	1685512420612	-7.530	-1.324	-0.208	0.186	-0.448	-0.969	-1.554	5.344	-2.761	126.974770	37.295029
1685512420634	1685512420624	-7.582	-1.465	-0.256	0.018	-0.389	-0.704	-1.559	5.581	-2.952	126.974770	37.295029
1685512420644	1685512420634	-7.961	-1.563	-0.187	-0.153	-0.288	-0.435	-1.379	5.713	-3.170	126.974770	37.295029
1685512420651	1685512420644	-8.564	-1.784	-0.038	-0.307	-0.137	-0.171	-1.499	5.617	-3.247	126.974770	37.295029
1685512420662	1685512420653	-9.112	-2.193	0.069	-0.417	0.056	0.105	-1.913	5.547	-3.182	126.974770	37.295029
1685512420672	1685512420662	-9.685	-2.349	0.237	-0.484	0.246	0.414	-2.538	5.353	-3.017	126.974770	37.295029
1685512420682	1685512420673	-9.754	-2.540	0.354	-0.528	0.396	0.757	-3.079	4.946	-2.885	126.974770	37.295029
1685512420694	1685512420683	-9.517	-2.624	0.613	-0.558	0.513	1.122	-3.610	4.779	-2.662	126.974770	37.295029
1685512420705	1685512420694	-9.088	-2.684	0.761	-0.575	0.602	1.493	-3.622	4.559	-2.490	126.974770	37.295029
1685512420714	1685512420705	-8.789	-2.837	0.939	-0.585	0.679	1.839	-3.282	4.417	-2.152	126.974770	37.295029
1685512420726	1685512420714	-8.945	-2.859	0.946	-0.594	0.786	2.131	-2.744	4.286	-1.935	126.974770	37.295029
1685512420734	1685512420727	-9.685	-2.921	0.960	-0.599	0.951	2.351	-2.270	4.010	-1.657	126.974770	37.295029
1685512420745	1685512420734	-10.736	-2.995	1.034	-0.577	1.163	2.508	-2.294	3.888	-1.575	126.974770	37.295029
1685512420755	1685512420745	-11.856	-3.199	1.312	-0.500	1.392	2.640	-2.796	3.632	-1.429	126.974770	37.295029
1685512420766	1685512420755	-12.910	-3.402	1.477	-0.368	1.594	2.787	-3.630	3.369	-1.228	126.974770	37.295029
1685512420774	1685512420766	-13.755	-3.452	1.614	-0.181	1.750	2.953	-4.465	2.897	-0.769	126.974770	37.295029
1685512420792	1685512420774	-14.281	-3.417	1.642	0.046	1.841	3.129	-5.361	2.533	-0.491	126.974770	37.295029
1685512420811	1685512420792	-14.368	-3.455	1.753	0.263	1.861	3.304	-5.959	2.215	-0.180	126.974770	37.295029
1685512420812	1685512420812	-14.310	-3.479	1.616	0.425	1.808	3.486	-6.323	2.052	-0.038	126.974770	37.295029
1685512420812	1685512420812	-13.872	-3.328	1.664	0.513	1.730	3.655	-6.182	1.714	0.220	126.974770	37.295029
1685512420822	1685512420812	-13.233	-3.247	1.623	0.522	1.637	3.776	-5.942	1.427	0.199	126.974770	37.295029
1685512420831	1685512420824	-12.373	-3.122	1.719	0.443	1.533	3.829	-5.289	1.228	0.383	126.974770	37.295029
1685512420842	1685512420832	-11.454	-3.033	2.028	0.274	1.423	3.823	-4.480	1.010	0.448	126.974770	37.295029
1685512420850	1685512420843	-10.575	-3.043	2.176	0.026	1.328	3.763	-3.414	0.721	0.685	126.974770	37.295029
1685512420860	1685512420851	-9.802	-2.971	2.444	-0.260	1.261	3.654	-2.356	0.496	1.101	126.974770	37.295029
1685512420870	1685512420861	-9.210	-3.115	2.602	-0.555	1.213	3.505	-1.326	0.108	1.384	126.974770	37.295029
1685512420882	1685512420870	-9.014	-3.201	2.801	-0.804	1.202	3.328	-0.445	-0.124	1.765	126.974770	37.295029
1685512420891	1685512420883	-8.842	-3.213	2.629	-0.992	1.213	3.141	0.247	-0.594	2.052	126.974770	37.295029
1685512420901	1685512420891	-8.643	-3.431	2.555	-1.148	1.189	2.953	0.527	-0.991	2.382	126.974770	37.295029
1685512420910	1685512420901	-8.509	-3.553	2.435	-1.282	1.112	2.777	0.776	-1.331	2.361	126.974770	37.295029
1685512420920	1685512420910	-8.310	-3.713	2.207	-1.352	1.049	2.630	1.022	-1.803	2.409	126.974770	37.295029
1685512420931	1685512420920	-8.234	-3.783	2.023	-1.394	0.951	2.497	1.199	-2.193	2.416	126.974770	37.295029
1685512420943	1685512420931	-8.200	-3.931	1.932	-1.420	0.833	2.379	1.429	-2.610	2.306	126.974770	37.295029
1685512420953	1685512420943	-8.373	-4.085	1.798	-1.427	0.744	2.276	1.530	-2.926	2.229	126.974770	37.295029
1685512420962	1685512420953	-8.547	-4.080	1.666	-1.415	0.673	2.171	1.578	-3.311	2.229	126.974770	37.295029
1685512420971	1685512420963	-8.808	-4.195	1.506	-1.425	0.591	2.062	1.415	-3.737	2.191	126.974770	37.295029
1685512420981	1685512420971	-8.918	-4.202	1.463	-1.455	0.507	1.952	1.243	-3.874	2.090	126.974770	37.295029
1685512420994	1685512420981	-9.110	-4.171	1.384	-1.510	0.426	1.846	0.984	-4.159	1.963	126.974770	37.295029
1685512421004	1685512420994	-9.136	-4.460	1.480	-1.588	0.343	1.746	0.871	-4.324	1.944	126.974770	37.295029
1685512421012	1685512421004	-9.009	-4.532	1.506	-1.663	0.274	1.657	0.675	-4.439	1.879	126.974770	37.295029
1685512421023	1685512421012	-8.959	-4.647	1.518	-1.713	0.225	1.586	0.644	-4.867	1.980	126.974770	37.295029
1685512421032	1685512421023	-8.837	-4.671	1.391	-1.743	0.186	1.526	0.764	-5.088	2.009	126.974770	37.295029
1685512421043	1685512421032	-8.940	-4.855	1.401	-1.763	0.154	1.465	0.807	-5.315	2.014	126.974770	37.295029
1685512421052	1685512421043	-9.009	-5.064	1.389	-1.772	0.144	1.393	0.922	-5.461	1.877	126.974770	37.295029
1685512421064	1685512421052	-9.416	-5.310	1.324	-1.759	0.161	1.313	0.809	-5.763	1.872	126.974770	37.295029
1685512421072	1685512421064	-9.807	-5.574	1.499	-1.720	0.200	1.233	0.728	-6.096	1.844	126.974770	37.295029
1685512421084	1685512421073	-10.008	-5.729	1.463	-1.641	0.238	1.159	0.311	-6.436	1.767	126.974770	37.295029
1685512421094	1685512421085	-10.034	-5.911	1.623	-1.510	0.257	1.098	-0.091	-6.821	1.932	126.974770	37.295029
1685512421100	1685512421094	-9.802	-6.093	1.695	-1.328	0.249	1.054	-0.306	-7.080	1.896	126.974770	37.295029
1685512421111	1685512421100	-9.589	-6.232	1.597	-1.103	0.213	1.023	-0.350	-7.374	2.061	126.974770	37.295029
1685512421122	1685512421112	-9.603	-6.316	1.630	-0.849	0.189	0.976	-0.134	-7.664	2.138	126.974770	37.295029
1685512421137	1685512421123	-9.783	-6.215	1.353	-0.590	0.199	0.894	0.060	-7.906	2.042	126.974770	37.295029
1685512421142	1685512421137	-10.695	-6.404	1.365	-0.371	0.232	0.772	0.026	-8.088	2.078	126.974770	37.295029
1685512421150	1685512421143	-11.849	-6.673	1.403	-0.211	0.283	0.615	-0.170	-8.085	1.810	126.974770	37.295029
1685512421160	1685512421150	-13.072	-6.807	1.381	-0.099	0.365	0.419	-1.097	-8.341	1.836	126.974770	37.295029
1685512421170	1685512421160	-13.951	-6.867	1.630	-0.004	0.435	0.189	-2.265	-8.677	1.899	126.974770	37.295029
1685512421182	1685512421170	-13.860	-6.821	1.879	0.093	0.434	-0.026	-3.498	-8.847	1.908	126.974770	37.295029
1685512421190	1685512421183	-12.598	-6.620	2.102	0.208	0.351	-0.176	-4.384	-8.926	2.198	126.974770	37.295029
1685512421200	1685512421190	-10.843	-6.021	1.982	0.357	0.183	-0.270	-4.295	-8.878	2.490	126.974770	37.295029
1685512421210	1685512421200	-9.555	-5.612	1.915	0.508	-0.066	-0.365	-3.031	-8.655	2.756	126.974770	37.295029
1685512421220	1685512421210	-9.392	-5.631	1.860	0.588	-0.272	-0.539	-1.271	-8.033	2.658	126.974770	37.295029
1685512421229	1685512421220	-10.590	-5.780	1.875	0.594	-0.277	-0.838	0.022	-7.585	2.595	126.974770	37.295029
1685512421242	1685512421230	-12.493	-5.906	1.970	0.595	-0.086	-1.252	0.199	-7.547	2.526	126.974770	37.295029
1685512421250	1685512421242	-14.394	-6.021	1.834	0.649	0.148	-1.670	-0.979	-7.611	2.523	126.974770	37.295029
1685512421260	1685512421250	-15.438	-5.866	1.463	0.756	0.226	-1.969	-2.861	-7.614	2.622	126.974770	37.295029
1685512421270	1685512421260	-15.907	-5.610	0.953	0.922	0.133	-2.118	-4.731	-7.530	2.514	126.974770	37.295029
1685512421280	1685512421270	-15.720	-5.509	0.431	1.092	-0.071	-2.166	-5.756	-7.219	2.169	126.974770	37.295029
1685512421290	1685512421280	-15.459	-5.344	0.132	1.207	-0.315	-2.184	-6.199	-6.749	1.683	126.974770	37.295029
1685512421315	1685512421290	-15.170	-5.222	-0.012	1.293	-0.505	-2.215	-5.990	-6.431	1.166	126.974762	37.295025
1685512421315	1685512421315	-14.710	-4.784	0.060	1.351	-0.628	-2.263	-5.708	-6.043	0.845	126.974762	37.295025
1685512421325	1685512421315	-14.186	-4.310	-0.017	1.356	-0.740	-2.330	-5.401	-5.696	0.661	126.974762	37.295025
1685512421330	1685512421325	-13.273	-4.073	0.110	1.291	-0.854	-2.401	-4.930	-5.004	0.670	126.974762	37.295025
1685512421341	1685512421330	-12.356	-3.795	0.141	1.169	-0.964	-2.478	-4.398	-4.319	0.529	126.974762	37.295025
1685512421351	1685512421341	-11.516	-3.548	0.235	1.015	-1.045	-2.585	-3.484	-3.840	0.572	126.974762	37.295025
1685512421361	1685512421351	-10.700	-3.318	0.194	0.844	-1.087	-2.726	-2.571	-3.314	0.503	126.974762	37.295025
1685512421370	1685512421362	-10.084	-3.273	0.235	0.665	-1.093	-2.885	-1.745	-2.787	0.479	126.974762	37.295025
1685512421380	1685512421370	-9.627	-3.323	0.227	0.497	-1.073	-3.047	-0.948	-2.315	0.335	126.974762	37.295025
1685512421390	1685512421381	-9.357	-3.373	0.340	0.367	-1.031	-3.214	-0.369	-1.961	0.249	126.974762	37.295025
1685512421401	1685512421390	-9.278	-3.223	0.294	0.281	-0.962	-3.392	0.045	-1.745	0.144	126.974762	37.295025
1685512421410	1685512421401	-9.330	-3.402	0.294	0.231	-0.881	-3.558	0.261	-1.484	0.148	126.974762	37.295025
1685512421422	1685512421411	-9.210	-3.457	0.297	0.222	-0.814	-3.690	0.268	-1.010	0.007	126.974762	37.295025
1685512421431	1685512421422	-9.191	-3.438	0.239	0.274	-0.762	-3.776	0.127	-0.852	-0.081	126.974762	37.295025
1685512421443	1685512421431	-9.045	-3.342	0.237	0.397	-0.727	-3.822	0.144	-0.560	-0.160	126.974762	37.295025
1685512421452	1685512421443	-8.906	-3.256	0.208	0.583	-0.690	-3.826	0.029	-0.158	-0.306	126.974762	37.295025
1685512421462	1685512421452	-8.854	-3.100	0.148	0.808	-0.659	-3.800	0.053	0.249	-0.381	126.974762	37.295025
1685512421472	1685512421462	-8.763	-2.945	0.089	1.036	-0.634	-3.746	0.029	0.711	-0.503	126.974762	37.295025
1685512421484	1685512421472	-8.693	-2.701	0.170	1.256	-0.627	-3.660	-0.062	1.164	-0.644	126.974762	37.295025
1685512421494	1685512421484	-8.669	-2.447	0.139	1.436	-0.635	-3.549	-0.139	1.633	-0.802	126.974762	37.295025
1685512421505	1685512421494	-8.552	-2.255	0.038	1.541	-0.655	-3.421	-0.237	2.160	-0.826	126.974762	37.295025
1685512421515	1685512421505	-8.459	-2.222	0.045	1.571	-0.678	-3.280	-0.397	2.693	-0.979	126.974762	37.295025
1685512421526	1685512421515	-8.272	-2.145	0.017	1.541	-0.700	-3.122	-0.419	3.079	-1.183	126.974762	37.295025
1685512421534	1685512421526	-8.231	-2.064	-0.101	1.475	-0.732	-2.937	-0.472	3.306	-1.290	126.974762	37.295025
1685512421547	1685512421535	-7.999	-2.025	-0.218	1.390	-0.754	-2.731	-0.421	3.548	-1.432	126.974762	37.295025
1685512421554	1685512421547	-7.977	-1.891	-0.206	1.290	-0.767	-2.516	-0.517	3.783	-1.664	126.974762	37.295025
1685512421567	1685512421556	-7.966	-1.829	-0.230	1.158	-0.779	-2.298	-0.424	3.965	-1.899	126.974762	37.295025
1685512421575	1685512421567	-7.982	-1.733	-0.163	0.985	-0.775	-2.074	-0.572	4.269	-2.033	126.974762	37.295025
1685512421592	1685512421575	-7.944	-1.879	-0.141	0.790	-0.762	-1.848	-0.666	4.427	-2.148	126.974762	37.295025
1685512421593	1685512421592	-7.927	-1.781	-0.175	0.588	-0.745	-1.616	-0.814	4.640	-2.191	126.974762	37.295025
1685512421626	1685512421594	-7.860	-1.812	-0.333	0.387	-0.722	-1.379	-0.910	4.609	-2.274	126.974762	37.295025
1685512421626	1685512421626	-7.681	-1.863	-0.441	0.192	-0.695	-1.140	-1.015	4.808	-2.399	126.974762	37.295025
1685512421627	1685512421627	-7.491	-1.769	-0.464	0.010	-0.677	-0.892	-1.056	4.860	-2.631	126.974762	37.295025
1685512421633	1685512421627	-7.530	-1.877	-0.488	-0.162	-0.646	-0.637	-0.989	4.899	-2.811	126.974762	37.295025
1685512421644	1685512421634	-7.925	-1.939	-0.599	-0.308	-0.555	-0.385	-0.860	5.040	-2.873	126.974762	37.295025
1685512421653	1685512421645	-8.763	-2.014	-0.615	-0.424	-0.417	-0.145	-0.958	4.978	-2.928	126.974762	37.295025
1685512421664	1685512421654	-9.720	-2.464	-0.575	-0.530	-0.249	0.104	-1.393	4.946	-3.053	126.974762	37.295025
1685512421672	1685512421665	-10.573	-2.648	-0.582	-0.610	-0.056	0.378	-2.253	4.896	-3.067	126.974762	37.295025
1685512421684	1685512421672	-10.992	-2.753	-0.675	-0.654	0.119	0.683	-3.211	4.451	-3.010	126.974762	37.295025
1685512421694	1685512421684	-11.066	-2.842	-0.618	-0.660	0.239	1.043	-4.034	4.254	-2.969	126.974762	37.295025
1685512421702	1685512421694	-10.525	-2.986	-0.567	-0.639	0.324	1.451	-4.413	4.125	-3.021	126.974762	37.295025
1685512421714	1685512421704	-9.689	-3.055	-0.522	-0.628	0.368	1.845	-4.410	3.984	-2.902	126.974762	37.295025
1685512421725	1685512421714	-9.191	-3.230	-0.261	-0.654	0.401	2.159	-3.764	3.757	-2.787	126.974762	37.295025
1685512421734	1685512421725	-9.433	-3.431	0.086	-0.712	0.501	2.377	-2.796	3.575	-2.674	126.974762	37.295025
1685512421745	1685512421734	-10.221	-3.637	0.534	-0.750	0.695	2.503	-2.148	3.263	-2.342	126.974762	37.295025
1685512421754	1685512421745	-11.351	-3.668	0.843	-0.711	0.932	2.562	-2.193	2.875	-1.896	126.974762	37.295025
1685512421764	1685512421754	-12.531	-3.814	1.149	-0.578	1.190	2.611	-2.847	2.535	-1.372	126.974762	37.295025
1685512421773	1685512421764	-13.417	-3.903	1.209	-0.369	1.438	2.691	-3.771	2.289	-0.927	126.974762	37.295025
1685512421788	1685512421773	-14.059	-4.149	1.219	-0.109	1.619	2.794	-4.803	1.982	-0.515	126.974762	37.295025
1685512421811	1685512421788	-14.071	-4.235	0.989	0.195	1.726	2.913	-5.495	1.669	-0.309	126.974762	37.295025
1685512421812	1685512421811	-13.764	-4.164	0.740	0.528	1.746	3.053	-5.978	1.221	-0.177	126.974762	37.295025
1685512421812	1685512421812	-13.082	-4.027	0.476	0.809	1.698	3.201	-5.780	0.845	-0.249	126.974762	37.295025
1685512421831	1685512421812	-12.582	-3.852	0.273	0.980	1.635	3.317	-5.337	0.709	-0.402	126.974762	37.295025
1685512421831	1685512421831	-12.194	-3.771	0.204	1.026	1.574	3.367	-4.468	0.536	-0.548	126.974762	37.295025
1685512421843	1685512421831	-11.669	-3.587	0.424	0.968	1.541	3.352	-3.819	0.443	-0.663	126.974762	37.295025
1685512421852	1685512421844	-11.025	-3.373	0.788	0.828	1.488	3.297	-3.263	0.187	-0.625	126.974762	37.295025
1685512421862	1685512421852	-10.364	-3.361	1.123	0.648	1.410	3.223	-2.600	0.060	-0.304	126.974762	37.295025
1685512421873	1685512421863	-9.589	-3.218	1.334	0.465	1.329	3.130	-1.805	-0.093	0.187	126.974762	37.295025
1685512421883	1685512421874	-9.005	-2.952	1.597	0.323	1.262	3.013	-1.058	-0.321	0.611	126.974762	37.295025
1685512421892	1685512421883	-8.598	-2.770	1.731	0.187	1.233	2.869	-0.184	-0.474	0.931	126.974762	37.295025
1685512421903	1685512421893	-8.339	-2.931	1.671	0.000	1.232	2.707	0.479	-0.493	1.307	126.974762	37.295025
1685512421912	1685512421904	-8.301	-3.215	1.669	-0.227	1.253	2.544	0.958	-0.584	1.554	126.974762	37.295025
1685512421921	1685512421912	-8.308	-3.433	1.796	-0.432	1.269	2.380	1.271	-1.006	1.611	126.974762	37.295025
1685512421932	1685512421922	-8.404	-3.632	1.829	-0.584	1.257	2.235	1.360	-1.559	1.748	126.974762	37.295025
1685512421942	1685512421933	-8.353	-3.682	1.736	-0.671	1.202	2.134	1.386	-1.985	1.990	126.974762	37.295025
1685512421953	1685512421943	-8.284	-3.596	1.731	-0.700	1.119	2.074	1.317	-2.404	2.155	126.974762	37.295025
1685512421964	1685512421954	-8.219	-3.598	1.523	-0.720	1.029	2.031	1.386	-2.662	2.186	126.974762	37.295025
1685512421972	1685512421965	-8.274	-3.634	1.396	-0.756	0.936	1.973	1.470	-2.804	2.308	126.974762	37.295025
1685512421984	1685512421973	-8.375	-3.694	1.377	-0.819	0.864	1.899	1.539	-2.945	2.162	126.974762	37.295025
1685512421993	1685512421985	-8.578	-3.917	1.566	-0.907	0.800	1.823	1.492	-3.144	2.100	126.974762	37.295025
1685512422002	1685512421993	-8.734	-4.027	1.676	-1.008	0.728	1.756	1.391	-3.314	2.119	126.974762	37.295025
1685512422013	1685512422002	-8.976	-3.917	1.592	-1.091	0.685	1.696	1.190	-3.654	2.344	126.974762	37.295025
1685512422024	1685512422013	-8.973	-3.970	1.686	-1.155	0.639	1.642	1.034	-3.876	2.483	126.974762	37.295025
1685512422033	1685512422024	-8.882	-4.013	1.664	-1.227	0.563	1.600	0.790	-3.871	2.425	126.974762	37.295025
1685512422044	1685512422033	-8.811	-4.061	1.669	-1.306	0.494	1.553	0.790	-4.032	2.543	126.974762	37.295025
1685512422053	1685512422044	-8.808	-4.214	1.642	-1.388	0.434	1.480	0.879	-4.197	2.543	126.974762	37.295025
1685512422064	1685512422053	-8.942	-4.544	1.654	-1.478	0.384	1.404	0.948	-4.334	2.555	126.974762	37.295025
1685512422073	1685512422064	-9.225	-4.609	1.741	-1.553	0.360	1.329	0.946	-4.602	2.535	126.974762	37.295025
1685512422085	1685512422074	-9.773	-4.827	1.851	-1.598	0.386	1.247	0.809	-5.011	2.545	126.974762	37.295025
1685512422095	1685512422086	-10.214	-5.083	1.939	-1.602	0.411	1.158	0.522	-5.167	2.629	126.974762	37.295025
1685512422104	1685512422095	-10.391	-5.234	2.064	-1.560	0.414	1.070	-0.031	-5.478	2.744	126.974762	37.295025
1685512422113	1685512422105	-10.329	-5.488	2.061	-1.481	0.378	0.997	-0.481	-5.842	2.849	126.974762	37.295025
1685512422123	1685512422113	-10.159	-5.428	2.078	-1.365	0.303	0.938	-0.668	-6.088	2.993	126.974762	37.295025
1685512422132	1685512422124	-9.910	-5.473	2.052	-1.216	0.217	0.881	-0.618	-6.452	3.014	126.974762	37.295025
1685512422144	1685512422133	-10.039	-5.413	1.913	-1.052	0.162	0.809	-0.462	-6.498	3.045	126.974762	37.295025
1685512422152	1685512422146	-10.341	-5.392	1.693	-0.903	0.153	0.710	-0.223	-6.639	3.026	126.974762	37.295025
1685512422162	1685512422153	-11.262	-5.638	1.786	-0.792	0.159	0.575	-0.364	-6.668	2.890	126.974762	37.295025
1685512422171	1685512422162	-12.318	-5.885	1.791	-0.716	0.197	0.424	-0.680	-6.740	2.674	126.974762	37.295025
1685512422181	1685512422172	-13.096	-5.808	1.678	-0.639	0.286	0.250	-1.609	-7.037	2.770	126.974762	37.295025
1685512422191	1685512422182	-13.400	-5.811	1.726	-0.541	0.312	0.077	-2.672	-7.331	2.784	126.974762	37.295025
1685512422207	1685512422191	-12.883	-5.952	2.164	-0.456	0.217	-0.034	-3.457	-7.286	2.691	126.974762	37.295025
1685512422211	1685512422207	-11.609	-5.966	2.365	-0.378	0.057	-0.104	-3.766	-7.302	2.761	126.974762	37.295025
1685512422221	1685512422212	-9.967	-5.703	2.217	-0.263	-0.122	-0.181	-3.251	-7.444	3.213	126.974762	37.295025
1685512422231	1685512422222	-9.019	-5.526	2.030	-0.115	-0.340	-0.276	-1.975	-7.451	3.414	126.974762	37.295025
1685512422242	1685512422232	-9.153	-5.437	1.824	0.016	-0.474	-0.426	-0.328	-7.175	3.251	126.974762	37.295025
1685512422251	1685512422242	-10.736	-5.437	1.755	0.115	-0.417	-0.684	0.625	-6.972	3.031	126.974762	37.295025
1685512422262	1685512422251	-12.792	-5.555	1.674	0.197	-0.221	-1.023	0.500	-6.843	2.777	126.974762	37.295025
1685512422271	1685512422263	-14.480	-5.777	1.451	0.296	-0.026	-1.343	-1.065	-6.768	2.667	126.974762	37.295025
1685512422281	1685512422271	-15.632	-5.722	1.001	0.425	0.012	-1.560	-3.110	-6.795	2.569	126.974762	37.295025
1685512422291	1685512422282	-16.003	-5.485	0.539	0.579	-0.111	-1.668	-4.779	-6.871	2.346	126.974762	37.295025
1685512422303	1685512422291	-15.773	-5.140	0.148	0.709	-0.330	-1.698	-5.918	-6.677	1.901	126.974754	37.295017
1685512422311	1685512422303	-15.028	-4.930	-0.115	0.770	-0.606	-1.690	-6.273	-6.273	1.434	126.974754	37.295017
1685512422323	1685512422311	-14.222	-4.788	-0.280	0.722	-0.897	-1.702	-6.029	-5.756	1.015	126.974754	37.295017
1685512422331	1685512422323	-13.482	-4.549	-0.259	0.602	-1.091	-1.779	-5.270	-5.375	0.697	126.974754	37.295017
1685512422342	1685512422331	-12.979	-4.487	-0.218	0.439	-1.180	-1.922	-4.451	-5.061	0.448	126.974754	37.295017
1685512422351	1685512422342	-12.397	-4.252	-0.093	0.272	-1.181	-2.095	-3.699	-4.626	0.352	126.974754	37.295017
1685512422363	1685512422351	-11.739	-4.099	-0.057	0.137	-1.144	-2.277	-3.189	-4.391	0.290	126.974754	37.295017
1685512422372	1685512422363	-11.111	-3.965	0.081	0.039	-1.114	-2.465	-2.607	-3.929	0.285	126.974754	37.295017
1685512422383	1685512422372	-10.594	-3.895	0.163	-0.021	-1.082	-2.661	-1.954	-3.575	0.220	126.974754	37.295017
1685512422393	1685512422384	-10.113	-3.922	0.242	-0.056	-1.030	-2.858	-1.338	-3.201	0.249	126.974754	37.295017
1685512422404	1685512422393	-9.790	-3.934	0.407	-0.051	-0.974	-3.056	-0.845	-2.871	0.225	126.974754	37.295017
1685512422413	1685512422405	-9.673	-3.828	0.505	-0.001	-0.908	-3.249	-0.400	-2.591	0.194	126.974754	37.295017
1685512422424	1685512422414	-9.689	-3.675	0.362	0.094	-0.836	-3.412	-0.117	-2.337	0.275	126.974754	37.295017
1685512422432	1685512422424	-9.776	-3.491	0.103	0.219	-0.778	-3.545	-0.065	-1.887	0.278	126.974754	37.295017
1685512422446	1685512422434	-9.670	-3.340	0.139	0.349	-0.743	-3.646	-0.148	-1.439	0.060	126.974754	37.295017
1685512422454	1685512422446	-9.603	-3.345	0.091	0.468	-0.742	-3.723	-0.330	-0.886	-0.283	126.974754	37.295017
1685512422464	1685512422454	-9.632	-3.273	0.005	0.561	-0.764	-3.775	-0.318	-0.429	-0.318	126.974754	37.295017
1685512422474	1685512422464	-9.550	-3.168	0.067	0.639	-0.787	-3.804	-0.409	0.012	-0.474	126.974754	37.295017
1685512422485	1685512422474	-9.407	-3.010	-0.029	0.716	-0.800	-3.808	-0.534	0.323	-0.625	126.974754	37.295017
1685512422495	1685512422485	-9.275	-2.823	-0.077	0.787	-0.815	-3.782	-0.615	0.800	-0.666	126.974754	37.295017
1685512422506	1685512422496	-9.100	-2.605	-0.050	0.848	-0.836	-3.730	-0.618	1.257	-0.852	126.974754	37.295017
1685512422516	1685512422506	-8.787	-2.480	-0.110	0.885	-0.850	-3.657	-0.680	1.798	-1.018	126.974754	37.295017
1685512422526	1685512422517	-8.600	-2.392	0.000	0.893	-0.859	-3.555	-0.692	2.325	-1.101	126.974754	37.295017
1685512422536	1685512422526	-8.626	-2.310	-0.019	0.892	-0.844	-3.431	-0.589	2.765	-1.286	126.974754	37.295017
1685512422548	1685512422537	-8.638	-2.286	0.045	0.887	-0.799	-3.296	-0.567	3.084	-1.269	126.974754	37.295017
1685512422555	1685512422548	-8.667	-2.222	0.101	0.885	-0.733	-3.146	-0.771	3.393	-1.389	126.974754	37.295017
1685512422566	1685512422556	-8.820	-2.138	0.060	0.887	-0.687	-2.980	-0.948	3.618	-1.415	126.974754	37.295017
1685512422576	1685512422567	-8.569	-2.047	0.022	0.887	-0.641	-2.801	-1.152	3.879	-1.456	126.974754	37.295017
1685512422590	1685512422577	-8.368	-1.920	-0.129	0.885	-0.607	-2.594	-1.427	4.092	-1.561	126.974754	37.295017
1685512422595	1685512422590	-8.126	-1.944	-0.105	0.865	-0.601	-2.360	-1.329	4.338	-1.688	126.974754	37.295017
1685512422623	1685512422595	-8.102	-2.028	0.022	0.825	-0.580	-2.128	-1.240	4.573	-1.906	126.974754	37.295017
1685512422624	1685512422624	-8.061	-2.059	-0.081	0.784	-0.514	-1.903	-1.123	4.662	-1.961	126.974754	37.295017
1685512422625	1685512422624	-8.138	-1.944	-0.141	0.764	-0.439	-1.666	-1.219	4.678	-1.915	126.974754	37.295017
1685512422635	1685512422625	-8.267	-1.954	-0.215	0.753	-0.351	-1.405	-1.290	4.741	-2.095	126.974754	37.295017
1685512422646	1685512422636	-8.291	-1.913	-0.261	0.749	-0.250	-1.128	-1.472	4.937	-2.227	126.974754	37.295017
1685512422656	1685512422646	-8.231	-1.712	-0.388	0.740	-0.159	-0.850	-1.717	5.011	-2.385	126.974754	37.295017
1685512422667	1685512422656	-8.219	-1.647	-0.500	0.702	-0.084	-0.562	-1.817	5.102	-2.492	126.974754	37.295017
1685512422676	1685512422667	-8.566	-1.695	-0.505	0.639	0.004	-0.261	-1.827	5.346	-2.686	126.974754	37.295017
1685512422686	1685512422676	-9.038	-1.944	-0.335	0.563	0.136	0.039	-1.853	5.428	-2.849	126.974754	37.295017
1685512422695	1685512422686	-9.500	-2.174	-0.369	0.475	0.320	0.341	-2.217	5.382	-2.899	126.974754	37.295017
1685512422704	1685512422695	-9.783	-2.363	-0.369	0.376	0.496	0.666	-2.684	5.116	-2.761	126.974754	37.295017
1685512422715	1685512422704	-9.886	-2.629	-0.242	0.271	0.650	1.027	-3.110	4.851	-2.808	126.974754	37.295017
1685512422725	1685512422716	-9.752	-2.772	-0.072	0.183	0.777	1.412	-3.321	4.599	-2.794	126.974754	37.295017
1685512422735	1685512422725	-9.318	-2.971	0.194	0.119	0.888	1.778	-3.304	4.235	-2.626	126.974754	37.295017
1685512422748	1685512422736	-8.914	-3.225	0.448	0.075	0.986	2.087	-3.012	3.958	-2.392	126.974754	37.295017
1685512422755	1685512422748	-9.091	-3.244	0.663	0.070	1.100	2.325	-2.387	3.591	-2.045	126.974754	37.295017
1685512422765	1685512422756	-9.646	-3.299	0.771	0.112	1.250	2.485	-1.774	3.141	-1.695	126.974754	37.295017
1685512422774	1685512422765	-10.700	-3.263	0.876	0.208	1.436	2.575	-1.697	2.868	-1.355	126.974754	37.295017
1685512422788	1685512422775	-11.940	-3.421	1.025	0.345	1.627	2.628	-2.064	2.612	-1.144	126.974754	37.295017
1685512422807	1685512422788	-13.111	-3.603	1.173	0.481	1.784	2.687	-2.892	2.389	-0.907	126.974754	37.295017
1685512422807	1685512422807	-14.068	-3.757	1.243	0.606	1.892	2.772	-3.926	1.978	-0.627	126.974754	37.295017
1685512422823	1685512422808	-14.418	-3.855	1.204	0.724	1.928	2.896	-4.927	1.571	-0.359	126.974754	37.295017
1685512422825	1685512422823	-14.322	-3.768	1.116	0.849	1.889	3.070	-5.717	1.178	-0.165	126.974754	37.295017
1685512422833	1685512422825	-13.798	-3.649	1.058	0.948	1.774	3.262	-5.885	0.800	-0.062	126.974754	37.295017
1685512422844	1685512422834	-13.075	-3.457	1.018	0.960	1.618	3.403	-5.643	0.639	-0.038	126.974754	37.295017
1685512422853	1685512422845	-12.390	-3.342	1.041	0.858	1.473	3.455	-4.961	0.462	0.017	126.974754	37.295017
1685512422863	1685512422854	-11.784	-3.342	1.221	0.648	1.363	3.428	-4.087	0.342	0.081	126.974754	37.295017
1685512422874	1685512422863	-10.894	-3.297	1.290	0.367	1.283	3.352	-3.249	0.103	0.218	126.974754	37.295017
1685512422884	1685512422874	-10.130	-3.330	1.484	0.044	1.207	3.244	-2.533	-0.182	0.491	126.974754	37.295017
1685512422894	1685512422884	-9.280	-3.280	1.604	-0.266	1.137	3.109	-1.523	-0.484	0.680	126.974754	37.295017
1685512422904	1685512422895	-8.590	-3.373	1.755	-0.535	1.092	2.944	-0.673	-0.792	0.977	126.974754	37.295017
1685512422914	1685512422905	-8.186	-3.644	1.946	-0.775	1.057	2.754	0.254	-1.034	1.209	126.974754	37.295017
1685512422925	1685512422915	-7.994	-3.903	2.064	-0.968	1.025	2.550	1.010	-1.408	1.477	126.974754	37.295017
1685512422934	1685512422925	-7.872	-4.111	2.105	-1.084	1.020	2.347	1.468	-1.944	1.784	126.974754	37.295017
1685512422944	1685512422935	-7.903	-4.142	2.052	-1.118	1.014	2.170	1.700	-2.447	2.016	126.974754	37.295017
1685512422954	1685512422945	-7.726	-4.101	1.949	-1.085	0.970	2.035	1.856	-2.907	2.181	126.974754	37.295017
1685512422964	1685512422954	-7.594	-4.216	1.894	-1.009	0.888	1.938	1.846	-3.129	2.229	126.974754	37.295017
1685512422973	1685512422964	-7.580	-4.056	1.824	-0.922	0.793	1.850	2.040	-3.311	2.241	126.974754	37.295017
1685512422986	1685512422973	-7.585	-3.903	1.731	-0.848	0.706	1.754	2.181	-3.598	2.270	126.974754	37.295017
1685512422993	1685512422986	-7.728	-3.915	1.719	-0.798	0.640	1.649	2.203	-3.622	2.284	126.974754	37.295017
1685512423004	1685512422993	-8.042	-3.847	1.654	-0.795	0.597	1.544	2.200	-3.646	2.263	126.974754	37.295017
1685512423014	1685512423004	-8.238	-3.871	1.618	-0.841	0.553	1.438	2.057	-3.785	2.284	126.974754	37.295017
1685512423025	1685512423014	-8.384	-3.922	1.432	-0.907	0.520	1.340	1.743	-3.778	2.229	126.974754	37.295017
1685512423034	1685512423025	-8.543	-3.881	1.312	-0.980	0.489	1.266	1.547	-3.903	2.219	126.974754	37.295017
1685512423047	1685512423035	-8.583	-3.900	1.295	-1.071	0.428	1.200	1.398	-4.017	2.045	126.974754	37.295017
1685512423055	1685512423047	-8.660	-3.943	1.262	-1.177	0.363	1.128	1.238	-4.061	1.942	126.974754	37.295017
1685512423065	1685512423055	-8.677	-4.065	1.290	-1.278	0.323	1.046	1.197	-4.130	1.927	126.974754	37.295017
1685512423074	1685512423065	-8.765	-4.190	1.389	-1.365	0.304	0.965	1.116	-4.262	1.903	126.974754	37.295017
1685512423087	1685512423075	-8.813	-4.367	1.468	-1.431	0.271	0.888	1.099	-4.393	1.920	126.974754	37.295017
1685512423095	1685512423087	-9.088	-4.477	1.477	-1.482	0.248	0.806	1.010	-4.561	2.011	126.974754	37.295017
1685512423105	1685512423095	-9.306	-4.642	1.583	-1.500	0.249	0.723	0.962	-4.750	2.073	126.974754	37.295017
1685512423113	1685512423105	-9.646	-4.767	1.575	-1.473	0.271	0.648	0.687	-4.882	2.069	126.974754	37.295017
1685512423124	1685512423114	-9.991	-4.798	1.616	-1.405	0.297	0.585	0.469	-5.054	2.162	126.974754	37.295017
1685512423133	1685512423124	-10.216	-4.836	1.630	-1.311	0.301	0.531	0.129	-5.207	2.155	126.974754	37.295017
1685512423144	1685512423134	-10.278	-4.879	1.611	-1.205	0.288	0.484	-0.215	-5.258	2.198	126.974754	37.295017
1685512423154	1685512423144	-10.130	-4.877	1.709	-1.097	0.249	0.447	-0.443	-5.329	2.224	126.974754	37.295017
1685512423164	1685512423154	-9.965	-4.930	1.760	-0.994	0.192	0.417	-0.508	-5.416	2.222	126.974754	37.295017
1685512423173	1685512423164	-9.893	-4.932	1.717	-0.908	0.166	0.374	-0.364	-5.468	2.339	126.974754	37.295017
1685512423183	1685512423173	-9.938	-4.855	1.659	-0.837	0.158	0.307	-0.201	-5.564	2.401	126.974754	37.295017
1685512423193	1685512423183	-10.297	-4.951	1.563	-0.779	0.166	0.219	-0.134	-5.614	2.370	126.974754	37.295017
1685512423203	1685512423193	-10.846	-5.028	1.697	-0.744	0.191	0.115	-0.182	-5.569	2.320	126.974754	37.295017
1685512423213	1685512423203	-11.538	-5.097	1.803	-0.723	0.233	-0.002	-0.543	-5.691	2.236	126.974754	37.295017
1685512423224	1685512423213	-11.540	-5.133	1.834	-0.679	0.277	-0.114	-1.094	-5.784	2.382	126.974754	37.295017
1685512423233	1685512423225	-11.308	-5.241	1.942	-0.602	0.260	-0.195	-1.788	-5.859	2.504	126.974754	37.295017
1685512423244	1685512423233	-10.439	-5.246	2.243	-0.509	0.169	-0.230	-1.793	-5.887	2.559	126.974754	37.295017
1685512423253	1685512423244	-9.479	-5.119	2.227	-0.395	0.055	-0.257	-1.561	-5.981	2.689	126.974754	37.295017
1685512423263	1685512423253	-8.689	-5.188	2.140	-0.236	-0.046	-0.312	-0.690	-5.969	3.002	126.974754	37.295017
1685512423273	1685512423263	-8.689	-5.203	1.958	-0.056	-0.123	-0.400	0.268	-5.816	2.988	126.974754	37.295017
1685512423284	1685512423273	-9.809	-5.224	1.879	0.108	-0.123	-0.531	1.061	-5.861	2.897	126.974747	37.295010
1685512423293	1685512423284	-11.746	-5.370	1.908	0.252	-0.007	-0.713	1.065	-5.837	2.703	126.974747	37.295010
1685512423303	1685512423293	-13.566	-5.499	1.729	0.395	0.156	-0.899	-0.050	-5.806	2.612	126.974747	37.295010
1685512423313	1685512423303	-14.827	-5.610	1.432	0.552	0.235	-1.031	-1.982	-5.873	2.641	126.974747	37.295010
1685512423323	1685512423313	-15.524	-5.514	1.178	0.718	0.182	-1.090	-3.800	-5.921	2.478	126.974747	37.295010
1685512423333	1685512423323	-15.467	-5.401	0.898	0.878	0.039	-1.071	-5.061	-5.926	2.205	126.974747	37.295010
1685512423345	1685512423333	-14.894	-5.219	0.625	1.002	-0.155	-1.010	-5.756	-5.717	1.970	126.974747	37.295010
1685512423353	1685512423345	-14.054	-5.124	0.431	1.060	-0.360	-0.965	-5.698	-5.492	1.695	126.974747	37.295010
1685512423364	1685512423354	-13.202	-4.922	0.364	1.048	-0.549	-0.988	-5.124	-5.205	1.408	126.974747	37.295010
1685512423375	1685512423364	-12.529	-4.745	0.309	0.966	-0.690	-1.092	-4.281	-4.985	1.171	126.974747	37.295010
1685512423386	1685512423375	-12.024	-4.590	0.314	0.822	-0.783	-1.255	-3.426	-4.702	1.058	126.974747	37.295010
1685512423396	1685512423386	-11.595	-4.420	0.433	0.649	-0.816	-1.454	-2.751	-4.410	0.934	126.974747	37.295010
1685512423406	1685512423396	-11.164	-4.223	0.421	0.491	-0.811	-1.671	-2.246	-4.128	0.860	126.974747	37.295010
1685512423415	1685512423406	-10.637	-4.008	0.345	0.362	-0.825	-1.894	-1.822	-3.812	0.895	126.974747	37.295010
1685512423425	1685512423415	-10.058	-3.907	0.445	0.252	-0.849	-2.112	-1.398	-3.450	0.800	126.974747	37.295010
1685512423435	1685512423425	-9.589	-3.903	0.493	0.165	-0.863	-2.329	-0.886	-3.031	0.632	126.974747	37.295010
1685512423446	1685512423435	-9.215	-3.816	0.529	0.106	-0.860	-2.546	-0.326	-2.744	0.656	126.974747	37.295010
1685512423456	1685512423446	-9.041	-3.790	0.541	0.090	-0.836	-2.765	0.113	-2.512	0.618	126.974747	37.295010
1685512423466	1685512423456	-8.851	-3.639	0.517	0.116	-0.794	-2.958	0.450	-2.179	0.567	126.974747	37.295010
1685512423475	1685512423467	-8.758	-3.591	0.517	0.177	-0.757	-3.111	0.570	-1.860	0.491	126.974747	37.295010
1685512423486	1685512423475	-8.698	-3.464	0.424	0.264	-0.734	-3.233	0.704	-1.453	0.395	126.974747	37.295010
1685512423496	1685512423487	-8.619	-3.263	0.393	0.358	-0.733	-3.338	0.716	-1.080	0.311	126.974747	37.295010
1685512423506	1685512423496	-8.693	-3.196	0.311	0.457	-0.728	-3.420	0.697	-0.680	0.148	126.974747	37.295010
1685512423517	1685512423507	-8.521	-3.081	0.400	0.563	-0.713	-3.470	0.675	-0.168	0.038	126.974747	37.295010
1685512423529	1685512423517	-8.428	-2.971	0.299	0.676	-0.699	-3.488	0.486	0.211	-0.122	126.974747	37.295010
1685512423538	1685512423530	-8.195	-2.801	0.311	0.784	-0.696	-3.476	0.532	0.639	-0.117	126.974747	37.295010
1685512423549	1685512423538	-8.061	-2.727	0.180	0.878	-0.689	-3.426	0.491	1.051	-0.304	126.974747	37.295010
1685512423557	1685512423549	-7.925	-2.643	0.144	0.953	-0.674	-3.343	0.572	1.528	-0.388	126.974747	37.295010
1685512423568	1685512423557	-7.839	-2.550	0.079	0.999	-0.666	-3.236	0.589	1.820	-0.596	126.974747	37.295010
1685512423577	1685512423569	-7.709	-2.567	0.093	1.020	-0.643	-3.109	0.587	2.140	-0.721	126.974747	37.295010
1685512423595	1685512423577	-7.676	-2.581	0.105	1.034	-0.607	-2.958	0.560	2.418	-0.860	126.974747	37.295010
1685512423596	1685512423596	-7.669	-2.523	0.026	1.045	-0.562	-2.776	0.551	2.610	-0.934	126.974747	37.295010
1685512423607	1685512423597	-7.594	-2.523	-0.120	1.048	-0.519	-2.569	0.443	2.796	-1.015	126.974747	37.295010
1685512423627	1685512423608	-7.527	-2.483	-0.129	1.034	-0.500	-2.351	0.273	3.089	-1.209	126.974747	37.295010
1685512423628	1685512423627	-7.451	-2.456	-0.065	0.999	-0.479	-2.123	0.225	3.239	-1.437	126.974747	37.295010
1685512423637	1685512423628	-7.525	-2.480	-0.014	0.946	-0.454	-1.888	0.132	3.464	-1.556	126.974747	37.295010
1685512423649	1685512423637	-7.831	-2.562	0.005	0.882	-0.412	-1.649	0.089	3.622	-1.578	126.974747	37.295010
1685512423657	1685512423649	-8.049	-2.624	-0.132	0.811	-0.336	-1.420	-0.120	3.737	-1.628	126.974747	37.295010
1685512423668	1685512423667	-8.272	-2.670	-0.146	0.742	-0.263	-1.192	-0.524	3.754	-1.686	126.974747	37.295010
1685512423678	1685512423668	-8.396	-2.519	-0.204	0.666	-0.206	-0.953	-0.869	3.807	-1.923	126.974747	37.295010
1685512423686	1685512423678	-8.246	-2.593	-0.062	0.571	-0.160	-0.710	-1.149	3.812	-1.982	126.974747	37.295010
1685512423697	1685512423688	-8.085	-2.729	0.017	0.454	-0.137	-0.472	-1.346	4.022	-2.105	126.974747	37.295010
1685512423707	1685512423697	-8.308	-2.823	0.005	0.324	-0.115	-0.233	-1.245	3.986	-2.011	126.974747	37.295010
1685512423717	1685512423709	-8.985	-3.041	0.079	0.189	-0.037	-0.007	-1.118	3.874	-1.973	126.974747	37.295010
1685512423727	1685512423717	-9.922	-3.299	0.271	0.066	0.139	0.188	-1.358	3.790	-2.014	126.974747	37.295010
1685512423737	1685512423727	-10.858	-3.610	0.316	-0.032	0.357	0.371	-2.037	3.570	-1.956	126.974747	37.295010
1685512423749	1685512423737	-11.550	-3.982	0.278	-0.082	0.546	0.580	-2.959	3.297	-1.760	126.974747	37.295010
1685512423757	1685512423749	-11.674	-4.403	0.397	-0.088	0.670	0.849	-3.843	2.940	-1.674	126.974747	37.295010
1685512423769	1685512423757	-11.044	-4.851	0.541	-0.062	0.718	1.168	-4.484	2.531	-1.669	126.974747	37.295010
1685512423777	1685512423769	-9.981	-4.657	0.639	-0.001	0.698	1.505	-4.535	2.045	-1.489	126.974747	37.295010
1685512423792	1685512423777	-9.108	-4.343	0.802	0.076	0.612	1.822	-3.826	1.520	-1.295	126.974747	37.295010
1685512423795	1685512423792	-8.995	-3.598	0.869	0.183	0.567	2.088	-2.643	1.595	-1.142	126.974747	37.295010
1685512423832	1685512423796	-9.919	-2.729	1.243	0.365	0.652	2.255	-1.659	1.786	-0.943	126.974747	37.295010
1685512423835	1685512423832	-11.612	-2.504	1.458	0.569	0.880	2.301	-1.410	2.370	-0.843	126.974747	37.295010
1685512423835	1685512423835	-13.297	-2.696	1.614	0.750	1.175	2.232	-2.191	3.062	-0.441	126.974747	37.295010
1685512423854	1685512423835	-14.437	-3.122	1.484	0.852	1.393	2.090	-3.737	3.098	-0.189	126.974747	37.295010
1685512423854	1685512423854	-14.763	-3.438	1.396	0.866	1.444	1.963	-5.282	2.715	0.014	126.974747	37.295010
1685512423856	1685512423854	-14.248	-3.359	1.144	0.847	1.322	1.952	-6.275	2.090	-0.038	126.974747	37.295010
1685512423865	1685512423856	-13.324	-3.086	1.001	0.815	1.130	2.118	-6.491	1.616	-0.060	126.974747	37.295010
1685512423875	1685512423865	-12.335	-2.837	0.905	0.744	0.933	2.373	-5.849	1.504	-0.235	126.974747	37.295010
1685512423886	1685512423875	-11.542	-2.751	0.895	0.575	0.773	2.545	-4.820	1.604	-0.328	126.974747	37.295010
1685512423894	1685512423886	-10.915	-2.828	1.013	0.296	0.687	2.569	-3.709	1.640	-0.378	126.974747	37.295010
1685512423904	1685512423894	-10.364	-2.919	1.293	-0.066	0.666	2.509	-2.796	1.499	-0.345	126.974747	37.295010
1685512423914	1685512423904	-9.562	-2.976	1.475	-0.440	0.657	2.417	-2.042	1.168	-0.175	126.974747	37.295010
1685512423926	1685512423914	-8.756	-2.806	1.657	-0.770	0.622	2.298	-1.396	0.876	0.158	126.974747	37.295010
1685512423936	1685512423926	-8.076	-2.871	1.753	-1.053	0.569	2.160	-0.498	0.606	0.417	126.974747	37.295010
1685512423948	1685512423937	-7.566	-3.057	1.690	-1.289	0.549	2.026	0.393	0.575	0.682	126.974747	37.295010
1685512423955	1685512423948	-7.190	-3.232	1.664	-1.455	0.572	1.901	1.149	0.321	0.864	126.974747	37.295010
1685512423965	1685512423955	-6.946	-3.326	1.437	-1.538	0.601	1.781	1.726	-0.041	0.893	126.974747	37.295010
1685512423976	1685512423965	-6.785	-3.383	1.281	-1.534	0.610	1.677	2.174	-0.414	0.982	126.974747	37.295010
1685512423986	1685512423976	-6.649	-3.294	1.276	-1.459	0.591	1.597	2.461	-0.634	0.833	126.974747	37.295010
1685512423996	1685512423986	-6.428	-3.388	1.389	-1.341	0.558	1.525	2.670	-0.840	0.776	126.974747	37.295010
1685512424007	1685512423996	-6.390	-3.445	1.504	-1.212	0.516	1.460	2.847	-0.898	0.862	126.974747	37.295010
1685512424017	1685512424007	-6.495	-3.620	1.595	-1.081	0.484	1.399	3.105	-1.130	1.058	126.974747	37.295010
1685512424026	1685512424017	-6.802	-3.754	1.633	-0.952	0.498	1.343	3.177	-1.324	1.250	126.974747	37.295010
1685512424036	1685512424026	-7.149	-3.706	1.523	-0.831	0.525	1.297	3.105	-1.645	1.417	126.974747	37.295010
1685512424048	1685512424036	-7.482	-3.656	1.381	-0.733	0.535	1.278	2.823	-1.894	1.513	126.974747	37.295010
1685512424056	1685512424048	-7.728	-3.697	1.109	-0.663	0.527	1.286	2.500	-1.970	1.470	126.974747	37.295010
1685512424067	1685512424056	-7.915	-3.598	1.089	-0.640	0.483	1.317	2.188	-2.042	1.393	126.974747	37.295010
1685512424076	1685512424068	-8.102	-3.687	1.068	-0.666	0.417	1.355	1.963	-2.219	1.188	126.974747	37.295010
1685512424087	1685512424076	-8.186	-3.713	1.137	-0.728	0.351	1.389	1.791	-2.239	1.219	126.974747	37.295010
