1685512223830	1685512223830	-10.690	-5.689	1.063	-1.159	0.448	2.337	-3.783	-12.024	1.956	126.974762	37.295464
1685512223830	1685512223830	-10.695	-5.849	1.228	-1.191	0.440	2.211	-3.840	-12.340	1.966	126.974762	37.295464
1685512223830	1685512223830	-10.681	-6.065	1.389	-1.210	0.451	2.074	-3.960	-12.768	1.918	126.974762	37.295464
1685512223839	1685512223830	-10.654	-6.258	1.618	-1.191	0.467	1.930	-4.111	-13.070	2.033	126.974762	37.295464
1685512223850	1685512223839	-10.508	-6.462	1.642	-1.122	0.475	1.797	-4.250	-13.429	2.136	126.974762	37.295464
1685512223861	1685512223850	-10.496	-6.551	1.662	-1.003	0.476	1.684	-4.372	-13.755	2.306	126.974762	37.295464
1685512223869	1685512223861	-10.568	-6.610	1.607	-0.848	0.486	1.571	-4.365	-14.078	2.274	126.974762	37.295464
1685512223878	1685512223869	-11.102	-6.697	1.432	-0.672	0.513	1.438	-4.484	-14.274	2.246	126.974762	37.295464
1685512223888	1685512223878	-11.648	-6.981	1.377	-0.516	0.531	1.288	-4.705	-14.451	2.148	126.974762	37.295464
1685512223899	1685512223888	-12.261	-7.125	1.355	-0.400	0.538	1.126	-5.332	-14.609	1.954	126.974762	37.295464
1685512223908	1685512223899	-12.550	-7.204	1.271	-0.310	0.535	0.966	-5.983	-14.969	1.887	126.974762	37.295464
1685512223918	1685512223908	-12.613	-7.192	1.199	-0.238	0.489	0.831	-6.689	-15.179	1.865	126.974762	37.295464
1685512223927	1685512223918	-12.213	-7.290	1.279	-0.210	0.362	0.722	-7.061	-15.313	1.786	126.974762	37.295464
1685512223937	1685512223927	-11.468	-7.348	1.551	-0.221	0.205	0.612	-7.192	-15.347	1.721	126.974762	37.295464
1685512223950	1685512223937	-10.369	-7.259	1.690	-0.221	0.082	0.474	-6.859	-15.490	1.803	126.974762	37.295464
1685512223959	1685512223950	-9.062	-7.061	1.628	-0.177	-0.040	0.315	-6.160	-15.577	2.069	126.974762	37.295464
1685512223969	1685512223959	-8.114	-6.826	1.528	-0.108	-0.171	0.148	-5.102	-15.514	2.193	126.974762	37.295464
1685512223980	1685512223970	-7.693	-6.500	1.528	-0.033	-0.257	-0.060	-3.819	-15.335	2.114	126.974762	37.295464
1685512223987	1685512223980	-7.690	-6.460	1.463	0.033	-0.279	-0.340	-2.883	-15.107	1.994	126.974762	37.295464
1685512223998	1685512223987	-8.389	-6.711	1.422	0.111	-0.236	-0.691	-2.456	-14.779	1.980	126.974762	37.295464
1685512224007	1685512223998	-9.615	-6.917	1.343	0.238	-0.110	-1.079	-2.421	-14.720	1.901	126.974762	37.295464
1685512224017	1685512224007	-10.922	-7.049	1.281	0.430	0.060	-1.450	-3.069	-14.937	1.858	126.974762	37.295464
1685512224027	1685512224017	-11.942	-6.993	1.056	0.715	0.184	-1.734	-4.207	-15.083	1.793	126.974762	37.295464
1685512224038	1685512224027	-12.677	-6.711	0.879	1.073	0.209	-1.897	-5.397	-15.134	1.769	126.974762	37.295464
1685512224047	1685512224038	-13.187	-6.481	0.783	1.440	0.156	-1.966	-6.278	-14.978	1.611	126.974762	37.295464
1685512224059	1685512224047	-13.147	-6.397	0.611	1.747	0.050	-1.993	-6.864	-14.581	1.532	126.974762	37.295464
1685512224069	1685512224059	-12.893	-6.165	0.603	1.973	-0.079	-2.018	-7.192	-14.200	1.580	126.974762	37.295464
1685512224078	1685512224069	-12.538	-5.792	0.558	2.147	-0.192	-2.057	-7.029	-14.006	1.518	126.974762	37.295464
1685512224088	1685512224079	-12.194	-5.320	0.426	2.261	-0.314	-2.120	-6.594	-13.601	1.683	126.974762	37.295464
1685512224100	1685512224088	-12.014	-4.812	0.335	2.314	-0.436	-2.222	-6.115	-13.103	1.755	126.974762	37.295464
1685512224107	1685512224100	-11.928	-4.334	0.259	2.283	-0.534	-2.360	-5.598	-12.447	1.779	126.974762	37.295464
1685512224117	1685512224107	-11.961	-4.118	0.136	2.165	-0.615	-2.531	-5.272	-11.777	1.810	126.974762	37.295464
1685512224127	1685512224118	-11.811	-3.893	0.079	1.989	-0.693	-2.716	-4.982	-11.061	1.877	126.974762	37.295464
1685512224138	1685512224127	-11.662	-3.864	0.024	1.774	-0.782	-2.900	-4.872	-10.673	1.834	126.974762	37.295464
1685512224147	1685512224138	-11.519	-3.828	-0.055	1.539	-0.871	-3.075	-4.515	-10.197	1.863	126.974762	37.295464
1685512224160	1685512224147	-11.363	-3.821	-0.055	1.315	-0.946	-3.236	-4.173	-9.922	1.860	126.974762	37.295464
1685512224167	1685512224160	-11.471	-3.771	-0.227	1.124	-0.992	-3.382	-3.833	-9.622	1.805	126.974762	37.295464
1685512224178	1685512224167	-11.475	-3.704	-0.352	0.969	-1.031	-3.505	-3.476	-9.340	1.808	126.974762	37.295464
1685512224188	1685512224178	-11.425	-3.812	-0.429	0.858	-1.067	-3.599	-3.345	-8.940	1.611	126.974762	37.295464
1685512224198	1685512224188	-11.358	-3.737	-0.441	0.801	-1.085	-3.654	-3.194	-8.629	1.458	126.974762	37.295464
1685512224208	1685512224198	-11.248	-3.836	-0.500	0.788	-1.092	-3.676	-2.952	-8.418	1.334	126.974762	37.295464
1685512224219	1685512224208	-11.155	-3.757	-0.582	0.810	-1.091	-3.675	-2.703	-8.018	1.264	126.974762	37.295464
1685512224227	1685512224219	-11.016	-3.687	-0.668	0.856	-1.070	-3.654	-2.425	-7.781	1.140	126.974762	37.295464
1685512224238	1685512224228	-10.860	-3.558	-0.716	0.911	-1.043	-3.613	-2.174	-7.362	0.994	126.974762	37.295464
1685512224249	1685512224238	-10.688	-3.347	-0.795	0.969	-1.019	-3.548	-1.879	-6.914	0.831	126.974777	37.295444
1685512224259	1685512224249	-10.417	-3.268	-0.828	1.021	-1.001	-3.461	-1.611	-6.474	0.723	126.974777	37.295444
1685512224270	1685512224259	-10.118	-3.168	-0.838	1.062	-0.982	-3.352	-1.326	-5.918	0.575	126.974777	37.295444
1685512224279	1685512224270	-9.907	-3.213	-0.898	1.078	-0.960	-3.229	-0.960	-5.499	0.472	126.974777	37.295444
1685512224288	1685512224279	-9.833	-3.103	-0.883	1.068	-0.931	-3.102	-0.570	-5.035	0.383	126.974777	37.295444
1685512224299	1685512224288	-9.737	-3.093	-0.869	1.043	-0.886	-2.971	-0.299	-4.791	0.259	126.974777	37.295444
1685512224308	1685512224299	-9.553	-3.024	-0.807	1.012	-0.838	-2.830	-0.165	-4.338	0.189	126.974777	37.295444
1685512224318	1685512224308	-9.409	-2.986	-0.826	0.977	-0.804	-2.672	-0.034	-4.058	0.136	126.974777	37.295444
1685512224328	1685512224318	-9.196	-2.916	-0.836	0.940	-0.782	-2.502	0.180	-3.704	0.127	126.974777	37.295444
1685512224339	1685512224328	-9.139	-2.840	-0.965	0.894	-0.764	-2.326	0.347	-3.397	0.034	126.974777	37.295444
1685512224348	1685512224340	-9.143	-2.749	-1.013	0.832	-0.744	-2.151	0.572	-3.077	-0.045	126.974777	37.295444
1685512224359	1685512224348	-9.297	-2.660	-1.046	0.759	-0.711	-1.985	0.637	-2.765	-0.249	126.974777	37.295444
1685512224368	1685512224359	-9.395	-2.691	-1.199	0.676	-0.676	-1.829	0.632	-2.430	-0.378	126.974777	37.295444
1685512224378	1685512224369	-9.500	-2.672	-1.262	0.579	-0.648	-1.671	0.476	-2.143	-0.476	126.974777	37.295444
1685512224388	1685512224378	-9.582	-2.591	-1.348	0.475	-0.638	-1.504	0.366	-1.946	-0.704	126.974777	37.295444
1685512224399	1685512224388	-9.689	-2.535	-1.377	0.362	-0.634	-1.334	0.249	-1.748	-0.819	126.974777	37.295444
1685512224408	1685512224399	-9.685	-2.535	-1.302	0.241	-0.613	-1.177	0.151	-1.484	-0.962	126.974777	37.295444
1685512224418	1685512224408	-9.902	-2.473	-1.389	0.123	-0.582	-1.024	0.024	-1.267	-1.044	126.974777	37.295444
1685512224428	1685512224419	-10.379	-2.444	-1.511	0.000	-0.547	-0.865	0.010	-1.111	-1.022	126.974777	37.295444
1685512224438	1685512224428	-11.119	-2.375	-1.654	-0.136	-0.479	-0.705	-0.223	-0.934	-1.142	126.974777	37.295444
1685512224448	1685512224438	-11.609	-2.310	-1.712	-0.272	-0.365	-0.542	-0.716	-0.800	-1.298	126.974777	37.295444
1685512224460	1685512224448	-11.981	-2.095	-1.834	-0.397	-0.258	-0.360	-1.470	-0.651	-1.472	126.974777	37.295444
1685512224468	1685512224461	-11.988	-2.102	-2.004	-0.495	-0.199	-0.116	-1.970	-0.532	-1.556	126.974777	37.295444
1685512224478	1685512224468	-11.830	-2.136	-1.882	-0.567	-0.147	0.188	-2.346	-0.280	-1.695	126.974777	37.295444
1685512224488	1685512224478	-11.562	-2.344	-1.422	-0.613	-0.042	0.505	-2.356	-0.275	-1.877	126.974777	37.295444
1685512224498	1685512224488	-11.083	-2.454	-0.860	-0.641	0.099	0.810	-2.195	-0.323	-1.760	126.974777	37.295444
1685512224508	1685512224498	-10.381	-2.433	-0.256	-0.633	0.230	1.106	-1.918	-0.582	-1.293	126.974777	37.295444
1685512224519	1685512224508	-9.811	-2.440	0.302	-0.552	0.354	1.388	-1.425	-0.771	-0.709	126.974777	37.295444
1685512224528	1685512224519	-9.335	-2.555	0.754	-0.400	0.497	1.632	-0.706	-0.857	-0.072	126.974777	37.295444
1685512224538	1685512224528	-9.278	-2.538	0.970	-0.210	0.665	1.808	-0.115	-1.001	0.527	126.974777	37.295444
1685512224548	1685512224539	-9.404	-2.227	1.006	0.018	0.858	1.902	0.381	-1.290	1.037	126.974777	37.295444
1685512224559	1685512224548	-9.905	-1.784	0.792	0.275	1.064	1.927	0.457	-1.434	1.314	126.974777	37.295444
1685512224568	1685512224560	-10.642	-1.398	0.244	0.527	1.253	1.917	0.345	-1.307	1.432	126.974777	37.295444
1685512224579	1685512224568	-11.514	-1.039	-0.208	0.740	1.411	1.891	-0.141	-1.051	1.322	126.974777	37.295444
1685512224588	1685512224580	-12.055	-0.948	-0.354	0.870	1.488	1.867	-0.874	-0.867	0.903	126.974777	37.295444
1685512224598	1685512224589	-12.179	-1.211	-0.354	0.911	1.434	1.878	-1.748	-0.670	0.572	126.974777	37.295444
1685512224608	1685512224599	-11.720	-1.393	-0.297	0.876	1.277	1.919	-2.298	-0.771	0.584	126.974777	37.295444
1685512224619	1685512224608	-10.987	-1.556	-0.172	0.751	1.071	1.980	-2.435	-1.192	0.709	126.974777	37.295444
1685512224628	1685512224619	-10.453	-1.559	0.120	0.564	0.876	2.090	-1.990	-1.551	0.891	126.974777	37.295444
1685512224639	1685512224629	-10.211	-1.446	0.215	0.358	0.768	2.249	-1.276	-1.896	1.120	126.974777	37.295444
1685512224648	1685512224640	-10.082	-1.372	0.340	0.115	0.740	2.398	-0.761	-2.095	1.501	126.974777	37.295444
1685512224659	1685512224649	-9.807	-1.520	0.455	-0.182	0.750	2.505	-0.546	-2.193	1.674	126.974777	37.295444
1685512224668	1685512224660	-9.574	-1.896	0.769	-0.529	0.748	2.563	-0.450	-2.373	1.877	126.974777	37.295444
1685512224679	1685512224669	-9.380	-2.234	0.898	-0.893	0.739	2.597	-0.211	-2.741	2.057	126.974777	37.295444
1685512224689	1685512224679	-9.438	-2.413	0.814	-1.200	0.754	2.624	-0.031	-3.395	2.440	126.974777	37.295444
1685512224702	1685512224690	-9.390	-2.466	0.821	-1.418	0.798	2.633	0.113	-3.970	2.619	126.974777	37.295444
1685512224711	1685512224702	-9.450	-2.792	0.788	-1.572	0.832	2.629	-0.005	-4.420	2.586	126.974777	37.295444
1685512224721	1685512224711	-9.488	-3.333	0.845	-1.673	0.834	2.639	-0.029	-4.745	2.636	126.974777	37.295444
1685512224731	1685512224721	-9.680	-3.658	0.783	-1.724	0.833	2.649	-0.175	-5.373	2.646	126.974777	37.295444
1685512224742	1685512224731	-9.867	-3.924	0.771	-1.729	0.841	2.628	-0.280	-6.134	2.720	126.974777	37.295444
1685512224752	1685512224742	-10.173	-4.056	0.833	-1.670	0.849	2.604	-0.553	-6.706	2.670	126.974777	37.295444
1685512224764	1685512224752	-10.455	-4.051	0.587	-1.556	0.838	2.595	-0.840	-7.242	2.679	126.974777	37.295444
1685512224773	1685512224764	-10.532	-4.063	0.503	-1.433	0.814	2.601	-1.264	-7.666	2.763	126.974777	37.295444
1685512224789	1685512224773	-10.640	-4.410	0.733	-1.329	0.779	2.610	-1.650	-7.896	2.531	126.974777	37.295444
1685512224790	1685512224790	-10.805	-4.669	0.852	-1.247	0.738	2.621	-1.882	-8.238	2.464	126.974777	37.295444
1685512224806	1685512224790	-11.016	-4.848	0.994	-1.170	0.713	2.625	-2.078	-8.763	2.701	126.974777	37.295444
1685512224811	1685512224806	-11.076	-4.824	0.991	-1.086	0.712	2.610	-2.389	-9.292	2.828	126.974777	37.295444
1685512224823	1685512224811	-11.028	-4.903	1.063	-0.998	0.693	2.599	-2.725	-9.692	2.974	126.974777	37.295444
1685512224831	1685512224823	-10.982	-5.006	1.041	-0.931	0.649	2.611	-2.942	-9.926	2.976	126.974777	37.295444
1685512224843	1685512224832	-10.961	-5.018	1.065	-0.908	0.621	2.604	-3.029	-10.211	3.053	126.974777	37.295444
1685512224851	1685512224844	-10.843	-5.095	1.111	-0.935	0.601	2.553	-3.168	-10.585	3.031	126.974777	37.295444
1685512224863	1685512224852	-10.760	-5.203	1.128	-0.986	0.574	2.481	-3.275	-10.774	3.053	126.974777	37.295444
1685512224872	1685512224864	-10.573	-5.183	1.106	-1.048	0.538	2.398	-3.335	-11.083	3.086	126.974777	37.295444
1685512224883	1685512224872	-10.357	-5.274	1.130	-1.120	0.505	2.303	-3.397	-11.375	3.089	126.974777	37.295444
1685512224892	1685512224884	-10.096	-5.478	1.154	-1.205	0.463	2.193	-3.405	-11.590	3.036	126.974777	37.295444
1685512224903	1685512224892	-9.934	-5.744	1.298	-1.296	0.414	2.066	-3.316	-11.827	3.029	126.974777	37.295444
1685512224912	1685512224903	-10.034	-6.086	1.444	-1.366	0.382	1.922	-3.242	-12.242	2.995	126.974777	37.295444
1685512224922	1685512224913	-10.218	-6.309	1.702	-1.387	0.385	1.768	-3.211	-12.656	3.086	126.974777	37.295444
1685512224934	1685512224923	-10.257	-6.354	1.729	-1.350	0.393	1.620	-3.452	-13.149	3.160	126.974777	37.295444
1685512224945	1685512224934	-10.180	-6.467	1.674	-1.262	0.384	1.500	-3.771	-13.510	3.347	126.974777	37.295444
1685512224952	1685512224945	-10.144	-6.594	1.585	-1.140	0.357	1.407	-3.934	-13.680	3.299	126.974777	37.295444
1685512224965	1685512224952	-10.269	-6.740	1.559	-1.007	0.323	1.318	-3.972	-13.908	3.175	126.974777	37.295444
1685512224973	1685512224965	-10.568	-6.965	1.458	-0.874	0.305	1.213	-4.058	-14.147	3.017	126.974777	37.295444
1685512224989	1685512224973	-11.025	-7.027	1.566	-0.751	0.301	1.086	-4.276	-14.380	2.940	126.974777	37.295444
1685512224991	1685512224990	-11.566	-7.207	1.549	-0.652	0.291	0.947	-4.683	-14.696	2.784	126.974777	37.295444
1685512225004	1685512224992	-12.043	-7.367	1.429	-0.553	0.291	0.808	-5.219	-14.825	2.856	126.974777	37.295444
1685512225034	1685512225004	-12.280	-7.618	1.365	-0.452	0.285	0.678	-5.839	-15.067	2.804	126.974777	37.295444
1685512225034	1685512225034	-12.333	-7.855	1.513	-0.370	0.238	0.555	-6.383	-15.280	2.658	126.974777	37.295444
1685512225035	1685512225035	-11.832	-7.977	1.717	-0.299	0.175	0.423	-6.685	-15.579	2.571	126.974777	37.295444
1685512225041	1685512225035	-10.767	-7.791	1.743	-0.199	0.110	0.277	-6.778	-15.850	2.705	126.974777	37.295444
1685512225054	1685512225041	-9.598	-7.649	1.556	-0.071	-0.005	0.125	-6.314	-15.998	2.895	126.974777	37.295444
1685512225063	1685512225054	-8.693	-7.400	1.484	0.051	-0.148	-0.044	-5.272	-15.828	2.911	126.974777	37.295444
1685512225072	1685512225064	-8.279	-7.130	1.494	0.153	-0.235	-0.264	-4.113	-15.694	2.717	126.974777	37.295444
1685512225082	1685512225072	-8.526	-7.029	1.585	0.230	-0.261	-0.572	-3.203	-15.443	2.643	126.974777	37.295444
1685512225092	1685512225082	-9.330	-6.950	1.659	0.324	-0.228	-0.957	-2.761	-15.153	2.650	126.974777	37.295444
1685512225101	1685512225092	-10.688	-6.965	1.657	0.474	-0.126	-1.376	-2.966	-15.024	2.746	126.974777	37.295444
1685512225110	1685512225102	-11.969	-7.005	1.549	0.684	0.001	-1.767	-3.692	-14.887	2.832	126.974777	37.295444
1685512225122	1685512225111	-12.929	-6.953	1.300	0.920	0.068	-2.088	-4.942	-14.818	2.861	126.974777	37.295444
1685512225130	1685512225123	-13.518	-6.938	0.955	1.153	0.046	-2.315	-6.084	-14.748	2.806	126.974777	37.295444
1685512225140	1685512225131	-13.793	-6.730	0.766	1.389	-0.040	-2.440	-6.886	-14.559	2.631	126.974777	37.295444
1685512225150	1685512225141	-13.625	-6.354	0.563	1.615	-0.162	-2.507	-7.283	-14.370	2.385	126.974777	37.295444
1685512225161	1685512225150	-13.431	-5.871	0.464	1.795	-0.299	-2.575	-7.398	-14.006	2.286	126.974777	37.295444
1685512225170	1685512225161	-13.080	-5.375	0.338	1.922	-0.423	-2.662	-7.046	-13.441	2.188	126.974777	37.295444
1685512225182	1685512225171	-12.955	-4.992	0.275	1.976	-0.535	-2.781	-6.668	-12.754	2.195	126.974777	37.295444
1685512225190	1685512225182	-12.852	-4.678	0.132	1.946	-0.634	-2.937	-6.110	-12.021	2.179	126.974777	37.295444
1685512225199	1685512225190	-12.931	-4.446	0.096	1.845	-0.704	-3.124	-5.813	-11.428	2.198	126.974777	37.295444
1685512225209	1685512225199	-12.895	-4.314	0.096	1.687	-0.761	-3.318	-5.492	-10.836	2.138	126.974777	37.295444
1685512225219	1685512225209	-12.785	-4.283	-0.079	1.494	-0.820	-3.500	-5.389	-10.362	2.157	126.974777	37.295444
1685512225229	1685512225219	-12.670	-4.204	-0.093	1.304	-0.878	-3.657	-5.145	-9.941	2.195	126.974777	37.295444
1685512225240	1685512225229	-12.625	-4.120	-0.220	1.144	-0.921	-3.792	-4.827	-9.603	2.037	126.974777	37.295444
1685512225249	1685512225240	-12.577	-4.049	-0.271	1.010	-0.958	-3.907	-4.503	-9.201	2.021	126.974777	37.295444
1685512225262	1685512225249	-12.392	-4.116	-0.345	0.911	-0.988	-3.987	-4.257	-8.780	1.872	126.974800	37.295437
1685512225271	1685512225262	-12.292	-4.185	-0.388	0.860	-0.988	-4.038	-3.996	-8.320	1.781	126.974800	37.295437
1685512225279	1685512225271	-12.189	-4.032	-0.400	0.864	-0.969	-4.062	-3.644	-8.059	1.664	126.974800	37.295437
1685512225289	1685512225279	-11.945	-3.895	-0.472	0.926	-0.953	-4.048	-3.357	-7.717	1.561	126.974800	37.295437
1685512225300	1685512225290	-11.693	-3.644	-0.651	1.035	-0.946	-3.994	-3.115	-7.221	1.496	126.974800	37.295437
1685512225310	1685512225300	-11.353	-3.409	-0.704	1.157	-0.943	-3.911	-2.732	-6.697	1.365	126.974800	37.295437
1685512225320	1685512225310	-10.937	-3.309	-0.824	1.244	-0.946	-3.817	-2.358	-6.055	1.125	126.974800	37.295437
1685512225330	1685512225320	-10.606	-3.225	-0.824	1.283	-0.949	-3.712	-1.906	-5.394	1.003	126.974800	37.295437
1685512225341	1685512225330	-10.281	-3.141	-0.864	1.296	-0.943	-3.593	-1.413	-4.949	0.821	126.974800	37.295437
1685512225351	1685512225341	-9.946	-3.160	-0.869	1.304	-0.926	-3.461	-1.013	-4.489	0.749	126.974800	37.295437
1685512225363	1685512225351	-9.692	-3.079	-0.929	1.294	-0.905	-3.323	-0.634	-4.039	0.632	126.974800	37.295437
1685512225371	1685512225363	-9.404	-3.012	-0.943	1.250	-0.885	-3.183	-0.259	-3.706	0.548	126.974800	37.295437
1685512225387	1685512225372	-9.258	-2.988	-0.769	1.175	-0.861	-3.036	0.017	-3.285	0.405	126.974800	37.295437
1685512225402	1685512225387	-9.103	-2.914	-0.797	1.100	-0.827	-2.881	0.318	-2.828	0.287	126.974800	37.295437
1685512225402	1685512225402	-8.933	-2.734	-0.735	1.036	-0.789	-2.717	0.464	-2.555	0.393	126.974800	37.295437
1685512225411	1685512225402	-8.598	-2.600	-0.730	0.988	-0.765	-2.542	0.613	-2.188	0.278	126.974800	37.295437
1685512225423	1685512225411	-8.404	-2.464	-0.874	0.964	-0.753	-2.353	0.769	-1.733	0.254	126.974800	37.295437
1685512225431	1685512225423	-8.332	-2.437	-0.903	0.935	-0.715	-2.154	1.082	-1.343	0.172	126.974800	37.295437
1685512225442	1685512225431	-8.298	-2.569	-0.907	0.844	-0.660	-1.976	1.250	-0.972	-0.055	126.974800	37.295437
1685512225452	1685512225442	-8.337	-2.586	-0.915	0.702	-0.611	-1.822	1.286	-0.685	-0.175	126.974800	37.295437
1685512225463	1685512225452	-8.430	-2.715	-0.941	0.573	-0.564	-1.666	1.283	-0.608	-0.249	126.974800	37.295437
1685512225472	1685512225464	-8.614	-2.591	-1.065	0.484	-0.507	-1.486	1.204	-0.414	-0.318	126.974800	37.295437
1685512225483	1685512225472	-8.780	-2.488	-1.063	0.409	-0.459	-1.291	1.068	-0.352	-0.397	126.974800	37.295437
1685512225493	1685512225484	-8.854	-2.473	-1.101	0.332	-0.420	-1.101	0.840	-0.053	-0.570	126.974800	37.295437
1685512225503	1685512225494	-8.978	-2.375	-1.104	0.249	-0.385	-0.907	0.644	0.170	-0.599	126.974800	37.295437
1685512225515	1685512225504	-9.237	-2.514	-1.164	0.166	-0.348	-0.711	0.536	0.304	-0.668	126.974800	37.295437
1685512225522	1685512225516	-9.816	-2.571	-1.245	0.082	-0.285	-0.522	0.390	0.479	-0.687	126.974800	37.295437
1685512225531	1685512225523	-10.563	-2.665	-1.358	-0.013	-0.186	-0.343	0.113	0.402	-0.759	126.974800	37.295437
1685512225545	1685512225533	-11.231	-2.741	-1.314	-0.108	-0.064	-0.160	-0.476	0.383	-0.840	126.974800	37.295437
1685512225553	1685512225551	-11.732	-2.686	-1.468	-0.184	0.048	0.064	-1.231	0.309	-0.939	126.974800	37.295437
1685512225562	1685512225553	-11.914	-2.636	-1.520	-0.255	0.121	0.349	-1.901	0.232	-0.871	126.974800	37.295437
1685512225570	1685512225563	-11.578	-2.653	-1.367	-0.321	0.192	0.681	-2.399	0.280	-1.013	126.974800	37.295437
1685512225583	1685512225570	-10.678	-2.612	-0.936	-0.370	0.261	1.035	-2.574	0.304	-1.051	126.974800	37.295437
1685512225596	1685512225583	-9.560	-2.729	-0.472	-0.395	0.294	1.405	-2.217	0.215	-0.867	126.974800	37.295437
1685512225602	1685512225596	-8.818	-2.945	0.031	-0.392	0.323	1.757	-1.290	0.165	-0.405	126.974800	37.295437
1685512225611	1685512225602	-8.564	-3.072	0.608	-0.362	0.411	2.027	-0.134	-0.096	0.101	126.974800	37.295437
1685512225622	1685512225611	-8.674	-2.976	1.003	-0.308	0.562	2.172	0.646	-0.464	0.639	126.974800	37.295437
1685512225631	1685512225623	-9.220	-2.990	1.255	-0.209	0.742	2.216	0.953	-0.824	1.274	126.974800	37.295437
1685512225640	1685512225633	-9.965	-2.978	1.173	-0.054	0.932	2.215	0.879	-0.895	1.717	126.974800	37.295437
1685512225651	1685512225640	-10.855	-2.789	0.991	0.117	1.113	2.209	0.373	-1.144	2.052	126.974800	37.295437
1685512225663	1685512225652	-11.444	-2.583	0.658	0.260	1.246	2.203	-0.340	-1.326	2.052	126.974800	37.295437
1685512225671	1685512225663	-11.657	-2.425	0.182	0.373	1.291	2.232	-1.207	-1.369	1.985	126.974800	37.295437
1685512225680	1685512225671	-11.492	-2.255	-0.081	0.421	1.244	2.315	-1.781	-1.353	1.757	126.974800	37.295437
1685512225690	1685512225680	-10.965	-2.179	-0.168	0.384	1.141	2.436	-1.982	-1.470	1.439	126.974800	37.295437
1685512225701	1685512225690	-10.618	-2.076	-0.175	0.280	1.015	2.561	-1.812	-1.453	1.257	126.974800	37.295437
1685512225713	1685512225701	-10.448	-2.014	-0.057	0.121	0.904	2.654	-1.286	-1.630	1.288	126.974800	37.295437
1685512225722	1685512225713	-10.353	-2.006	0.077	-0.082	0.837	2.704	-0.943	-1.745	1.369	126.974800	37.295437
1685512225731	1685512225723	-10.161	-2.164	0.345	-0.330	0.795	2.728	-0.783	-1.963	1.583	126.974800	37.295437
1685512225742	1685512225731	-9.979	-2.263	0.594	-0.624	0.732	2.740	-0.704	-2.219	1.798	126.974800	37.295437
1685512225752	1685512225743	-9.730	-2.447	0.725	-0.933	0.665	2.732	-0.539	-2.672	2.148	126.974800	37.295437
1685512225763	1685512225752	-9.464	-2.861	0.982	-1.213	0.637	2.709	-0.383	-3.019	2.456	126.974800	37.295437
1685512225774	1685512225763	-9.428	-3.182	1.087	-1.450	0.633	2.696	-0.172	-3.481	2.646	126.974800	37.295437
1685512225783	1685512225774	-9.651	-3.333	1.140	-1.652	0.639	2.693	0.048	-4.178	2.947	126.974800	37.295437
1685512225793	1685512225783	-9.857	-3.579	1.030	-1.795	0.673	2.695	0.026	-4.810	3.093	126.974800	37.295437
1685512225805	1685512225793	-10.020	-3.747	1.015	-1.853	0.718	2.709	-0.244	-5.210	3.170	126.974800	37.295437
1685512225823	1685512225805	-10.173	-3.800	0.833	-1.864	0.733	2.734	-0.522	-5.763	3.084	126.974800	37.295437
1685512225824	1685512225823	-10.204	-4.015	0.809	-1.853	0.712	2.756	-0.752	-6.184	3.086	126.974800	37.295437
1685512225832	1685512225824	-10.527	-4.362	0.771	-1.817	0.696	2.767	-0.989	-6.522	2.921	126.974800	37.295437
1685512225844	1685512225832	-10.817	-4.530	0.855	-1.756	0.693	2.764	-1.113	-7.029	2.909	126.974800	37.295437
1685512225852	1685512225844	-11.171	-4.709	1.027	-1.682	0.699	2.743	-1.539	-7.664	2.875	126.974800	37.295437
1685512225865	1685512225853	-11.487	-4.726	0.960	-1.594	0.698	2.721	-1.939	-8.116	2.962	126.974800	37.295437
1685512225872	1685512225865	-11.502	-4.879	0.843	-1.500	0.674	2.713	-2.423	-8.600	3.132	126.974800	37.295437
1685512225883	1685512225873	-11.418	-4.937	0.737	-1.422	0.635	2.715	-2.849	-8.861	3.062	126.974800	37.295437
1685512225893	1685512225884	-11.274	-5.076	0.658	-1.374	0.580	2.711	-3.007	-9.304	2.938	126.974800	37.295437
1685512225904	1685512225893	-11.119	-5.150	0.673	-1.346	0.531	2.679	-3.045	-9.594	2.823	126.974800	37.295437
1685512225913	1685512225905	-11.035	-5.298	0.771	-1.329	0.497	2.627	-3.045	-9.986	2.725	126.974800	37.295437
1685512225922	1685512225913	-10.918	-5.313	0.929	-1.315	0.474	2.556	-3.033	-10.307	2.715	126.974800	37.295437
1685512225933	1685512225922	-10.795	-5.380	0.941	-1.301	0.461	2.470	-3.115	-10.716	2.780	126.974800	37.295437
1685512225945	1685512225934	-10.676	-5.456	0.883	-1.284	0.441	2.377	-3.132	-10.937	2.907	126.974800	37.295437
1685512225953	1685512225945	-10.549	-5.593	0.903	-1.277	0.412	2.280	-3.160	-11.219	2.880	126.974800	37.295437
1685512225966	1685512225953	-10.587	-5.739	0.917	-1.294	0.385	2.164	-3.191	-11.499	2.780	126.974800	37.295437
1685512225973	1685512225966	-10.700	-5.899	1.034	-1.307	0.378	2.029	-3.211	-11.830	2.751	126.974800	37.295437
1685512225984	1685512225974	-10.728	-6.112	1.295	-1.293	0.386	1.890	-3.395	-12.155	2.710	126.974800	37.295437
1685512225996	1685512225985	-10.537	-6.194	1.362	-1.246	0.389	1.756	-3.673	-12.517	2.758	126.974800	37.295437
1685512226006	1685512225997	-10.448	-6.218	1.410	-1.169	0.379	1.635	-3.809	-12.854	2.971	126.974800	37.295437
1685512226028	1685512226006	-10.204	-6.316	1.434	-1.067	0.353	1.531	-3.742	-13.077	2.981	126.974800	37.295437
1685512226029	1685512226028	-10.173	-6.455	1.386	-0.953	0.324	1.426	-3.773	-13.228	2.974	126.974800	37.295437
1685512226033	1685512226030	-10.544	-6.519	1.269	-0.836	0.321	1.306	-3.642	-13.443	2.945	126.974800	37.295437
1685512226043	1685512226033	-10.841	-6.500	1.166	-0.717	0.341	1.168	-3.718	-13.690	2.849	126.974800	37.295437
1685512226055	1685512226043	-11.346	-6.689	1.077	-0.606	0.349	1.035	-4.199	-13.860	2.689	126.974800	37.295437
1685512226066	1685512226056	-11.801	-6.859	1.111	-0.522	0.342	0.905	-4.578	-13.917	2.557	126.974800	37.295437
1685512226072	1685512226067	-11.897	-6.934	1.008	-0.459	0.332	0.776	-5.167	-14.178	2.444	126.974800	37.295437
1685512226085	1685512226073	-11.847	-7.096	0.948	-0.395	0.291	0.662	-5.693	-14.411	2.459	126.974800	37.295437
1685512226093	1685512226087	-11.727	-7.281	1.092	-0.338	0.204	0.574	-5.859	-14.545	2.342	126.974800	37.295437
1685512226103	1685512226094	-11.401	-7.262	1.417	-0.294	0.130	0.479	-5.859	-14.748	2.270	126.974800	37.295437
1685512226111	1685512226104	-10.479	-7.116	1.559	-0.241	0.094	0.352	-5.789	-14.976	2.399	126.974800	37.295437
1685512226121	1685512226112	-9.208	-6.838	1.475	-0.145	0.028	0.226	-5.499	-14.985	2.710	126.974800	37.295437
1685512226131	1685512226121	-8.042	-6.730	1.499	-0.023	-0.088	0.112	-4.604	-14.863	2.840	126.974800	37.295437
1685512226143	1685512226132	-7.271	-6.615	1.429	0.088	-0.188	-0.028	-3.352	-14.600	2.744	126.974800	37.295437
1685512226151	1685512226144	-7.128	-6.397	1.506	0.197	-0.219	-0.238	-2.193	-14.499	2.763	126.974800	37.295437
1685512226162	1685512226152	-7.635	-6.393	1.460	0.329	-0.170	-0.524	-1.417	-14.382	2.689	126.974800	37.295437
1685512226170	1685512226162	-8.770	-6.524	1.492	0.505	-0.048	-0.859	-1.250	-14.145	2.768	126.974800	37.295437
1685512226180	1685512226170	-10.051	-6.685	1.437	0.731	0.110	-1.205	-1.719	-14.109	2.737	126.974800	37.295437
1685512226191	1685512226181	-11.222	-6.658	1.219	0.966	0.231	-1.525	-2.780	-14.176	2.806	126.974800	37.295437
1685512226202	1685512226191	-12.127	-6.594	1.037	1.200	0.250	-1.767	-3.982	-14.262	2.808	126.974800	37.295437
1685512226210	1685512226202	-12.723	-6.483	0.843	1.465	0.184	-1.892	-5.040	-14.131	2.677	126.974800	37.295437
1685512226220	1685512226210	-12.847	-6.270	0.792	1.743	0.086	-1.938	-5.818	-13.937	2.598	126.974800	37.295437
1685512226231	1685512226221	-12.816	-5.863	0.713	2.004	-0.034	-1.961	-6.268	-13.666	2.535	126.974808	37.295441
1685512226241	1685512226231	-12.541	-5.459	0.615	2.214	-0.177	-1.994	-6.268	-13.312	2.600	126.974808	37.295441
1685512226251	1685512226241	-12.273	-5.138	0.520	2.352	-0.326	-2.045	-6.100	-12.737	2.660	126.974808	37.295441
1685512226262	1685512226251	-12.012	-4.760	0.362	2.417	-0.452	-2.126	-5.686	-12.153	2.698	126.974808	37.295441
1685512226270	1685512226263	-12.141	-4.492	0.244	2.396	-0.556	-2.246	-5.277	-11.641	2.737	126.974808	37.295441
1685512226282	1685512226271	-12.165	-4.209	0.182	2.298	-0.633	-2.396	-4.870	-11.056	2.701	126.974808	37.295441
1685512226291	1685512226282	-12.263	-4.003	0.113	2.138	-0.704	-2.560	-4.817	-10.523	2.713	126.974808	37.295441
1685512226301	1685512226291	-12.186	-3.812	0.022	1.934	-0.789	-2.715	-4.714	-10.053	2.722	126.974808	37.295441
1685512226312	1685512226302	-12.057	-3.747	-0.022	1.709	-0.893	-2.854	-4.647	-9.598	2.722	126.974808	37.295441
1685512226324	1685512226312	-11.849	-3.742	-0.108	1.473	-0.993	-2.982	-4.401	-9.148	2.674	126.974808	37.295441
1685512226332	1685512226324	-11.866	-3.809	-0.120	1.242	-1.058	-3.108	-4.101	-8.813	2.650	126.974808	37.295441
1685512226343	1685512226332	-11.892	-3.826	-0.199	1.041	-1.101	-3.223	-3.718	-8.528	2.557	126.974808	37.295441
1685512226354	1685512226344	-11.849	-3.740	-0.373	0.877	-1.145	-3.311	-3.529	-8.248	2.509	126.974808	37.295441
1685512226365	1685512226354	-11.686	-3.718	-0.417	0.770	-1.183	-3.362	-3.421	-8.028	2.392	126.974808	37.295441
1685512226375	1685512226366	-11.399	-3.637	-0.567	0.713	-1.213	-3.381	-3.199	-7.604	2.148	126.974808	37.295441
1685512226385	1685512226375	-11.073	-3.642	-0.632	0.690	-1.235	-3.379	-2.897	-7.302	2.037	126.974808	37.295441
1685512226395	1685512226385	-10.877	-3.625	-0.625	0.688	-1.238	-3.366	-2.437	-6.840	1.786	126.974808	37.295441
1685512226405	1685512226395	-10.704	-3.457	-0.702	0.694	-1.216	-3.340	-2.006	-6.586	1.650	126.974808	37.295441
1685512226424	1685512226406	-10.379	-3.452	-0.783	0.713	-1.178	-3.301	-1.664	-6.184	1.544	126.974808	37.295441
1685512226424	1685512226424	-10.226	-3.409	-0.749	0.743	-1.131	-3.247	-1.408	-5.756	1.391	126.974808	37.295441
1685512226433	1685512226425	-10.077	-3.302	-0.742	0.776	-1.086	-3.175	-0.977	-5.397	1.204	126.974808	37.295441
1685512226444	1685512226433	-9.862	-3.278	-0.749	0.806	-1.036	-3.087	-0.745	-5.033	1.144	126.974808	37.295441
1685512226453	1685512226444	-9.704	-3.146	-0.816	0.833	-0.987	-2.992	-0.529	-4.606	1.061	126.974808	37.295441
1685512226466	1685512226454	-9.483	-2.990	-0.871	0.863	-0.937	-2.889	-0.261	-4.274	0.962	126.974808	37.295441
1685512226473	1685512226466	-9.261	-2.926	-0.857	0.872	-0.891	-2.772	-0.057	-3.809	0.800	126.974808	37.295441
1685512226484	1685512226473	-9.048	-2.954	-0.778	0.845	-0.844	-2.644	0.189	-3.390	0.668	126.974808	37.295441
1685512226494	1685512226484	-8.971	-3.031	-0.819	0.804	-0.799	-2.512	0.433	-3.017	0.589	126.974808	37.295441
1685512226506	1685512226495	-9.019	-2.964	-0.836	0.761	-0.746	-2.376	0.656	-2.804	0.594	126.974808	37.295441
1685512226515	1685512226506	-9.187	-2.919	-0.692	0.726	-0.681	-2.241	0.737	-2.624	0.474	126.974808	37.295441
1685512226524	1685512226515	-9.402	-2.875	-0.737	0.694	-0.626	-2.093	0.685	-2.310	0.378	126.974808	37.295441
1685512226535	1685512226525	-9.467	-2.890	-0.828	0.656	-0.580	-1.936	0.505	-1.999	0.441	126.974808	37.295441
1685512226545	1685512226535	-9.586	-2.763	-0.773	0.613	-0.536	-1.774	0.275	-1.738	0.328	126.974808	37.295441
1685512226554	1685512226545	-9.658	-2.674	-0.972	0.564	-0.518	-1.605	0.189	-1.528	0.168	126.974808	37.295441
1685512226566	1685512226555	-9.723	-2.495	-1.020	0.501	-0.514	-1.434	0.043	-1.192	0.158	126.974808	37.295441
1685512226574	1685512226566	-9.658	-2.406	-1.099	0.420	-0.495	-1.272	-0.053	-0.917	-0.101	126.974808	37.295441
1685512226584	1685512226574	-9.524	-2.375	-1.125	0.309	-0.480	-1.117	-0.144	-0.572	-0.208	126.974808	37.295441
1685512226598	1685512226584	-9.689	-2.375	-1.128	0.170	-0.479	-0.963	-0.108	-0.318	-0.352	126.974808	37.295441
1685512226606	1685512226599	-9.979	-2.543	-1.209	0.024	-0.452	-0.808	0.005	-0.187	-0.419	126.974808	37.295441
1685512226624	1685512226606	-10.386	-2.500	-1.132	-0.120	-0.386	-0.650	-0.180	-0.084	-0.464	126.974808	37.295441
1685512226624	1685512226624	-10.645	-2.349	-1.051	-0.254	-0.305	-0.479	-0.486	-0.168	-0.582	126.974808	37.295441
1685512226632	1685512226624	-10.599	-2.339	-0.989	-0.342	-0.238	-0.266	-0.910	-0.060	-0.532	126.974808	37.295441
1685512226642	1685512226633	-10.561	-2.282	-0.953	-0.379	-0.198	0.001	-1.178	0.132	-0.467	126.974808	37.295441
1685512226652	1685512226642	-10.364	-2.227	-0.840	-0.398	-0.134	0.283	-1.140	0.168	-0.417	126.974808	37.295441
1685512226662	1685512226652	-9.766	-2.131	-0.709	-0.421	-0.033	0.544	-1.099	0.223	-0.385	126.974808	37.295441
1685512226672	1685512226662	-8.885	-2.009	-0.622	-0.446	0.054	0.800	-0.895	0.249	-0.275	126.974808	37.295441
1685512226682	1685512226672	-7.989	-1.968	-0.338	-0.472	0.092	1.060	-0.283	0.290	-0.136	126.974808	37.295441
1685512226691	1685512226683	-7.410	-2.076	0.069	-0.486	0.136	1.297	0.618	0.326	-0.034	126.974808	37.295441
1685512226702	1685512226692	-7.305	-2.167	0.385	-0.479	0.230	1.465	1.535	0.273	0.271	126.974808	37.295441
1685512226711	1685512226702	-7.944	-2.296	0.682	-0.435	0.392	1.555	2.143	0.026	0.704	126.974808	37.295441
1685512226721	1685512226711	-9.134	-2.461	0.670	-0.342	0.611	1.585	2.274	-0.192	1.049	126.974808	37.295441
1685512226732	1685512226721	-10.530	-2.516	0.670	-0.203	0.859	1.593	1.662	-0.474	1.391	126.974808	37.295441
1685512226743	1685512226732	-11.674	-2.284	0.488	-0.039	1.075	1.624	0.496	-0.795	1.444	126.974808	37.295441
1685512226754	1685512226744	-12.213	-2.255	0.237	0.110	1.167	1.709	-0.881	-1.003	1.530	126.974808	37.295441
1685512226766	1685512226754	-12.179	-2.200	-0.105	0.217	1.142	1.874	-2.014	-0.929	1.451	126.974808	37.295441
1685512226773	1685512226766	-11.693	-2.277	-0.271	0.238	1.040	2.105	-2.540	-1.080	1.324	126.974808	37.295441
1685512226784	1685512226774	-11.088	-2.399	-0.359	0.165	0.898	2.338	-2.500	-1.188	1.077	126.974808	37.295441
1685512226793	1685512226784	-10.599	-2.322	-0.397	0.010	0.772	2.516	-2.006	-1.484	1.020	126.974808	37.295441
1685512226804	1685512226793	-10.348	-2.440	-0.285	-0.204	0.694	2.629	-1.398	-1.808	1.010	126.974808	37.295441
1685512226817	1685512226804	-10.183	-2.634	-0.081	-0.445	0.657	2.709	-0.907	-1.975	1.046	126.974808	37.295441
1685512226824	1685512226817	-9.845	-2.844	0.381	-0.698	0.635	2.761	-0.661	-2.351	1.226	126.974808	37.295441
1685512226833	1685512226824	-9.646	-3.165	0.713	-0.949	0.617	2.773	-0.510	-2.842	1.499	126.974808	37.295441
1685512226844	1685512226834	-9.436	-3.352	0.886	-1.152	0.618	2.759	-0.189	-3.302	2.016	126.974808	37.295441
1685512226853	1685512226844	-9.323	-3.436	1.013	-1.277	0.656	2.739	-0.017	-3.907	2.401	126.974808	37.295441
1685512226865	1685512226853	-9.388	-3.598	1.161	-1.337	0.716	2.721	0.156	-4.379	2.624	126.974808	37.295441
1685512226873	1685512226865	-9.505	-3.814	1.101	-1.341	0.772	2.712	0.225	-4.748	2.799	126.974808	37.295441
1685512226883	1685512226873	-9.632	-4.046	1.034	-1.311	0.828	2.711	0.108	-5.193	2.995	126.974808	37.295441
1685512226894	1685512226883	-9.776	-4.199	1.104	-1.250	0.877	2.707	-0.081	-5.746	2.995	126.974808	37.295441
1685512226905	1685512226894	-10.003	-4.331	0.848	-1.157	0.897	2.707	-0.261	-6.189	2.964	126.974808	37.295441
1685512226915	1685512226905	-10.197	-4.362	0.915	-1.048	0.887	2.710	-0.479	-6.610	3.081	126.974808	37.295441
1685512226926	1685512226915	-10.494	-4.396	0.891	-0.944	0.864	2.701	-0.792	-7.008	2.875	126.974808	37.295441
1685512226936	1685512226927	-10.657	-4.520	1.001	-0.859	0.853	2.691	-1.080	-7.307	2.993	126.974808	37.295441
1685512226946	1685512226937	-10.891	-4.705	1.111	-0.806	0.827	2.678	-1.477	-7.606	3.019	126.974808	37.295441
1685512226957	1685512226947	-11.044	-4.726	1.288	-0.776	0.808	2.655	-1.760	-8.016	3.182	126.974808	37.295441
1685512226968	1685512226958	-11.150	-4.719	1.279	-0.748	0.789	2.629	-2.097	-8.430	3.330	126.974808	37.295441
1685512226975	1685512226968	-11.123	-4.741	1.317	-0.732	0.755	2.604	-2.373	-8.701	3.548	126.974808	37.295441
1685512226988	1685512226977	-11.138	-4.829	1.207	-0.751	0.712	2.569	-2.602	-8.938	3.577	126.974808	37.295441
1685512227001	1685512226988	-11.006	-4.812	1.190	-0.812	0.665	2.520	-2.734	-9.244	3.654	126.974808	37.295441
1685512227003	1685512227003	-10.822	-4.942	1.264	-0.908	0.611	2.450	-2.856	-9.517	3.563	126.974808	37.295441
1685512227016	1685512227005	-10.558	-5.102	1.384	-1.015	0.544	2.369	-2.890	-9.771	3.565	126.974808	37.295441
1685512227025	1685512227018	-10.307	-5.092	1.417	-1.109	0.483	2.279	-2.816	-10.077	3.642	126.974808	37.295441
1685512227046	1685512227025	-10.039	-5.045	1.346	-1.185	0.425	2.176	-2.703	-10.470	3.752	126.974808	37.295441
1685512227046	1685512227046	-9.776	-5.241	1.379	-1.260	0.363	2.057	-2.574	-10.645	3.764	126.974808	37.295441
1685512227055	1685512227046	-9.689	-5.504	1.393	-1.333	0.305	1.925	-2.452	-10.810	3.654	126.974808	37.295441
1685512227066	1685512227055	-9.871	-5.768	1.645	-1.376	0.281	1.781	-2.303	-11.171	3.646	126.974808	37.295441
1685512227076	1685512227066	-10.175	-5.885	1.597	-1.373	0.283	1.626	-2.365	-11.643	3.591	126.974808	37.295441
1685512227085	1685512227076	-10.494	-5.926	1.714	-1.324	0.305	1.466	-2.641	-12.033	3.790	126.974808	37.295441
1685512227096	1685512227085	-10.554	-6.045	1.599	-1.241	0.321	1.321	-3.077	-12.325	3.663	126.974808	37.295441
1685512227104	1685512227099	-10.542	-6.086	1.580	-1.141	0.291	1.214	-3.486	-12.483	3.721	126.974808	37.295441
1685512227114	1685512227105	-10.477	-6.268	1.537	-1.038	0.227	1.134	-3.639	-12.720	3.546	126.974808	37.295441
1685512227123	1685512227114	-10.738	-6.318	1.441	-0.938	0.176	1.049	-3.713	-12.866	3.472	126.974808	37.295441
1685512227132	1685512227123	-11.262	-6.436	1.372	-0.841	0.162	0.946	-3.740	-13.154	3.366	126.974808	37.295441
1685512227142	1685512227132	-11.811	-6.591	1.295	-0.757	0.162	0.833	-4.068	-13.283	3.223	126.974808	37.295441
1685512227152	1685512227143	-12.282	-6.756	1.305	-0.695	0.159	0.720	-4.662	-13.477	3.105	126.974808	37.295441
1685512227164	1685512227152	-12.517	-6.804	1.077	-0.639	0.148	0.612	-5.272	-13.700	2.986	126.974808	37.295441
1685512227172	1685512227164	-12.361	-6.886	0.907	-0.589	0.095	0.525	-5.799	-13.925	2.957	126.974808	37.295441
1685512227182	1685512227172	-12.052	-6.991	0.917	-0.560	-0.004	0.461	-6.079	-14.023	2.691	126.974808	37.295441
1685512227193	1685512227182	-11.492	-7.142	1.077	-0.547	-0.104	0.384	-5.971	-14.155	2.478	126.974808	37.295441
1685512227202	1685512227193	-10.824	-7.094	1.243	-0.509	-0.161	0.263	-5.689	-14.291	2.454	126.974808	37.295441
1685512227212	1685512227202	-9.744	-6.835	1.188	-0.413	-0.202	0.120	-5.155	-14.475	2.569	126.974808	37.295441
1685512227223	1685512227212	-8.703	-6.596	1.286	-0.297	-0.291	-0.018	-4.503	-14.451	2.686	126.974808	37.295441
1685512227232	1685512227223	-7.755	-6.357	1.338	-0.176	-0.376	-0.171	-3.428	-14.205	2.588	126.974808	37.295441
1685512227242	1685512227232	-7.338	-6.227	1.310	-0.053	-0.412	-0.373	-2.382	-13.970	2.646	126.974808	37.295441
1685512227252	1685512227242	-7.489	-6.112	1.362	0.082	-0.381	-0.634	-1.415	-13.721	2.658	126.974815	37.295448
1685512227263	1685512227252	-8.167	-6.201	1.228	0.259	-0.274	-0.946	-0.967	-13.570	2.602	126.974815	37.295448
1685512227272	1685512227263	-9.311	-6.393	1.269	0.486	-0.108	-1.275	-1.068	-13.415	2.636	126.974815	37.295448
1685512227283	1685512227272	-10.393	-6.359	1.226	0.746	0.068	-1.583	-1.674	-13.439	2.504	126.974815	37.295448
1685512227293	1685512227283	-11.372	-6.254	1.039	1.035	0.181	-1.817	-2.715	-13.530	2.576	126.974815	37.295448
1685512227303	1685512227293	-12.012	-6.110	0.900	1.343	0.197	-1.957	-3.699	-13.393	2.583	126.974815	37.295448
1685512227313	1685512227303	-12.371	-6.017	0.814	1.636	0.138	-2.026	-4.542	-13.137	2.490	126.974815	37.295448
1685512227324	1685512227313	-12.495	-5.909	0.699	1.892	0.045	-2.056	-5.064	-12.854	2.444	126.974815	37.295448
1685512227333	1685512227324	-12.584	-5.717	0.680	2.118	-0.049	-2.081	-5.291	-12.591	2.478	126.974815	37.295448
1685512227346	1685512227334	-12.524	-5.227	0.464	2.325	-0.128	-2.110	-5.282	-12.304	2.490	126.974815	37.295448
1685512227354	1685512227346	-12.407	-4.786	0.397	2.476	-0.226	-2.144	-5.239	-11.923	2.600	126.974815	37.295448
1685512227366	1685512227355	-12.270	-4.432	0.263	2.542	-0.351	-2.189	-5.047	-11.229	2.516	126.974815	37.295448
1685512227374	1685512227366	-12.153	-4.106	0.180	2.513	-0.473	-2.249	-4.786	-10.551	2.591	126.974815	37.295448
1685512227384	1685512227375	-12.091	-3.903	0.038	2.391	-0.586	-2.335	-4.532	-9.993	2.562	126.974815	37.295448
1685512227397	1685512227385	-11.873	-3.709	0.069	2.204	-0.695	-2.437	-4.266	-9.409	2.588	126.974815	37.295448
1685512227408	1685512227397	-11.660	-3.589	-0.115	1.974	-0.800	-2.545	-4.082	-8.988	2.516	126.974815	37.295448
1685512227425	1685512227408	-11.428	-3.539	-0.048	1.720	-0.899	-2.650	-3.728	-8.540	2.600	126.974815	37.295448
1685512227426	1685512227425	-11.289	-3.460	-0.144	1.464	-0.982	-2.749	-3.373	-8.162	2.442	126.974815	37.295448
1685512227432	1685512227426	-11.214	-3.443	-0.180	1.224	-1.037	-2.847	-2.988	-7.819	2.512	126.974815	37.295448
1685512227444	1685512227432	-11.047	-3.421	-0.187	1.002	-1.078	-2.941	-2.722	-7.496	2.394	126.974815	37.295448
1685512227455	1685512227444	-10.898	-3.500	-0.256	0.800	-1.115	-3.020	-2.512	-7.202	2.318	126.974815	37.295448
1685512227467	1685512227455	-10.654	-3.551	-0.340	0.654	-1.135	-3.074	-2.210	-6.898	2.253	126.974815	37.295448
1685512227475	1685512227468	-10.386	-3.529	-0.419	0.569	-1.141	-3.100	-1.935	-6.689	2.109	126.974815	37.295448
1685512227485	1685512227475	-10.161	-3.553	-0.438	0.529	-1.134	-3.107	-1.571	-6.448	1.944	126.974815	37.295448
1685512227495	1685512227485	-9.857	-3.481	-0.484	0.523	-1.106	-3.100	-1.171	-6.069	1.757	126.974815	37.295448
1685512227505	1685512227495	-9.752	-3.474	-0.476	0.544	-1.063	-3.080	-0.867	-5.854	1.664	126.974815	37.295448
1685512227516	1685512227505	-9.639	-3.397	-0.464	0.589	-1.010	-3.047	-0.472	-5.483	1.528	126.974815	37.295448
1685512227527	1685512227516	-9.488	-3.254	-0.467	0.649	-0.954	-2.994	-0.290	-5.174	1.444	126.974815	37.295448
1685512227536	1685512227527	-9.306	-3.096	-0.520	0.711	-0.909	-2.922	-0.110	-4.798	1.369	126.974815	37.295448
1685512227544	1685512227536	-8.993	-2.940	-0.505	0.765	-0.865	-2.834	0.093	-4.355	1.283	126.974815	37.295448
1685512227556	1685512227544	-8.904	-2.820	-0.570	0.803	-0.825	-2.737	0.323	-3.874	1.142	126.974815	37.295448
1685512227566	1685512227556	-8.746	-2.751	-0.572	0.811	-0.787	-2.627	0.666	-3.462	1.087	126.974815	37.295448
1685512227576	1685512227566	-8.497	-2.768	-0.646	0.793	-0.751	-2.508	0.778	-3.065	0.946	126.974815	37.295448
1685512227588	1685512227577	-8.305	-2.732	-0.702	0.760	-0.721	-2.376	0.950	-2.717	0.864	126.974815	37.295448
1685512227601	1685512227589	-8.104	-2.648	-0.718	0.723	-0.696	-2.231	1.207	-2.428	0.699	126.974815	37.295448
1685512227606	1685512227601	-7.987	-2.538	-0.697	0.679	-0.671	-2.081	1.396	-2.131	0.565	126.974815	37.295448
1685512227626	1685512227606	-7.989	-2.593	-0.570	0.624	-0.630	-1.932	1.585	-1.714	0.443	126.974815	37.295448
1685512227627	1685512227626	-8.138	-2.610	-0.644	0.560	-0.573	-1.789	1.683	-1.360	0.385	126.974815	37.295448
1685512227636	1685512227627	-8.468	-2.509	-0.661	0.494	-0.507	-1.649	1.652	-1.132	0.419	126.974815	37.295448
1685512227646	1685512227636	-8.521	-2.492	-0.632	0.434	-0.437	-1.509	1.477	-0.939	0.278	126.974815	37.295448
1685512227656	1685512227646	-8.590	-2.435	-0.690	0.376	-0.382	-1.349	1.113	-0.622	0.189	126.974815	37.295448
1685512227670	1685512227656	-8.545	-2.279	-0.792	0.303	-0.357	-1.170	1.032	-0.445	0.170	126.974815	37.295448
1685512227675	1685512227671	-8.538	-2.284	-0.857	0.210	-0.331	-0.991	0.927	-0.211	0.055	126.974815	37.295448
1685512227684	1685512227675	-8.626	-2.310	-0.850	0.106	-0.296	-0.816	0.950	0.048	-0.079	126.974815	37.295448
1685512227693	1685512227684	-9.026	-2.356	-0.934	-0.005	-0.248	-0.641	0.929	0.168	-0.187	126.974815	37.295448
1685512227705	1685512227693	-9.850	-2.567	-0.836	-0.117	-0.166	-0.470	0.824	0.208	-0.204	126.974815	37.295448
1685512227714	1685512227705	-10.740	-2.727	-0.931	-0.219	-0.031	-0.308	0.407	0.232	-0.309	126.974815	37.295448
1685512227724	1685512227714	-11.552	-2.854	-0.903	-0.308	0.115	-0.138	-0.426	0.067	-0.220	126.974815	37.295448
1685512227733	1685512227724	-12.153	-2.950	-0.881	-0.380	0.231	0.073	-1.326	-0.060	-0.311	126.974815	37.295448
1685512227743	1685512227733	-12.232	-2.885	-0.826	-0.435	0.293	0.345	-2.143	-0.177	-0.266	126.974815	37.295448
1685512227754	1685512227743	-11.933	-2.873	-0.656	-0.469	0.314	0.667	-2.744	-0.283	-0.211	126.974815	37.295448
1685512227767	1685512227754	-11.360	-3.021	-0.292	-0.468	0.332	1.010	-2.816	-0.254	-0.117	126.974815	37.295448
1685512227773	1685512227767	-10.539	-3.005	0.196	-0.424	0.369	1.354	-2.500	-0.309	0.093	126.974815	37.295448
1685512227783	1685512227773	-10.070	-3.096	0.582	-0.332	0.429	1.670	-1.906	-0.555	0.500	126.974815	37.295448
1685512227795	1685512227783	-9.517	-2.878	0.860	-0.200	0.529	1.924	-1.049	-0.697	1.041	126.974815	37.295448
1685512227805	1685512227795	-9.184	-2.782	1.233	-0.049	0.654	2.099	-0.551	-0.917	1.468	126.974815	37.295448
1685512227817	1685512227805	-9.122	-2.782	1.444	0.109	0.777	2.202	0.034	-0.886	1.798	126.974815	37.295448
1685512227825	1685512227817	-9.273	-2.485	1.444	0.270	0.880	2.254	0.400	-0.991	2.236	126.974815	37.295448
1685512227835	1685512227825	-9.682	-1.961	1.358	0.430	0.947	2.268	0.491	-1.202	2.519	126.974815	37.295448
1685512227845	1685512227835	-10.329	-1.470	1.094	0.566	0.975	2.250	0.364	-1.118	2.600	126.974815	37.295448
1685512227855	1685512227845	-11.202	-0.989	0.804	0.621	0.990	2.193	-0.024	-0.828	2.610	126.974815	37.295448
1685512227865	1685512227855	-11.808	-0.814	0.455	0.567	0.990	2.115	-0.661	-0.527	2.425	126.974815	37.295448
1685512227876	1685512227866	-12.045	-1.018	0.323	0.412	0.926	2.043	-1.530	-0.249	2.227	126.974815	37.295448
1685512227886	1685512227876	-11.969	-1.295	0.527	0.159	0.779	1.989	-2.138	-0.271	1.968	126.974815	37.295448
1685512227896	1685512227887	-11.609	-1.654	0.682	-0.184	0.593	1.972	-2.380	-0.685	1.932	126.974815	37.295448
1685512227906	1685512227896	-11.205	-1.851	0.982	-0.568	0.415	2.023	-2.310	-1.132	2.203	126.974815	37.295448
1685512227916	1685512227906	-10.896	-1.925	1.202	-0.919	0.297	2.139	-1.961	-1.705	2.423	126.974815	37.295448
1685512227927	1685512227916	-10.613	-2.097	1.293	-1.222	0.247	2.259	-1.566	-2.085	2.758	126.974815	37.295448
1685512227937	1685512227929	-10.324	-2.207	1.358	-1.480	0.243	2.351	-1.269	-2.382	3.002	126.974815	37.295448
1685512227949	1685512227938	-9.989	-2.351	1.420	-1.696	0.257	2.410	-1.006	-2.794	3.110	126.974815	37.295448
1685512227957	1685512227949	-9.610	-2.495	1.422	-1.900	0.255	2.458	-0.740	-3.158	3.187	126.974815	37.295448
1685512227969	1685512227958	-9.378	-2.619	1.288	-2.081	0.242	2.501	-0.433	-3.563	3.256	126.974815	37.295448
1685512227978	1685512227970	-9.134	-2.804	1.264	-2.215	0.252	2.519	-0.098	-4.003	3.256	126.974815	37.295448
1685512227988	1685512227978	-9.031	-3.038	1.106	-2.316	0.263	2.512	0.091	-4.374	3.112	126.974815	37.295448
1685512228003	1685512227988	-9.127	-3.170	1.068	-2.385	0.274	2.480	0.278	-4.865	3.067	126.974815	37.295448
1685512228007	1685512228004	-9.318	-3.357	0.972	-2.413	0.296	2.426	0.328	-5.349	2.885	126.974815	37.295448
1685512228026	1685512228007	-9.333	-3.627	0.929	-2.381	0.301	2.379	0.165	-5.756	2.816	126.974815	37.295448
1685512228026	1685512228026	-9.486	-3.821	0.965	-2.293	0.293	2.349	-0.093	-6.208	2.682	126.974815	37.295448
1685512228036	1685512228027	-9.730	-3.994	0.955	-2.176	0.282	2.329	-0.182	-6.740	2.579	126.974815	37.295448
1685512228046	1685512228036	-9.890	-4.082	0.862	-2.040	0.276	2.303	-0.395	-7.132	2.559	126.974815	37.295448
1685512228055	1685512228046	-10.015	-4.343	0.773	-1.885	0.264	2.290	-0.713	-7.523	2.490	126.974815	37.295448
1685512228068	1685512228055	-10.159	-4.551	0.788	-1.723	0.235	2.299	-0.950	-7.829	2.339	126.974815	37.295448
1685512228076	1685512228068	-10.297	-4.604	0.730	-1.575	0.214	2.304	-1.159	-8.305	2.198	126.974815	37.295448
1685512228086	1685512228076	-10.360	-4.503	0.690	-1.439	0.194	2.299	-1.396	-8.732	2.160	126.974815	37.295448
1685512228096	1685512228086	-10.338	-4.487	0.682	-1.328	0.173	2.292	-1.657	-9.050	2.042	126.974815	37.295448
1685512228106	1685512228096	-10.329	-4.614	0.706	-1.264	0.149	2.277	-1.805	-9.122	1.963	126.974815	37.295448
1685512228115	1685512228106	-10.324	-4.673	0.757	-1.250	0.132	2.250	-1.894	-9.318	1.908	126.974815	37.295448
1685512228126	1685512228115	-10.209	-4.743	0.852	-1.283	0.112	2.204	-1.999	-9.651	1.882	126.974815	37.295448
1685512228134	1685512228127	-10.070	-4.839	0.836	-1.341	0.099	2.143	-2.112	-9.910	1.879	126.974815	37.295448
1685512228145	1685512228134	-9.859	-4.954	0.845	-1.409	0.089	2.070	-2.114	-10.173	1.915	126.974815	37.295448
1685512228154	1685512228145	-9.771	-5.107	0.840	-1.489	0.078	1.982	-2.119	-10.494	1.820	126.974815	37.295448
1685512228165	1685512228154	-9.761	-5.179	0.869	-1.570	0.077	1.878	-2.004	-10.750	1.769	126.974815	37.295448
1685512228174	1685512228165	-9.967	-5.466	0.893	-1.632	0.093	1.754	-2.045	-11.088	1.676	126.974815	37.295448
1685512228185	1685512228174	-10.178	-5.559	0.893	-1.668	0.117	1.614	-2.138	-11.301	1.623	126.974815	37.295448
1685512228195	1685512228185	-10.262	-5.713	0.931	-1.668	0.154	1.461	-2.476	-11.760	1.535	126.974815	37.295448
1685512228204	1685512228195	-10.405	-5.938	0.905	-1.611	0.182	1.321	-2.770	-11.957	1.456	126.974815	37.295448
1685512228215	1685512228204	-10.439	-6.153	0.852	-1.510	0.193	1.199	-2.966	-12.249	1.379	126.974815	37.295448
1685512228224	1685512228215	-10.700	-6.474	0.860	-1.371	0.204	1.087	-3.189	-12.567	1.269	126.974815	37.295448
1685512228233	1685512228224	-10.906	-6.673	0.785	-1.195	0.226	0.980	-3.304	-12.874	1.130	126.974815	37.295448
1685512228245	1685512228234	-11.360	-6.804	0.733	-0.992	0.260	0.877	-3.639	-13.276	1.058	126.974815	37.295448
1685512228254	1685512228245	-11.751	-6.936	0.711	-0.790	0.291	0.775	-3.912	-13.544	0.919	126.974815	37.295448
1685512228268	1685512228254	-12.024	-6.989	0.630	-0.612	0.309	0.667	-4.429	-13.738	0.816	126.974823	37.295448
1685512228274	1685512228268	-12.012	-6.993	0.613	-0.454	0.319	0.567	-4.879	-13.929	0.757	126.974823	37.295448
1685512228284	1685512228274	-11.691	-7.065	0.634	-0.319	0.291	0.497	-5.193	-14.023	0.654	126.974823	37.295448
1685512228295	1685512228284	-11.341	-7.089	0.812	-0.226	0.230	0.434	-5.227	-14.071	0.627	126.974823	37.295448
1685512228306	1685512228295	-10.764	-6.977	1.053	-0.162	0.191	0.330	-4.937	-14.174	0.646	126.974823	37.295448
1685512228314	1685512228306	-9.821	-6.780	1.214	-0.092	0.171	0.188	-4.618	-14.226	0.821	126.974823	37.295448
1685512228325	1685512228315	-8.849	-6.541	1.173	-0.004	0.122	0.046	-4.063	-14.135	1.065	126.974823	37.295448
1685512228336	1685512228325	-8.097	-6.440	1.106	0.083	0.038	-0.095	-3.134	-13.953	1.231	126.974823	37.295448
1685512228346	1685512228336	-7.822	-6.388	1.168	0.165	-0.007	-0.287	-2.167	-13.716	1.197	126.974823	37.295448
1685512228355	1685512228346	-8.109	-6.390	1.039	0.269	0.020	-0.552	-1.408	-13.611	1.140	126.974823	37.295448
1685512228369	1685512228355	-9.110	-6.591	1.051	0.413	0.112	-0.872	-1.111	-13.537	1.211	126.974823	37.295448
1685512228376	1685512228369	-10.307	-6.634	0.967	0.612	0.257	-1.210	-1.360	-13.503	1.104	126.974823	37.295448
1685512228387	1685512228376	-11.497	-6.522	0.886	0.856	0.381	-1.513	-2.298	-13.645	1.152	126.974823	37.295448
1685512228403	1685512228387	-12.321	-6.443	0.651	1.128	0.423	-1.734	-3.395	-13.587	1.142	126.974823	37.295448
1685512228406	1685512228403	-12.778	-6.278	0.464	1.411	0.386	-1.856	-4.501	-13.388	1.128	126.974823	37.295448
1685512228423	1685512228406	-12.955	-6.196	0.431	1.679	0.312	-1.919	-5.210	-13.185	1.001	126.974823	37.295448
1685512228428	1685512228423	-12.819	-6.074	0.318	1.921	0.226	-1.961	-5.545	-12.881	0.936	126.974823	37.295448
1685512228438	1685512228428	-12.684	-5.722	0.285	2.120	0.120	-2.001	-5.598	-12.649	1.034	126.974823	37.295448
1685512228447	1685512228438	-12.419	-5.411	0.206	2.269	0.011	-2.055	-5.339	-12.368	1.061	126.974823	37.295448
1685512228456	1685512228447	-12.361	-4.927	0.227	2.360	-0.075	-2.136	-5.069	-11.832	1.183	126.974823	37.295448
1685512228467	1685512228456	-12.244	-4.542	0.220	2.384	-0.142	-2.249	-4.693	-11.358	1.226	126.974823	37.295448
1685512228477	1685512228467	-12.196	-4.219	0.168	2.341	-0.204	-2.388	-4.508	-10.683	1.379	126.974823	37.295448
1685512228488	1685512228477	-12.026	-4.049	0.266	2.243	-0.280	-2.541	-4.262	-10.089	1.496	126.974823	37.295448
1685512228497	1685512228488	-11.837	-3.809	0.218	2.098	-0.363	-2.694	-4.068	-9.519	1.566	126.974823	37.295448
1685512228508	1685512228497	-11.569	-3.766	0.204	1.917	-0.453	-2.847	-3.776	-9.134	1.748	126.974823	37.295448
1685512228518	1685512228508	-11.416	-3.675	0.122	1.715	-0.539	-2.997	-3.433	-8.612	1.781	126.974823	37.295448
1685512228528	1685512228519	-11.281	-3.785	0.086	1.516	-0.601	-3.142	-3.041	-8.325	1.812	126.974823	37.295448
1685512228539	1685512228530	-11.305	-3.718	0.048	1.343	-0.639	-3.274	-2.746	-7.949	1.760	126.974823	37.295448
1685512228550	1685512228539	-11.293	-3.666	-0.038	1.218	-0.659	-3.387	-2.471	-7.760	1.736	126.974823	37.295448
1685512228558	1685512228550	-11.329	-3.541	-0.151	1.147	-0.681	-3.471	-2.361	-7.379	1.690	126.974823	37.295448
1685512228571	1685512228558	-11.111	-3.551	-0.232	1.114	-0.717	-3.526	-2.219	-7.001	1.587	126.974823	37.295448
1685512228580	1685512228571	-10.882	-3.452	-0.261	1.106	-0.759	-3.553	-2.124	-6.507	1.446	126.974823	37.295448
1685512228590	1685512228580	-10.695	-3.390	-0.373	1.119	-0.786	-3.554	-1.805	-6.206	1.334	126.974823	37.295448
1685512228597	1685512228590	-10.467	-3.292	-0.359	1.145	-0.799	-3.537	-1.458	-5.689	1.252	126.974823	37.295448
1685512228608	1685512228598	-10.269	-3.237	-0.388	1.174	-0.801	-3.503	-1.202	-5.344	1.099	126.974823	37.295448
1685512228631	1685512228608	-10.070	-3.077	-0.431	1.194	-0.798	-3.449	-0.893	-4.858	1.051	126.974823	37.295448
1685512228632	1685512228631	-9.776	-2.998	-0.467	1.200	-0.790	-3.376	-0.639	-4.484	0.967	126.974823	37.295448
1685512228637	1685512228632	-9.558	-2.890	-0.488	1.195	-0.783	-3.283	-0.385	-3.905	0.848	126.974823	37.295448
1685512228647	1685512228637	-9.433	-2.868	-0.472	1.173	-0.775	-3.174	-0.065	-3.553	0.757	126.974823	37.295448
1685512228658	1685512228651	-9.316	-2.780	-0.436	1.142	-0.754	-3.053	0.175	-3.077	0.656	126.974823	37.295448
1685512228671	1685512228658	-9.091	-2.720	-0.407	1.102	-0.727	-2.919	0.309	-2.765	0.606	126.974823	37.295448
1685512228677	1685512228671	-8.904	-2.574	-0.414	1.057	-0.706	-2.770	0.426	-2.337	0.558	126.974823	37.295448
1685512228688	1685512228677	-8.693	-2.490	-0.412	1.014	-0.696	-2.599	0.642	-2.011	0.517	126.974823	37.295448
1685512228698	1685512228688	-8.416	-2.464	-0.441	0.969	-0.690	-2.417	0.804	-1.504	0.407	126.974823	37.295448
1685512228708	1685512228698	-8.339	-2.430	-0.460	0.910	-0.681	-2.233	0.994	-1.195	0.342	126.974823	37.295448
1685512228717	1685512228708	-8.339	-2.428	-0.464	0.838	-0.666	-2.050	1.238	-0.900	0.227	126.974823	37.295448
1685512228728	1685512228718	-8.600	-2.440	-0.532	0.760	-0.633	-1.869	1.276	-0.611	0.120	126.974823	37.295448
1685512228737	1685512228729	-8.904	-2.437	-0.622	0.679	-0.589	-1.696	1.233	-0.371	0.031	126.974823	37.295448
1685512228747	1685512228738	-9.069	-2.310	-0.735	0.590	-0.549	-1.521	0.927	-0.172	-0.113	126.974823	37.295448
1685512228757	1685512228747	-9.256	-2.205	-0.836	0.489	-0.524	-1.338	0.577	0.024	-0.278	126.974823	37.295448
1685512228770	1685512228757	-9.285	-2.088	-0.955	0.363	-0.520	-1.144	0.378	0.290	-0.443	126.974823	37.295448
1685512228779	1685512228770	-9.337	-2.071	-1.006	0.210	-0.522	-0.946	0.156	0.522	-0.596	126.974823	37.295448
1685512228790	1685512228779	-9.529	-2.083	-1.077	0.034	-0.511	-0.751	0.098	0.740	-0.759	126.974823	37.295448
1685512228798	1685512228790	-9.895	-2.109	-1.087	-0.151	-0.479	-0.561	0.022	0.838	-0.845	126.974823	37.295448
1685512228808	1685512228798	-10.472	-2.140	-1.123	-0.336	-0.418	-0.365	-0.180	0.867	-0.934	126.974823	37.295448
