1685512359002	1685512359002	-10.482	-4.262	1.099	-0.092	0.882	4.472	-4.946	1.369	-1.255	126.975494	37.295517
1685512359006	1685512359002	-9.759	-4.053	1.367	-0.171	0.861	4.315	-3.551	1.271	-0.965	126.975494	37.295517
1685512359017	1685512359006	-9.227	-4.020	1.614	-0.265	0.872	4.115	-2.492	1.142	-0.651	126.975494	37.295517
1685512359026	1685512359017	-9.043	-4.025	1.815	-0.354	0.922	3.881	-1.551	1.037	-0.314	126.975494	37.295517
1685512359036	1685512359026	-8.928	-4.094	1.961	-0.419	0.994	3.626	-0.802	0.733	0.017	126.975494	37.295517
1685512359048	1685512359036	-8.885	-4.175	1.858	-0.452	1.063	3.370	-0.426	0.402	0.314	126.975494	37.295517
1685512359056	1685512359048	-9.021	-4.357	1.867	-0.478	1.096	3.128	-0.141	0.024	0.563	126.975494	37.295517
1685512359068	1685512359056	-8.806	-4.597	1.707	-0.530	1.080	2.910	0.048	-0.347	0.572	126.975494	37.295517
1685512359077	1685512359068	-8.677	-4.748	1.595	-0.611	1.020	2.713	0.065	-0.860	0.721	126.975494	37.295517
1685512359086	1685512359077	-8.533	-4.911	1.381	-0.698	0.932	2.533	0.369	-1.307	0.654	126.975494	37.295517
1685512359098	1685512359086	-8.195	-4.831	1.329	-0.770	0.827	2.368	0.594	-1.702	0.656	126.975494	37.295517
1685512359107	1685512359099	-8.049	-4.776	1.238	-0.826	0.724	2.205	0.819	-2.095	0.551	126.975494	37.295517
1685512359116	1685512359107	-7.989	-4.767	1.295	-0.880	0.624	2.039	1.228	-2.234	0.596	126.975494	37.295517
1685512359126	1685512359116	-7.887	-4.628	1.255	-0.937	0.536	1.866	1.434	-2.382	0.594	126.975494	37.295517
1685512359136	1685512359126	-7.949	-4.693	1.312	-1.008	0.463	1.677	1.547	-2.569	0.735	126.975494	37.295517
1685512359147	1685512359136	-7.987	-4.712	1.262	-1.092	0.407	1.482	1.683	-2.562	0.749	126.975494	37.295517
1685512359156	1685512359147	-8.100	-4.709	1.353	-1.180	0.349	1.295	1.647	-2.746	0.860	126.975494	37.295517
1685512359167	1685512359156	-8.145	-4.865	1.374	-1.269	0.286	1.129	1.630	-2.856	0.852	126.975494	37.295517
1685512359176	1685512359167	-8.399	-5.073	1.456	-1.374	0.219	0.976	1.535	-2.933	0.986	126.975494	37.295517
1685512359186	1685512359176	-8.763	-5.286	1.477	-1.466	0.184	0.831	1.496	-3.122	1.032	126.975494	37.295517
1685512359196	1685512359186	-9.172	-5.346	1.460	-1.510	0.184	0.695	1.250	-3.369	1.142	126.975494	37.295517
1685512359206	1685512359196	-9.495	-5.598	1.415	-1.520	0.177	0.584	0.886	-3.589	1.180	126.975494	37.295517
1685512359216	1685512359206	-9.570	-5.710	1.381	-1.482	0.167	0.495	0.479	-3.661	1.188	126.975479	37.295498
1685512359230	1685512359216	-9.589	-5.844	1.197	-1.405	0.134	0.426	0.160	-3.922	1.171	126.975479	37.295498
1685512359236	1685512359230	-9.941	-5.976	0.998	-1.305	0.094	0.378	0.089	-4.053	1.168	126.975479	37.295498
1685512359247	1685512359236	-10.781	-6.302	0.915	-1.180	0.084	0.326	0.074	-4.214	1.015	126.975479	37.295498
1685512359256	1685512359247	-12.141	-6.814	0.936	-1.042	0.138	0.252	-0.268	-4.381	0.850	126.975479	37.295498
1685512359266	1685512359257	-13.894	-7.262	0.994	-0.869	0.255	0.147	-1.104	-4.736	0.790	126.975479	37.295498
1685512359276	1685512359266	-15.103	-7.288	1.257	-0.617	0.408	0.035	-2.459	-5.272	0.845	126.975479	37.295498
1685512359287	1685512359276	-15.139	-7.324	1.738	-0.326	0.475	-0.017	-4.211	-5.732	0.936	126.975479	37.295498
1685512359296	1685512359288	-13.537	-7.262	1.844	-0.049	0.347	0.015	-5.420	-5.763	1.247	126.975479	37.295498
1685512359307	1685512359296	-11.325	-6.637	1.494	0.246	0.104	0.090	-5.456	-5.796	1.781	126.975479	37.295498
1685512359317	1685512359307	-9.685	-6.201	1.001	0.503	-0.199	0.136	-3.855	-5.737	1.925	126.975479	37.295498
1685512359327	1685512359317	-9.002	-6.079	0.773	0.590	-0.432	0.066	-1.640	-5.119	1.580	126.975479	37.295498
1685512359338	1685512359327	-9.953	-6.055	0.735	0.553	-0.440	-0.162	0.000	-4.697	1.056	126.975479	37.295498
1685512359349	1685512359338	-12.249	-6.012	0.950	0.523	-0.252	-0.545	0.685	-4.580	0.783	126.975479	37.295498
1685512359356	1685512359349	-14.760	-6.069	0.950	0.562	0.038	-1.020	-0.266	-4.539	0.690	126.975479	37.295498
1685512359367	1685512359357	-16.360	-5.962	0.785	0.699	0.275	-1.454	-2.571	-4.448	0.876	126.975479	37.295498
1685512359378	1685512359367	-16.534	-5.710	0.323	0.869	0.285	-1.732	-5.104	-4.379	0.869	126.975479	37.295498
1685512359387	1685512359379	-15.660	-5.842	0.014	0.952	0.012	-1.857	-6.723	-4.173	0.713	126.975479	37.295498
1685512359398	1685512359387	-14.839	-5.811	-0.074	0.998	-0.330	-1.900	-6.934	-3.740	0.263	126.975479	37.295498
1685512359408	1685512359399	-14.265	-5.533	-0.108	1.051	-0.567	-1.950	-6.093	-3.711	-0.060	126.975479	37.295498
1685512359419	1685512359408	-14.054	-5.397	0.060	1.086	-0.684	-2.062	-5.318	-3.481	-0.208	126.975479	37.295498
1685512359427	1685512359420	-13.865	-5.057	0.290	1.113	-0.704	-2.216	-4.786	-3.038	-0.311	126.975479	37.295498
1685512359437	1685512359427	-13.458	-4.638	0.400	1.129	-0.694	-2.370	-4.642	-2.672	-0.256	126.975479	37.295498
1685512359448	1685512359437	-12.850	-4.147	0.311	1.140	-0.716	-2.524	-4.513	-2.148	-0.115	126.975479	37.295498
1685512359457	1685512359448	-12.139	-3.855	0.362	1.139	-0.770	-2.689	-4.180	-1.513	-0.103	126.975479	37.295498
1685512359468	1685512359457	-11.463	-3.754	0.347	1.103	-0.814	-2.861	-3.658	-0.795	-0.294	126.975479	37.295498
1685512359479	1685512359468	-10.915	-3.584	0.350	1.036	-0.838	-3.031	-3.055	-0.239	-0.364	126.975479	37.295498
1685512359487	1685512359480	-10.482	-3.448	0.378	0.957	-0.839	-3.194	-2.480	0.081	-0.484	126.975479	37.295498
1685512359497	1685512359487	-10.108	-3.508	0.352	0.882	-0.837	-3.349	-2.073	0.539	-0.608	126.975479	37.295498
1685512359507	1685512359497	-9.957	-3.270	0.373	0.827	-0.826	-3.490	-1.769	0.919	-0.682	126.975479	37.295498
1685512359517	1685512359507	-9.828	-3.148	0.381	0.806	-0.815	-3.609	-1.556	1.140	-0.821	126.975479	37.295498
1685512359528	1685512359518	-9.682	-3.203	0.290	0.790	-0.814	-3.701	-1.583	1.662	-0.907	126.975479	37.295498
1685512359537	1685512359529	-9.639	-3.191	0.168	0.783	-0.832	-3.771	-1.647	2.071	-1.010	126.975479	37.295498
1685512359548	1685512359537	-9.625	-3.036	0.132	0.800	-0.841	-3.835	-1.712	2.303	-1.209	126.975479	37.295498
1685512359557	1685512359548	-9.606	-2.919	0.057	0.832	-0.855	-3.872	-1.918	2.629	-1.451	126.975479	37.295498
1685512359568	1685512359557	-9.495	-2.761	-0.062	0.869	-0.896	-3.868	-2.121	3.036	-1.587	126.975479	37.295498
1685512359578	1685512359568	-9.342	-2.622	-0.091	0.880	-0.942	-3.839	-2.385	3.450	-1.788	126.975479	37.295498
1685512359588	1685512359578	-9.177	-2.583	-0.110	0.871	-0.999	-3.791	-2.516	3.840	-2.016	126.975479	37.295498
1685512359597	1685512359588	-8.938	-2.490	-0.079	0.856	-1.043	-3.729	-2.638	4.223	-2.169	126.975479	37.295498
1685512359608	1685512359597	-8.844	-2.433	-0.134	0.836	-1.070	-3.653	-2.758	4.492	-2.313	126.975479	37.295498
1685512359617	1685512359609	-8.894	-2.334	-0.098	0.806	-1.065	-3.572	-2.842	4.822	-2.423	126.975479	37.295498
1685512359627	1685512359617	-8.830	-2.229	-0.151	0.766	-1.053	-3.487	-3.002	5.049	-2.586	126.975479	37.295498
1685512359639	1685512359627	-8.552	-2.157	-0.144	0.712	-1.053	-3.382	-3.323	5.315	-2.662	126.975479	37.295498
1685512359649	1685512359640	-8.198	-1.994	-0.263	0.645	-1.071	-3.246	-3.519	5.569	-2.818	126.975479	37.295498
1685512359657	1685512359649	-7.894	-1.956	-0.266	0.568	-1.091	-3.089	-3.486	5.770	-2.904	126.975479	37.295498
1685512359669	1685512359658	-7.721	-1.975	-0.318	0.489	-1.085	-2.926	-3.359	6.045	-3.108	126.975479	37.295498
1685512359677	1685512359669	-7.635	-2.054	-0.235	0.411	-1.051	-2.764	-3.323	6.206	-3.203	126.975479	37.295498
1685512359687	1685512359677	-7.678	-2.076	-0.218	0.347	-0.987	-2.593	-3.314	6.256	-3.309	126.975479	37.295498
1685512359699	1685512359687	-7.738	-2.081	-0.124	0.309	-0.903	-2.409	-3.450	6.268	-3.294	126.975479	37.295498
1685512359708	1685512359699	-7.815	-2.006	-0.268	0.294	-0.823	-2.210	-3.718	6.333	-3.338	126.975479	37.295498
1685512359717	1685512359708	-7.815	-1.836	-0.412	0.279	-0.770	-1.991	-4.010	6.409	-3.306	126.975479	37.295498
1685512359727	1685512359717	-7.578	-1.654	-0.462	0.248	-0.737	-1.756	-4.300	6.555	-3.505	126.975479	37.295498
1685512359737	1685512359731	-7.240	-1.592	-0.515	0.197	-0.709	-1.506	-4.515	6.790	-3.704	126.975479	37.295498
1685512359748	1685512359737	-6.838	-1.650	-0.512	0.131	-0.678	-1.244	-4.439	7.015	-3.795	126.975479	37.295498
1685512359757	1685512359749	-6.665	-1.781	-0.333	0.062	-0.624	-0.979	-4.254	7.118	-3.886	126.975479	37.295498
1685512359768	1685512359757	-6.948	-1.970	-0.280	0.000	-0.525	-0.728	-3.984	7.092	-3.915	126.975479	37.295498
1685512359777	1685512359769	-7.506	-2.025	-0.077	-0.033	-0.371	-0.497	-3.929	6.986	-3.761	126.975479	37.295498
1685512359787	1685512359778	-8.358	-2.009	-0.034	-0.023	-0.177	-0.268	-4.286	6.816	-3.721	126.975479	37.295498
1685512359797	1685512359788	-9.201	-2.124	-0.134	0.004	0.016	-0.001	-4.906	6.776	-3.524	126.975479	37.295498
1685512359807	1685512359797	-9.687	-2.356	-0.105	0.022	0.170	0.324	-5.784	6.800	-3.484	126.975479	37.295498
1685512359817	1685512359808	-10.029	-2.638	-0.153	0.018	0.309	0.699	-6.627	6.685	-3.584	126.975479	37.295498
1685512359828	1685512359818	-9.797	-2.744	-0.043	-0.015	0.415	1.111	-7.080	6.443	-3.553	126.975479	37.295498
1685512359837	1685512359829	-9.598	-2.818	-0.067	-0.068	0.469	1.534	-7.350	6.141	-3.594	126.975479	37.295498
1685512359848	1685512359837	-9.742	-2.959	0.148	-0.130	0.520	1.950	-7.005	6.007	-3.472	126.975479	37.295498
1685512359857	1685512359849	-10.348	-3.045	0.584	-0.187	0.638	2.325	-6.642	5.887	-3.474	126.975479	37.295498
1685512359868	1685512359858	-11.389	-3.373	0.826	-0.235	0.837	2.649	-6.618	5.696	-3.235	126.975479	37.295498
1685512359878	1685512359869	-12.471	-3.692	1.022	-0.252	1.062	2.932	-6.979	5.533	-2.758	126.975479	37.295498
1685512359889	1685512359879	-13.580	-4.128	1.267	-0.208	1.288	3.192	-7.793	5.128	-2.471	126.975479	37.295498
1685512359898	1685512359890	-14.461	-4.152	1.346	-0.109	1.470	3.444	-8.593	4.709	-2.215	126.975479	37.295498
1685512359909	1685512359898	-15.117	-4.209	1.360	0.026	1.602	3.691	-9.395	4.152	-1.901	126.975479	37.295498
1685512359917	1685512359910	-15.555	-4.381	1.355	0.180	1.702	3.938	-9.914	3.965	-1.741	126.975479	37.295498
1685512359927	1685512359918	-15.775	-4.571	1.403	0.321	1.780	4.171	-10.259	3.752	-1.662	126.975479	37.295498
1685512359937	1685512359928	-15.543	-4.870	1.468	0.428	1.826	4.373	-10.338	3.373	-1.595	126.975479	37.295498
1685512359949	1685512359938	-14.906	-4.932	1.623	0.514	1.851	4.524	-10.187	2.950	-1.475	126.975479	37.295498
1685512359958	1685512359950	-14.071	-4.796	1.875	0.610	1.835	4.614	-9.579	2.387	-1.336	126.975479	37.295498
1685512359968	1685512359958	-13.008	-4.611	2.143	0.718	1.784	4.643	-8.569	2.030	-1.104	126.975479	37.295498
1685512359978	1685512359969	-12.091	-4.350	2.349	0.812	1.734	4.606	-7.264	1.753	-0.747	126.975479	37.295498
1685512359989	1685512359979	-11.243	-4.106	2.682	0.860	1.681	4.505	-5.959	1.697	-0.426	126.975479	37.295498
1685512359999	1685512359989	-10.530	-3.974	2.890	0.858	1.651	4.346	-4.717	1.607	-0.144	126.975479	37.295498
1685512360011	1685512359999	-10.080	-3.730	3.112	0.819	1.646	4.136	-3.567	1.492	0.263	126.975479	37.295498
1685512360019	1685512360011	-9.852	-3.651	3.141	0.764	1.659	3.890	-2.552	1.226	0.563	126.975479	37.295498
1685512360030	1685512360019	-9.689	-3.519	3.069	0.701	1.687	3.630	-1.879	1.152	0.869	126.975479	37.295498
1685512360040	1685512360030	-9.503	-3.472	2.873	0.606	1.682	3.373	-1.391	0.821	1.020	126.975479	37.295498
1685512360051	1685512360041	-9.225	-3.615	2.658	0.443	1.615	3.134	-1.073	0.694	1.039	126.975479	37.295498
1685512360061	1685512360051	-8.973	-3.826	2.397	0.226	1.499	2.921	-0.699	0.405	0.977	126.975479	37.295498
1685512360073	1685512360061	-8.856	-3.869	2.298	-0.012	1.372	2.732	-0.290	0.005	0.876	126.975479	37.295498
1685512360080	1685512360073	-8.890	-4.017	2.085	-0.226	1.266	2.555	0.113	-0.524	0.766	126.975479	37.295498
1685512360092	1685512360080	-9.014	-3.955	1.992	-0.418	1.172	2.382	0.326	-0.792	0.783	126.975479	37.295498
1685512360102	1685512360093	-9.074	-3.965	1.896	-0.599	1.069	2.224	0.395	-1.197	0.704	126.975479	37.295498
1685512360109	1685512360102	-9.009	-4.161	1.896	-0.795	0.951	2.078	0.345	-1.329	0.721	126.975479	37.295498
1685512360119	1685512360109	-9.117	-4.360	2.162	-0.994	0.823	1.941	0.354	-1.542	0.740	126.975479	37.295498
1685512360129	1685512360119	-9.199	-4.645	2.413	-1.142	0.727	1.806	0.476	-1.925	0.848	126.975479	37.295498
1685512360137	1685512360129	-9.187	-4.719	2.696	-1.232	0.651	1.676	0.419	-2.298	1.214	126.975479	37.295498
1685512360150	1685512360137	-8.825	-5.004	2.887	-1.277	0.562	1.558	0.381	-2.746	1.556	126.975479	37.295498
1685512360158	1685512360150	-8.315	-5.004	3.002	-1.293	0.458	1.453	0.431	-2.986	1.935	126.975479	37.295498
1685512360168	1685512360158	-7.669	-5.200	3.079	-1.286	0.351	1.354	0.819	-3.397	2.193	126.975479	37.295498
1685512360179	1685512360168	-7.094	-5.296	2.976	-1.258	0.235	1.261	1.358	-3.543	2.377	126.975479	37.295498
1685512360189	1685512360179	-6.778	-5.217	3.017	-1.201	0.147	1.161	2.023	-3.850	2.502	126.975479	37.295498
1685512360198	1685512360189	-6.778	-5.229	2.863	-1.118	0.111	1.038	2.614	-4.053	2.433	126.975479	37.295498
1685512360208	1685512360198	-7.080	-5.066	2.899	-1.010	0.138	0.893	2.942	-4.056	2.488	126.975479	37.295498
1685512360218	1685512360208	-7.568	-5.049	2.758	-0.893	0.183	0.732	2.954	-4.173	2.361	126.975479	37.295498
1685512360228	1685512360218	-8.097	-4.990	2.579	-0.779	0.219	0.572	2.662	-4.085	2.416	126.975479	37.295498
1685512360238	1685512360228	-8.468	-5.061	2.358	-0.684	0.227	0.421	2.181	-4.135	2.301	126.975464	37.295486
1685512360251	1685512360238	-9.155	-5.138	1.918	-0.611	0.189	0.286	1.657	-4.128	2.150	126.975464	37.295486
1685512360258	1685512360251	-10.120	-5.464	1.666	-0.557	0.139	0.156	1.290	-4.238	1.958	126.975464	37.295486
1685512360268	1685512360258	-11.490	-5.763	1.542	-0.534	0.115	0.023	0.601	-4.283	1.511	126.975464	37.295486
1685512360279	1685512360268	-13.238	-5.902	1.410	-0.509	0.151	-0.120	-0.359	-4.626	1.281	126.975464	37.295486
1685512360288	1685512360279	-14.743	-6.081	1.492	-0.464	0.194	-0.271	-1.729	-4.925	1.168	126.975464	37.295486
1685512360299	1685512360288	-15.517	-6.108	1.803	-0.409	0.193	-0.400	-3.479	-5.049	1.056	126.975464	37.295486
1685512360310	1685512360299	-14.925	-5.892	1.836	-0.352	0.089	-0.486	-4.987	-5.200	1.161	126.975464	37.295486
1685512360319	1685512360311	-13.331	-5.483	1.635	-0.258	-0.154	-0.536	-5.763	-5.186	1.494	126.975464	37.295486
1685512360330	1685512360319	-11.849	-5.296	1.410	-0.162	-0.509	-0.579	-5.176	-4.922	1.539	126.975464	37.295486
1685512360340	1685512360330	-11.370	-5.200	1.140	-0.136	-0.814	-0.665	-3.587	-4.456	1.324	126.975464	37.295486
1685512360360	1685512360340	-11.916	-5.294	1.051	-0.145	-0.854	-0.839	-2.112	-4.216	1.056	126.975464	37.295486
1685512360360	1685512360360	-13.060	-5.459	1.223	-0.145	-0.688	-1.106	-1.642	-4.056	0.709	126.975464	37.295486
1685512360371	1685512360361	-14.219	-5.346	1.166	-0.079	-0.480	-1.400	-2.203	-4.068	0.539	126.975464	37.295486
1685512360380	1685512360371	-14.906	-4.918	1.008	0.089	-0.327	-1.651	-3.369	-4.113	0.639	126.975464	37.295486
1685512360390	1685512360380	-14.815	-4.628	0.644	0.271	-0.329	-1.836	-4.547	-3.879	0.541	126.975464	37.295486
1685512360400	1685512360390	-14.454	-4.568	0.239	0.362	-0.495	-1.978	-5.265	-3.275	0.347	126.975464	37.295486
1685512360410	1685512360401	-14.126	-4.372	0.105	0.376	-0.678	-2.103	-5.205	-2.828	-0.048	126.975464	37.295486
1685512360420	1685512360410	-13.853	-4.202	-0.002	0.341	-0.815	-2.224	-4.884	-2.581	-0.508	126.975464	37.295486
1685512360431	1685512360421	-13.554	-4.159	0.067	0.261	-0.933	-2.364	-4.604	-2.186	-0.713	126.975464	37.295486
1685512360441	1685512360431	-12.991	-4.087	0.110	0.197	-1.010	-2.512	-4.391	-1.808	-0.907	126.975464	37.295486
1685512360451	1685512360441	-12.479	-3.941	0.208	0.150	-1.075	-2.652	-4.159	-1.544	-0.931	126.975464	37.295486
1685512360460	1685512360451	-11.870	-3.735	0.304	0.110	-1.141	-2.790	-3.682	-1.216	-0.998	126.975464	37.295486
1685512360471	1685512360460	-11.317	-3.505	0.393	0.076	-1.175	-2.938	-3.254	-0.850	-0.994	126.975464	37.295486
1685512360482	1685512360471	-10.848	-3.407	0.496	0.045	-1.173	-3.095	-2.761	-0.364	-1.018	126.975464	37.295486
1685512360494	1685512360482	-10.482	-3.237	0.419	0.022	-1.140	-3.249	-2.313	0.101	-1.027	126.975464	37.295486
1685512360502	1685512360494	-10.104	-3.244	0.462	0.005	-1.096	-3.393	-1.978	0.476	-1.030	126.975464	37.295486
1685512360513	1685512360502	-9.689	-3.294	0.445	-0.006	-1.053	-3.520	-1.760	0.931	-1.209	126.975464	37.295486
1685512360522	1685512360513	-9.345	-3.292	0.400	-0.001	-1.005	-3.627	-1.563	1.247	-1.269	126.975464	37.295486
1685512360536	1685512360522	-9.347	-3.163	0.455	0.032	-0.949	-3.706	-1.312	1.465	-1.367	126.975464	37.295486
1685512360541	1685512360536	-9.364	-2.978	0.560	0.089	-0.883	-3.763	-1.164	1.767	-1.494	126.975464	37.295486
1685512360572	1685512360541	-9.213	-3.060	0.555	0.178	-0.805	-3.802	-1.377	2.195	-1.518	126.975464	37.295486
1685512360573	1685512360573	-9.098	-3.036	0.584	0.287	-0.734	-3.806	-1.618	2.674	-1.487	126.975464	37.295486
1685512360574	1685512360573	-8.784	-2.959	0.551	0.387	-0.699	-3.775	-1.705	2.878	-1.563	126.975464	37.295486
1685512360581	1685512360574	-8.440	-2.820	0.426	0.479	-0.699	-3.719	-1.889	3.230	-1.621	126.975464	37.295486
1685512360592	1685512360582	-8.212	-2.598	0.304	0.555	-0.713	-3.638	-1.779	3.515	-1.714	126.975464	37.295486
1685512360602	1685512360592	-7.879	-2.512	0.208	0.599	-0.732	-3.544	-1.697	3.898	-1.918	126.975464	37.295486
1685512360612	1685512360602	-7.705	-2.325	0.170	0.619	-0.746	-3.447	-1.719	4.336	-2.119	126.975464	37.295486
1685512360621	1685512360613	-7.465	-2.282	0.172	0.627	-0.745	-3.345	-1.621	4.609	-2.289	126.975464	37.295486
1685512360631	1685512360621	-7.408	-2.234	0.132	0.615	-0.728	-3.234	-1.659	4.954	-2.397	126.975464	37.295486
1685512360641	1685512360631	-7.281	-2.176	0.211	0.582	-0.696	-3.118	-1.650	5.157	-2.471	126.975464	37.295486
1685512360652	1685512360641	-7.271	-2.150	0.249	0.541	-0.659	-2.997	-1.784	5.327	-2.574	126.975464	37.295486
1685512360660	1685512360652	-7.187	-1.992	0.290	0.505	-0.623	-2.861	-1.887	5.523	-2.567	126.975464	37.295486
1685512360672	1685512360661	-7.159	-1.973	0.328	0.474	-0.583	-2.702	-2.128	5.693	-2.605	126.975464	37.295486
1685512360681	1685512360672	-7.106	-1.908	0.309	0.443	-0.545	-2.523	-2.313	5.993	-2.643	126.975464	37.295486
1685512360692	1685512360682	-7.159	-1.839	0.414	0.408	-0.506	-2.326	-2.495	6.115	-2.665	126.975464	37.295486
1685512360700	1685512360693	-7.271	-1.812	0.419	0.376	-0.456	-2.116	-2.686	6.292	-2.751	126.975464	37.295486
1685512360711	1685512360700	-7.298	-1.786	0.297	0.357	-0.397	-1.892	-2.926	6.440	-2.696	126.975464	37.295486
1685512360720	1685512360711	-7.202	-1.805	0.180	0.338	-0.345	-1.653	-3.230	6.543	-2.741	126.975464	37.295486
1685512360732	1685512360720	-7.197	-1.774	0.136	0.308	-0.304	-1.399	-3.426	6.632	-2.909	126.975464	37.295486
1685512360739	1685512360733	-7.214	-1.808	0.237	0.270	-0.255	-1.134	-3.481	6.665	-3.067	126.975464	37.295486
1685512360756	1685512360740	-7.314	-1.858	0.441	0.227	-0.186	-0.865	-3.606	6.737	-3.148	126.975464	37.295486
1685512360759	1685512360756	-7.436	-1.935	0.520	0.184	-0.099	-0.596	-3.737	6.737	-3.081	126.975464	37.295486
1685512360769	1685512360759	-7.891	-2.016	0.725	0.150	-0.001	-0.324	-3.912	6.709	-2.902	126.975464	37.295486
1685512360781	1685512360769	-8.586	-2.224	0.943	0.130	0.131	-0.044	-4.094	6.646	-2.844	126.975464	37.295486
1685512360791	1685512360782	-9.598	-2.425	1.025	0.127	0.294	0.246	-4.573	6.570	-2.650	126.975464	37.295486
1685512360799	1685512360791	-10.716	-2.660	0.924	0.158	0.486	0.552	-5.267	6.359	-2.437	126.975464	37.295486
1685512360810	1685512360799	-11.454	-2.670	0.606	0.221	0.687	0.894	-6.249	6.146	-2.358	126.975464	37.295486
1685512360820	1685512360810	-11.487	-2.739	0.493	0.272	0.823	1.275	-7.290	5.883	-2.454	126.975464	37.295486
1685512360830	1685512360821	-10.915	-2.770	0.453	0.239	0.819	1.681	-7.949	5.842	-2.770	126.975464	37.295486
1685512360839	1685512360830	-10.262	-3.033	0.680	0.151	0.749	2.077	-7.846	5.717	-2.875	126.975464	37.295486
1685512360851	1685512360839	-10.242	-3.256	1.089	0.045	0.707	2.430	-7.106	5.614	-2.907	126.975464	37.295486
1685512360859	1685512360852	-10.953	-3.395	1.640	-0.028	0.772	2.705	-6.235	5.255	-2.660	126.975464	37.295486
1685512360871	1685512360859	-12.361	-3.450	2.140	-0.016	0.993	2.899	-6.012	4.942	-2.227	126.975464	37.295486
1685512360880	1685512360871	-13.862	-3.407	2.296	0.084	1.274	3.052	-6.404	4.650	-1.630	126.975464	37.295486
1685512360890	1685512360880	-15.206	-3.141	2.155	0.237	1.539	3.203	-7.628	4.501	-1.097	126.975464	37.295486
1685512360901	1685512360891	-15.936	-2.804	1.705	0.368	1.690	3.349	-8.820	4.377	-0.879	126.975464	37.295486
1685512360911	1685512360901	-16.070	-2.859	1.480	0.382	1.684	3.466	-9.869	4.470	-0.958	126.975464	37.295486
1685512360922	1685512360911	-15.869	-3.093	1.250	0.259	1.561	3.558	-10.297	4.611	-1.343	126.975464	37.295486
1685512360935	1685512360922	-15.627	-3.302	1.159	0.077	1.437	3.654	-10.127	4.343	-1.499	126.975464	37.295486
1685512360942	1685512360935	-15.230	-3.469	1.235	-0.108	1.345	3.751	-9.598	3.862	-1.645	126.975464	37.295486
1685512360964	1685512360942	-14.717	-3.699	1.480	-0.280	1.273	3.813	-9.093	3.440	-1.657	126.975464	37.295486
1685512360965	1685512360965	-13.781	-3.713	1.690	-0.451	1.199	3.826	-8.411	3.026	-1.484	126.975464	37.295486
1685512360973	1685512360965	-12.718	-3.575	1.779	-0.634	1.108	3.798	-7.621	2.538	-1.132	126.975464	37.295486
1685512360982	1685512360973	-11.720	-3.294	1.863	-0.821	1.008	3.738	-6.395	2.231	-0.797	126.975464	37.295486
1685512360990	1685512360983	-10.616	-3.330	1.935	-1.045	0.881	3.646	-5.107	2.126	-0.601	126.975464	37.295486
1685512361001	1685512360990	-9.780	-3.500	2.102	-1.294	0.776	3.516	-3.855	2.109	-0.381	126.975464	37.295486
1685512361012	1685512361002	-9.222	-3.618	2.097	-1.494	0.733	3.367	-2.559	1.834	-0.196	126.975464	37.295486
1685512361021	1685512361012	-8.909	-3.666	2.100	-1.618	0.737	3.205	-1.530	1.403	0.098	126.975464	37.295486
1685512361032	1685512361022	-8.710	-3.847	2.107	-1.675	0.742	3.042	-0.797	1.034	0.225	126.975464	37.295486
1685512361041	1685512361032	-8.562	-4.015	1.911	-1.692	0.743	2.886	-0.326	0.742	0.364	126.975464	37.295486
1685512361054	1685512361041	-8.475	-4.077	1.800	-1.686	0.724	2.744	0.014	0.326	0.508	126.975464	37.295486
1685512361063	1685512361054	-8.253	-4.207	1.688	-1.664	0.662	2.619	0.304	-0.091	0.460	126.975464	37.295486
1685512361074	1685512361064	-8.052	-4.278	1.475	-1.627	0.588	2.511	0.493	-0.352	0.464	126.975464	37.295486
1685512361082	1685512361074	-7.819	-4.269	1.255	-1.577	0.498	2.413	0.828	-0.718	0.484	126.975464	37.295486
1685512361094	1685512361082	-7.673	-4.269	1.041	-1.534	0.408	2.320	1.113	-0.979	0.369	126.975464	37.295486
1685512361102	1685512361094	-7.561	-4.379	0.970	-1.509	0.327	2.230	1.427	-1.176	0.244	126.975464	37.295486
1685512361111	1685512361103	-7.549	-4.511	0.948	-1.502	0.254	2.136	1.647	-1.377	0.115	126.975464	37.295486
1685512361120	1685512361112	-7.693	-4.638	0.843	-1.494	0.194	2.040	1.822	-1.674	0.108	126.975464	37.295486
1685512361134	1685512361121	-7.841	-4.741	0.891	-1.477	0.145	1.943	1.870	-1.925	0.120	126.975464	37.295486
1685512361140	1685512361134	-7.879	-4.745	0.962	-1.458	0.111	1.841	1.760	-2.167	0.045	126.975464	37.295486
1685512361153	1685512361141	-7.851	-4.805	0.833	-1.443	0.071	1.740	1.638	-2.365	0.120	126.975464	37.295486
1685512361159	1685512361153	-7.724	-4.827	0.900	-1.445	0.005	1.651	1.623	-2.456	0.215	126.975464	37.295486
1685512361169	1685512361159	-7.640	-4.942	0.833	-1.471	-0.083	1.571	1.674	-2.598	0.108	126.975464	37.295486
1685512361179	1685512361169	-7.745	-5.030	0.828	-1.504	-0.136	1.486	1.824	-2.725	0.196	126.975464	37.295486
1685512361189	1685512361180	-7.975	-5.224	0.836	-1.543	-0.140	1.384	1.918	-2.883	0.136	126.975464	37.295486
1685512361199	1685512361189	-8.241	-5.267	0.843	-1.576	-0.123	1.275	1.829	-3.038	0.139	126.975464	37.295486
1685512361210	1685512361199	-8.440	-5.485	0.836	-1.593	-0.097	1.166	1.611	-3.292	0.153	126.975464	37.295486
1685512361219	1685512361210	-8.703	-5.578	0.725	-1.586	-0.071	1.060	1.355	-3.378	0.168	126.975464	37.295486
1685512361229	1685512361219	-8.739	-5.823	0.627	-1.554	-0.068	0.966	1.161	-3.625	0.172	126.975464	37.295486
1685512361239	1685512361229	-8.789	-5.916	0.517	-1.511	-0.078	0.880	0.903	-3.735	0.077	126.975464	37.295486
1685512361250	1685512361239	-8.971	-6.182	0.402	-1.453	-0.078	0.790	0.869	-3.982	-0.007	126.975464	37.295486
1685512361259	1685512361250	-9.538	-6.426	0.261	-1.379	-0.061	0.691	0.821	-4.089	-0.103	126.975456	37.295479
1685512361270	1685512361259	-10.613	-6.752	0.335	-1.288	-0.005	0.568	0.644	-4.372	-0.201	126.975456	37.295479
1685512361280	1685512361270	-11.954	-7.209	0.522	-1.174	0.095	0.411	0.081	-4.645	-0.326	126.975456	37.295479
1685512361290	1685512361280	-13.125	-7.295	0.596	-1.020	0.231	0.226	-0.984	-4.994	-0.230	126.975456	37.295479
1685512361299	1685512361290	-13.640	-7.264	0.754	-0.809	0.348	0.050	-2.318	-5.490	-0.012	126.975456	37.295479
1685512361310	1685512361299	-13.264	-7.171	0.903	-0.571	0.346	-0.065	-3.484	-5.590	0.096	126.975456	37.295479
1685512361321	1685512361310	-12.134	-6.874	0.639	-0.341	0.209	-0.122	-3.996	-5.559	0.302	126.975456	37.295479
1685512361335	1685512361321	-11.277	-6.838	0.318	-0.138	0.048	-0.186	-3.620	-5.459	0.493	126.975456	37.295479
1685512361341	1685512361335	-11.700	-6.649	0.211	0.018	-0.050	-0.332	-2.492	-5.148	0.256	126.975456	37.295479
1685512361361	1685512361341	-12.914	-6.579	0.156	0.120	0.020	-0.608	-1.638	-5.092	-0.055	126.975456	37.295479
1685512361362	1685512361361	-14.305	-6.603	0.242	0.214	0.195	-0.985	-2.069	-4.870	-0.170	126.975456	37.295479
1685512361371	1685512361362	-15.457	-6.673	0.187	0.315	0.329	-1.349	-3.292	-4.748	-0.225	126.975456	37.295479
1685512361381	1685512361371	-16.254	-6.483	-0.007	0.442	0.382	-1.642	-4.702	-4.669	-0.122	126.975456	37.295479
1685512361392	1685512361382	-16.419	-6.170	-0.230	0.588	0.357	-1.869	-5.878	-4.621	-0.153	126.975456	37.295479
1685512361401	1685512361394	-16.185	-5.933	-0.500	0.710	0.243	-2.039	-6.709	-4.276	-0.321	126.975456	37.295479
1685512361412	1685512361402	-15.754	-5.863	-0.589	0.790	0.100	-2.172	-6.917	-3.788	-0.524	126.975456	37.295479
1685512361421	1685512361412	-15.452	-5.727	-0.457	0.830	-0.018	-2.298	-6.737	-3.340	-0.788	126.975456	37.295479
1685512361433	1685512361421	-15.182	-5.543	-0.290	0.863	-0.072	-2.451	-6.357	-3.089	-0.888	126.975456	37.295479
1685512361442	1685512361433	-14.837	-5.131	-0.093	0.914	-0.100	-2.627	-6.122	-2.739	-0.781	126.975456	37.295479
1685512361454	1685512361442	-14.277	-4.820	0.065	0.988	-0.116	-2.806	-5.928	-2.330	-0.646	126.975456	37.295479
1685512361462	1685512361454	-13.501	-4.515	0.117	1.068	-0.131	-2.975	-5.672	-1.678	-0.491	126.975456	37.295479
1685512361475	1685512361463	-12.778	-4.199	0.146	1.118	-0.159	-3.144	-5.212	-1.116	-0.378	126.975456	37.295479
1685512361484	1685512361475	-12.119	-4.068	0.211	1.133	-0.178	-3.311	-4.573	-0.496	-0.390	126.975456	37.295479
1685512361493	1685512361485	-11.514	-3.855	0.309	1.129	-0.175	-3.465	-3.955	0.036	-0.409	126.975456	37.295479
1685512361504	1685512361494	-10.982	-3.764	0.323	1.117	-0.169	-3.599	-3.457	0.479	-0.417	126.975456	37.295479
1685512361515	1685512361505	-10.625	-3.749	0.421	1.102	-0.150	-3.723	-3.000	0.953	-0.378	126.975456	37.295479
1685512361524	1685512361516	-10.405	-3.730	0.498	1.090	-0.126	-3.845	-2.665	1.369	-0.441	126.975456	37.295479
1685512361541	1685512361525	-10.195	-3.716	0.553	1.098	-0.103	-3.961	-2.485	1.652	-0.407	126.975456	37.295479
1685512361542	1685512361542	-10.120	-3.551	0.572	1.140	-0.087	-4.056	-2.523	2.028	-0.414	126.975456	37.295479
1685512361573	1685512361542	-9.912	-3.397	0.570	1.216	-0.073	-4.123	-2.526	2.310	-0.426	126.975456	37.295479
1685512361574	1685512361574	-9.768	-3.151	0.560	1.321	-0.072	-4.167	-2.703	2.770	-0.484	126.975456	37.295479
1685512361575	1685512361574	-9.582	-3.163	0.450	1.438	-0.095	-4.181	-2.761	3.211	-0.570	126.975456	37.295479
1685512361583	1685512361575	-9.304	-2.971	0.481	1.553	-0.142	-4.162	-2.928	3.761	-0.682	126.975456	37.295479
1685512361592	1685512361583	-8.961	-2.823	0.441	1.654	-0.199	-4.121	-3.007	3.984	-0.891	126.975456	37.295479
1685512361604	1685512361592	-8.775	-2.684	0.390	1.736	-0.257	-4.063	-3.065	4.446	-0.994	126.975456	37.295479
1685512361612	1685512361604	-8.507	-2.480	0.316	1.795	-0.309	-3.989	-3.005	4.798	-1.156	126.975456	37.295479
1685512361622	1685512361614	-8.183	-2.303	0.328	1.824	-0.368	-3.899	-3.136	5.143	-1.355	126.975456	37.295479
1685512361633	1685512361623	-8.021	-2.121	0.242	1.820	-0.429	-3.792	-3.189	5.533	-1.590	126.975456	37.295479
1685512361642	1685512361634	-7.877	-2.191	0.333	1.785	-0.480	-3.673	-3.182	5.871	-1.743	126.975456	37.295479
1685512361653	1685512361642	-7.748	-2.231	0.457	1.720	-0.508	-3.542	-3.309	6.182	-1.992	126.975456	37.295479
1685512361663	1685512361653	-7.846	-2.346	0.469	1.635	-0.513	-3.404	-3.462	6.225	-2.078	126.975456	37.295479
1685512361672	1685512361663	-7.973	-2.222	0.424	1.543	-0.505	-3.258	-3.536	6.249	-2.090	126.975456	37.295479
1685512361682	1685512361672	-8.076	-2.045	0.314	1.454	-0.490	-3.100	-3.910	6.213	-2.241	126.975456	37.295479
1685512361695	1685512361683	-7.949	-1.848	0.199	1.356	-0.492	-2.917	-4.254	6.395	-2.413	126.975456	37.295479
1685512361704	1685512361695	-7.678	-1.614	0.079	1.232	-0.518	-2.698	-4.606	6.630	-2.662	126.975456	37.295479
1685512361714	1685512361705	-7.420	-1.599	0.038	1.085	-0.546	-2.452	-4.721	6.874	-2.907	126.975456	37.295479
1685512361725	1685512361714	-7.149	-1.642	0.005	0.922	-0.562	-2.197	-4.729	7.156	-3.163	126.975456	37.295479
1685512361738	1685512361725	-7.039	-1.642	-0.043	0.755	-0.555	-1.943	-4.681	7.202	-3.302	126.975456	37.295479
1685512361743	1685512361738	-7.125	-1.781	-0.045	0.597	-0.509	-1.693	-4.623	7.185	-3.431	126.975456	37.295479
1685512361765	1685512361744	-7.130	-1.772	0.053	0.453	-0.440	-1.444	-4.702	7.207	-3.560	126.975456	37.295479
1685512361765	1685512361765	-7.192	-1.832	-0.057	0.323	-0.371	-1.184	-4.958	7.084	-3.627	126.975456	37.295479
1685512361772	1685512361766	-7.254	-1.930	-0.060	0.203	-0.305	-0.905	-5.107	7.108	-3.579	126.975456	37.295479
1685512361783	1685512361772	-7.470	-2.059	-0.103	0.089	-0.227	-0.618	-5.310	7.061	-3.733	126.975456	37.295479
1685512361792	1685512361784	-8.061	-2.181	-0.053	-0.017	-0.131	-0.320	-5.447	6.970	-3.752	126.975456	37.295479
1685512361801	1685512361792	-9.014	-2.588	0.017	-0.105	0.002	-0.009	-5.725	6.850	-3.807	126.975456	37.295479
1685512361813	1685512361802	-9.981	-2.847	-0.012	-0.155	0.188	0.326	-6.352	6.732	-3.759	126.975456	37.295479
1685512361821	1685512361813	-10.745	-3.122	0.048	-0.166	0.393	0.689	-7.305	6.330	-3.680	126.975456	37.295479
1685512361831	1685512361822	-10.745	-3.251	0.127	-0.178	0.527	1.091	-8.236	6.072	-3.692	126.975456	37.295479
1685512361840	1685512361831	-10.211	-3.122	0.139	-0.214	0.575	1.530	-8.916	5.789	-3.608	126.975456	37.295479
1685512361852	1685512361840	-9.797	-3.187	0.120	-0.264	0.558	1.961	-8.813	5.648	-3.505	126.975456	37.295479
1685512361861	1685512361852	-10.060	-3.199	0.187	-0.324	0.567	2.332	-8.121	5.753	-3.462	126.975456	37.295479
1685512361872	1685512361861	-11.090	-3.273	0.366	-0.407	0.691	2.605	-7.513	5.655	-3.445	126.975456	37.295479
1685512361882	1685512361872	-12.469	-3.601	0.484	-0.483	0.918	2.790	-7.527	5.593	-3.333	126.975456	37.295479
1685512361891	1685512361882	-13.817	-3.807	0.558	-0.506	1.163	2.941	-8.329	5.471	-3.105	126.975456	37.295479
1685512361902	1685512361891	-14.796	-3.833	0.649	-0.463	1.350	3.102	-9.409	5.071	-2.911	126.975456	37.295479
1685512361911	1685512361903	-15.234	-3.891	0.563	-0.374	1.436	3.283	-10.494	4.796	-2.765	126.975456	37.295479
1685512361921	1685512361911	-15.263	-3.998	0.527	-0.290	1.403	3.484	-11.162	4.676	-2.586	126.975456	37.295479
1685512361934	1685512361921	-15.036	-4.245	0.548	-0.241	1.310	3.699	-11.277	4.506	-2.586	126.975456	37.295479
1685512361943	1685512361934	-14.696	-4.410	0.520	-0.216	1.229	3.910	-10.973	4.264	-2.540	126.975456	37.295479
1685512361962	1685512361943	-14.188	-4.393	0.666	-0.200	1.177	4.093	-10.403	3.859	-2.440	126.975456	37.295479
1685512361963	1685512361962	-13.364	-4.314	0.857	-0.187	1.144	4.220	-9.677	3.493	-2.385	126.975456	37.295479
1685512361972	1685512361963	-12.433	-4.192	1.144	-0.189	1.098	4.285	-8.851	3.323	-2.169	126.975456	37.295479
1685512361982	1685512361972	-11.545	-4.029	1.381	-0.232	1.043	4.294	-7.640	3.153	-1.894	126.975456	37.295479
1685512361993	1685512361982	-10.719	-3.721	1.544	-0.316	1.001	4.255	-6.397	3.053	-1.535	126.975456	37.295479
1685512362002	1685512361993	-10.099	-3.682	1.745	-0.436	0.987	4.165	-5.176	2.954	-1.216	126.975456	37.295479
1685512362012	1685512362002	-9.656	-3.670	1.750	-0.571	1.001	4.026	-4.032	2.993	-0.967	126.975456	37.295479
1685512362022	1685512362013	-9.522	-3.977	1.894	-0.704	1.041	3.853	-3.086	2.729	-0.661	126.975456	37.295479
1685512362033	1685512362023	-9.505	-4.116	1.930	-0.814	1.093	3.670	-2.392	2.495	-0.558	126.975456	37.295479
1685512362043	1685512362033	-9.618	-4.214	1.788	-0.885	1.130	3.497	-2.002	1.920	-0.294	126.975456	37.295479
1685512362055	1685512362044	-9.524	-4.257	1.630	-0.927	1.129	3.346	-1.750	1.518	-0.129	126.975456	37.295479
1685512362063	1685512362056	-9.366	-4.334	1.480	-0.970	1.080	3.223	-1.650	1.161	-0.132	126.975456	37.295479
1685512362075	1685512362064	-9.117	-4.281	1.269	-1.027	0.990	3.128	-1.358	0.867	-0.151	126.975456	37.295479
1685512362086	1685512362075	-8.902	-4.336	0.982	-1.095	0.878	3.042	-0.986	0.488	-0.136	126.975456	37.295479
1685512362095	1685512362086	-8.729	-4.389	0.891	-1.158	0.775	2.947	-0.606	0.345	-0.242	126.975456	37.295479
1685512362102	1685512362095	-8.732	-4.513	0.816	-1.213	0.684	2.841	-0.242	0.043	-0.405	126.975456	37.295479
1685512362113	1685512362103	-8.861	-4.544	0.680	-1.261	0.606	2.718	0.065	-0.249	-0.378	126.975456	37.295479
1685512362122	1685512362114	-8.902	-4.616	0.637	-1.308	0.534	2.583	0.184	-0.611	-0.342	126.975456	37.295479
1685512362132	1685512362123	-8.947	-4.697	0.615	-1.362	0.457	2.441	0.165	-0.871	-0.378	126.975456	37.295479
1685512362141	1685512362135	-8.961	-4.846	0.702	-1.427	0.371	2.298	0.232	-1.188	-0.316	126.975456	37.295479
1685512362155	1685512362144	-8.823	-4.896	0.658	-1.488	0.283	2.154	0.261	-1.456	-0.259	126.975456	37.295479
1685512362161	1685512362155	-8.636	-4.978	0.687	-1.538	0.198	2.015	0.328	-1.817	-0.086	126.975456	37.295479
1685512362172	1685512362161	-8.610	-5.188	0.742	-1.588	0.120	1.879	0.522	-2.028	-0.069	126.975456	37.295479
1685512362182	1685512362173	-8.638	-5.327	0.795	-1.633	0.075	1.743	0.773	-2.308	0.029	126.975456	37.295479
1685512362191	1685512362182	-8.938	-5.523	0.934	-1.663	0.066	1.600	0.833	-2.631	0.124	126.975456	37.295479
1685512362201	1685512362191	-9.491	-5.578	0.941	-1.659	0.106	1.444	0.850	-2.933	0.230	126.975456	37.295479
1685512362211	1685512362202	-9.917	-5.672	1.070	-1.608	0.172	1.277	0.575	-3.220	0.402	126.975456	37.295479
1685512362220	1685512362211	-10.187	-5.792	1.046	-1.533	0.213	1.120	0.053	-3.397	0.460	126.975456	37.295479
1685512362232	1685512362221	-10.278	-5.806	0.986	-1.443	0.206	0.992	-0.347	-3.584	0.632	126.975456	37.295479
1685512362240	1685512362232	-10.029	-5.878	1.073	-1.333	0.194	0.881	-0.591	-3.814	0.666	126.975456	37.295479
1685512362252	1685512362241	-9.938	-5.916	1.001	-1.219	0.164	0.778	-0.663	-3.919	0.654	126.975449	37.295471
1685512362261	1685512362252	-9.835	-5.794	0.802	-1.114	0.130	0.668	-0.395	-4.080	0.788	126.975449	37.295471
1685512362271	1685512362261	-10.104	-5.701	0.565	-1.040	0.108	0.534	-0.292	-4.183	0.749	126.975449	37.295471
1685512362282	1685512362271	-10.963	-6.000	0.783	-1.015	0.099	0.379	-0.177	-4.130	0.584	126.975449	37.295471
1685512362293	1685512362282	-11.993	-6.100	0.948	-1.016	0.151	0.197	-0.436	-4.080	0.373	126.975449	37.295471
1685512362301	1685512362294	-12.608	-6.153	1.118	-0.986	0.250	-0.013	-1.290	-4.415	0.615	126.975449	37.295471
1685512362312	1685512362302	-12.404	-6.110	1.233	-0.921	0.264	-0.191	-2.315	-4.532	0.812	126.975449	37.295471
1685512362322	1685512362312	-11.365	-6.144	1.568	-0.842	0.176	-0.277	-2.933	-4.583	1.025	126.975449	37.295471
1685512362332	1685512362323	-10.034	-6.000	1.484	-0.726	0.040	-0.305	-2.732	-4.523	1.178	126.975449	37.295471
1685512362343	1685512362337	-9.280	-6.026	1.350	-0.551	-0.084	-0.343	-1.695	-4.527	1.542	126.975449	37.295471
1685512362363	1685512362343	-9.869	-6.053	1.298	-0.354	-0.127	-0.437	-0.369	-4.355	1.475	126.975449	37.295471
1685512362364	1685512362364	-11.408	-6.203	1.386	-0.165	-0.021	-0.618	0.378	-4.348	1.341	126.975449	37.295471
1685512362373	1685512362364	-13.048	-6.414	1.346	0.039	0.199	-0.878	-0.218	-4.331	1.283	126.975449	37.295471
1685512362383	1685512362374	-14.207	-6.486	1.192	0.276	0.348	-1.107	-1.769	-4.413	1.372	126.975449	37.295471
1685512362393	1685512362383	-15.079	-6.251	0.824	0.563	0.359	-1.219	-3.424	-4.554	1.346	126.975449	37.295471
1685512362403	1685512362394	-15.249	-6.005	0.426	0.853	0.263	-1.251	-4.604	-4.520	1.221	126.975449	37.295471
1685512362414	1685512362403	-15.076	-5.906	0.175	1.073	0.095	-1.261	-5.499	-4.168	0.876	126.975449	37.295471
1685512362423	1685512362414	-14.679	-5.801	-0.031	1.185	-0.097	-1.285	-5.698	-3.802	0.484	126.975449	37.295471
1685512362434	1685512362424	-14.267	-5.660	-0.134	1.224	-0.258	-1.337	-5.555	-3.582	0.218	126.975449	37.295471
1685512362444	1685512362434	-13.927	-5.406	-0.136	1.246	-0.384	-1.417	-5.191	-3.342	-0.026	126.975449	37.295471
1685512362455	1685512362444	-13.676	-5.071	0.014	1.255	-0.483	-1.541	-4.808	-3.086	-0.180	126.975449	37.295471
1685512362463	1685512362455	-13.159	-4.709	0.069	1.235	-0.545	-1.714	-4.506	-2.701	-0.251	126.975449	37.295471
1685512362475	1685512362464	-12.517	-4.429	0.091	1.191	-0.579	-1.911	-4.298	-2.222	-0.180	126.975449	37.295471
1685512362483	1685512362475	-11.739	-4.118	0.204	1.140	-0.612	-2.106	-3.838	-1.688	-0.220	126.975449	37.295471
1685512362495	1685512362484	-11.006	-3.881	0.271	1.078	-0.648	-2.301	-3.251	-1.250	-0.283	126.975449	37.295471
1685512362505	1685512362495	-10.489	-3.620	0.436	0.999	-0.668	-2.508	-2.552	-0.730	-0.273	126.975449	37.295471
1685512362516	1685512362505	-10.044	-3.620	0.510	0.909	-0.662	-2.729	-1.894	-0.309	-0.292	126.975449	37.295471
1685512362525	1685512362518	-9.811	-3.488	0.527	0.816	-0.628	-2.960	-1.472	0.170	-0.225	126.975449	37.295471
1685512362546	1685512362526	-9.809	-3.455	0.460	0.735	-0.574	-3.200	-1.137	0.409	-0.244	126.975449	37.295471
1685512362547	1685512362547	-9.716	-3.292	0.479	0.677	-0.518	-3.428	-1.034	0.795	-0.318	126.975449	37.295471
1685512362569	1685512362547	-9.534	-3.357	0.352	0.621	-0.508	-3.621	-1.178	1.101	-0.467	126.975449	37.295471
1685512362571	1685512362570	-9.352	-3.395	0.256	0.593	-0.525	-3.774	-1.269	1.580	-0.532	126.975449	37.295471
1685512362575	1685512362571	-9.349	-3.419	0.304	0.618	-0.536	-3.899	-1.255	1.781	-0.725	126.975449	37.295471
1685512362585	1685512362575	-9.369	-3.335	0.407	0.695	-0.533	-4.006	-1.300	2.076	-0.903	126.975449	37.295471
1685512362594	1685512362587	-9.510	-3.304	0.472	0.811	-0.513	-4.092	-1.499	2.322	-0.924	126.975449	37.295471
1685512362604	1685512362595	-9.582	-3.077	0.407	0.957	-0.489	-4.145	-1.762	2.708	-0.903	126.975449	37.295471
1685512362614	1685512362605	-9.500	-2.871	0.333	1.106	-0.487	-4.161	-2.162	3.033	-0.927	126.975449	37.295471
1685512362624	1685512362615	-9.333	-2.643	0.160	1.228	-0.519	-4.139	-2.538	3.575	-1.099	126.975449	37.295471
1685512362634	1685512362624	-9.041	-2.504	0.103	1.324	-0.572	-4.079	-2.717	4.025	-1.271	126.975449	37.295471
1685512362644	1685512362634	-8.839	-2.291	0.077	1.381	-0.628	-3.983	-2.849	4.506	-1.563	126.975449	37.295471
1685512362656	1685512362644	-8.717	-2.121	0.151	1.394	-0.682	-3.863	-2.859	4.875	-1.753	126.975449	37.295471
1685512362664	1685512362656	-8.638	-2.090	0.254	1.373	-0.711	-3.734	-2.950	5.289	-1.915	126.975449	37.295471
1685512362674	1685512362665	-8.564	-1.997	0.333	1.328	-0.723	-3.589	-3.108	5.631	-1.978	126.975449	37.295471
1685512362684	1685512362675	-8.643	-1.812	0.242	1.266	-0.728	-3.432	-3.354	5.844	-2.037	126.975449	37.295471
1685512362695	1685512362684	-8.602	-1.413	0.148	1.180	-0.737	-3.251	-3.464	6.029	-2.059	126.975449	37.295471
1685512362705	1685512362696	-8.219	-1.094	-0.110	1.056	-0.764	-3.043	-3.768	6.314	-2.270	126.975449	37.295471
1685512362716	1685512362706	-7.788	-1.051	-0.211	0.878	-0.825	-2.798	-3.943	6.804	-2.478	126.975449	37.295471
1685512362725	1685512362716	-7.269	-1.128	-0.215	0.665	-0.888	-2.519	-3.773	7.204	-2.844	126.975449	37.295471
1685512362734	1685512362725	-6.974	-1.247	-0.254	0.446	-0.914	-2.235	-3.553	7.324	-3.043	126.975449	37.295471
1685512362744	1685512362734	-6.888	-1.324	-0.206	0.246	-0.898	-1.958	-3.266	7.329	-3.144	126.975449	37.295471
1685512362767	1685512362746	-6.812	-1.518	-0.069	0.073	-0.852	-1.691	-3.165	7.276	-3.247	126.975449	37.295471
1685512362780	1685512362767	-6.773	-1.623	0.031	-0.062	-0.778	-1.421	-3.273	7.264	-3.254	126.975449	37.295471
1685512362780	1685512362780	-6.840	-1.602	0.002	-0.158	-0.698	-1.141	-3.369	7.128	-3.153	126.975449	37.295471
1685512362782	1685512362780	-7.166	-1.623	-0.067	-0.208	-0.616	-0.850	-3.493	7.077	-3.077	126.975449	37.295471
1685512362792	1685512362782	-7.750	-1.674	-0.285	-0.228	-0.523	-0.555	-3.668	7.137	-3.112	126.975449	37.295471
1685512362803	1685512362792	-8.712	-1.846	-0.558	-0.238	-0.401	-0.252	-4.106	7.154	-3.184	126.975449	37.295471
1685512362812	1685512362804	-9.701	-2.195	-0.713	-0.253	-0.228	0.067	-4.743	7.123	-3.397	126.975449	37.295471
1685512362822	1685512362813	-10.420	-2.543	-0.804	-0.277	-0.049	0.415	-5.744	6.967	-3.661	126.975449	37.295471
1685512362833	1685512362822	-10.625	-2.818	-0.792	-0.313	0.073	0.816	-6.735	6.622	-3.802	126.975449	37.295471
1685512362843	1685512362834	-10.290	-3.021	-0.737	-0.362	0.112	1.260	-7.415	6.273	-3.869	126.975449	37.295471
1685512362854	1685512362844	-9.689	-2.993	-0.620	-0.414	0.121	1.702	-7.554	5.983	-3.831	126.975449	37.295471
1685512362863	1685512362855	-9.586	-3.017	-0.481	-0.475	0.134	2.103	-7.082	5.744	-3.733	126.975449	37.295471
1685512362872	1685512362864	-10.283	-3.165	-0.151	-0.563	0.236	2.428	-6.359	5.739	-3.582	126.975449	37.295471
1685512362882	1685512362874	-11.554	-3.527	0.101	-0.667	0.478	2.657	-6.031	5.646	-3.388	126.975449	37.295471
1685512362894	1685512362882	-12.943	-3.795	0.383	-0.732	0.772	2.816	-6.555	5.437	-3.012	126.975449	37.295471
1685512362902	1685512362894	-14.214	-4.269	0.563	-0.713	1.043	2.964	-7.561	4.985	-2.679	126.975449	37.295471
1685512362914	1685512362903	-15.179	-4.523	0.634	-0.599	1.253	3.141	-8.717	4.630	-2.310	126.975449	37.295471
1685512362924	1685512362914	-15.857	-4.506	0.699	-0.409	1.416	3.337	-9.658	4.022	-2.004	126.975449	37.295471
1685512362933	1685512362924	-16.020	-4.721	0.709	-0.191	1.536	3.537	-10.362	3.649	-1.836	126.975449	37.295471
1685512362944	1685512362934	-15.809	-4.920	0.620	0.023	1.618	3.746	-10.736	3.510	-1.666	126.975449	37.295471
1685512362964	1685512362944	-15.340	-5.126	0.601	0.205	1.668	3.954	-10.582	3.112	-1.561	126.975449	37.295471
1685512362964	1685512362964	-14.427	-5.272	0.512	0.357	1.681	4.122	-10.046	2.703	-1.561	126.975449	37.295471
1685512362974	1685512362964	-13.355	-5.193	0.572	0.506	1.660	4.226	-9.244	2.258	-1.496	126.975449	37.295471
1685512362983	1685512362974	-12.160	-4.961	0.788	0.663	1.629	4.260	-7.934	1.791	-1.489	126.975449	37.295471
1685512362994	1685512362984	-10.968	-4.812	1.073	0.815	1.585	4.237	-6.598	1.638	-1.369	126.975449	37.295471
1685512363004	1685512362994	-9.934	-4.472	1.393	0.948	1.539	4.167	-5.088	1.563	-1.085	126.975449	37.295471
1685512363015	1685512363004	-8.981	-4.113	1.523	1.062	1.515	4.059	-3.596	1.391	-0.737	126.975449	37.295471
1685512363024	1685512363015	-8.380	-3.685	1.765	1.157	1.521	3.891	-2.282	1.401	-0.359	126.975449	37.295471
1685512363035	1685512363024	-8.021	-3.417	1.848	1.234	1.558	3.670	-1.073	1.427	-0.172	126.975449	37.295471
1685512363045	1685512363035	-8.011	-3.134	1.911	1.271	1.620	3.407	-0.213	1.489	0.134	126.975449	37.295471
1685512363056	1685512363045	-8.159	-2.981	1.824	1.242	1.684	3.123	0.333	1.468	0.278	126.975449	37.295471
1685512363066	1685512363056	-8.229	-2.966	1.733	1.124	1.709	2.841	0.527	1.441	0.417	126.975449	37.295471
1685512363078	1685512363068	-8.191	-3.045	1.650	0.903	1.659	2.584	0.541	1.307	0.421	126.975449	37.295471
1685512363086	1685512363079	-8.124	-3.141	1.630	0.610	1.534	2.365	0.627	1.032	0.443	126.975449	37.295471
1685512363095	1685512363087	-7.975	-3.230	1.539	0.298	1.377	2.183	0.776	0.735	0.460	126.975449	37.295471
1685512363103	1685512363096	-7.966	-3.421	1.633	0.007	1.222	2.028	0.955	0.397	0.570	126.975449	37.295471
1685512363114	1685512363105	-7.894	-3.670	1.767	-0.265	1.076	1.889	1.185	0.127	0.582	126.975449	37.295471
1685512363123	1685512363114	-8.018	-3.730	1.798	-0.496	0.949	1.758	1.267	-0.239	0.766	126.975449	37.295471
1685512363134	1685512363124	-8.076	-3.735	1.796	-0.673	0.841	1.632	1.396	-0.639	0.977	126.975449	37.295471
1685512363142	1685512363135	-8.064	-3.766	1.848	-0.827	0.733	1.506	1.314	-0.821	1.065	126.975449	37.295471
1685512363158	1685512363142	-8.143	-4.027	1.894	-0.974	0.618	1.383	1.293	-0.931	1.113	126.975449	37.295471
1685512363163	1685512363158	-8.193	-4.154	1.963	-1.111	0.508	1.256	1.338	-1.065	1.219	126.975449	37.295471
1685512363172	1685512363163	-8.210	-4.372	2.047	-1.205	0.426	1.131	1.279	-1.391	1.295	126.975449	37.295471
1685512363182	1685512363172	-8.430	-4.518	2.071	-1.262	0.363	1.024	1.252	-1.592	1.403	126.975449	37.295471
1685512363194	1685512363183	-8.653	-4.484	1.968	-1.282	0.324	0.925	1.247	-1.851	1.508	126.975449	37.295471
1685512363202	1685512363194	-8.854	-4.606	1.872	-1.288	0.296	0.825	1.039	-2.035	1.554	126.975449	37.295471
1685512363212	1685512363203	-9.091	-4.767	1.836	-1.288	0.272	0.726	0.824	-2.025	1.465	126.975449	37.295471
1685512363222	1685512363213	-9.309	-4.858	1.879	-1.271	0.254	0.632	0.627	-2.164	1.384	126.975449	37.295471
1685512363232	1685512363222	-9.282	-5.033	2.049	-1.227	0.228	0.544	0.390	-2.322	1.353	126.975449	37.295471
1685512363242	1685512363232	-9.234	-5.097	1.951	-1.155	0.186	0.472	0.172	-2.413	1.410	126.975449	37.295471
1685512363255	1685512363242	-9.249	-5.073	1.942	-1.053	0.144	0.413	0.201	-2.593	1.602	126.975441	37.295464
1685512363266	1685512363255	-9.392	-5.104	1.863	-0.942	0.126	0.349	0.251	-2.662	1.525	126.975441	37.295464
1685512363273	1685512363266	-9.546	-4.961	1.504	-0.844	0.117	0.271	0.239	-2.648	1.535	126.975441	37.295464
1685512363282	1685512363273	-9.778	-4.879	1.346	-0.765	0.106	0.178	0.101	-2.696	1.484	126.975441	37.295464
1685512363292	1685512363282	-10.163	-5.095	1.329	-0.738	0.082	0.075	-0.048	-2.557	1.142	126.975441	37.295464
1685512363302	1685512363292	-10.803	-5.274	1.472	-0.739	0.075	-0.042	-0.278	-2.485	1.008	126.975441	37.295464
1685512363314	1685512363302	-11.519	-5.389	1.659	-0.711	0.120	-0.178	-0.661	-2.705	1.018	126.975441	37.295464
1685512363324	1685512363314	-12.258	-5.535	1.946	-0.652	0.164	-0.310	-1.300	-2.878	1.185	126.975441	37.295464
1685512363334	1685512363324	-13.036	-6.024	2.361	-0.571	0.178	-0.415	-2.021	-2.974	1.401	126.975441	37.295464
1685512363344	1685512363334	-13.666	-5.837	2.200	-0.420	0.204	-0.492	-2.768	-3.086	1.724	126.975441	37.295464
1685512363364	1685512363344	-13.932	-5.725	1.848	-0.182	0.213	-0.552	-3.555	-3.539	2.164	126.975441	37.295464
1685512363365	1685512363364	-14.207	-5.813	1.463	0.033	0.117	-0.590	-4.197	-3.304	2.035	126.975441	37.295464
1685512363376	1685512363365	-14.715	-5.681	0.989	0.189	-0.004	-0.627	-4.477	-3.139	1.707	126.975441	37.295464
1685512363384	1685512363376	-14.961	-5.454	0.579	0.304	-0.098	-0.702	-4.769	-3.165	1.334	126.975441	37.295464
1685512363394	1685512363385	-15.316	-5.365	0.261	0.364	-0.221	-0.819	-5.294	-2.981	0.855	126.975441	37.295464
1685512363404	1685512363395	-15.517	-5.337	0.022	0.371	-0.373	-0.954	-5.559	-2.682	0.426	126.975441	37.295464
1685512363415	1685512363405	-15.646	-5.112	-0.153	0.363	-0.507	-1.103	-5.935	-2.523	0.079	126.975441	37.295464
1685512363424	1685512363416	-15.598	-4.980	-0.239	0.353	-0.626	-1.269	-6.165	-2.406	-0.204	126.975441	37.295464
1685512363436	1685512363425	-15.445	-4.949	-0.486	0.310	-0.783	-1.460	-6.328	-2.081	-0.436	126.975441	37.295464
1685512363446	1685512363436	-15.151	-4.791	-0.539	0.263	-0.930	-1.664	-6.323	-1.832	-0.591	126.975441	37.295464
1685512363456	1685512363446	-14.799	-4.559	-0.505	0.215	-1.056	-1.861	-6.220	-1.666	-0.922	126.975441	37.295464
1685512363466	1685512363457	-14.037	-4.372	-0.421	0.180	-1.185	-2.043	-5.990	-1.341	-1.077	126.975441	37.295464
1685512363478	1685512363466	-13.041	-4.096	-0.378	0.166	-1.286	-2.210	-5.703	-0.958	-1.137	126.975441	37.295464
1685512363487	1685512363478	-12.141	-3.780	-0.309	0.159	-1.365	-2.365	-5.035	-0.567	-1.180	126.975441	37.295464
1685512363499	1685512363487	-11.274	-3.613	-0.151	0.122	-1.420	-2.523	-4.125	-0.115	-1.245	126.975441	37.295464
1685512363507	1685512363499	-10.448	-3.438	0.014	0.056	-1.421	-2.688	-3.345	0.426	-1.317	126.975441	37.295464
1685512363518	1685512363507	-9.835	-3.378	0.117	-0.026	-1.388	-2.859	-2.588	0.792	-1.276	126.975441	37.295464
1685512363526	1685512363518	-9.261	-3.340	0.263	-0.105	-1.332	-3.036	-1.930	1.243	-1.259	126.975441	37.295464
1685512363538	1685512363527	-8.921	-3.369	0.359	-0.171	-1.253	-3.216	-1.441	1.496	-1.250	126.975441	37.295464
1685512363552	1685512363539	-8.703	-3.371	0.347	-0.209	-1.157	-3.389	-1.053	1.815	-1.219	126.975441	37.295464
1685512363570	1685512363553	-8.633	-3.359	0.457	-0.210	-1.047	-3.548	-0.883	2.023	-1.207	126.975441	37.295464
1685512363571	1685512363571	-8.531	-3.419	0.354	-0.170	-0.938	-3.686	-0.893	2.320	-1.307	126.975441	37.295464
1685512363577	1685512363572	-8.600	-3.302	0.278	-0.081	-0.833	-3.797	-1.025	2.581	-1.259	126.975441	37.295464
1685512363585	1685512363578	-8.519	-3.263	0.213	0.061	-0.740	-3.872	-1.238	2.883	-1.439	126.975441	37.295464
1685512363595	1685512363585	-8.440	-3.105	0.089	0.237	-0.676	-3.905	-1.487	3.191	-1.554	126.975441	37.295464
1685512363605	1685512363596	-8.308	-2.969	-0.022	0.429	-0.644	-3.899	-1.705	3.527	-1.681	126.975441	37.295464
1685512363616	1685512363605	-8.164	-2.883	-0.132	0.607	-0.630	-3.858	-1.879	3.915	-1.860	126.975441	37.295464
1685512363625	1685512363616	-8.143	-2.806	-0.081	0.757	-0.633	-3.786	-2.049	4.302	-2.042	126.975441	37.295464
1685512363636	1685512363625	-8.191	-2.648	-0.077	0.872	-0.635	-3.693	-2.140	4.566	-2.212	126.975441	37.295464
1685512363645	1685512363636	-8.243	-2.562	-0.086	0.962	-0.635	-3.585	-2.428	4.855	-2.258	126.975441	37.295464
1685512363657	1685512363645	-8.222	-2.344	-0.165	1.024	-0.644	-3.462	-2.648	5.124	-2.313	126.975441	37.295464
1685512363666	1685512363657	-8.229	-2.217	-0.187	1.058	-0.656	-3.319	-2.964	5.363	-2.421	126.975441	37.295464
1685512363677	1685512363666	-8.181	-2.100	-0.192	1.057	-0.676	-3.157	-3.179	5.705	-2.595	126.975441	37.295464
1685512363686	1685512363677	-8.095	-1.956	-0.194	1.019	-0.698	-2.979	-3.455	5.959	-2.732	126.975441	37.295464
1685512363697	1685512363686	-8.100	-1.750	-0.254	0.948	-0.705	-2.790	-3.618	6.165	-2.832	126.975441	37.295464
1685512363706	1685512363697	-8.210	-1.714	-0.206	0.845	-0.695	-2.599	-3.795	6.412	-2.952	126.975441	37.295464
1685512363717	1685512363708	-8.375	-1.604	-0.165	0.722	-0.665	-2.399	-4.005	6.689	-3.103	126.975441	37.295464
1685512363727	1685512363717	-8.478	-1.664	-0.055	0.599	-0.611	-2.189	-4.355	6.804	-3.156	126.975441	37.295464
1685512363737	1685512363728	-8.538	-1.654	-0.153	0.496	-0.549	-1.965	-4.745	6.981	-3.201	126.975441	37.295464
1685512363747	1685512363738	-8.399	-1.614	-0.259	0.408	-0.494	-1.707	-5.057	6.981	-3.165	126.975441	37.295464
1685512363772	1685512363748	-8.095	-1.662	-0.306	0.324	-0.445	-1.412	-5.303	7.041	-3.323	126.975441	37.295464
1685512363775	1685512363775	-7.726	-1.779	-0.249	0.237	-0.390	-1.095	-5.346	7.125	-3.486	126.975441	37.295464
1685512363776	1685512363776	-7.403	-1.832	-0.316	0.151	-0.335	-0.772	-5.167	7.106	-3.570	126.975441	37.295464
1685512363793	1685512363783	-7.623	-1.891	-0.393	0.076	-0.266	-0.454	-4.918	7.015	-3.548	126.975441	37.295464
1685512363795	1685512363793	-8.442	-2.052	-0.381	0.024	-0.142	-0.151	-4.664	6.977	-3.637	126.975441	37.295464
1685512363806	1685512363796	-9.565	-2.301	-0.285	-0.004	0.060	0.148	-4.934	6.929	-3.725	126.975441	37.295464
1685512363814	1685512363806	-10.726	-2.452	-0.287	-0.004	0.304	0.454	-5.772	6.771	-3.721	126.975441	37.295464
1685512363823	1685512363818	-11.473	-2.751	-0.342	0.000	0.509	0.790	-6.879	6.517	-3.622	126.975441	37.295464
1685512363833	1685512363824	-11.399	-3.012	-0.323	-0.004	0.627	1.178	-7.994	6.354	-3.618	126.975441	37.295464
1685512363843	1685512363834	-10.503	-3.043	-0.208	-0.022	0.659	1.608	-8.655	6.033	-3.658	126.975441	37.295464
1685512363856	1685512363843	-9.230	-3.026	-0.139	-0.055	0.607	2.031	-8.456	5.739	-3.620	126.975441	37.295464
1685512363864	1685512363856	-8.590	-2.945	0.129	-0.110	0.542	2.388	-7.398	5.660	-3.484	126.975441	37.295464
1685512363874	1685512363866	-8.665	-3.091	0.326	-0.192	0.563	2.643	-5.928	5.614	-3.390	126.975441	37.295464
1685512363883	1685512363874	-9.629	-3.160	0.613	-0.275	0.734	2.771	-5.023	5.600	-3.089	126.975441	37.295464
1685512363894	1685512363884	-11.258	-3.309	0.888	-0.292	1.004	2.792	-4.901	5.382	-2.861	126.975441	37.295464
1685512363903	1685512363894	-13.041	-3.385	1.049	-0.205	1.322	2.793	-5.610	5.212	-2.523	126.975441	37.295464
1685512363916	1685512363904	-14.478	-3.563	0.948	-0.034	1.613	2.853	-6.977	4.958	-2.181	126.975441	37.295464
1685512363927	1685512363916	-15.368	-3.749	0.833	0.155	1.784	2.972	-8.490	4.764	-1.946	126.975441	37.295464
1685512363935	1685512363927	-15.433	-3.847	0.622	0.303	1.792	3.146	-9.649	4.453	-1.968	126.975441	37.295464
1685512363944	1685512363935	-14.997	-3.938	0.357	0.389	1.690	3.374	-10.223	4.099	-1.999	126.975441	37.295464
1685512363965	1685512363946	-14.411	-4.128	0.113	0.404	1.556	3.619	-10.025	3.843	-2.145	126.975441	37.295464
1685512363965	1685512363965	-14.128	-4.221	-0.153	0.362	1.448	3.815	-9.285	3.555	-2.346	126.975441	37.295464
1685512363976	1685512363966	-13.740	-4.082	-0.294	0.268	1.360	3.941	-8.389	3.141	-2.531	126.975441	37.295464
1685512363985	1685512363976	-12.993	-4.087	-0.184	0.119	1.268	4.002	-7.767	2.777	-2.725	126.975441	37.295464
1685512363995	1685512363985	-12.043	-4.190	0.136	-0.077	1.141	4.008	-7.104	2.679	-2.804	126.975441	37.295464
