1685512283897	1685512283897	-9.574	-4.096	-0.201	1.453	0.180	-3.789	-0.043	-4.836	-0.134	126.974960	37.295837
1685512283905	1685512283897	-9.380	-3.759	-0.244	1.783	0.181	-3.837	0.103	-4.298	-0.235	126.974960	37.295837
1685512283915	1685512283905	-9.373	-3.335	-0.335	2.053	0.173	-3.850	0.218	-3.656	-0.232	126.974960	37.295837
1685512283925	1685512283915	-9.340	-3.254	-0.366	2.248	0.172	-3.826	0.390	-2.981	-0.268	126.974960	37.295837
1685512283935	1685512283925	-9.316	-3.053	-0.486	2.387	0.170	-3.791	0.362	-2.181	-0.362	126.974960	37.295837
1685512283947	1685512283935	-9.256	-2.909	-0.450	2.492	0.154	-3.758	0.342	-1.731	-0.407	126.974960	37.295837
1685512283955	1685512283947	-8.885	-2.689	-0.383	2.550	0.139	-3.685	0.302	-1.164	-0.551	126.974960	37.295837
1685512283970	1685512283955	-8.562	-2.519	-0.280	2.593	0.105	-3.554	0.285	-0.663	-0.551	126.974960	37.295837
1685512283975	1685512283970	-8.308	-2.315	-0.309	2.606	0.088	-3.374	0.548	-0.026	-0.543	126.974960	37.295837
1685512283985	1685512283975	-8.219	-2.260	-0.278	2.582	0.099	-3.166	0.790	0.409	-0.488	126.974960	37.295837
1685512283995	1685512283985	-8.236	-2.198	-0.299	2.517	0.098	-2.953	0.939	0.927	-0.579	126.974960	37.295837
1685512284006	1685512283995	-7.973	-2.162	-0.400	2.408	0.103	-2.740	0.924	1.257	-0.611	126.974960	37.295837
1685512284015	1685512284006	-7.796	-1.999	-0.481	2.292	0.103	-2.525	0.812	1.554	-0.690	126.974960	37.295837
1685512284025	1685512284015	-7.626	-1.877	-0.417	2.186	0.071	-2.301	0.989	1.786	-0.843	126.974960	37.295837
1685512284035	1685512284025	-7.477	-1.865	-0.390	2.092	0.031	-2.049	1.073	2.145	-0.989	126.974960	37.295837
1685512284046	1685512284035	-7.561	-1.925	-0.247	1.988	0.001	-1.792	1.173	2.406	-0.979	126.974960	37.295837
1685512284056	1685512284047	-8.021	-2.025	-0.139	1.858	0.016	-1.552	1.245	2.564	-1.030	126.974960	37.295837
1685512284067	1685512284056	-8.392	-2.045	-0.187	1.750	0.053	-1.310	1.080	2.646	-0.974	126.974960	37.295837
1685512284075	1685512284067	-8.701	-2.116	-0.139	1.666	0.068	-1.064	0.541	2.677	-0.960	126.974960	37.295837
1685512284085	1685512284075	-8.906	-2.198	0.014	1.594	0.054	-0.792	0.115	2.744	-1.080	126.974960	37.295837
1685512284095	1685512284085	-9.131	-2.354	-0.038	1.534	0.045	-0.468	-0.249	2.756	-1.113	126.974960	37.295837
1685512284105	1685512284095	-9.163	-2.337	-0.132	1.466	0.098	-0.122	-0.488	2.720	-1.027	126.974960	37.295837
1685512284115	1685512284105	-9.017	-2.356	-0.211	1.357	0.117	0.194	-0.737	2.586	-1.152	126.974960	37.295837
1685512284129	1685512284115	-8.825	-2.368	-0.187	1.208	0.105	0.458	-0.773	2.595	-1.307	126.974960	37.295837
1685512284135	1685512284129	-9.024	-2.485	-0.350	1.018	0.126	0.682	-0.601	2.523	-1.432	126.974960	37.295837
1685512284146	1685512284135	-9.361	-2.258	-0.515	0.826	0.194	0.880	-0.369	2.433	-1.441	126.974960	37.295837
1685512284155	1685512284147	-10.084	-2.179	-0.493	0.660	0.302	1.040	-0.510	2.205	-1.630	126.974960	37.295837
1685512284165	1685512284155	-10.930	-2.298	-0.311	0.527	0.440	1.159	-0.792	2.334	-1.788	126.974960	37.295837
1685512284175	1685512284165	-11.602	-2.624	-0.160	0.406	0.574	1.261	-1.439	2.270	-1.743	126.974960	37.295837
1685512284187	1685512284175	-12.323	-2.940	-0.067	0.286	0.694	1.382	-2.205	2.006	-1.508	126.974960	37.295837
1685512284195	1685512284187	-12.579	-3.024	-0.132	0.156	0.814	1.567	-2.780	1.499	-1.276	126.974960	37.295837
1685512284206	1685512284195	-12.208	-3.108	-0.014	0.015	0.964	1.814	-3.443	1.070	-1.137	126.974960	37.295837
1685512284215	1685512284206	-11.183	-3.318	0.036	-0.120	1.048	2.064	-3.615	0.816	-1.123	126.974960	37.295837
1685512284225	1685512284215	-10.396	-3.630	0.457	-0.236	1.024	2.254	-3.182	0.603	-0.936	126.974960	37.295837
1685512284235	1685512284226	-10.398	-3.826	1.065	-0.305	1.085	2.331	-2.064	0.187	-0.778	126.974960	37.295837
1685512284248	1685512284235	-11.296	-4.029	1.465	-0.272	1.294	2.304	-1.199	-0.306	-0.263	126.974960	37.295837
1685512284255	1685512284248	-12.653	-4.056	2.006	-0.034	1.560	2.249	-1.113	-0.737	0.462	126.974960	37.295837
1685512284266	1685512284255	-13.661	-4.147	2.184	0.391	1.846	2.248	-1.942	-1.132	0.979	126.974960	37.295837
1685512284275	1685512284266	-13.932	-4.104	2.054	0.880	2.012	2.327	-3.211	-1.434	1.712	126.974960	37.295837
1685512284286	1685512284276	-13.645	-3.824	1.884	1.363	2.011	2.450	-4.171	-1.695	2.021	126.974960	37.295837
1685512284295	1685512284286	-12.905	-3.220	1.511	1.751	1.896	2.536	-4.386	-1.875	2.064	126.974960	37.295837
1685512284307	1685512284295	-12.203	-2.442	1.312	1.961	1.729	2.545	-4.049	-1.829	2.057	126.974960	37.295837
1685512284315	1685512284307	-11.521	-1.899	1.276	1.900	1.569	2.475	-3.266	-1.465	1.834	126.974960	37.295837
1685512284326	1685512284315	-10.896	-1.705	1.195	1.520	1.431	2.329	-2.528	-0.924	1.769	126.974960	37.295837
1685512284335	1685512284326	-10.197	-1.779	1.202	0.886	1.316	2.122	-1.817	-0.634	1.872	126.974960	37.295837
1685512284347	1685512284335	-9.627	-2.035	1.501	0.127	1.223	1.900	-1.176	-0.634	1.899	126.974960	37.295837
1685512284355	1685512284347	-9.031	-2.248	1.839	-0.619	1.136	1.690	-0.467	-0.907	2.025	126.974960	37.295837
1685512284367	1685512284356	-8.377	-2.909	2.164	-1.307	1.021	1.487	0.105	-1.348	2.442	126.974960	37.295837
1685512284376	1685512284367	-7.812	-3.512	2.320	-1.879	0.867	1.290	0.699	-1.750	2.907	126.974960	37.295837
1685512284386	1685512284376	-7.300	-3.529	2.437	-2.236	0.709	1.141	1.350	-2.555	3.326	126.974960	37.295837
1685512284396	1685512284386	-6.867	-3.163	2.387	-2.390	0.566	1.086	1.908	-3.321	3.582	126.974960	37.295837
1685512284406	1685512284396	-6.632	-2.868	2.483	-2.412	0.452	1.104	2.413	-3.462	3.764	126.974960	37.295837
1685512284416	1685512284406	-6.292	-2.801	2.406	-2.388	0.365	1.120	2.840	-3.235	3.766	126.974960	37.295837
1685512284427	1685512284416	-6.258	-2.756	2.140	-2.386	0.293	1.086	3.065	-3.081	3.903	126.974960	37.295837
1685512284436	1685512284427	-6.256	-2.847	1.745	-2.387	0.242	1.005	3.397	-3.156	3.855	126.974960	37.295837
1685512284447	1685512284436	-6.498	-3.120	1.975	-2.414	0.184	0.936	3.421	-3.251	3.608	126.974960	37.295837
1685512284456	1685512284447	-6.716	-3.129	1.465	-2.420	0.149	0.920	3.414	-3.488	3.223	126.974960	37.295837
1685512284466	1685512284456	-6.802	-3.462	1.451	-2.446	0.090	0.877	3.163	-3.874	3.455	126.974960	37.295837
1685512284476	1685512284466	-7.044	-3.919	1.539	-2.560	-0.018	0.844	2.935	-4.020	2.938	126.974960	37.295837
1685512284489	1685512284476	-7.128	-3.905	1.592	-2.647	-0.094	0.811	2.840	-4.463	2.911	126.974960	37.295837
1685512284498	1685512284489	-7.494	-3.804	1.554	-2.599	-0.193	0.806	2.591	-5.037	2.971	126.974960	37.295837
1685512284506	1685512284498	-7.879	-3.589	1.324	-2.476	-0.225	0.876	2.497	-5.140	2.983	126.974960	37.295837
1685512284518	1685512284506	-8.033	-3.531	0.802	-2.404	-0.203	0.964	2.121	-5.164	2.887	126.974960	37.295837
1685512284527	1685512284520	-8.368	-3.594	0.694	-2.364	-0.186	1.007	1.729	-5.052	2.607	126.974960	37.295837
1685512284536	1685512284527	-8.720	-4.051	0.615	-2.325	-0.155	1.012	1.563	-5.119	2.028	126.974960	37.295837
1685512284548	1685512284536	-9.000	-4.441	0.589	-2.294	-0.139	0.996	1.214	-5.306	1.863	126.974960	37.295837
1685512284556	1685512284548	-9.294	-4.520	0.572	-2.287	-0.139	0.976	0.845	-5.885	1.729	126.974960	37.295837
1685512284566	1685512284556	-9.500	-4.630	0.678	-2.282	-0.125	0.964	0.548	-6.397	1.645	126.974960	37.295837
1685512284576	1685512284566	-9.685	-5.004	0.939	-2.198	-0.130	0.964	0.230	-6.615	1.556	126.974960	37.295837
1685512284586	1685512284576	-9.826	-5.344	1.008	-2.055	-0.143	0.969	0.010	-6.816	1.614	126.974960	37.295837
1685512284596	1685512284586	-9.957	-5.411	1.180	-1.895	-0.121	0.964	-0.194	-7.302	1.812	126.974960	37.295837
1685512284607	1685512284596	-10.036	-5.368	1.331	-1.718	-0.088	0.954	-0.357	-7.750	1.822	126.974960	37.295837
1685512284617	1685512284607	-10.027	-5.528	1.652	-1.499	-0.061	0.943	-0.510	-7.925	1.935	126.974960	37.295837
1685512284626	1685512284617	-9.950	-5.636	1.973	-1.257	-0.028	0.920	-0.613	-7.985	2.033	126.974960	37.295837
1685512284639	1685512284627	-9.878	-5.650	2.042	-1.048	0.006	0.871	-0.627	-8.238	2.301	126.974960	37.295837
1685512284650	1685512284639	-9.776	-5.653	2.105	-0.872	0.061	0.816	-0.572	-8.430	2.588	126.974960	37.295837
1685512284659	1685512284650	-9.692	-5.610	2.140	-0.687	0.154	0.773	-0.524	-8.533	2.629	126.974960	37.295837
1685512284669	1685512284660	-9.445	-5.732	2.009	-0.467	0.225	0.718	-0.448	-8.617	2.672	126.974960	37.295837
1685512284679	1685512284670	-9.469	-5.851	1.944	-0.226	0.253	0.632	-0.390	-8.657	2.701	126.974960	37.295837
1685512284690	1685512284679	-9.795	-5.890	1.774	-0.026	0.268	0.523	-0.163	-8.842	2.574	126.974960	37.295837
1685512284700	1685512284690	-10.566	-5.909	1.966	0.166	0.310	0.426	-0.211	-9.026	2.528	126.974960	37.295837
1685512284709	1685512284700	-11.394	-6.093	2.270	0.351	0.386	0.329	-0.553	-9.108	2.380	126.974960	37.295837
1685512284722	1685512284709	-12.163	-6.318	2.830	0.507	0.454	0.222	-1.341	-9.165	2.605	126.974960	37.295837
1685512284743	1685512284722	-12.282	-6.541	3.318	0.661	0.512	0.171	-2.181	-9.378	2.957	126.974960	37.295837
1685512284743	1685512284743	-11.669	-6.553	3.620	0.875	0.533	0.216	-2.962	-9.620	3.575	126.974960	37.295837
1685512284749	1685512284744	-10.807	-6.306	3.390	1.217	0.469	0.312	-3.091	-9.855	4.132	126.974960	37.295837
1685512284759	1685512284749	-10.477	-5.947	3.333	1.615	0.353	0.382	-2.490	-9.878	4.520	126.974960	37.295837
1685512284769	1685512284759	-11.147	-6.086	3.397	1.960	0.232	0.362	-1.642	-9.649	4.365	126.974960	37.295837
1685512284780	1685512284769	-12.256	-5.885	3.369	2.211	0.144	0.198	-1.329	-9.309	4.403	126.974960	37.295837
1685512284790	1685512284780	-13.374	-5.650	3.110	2.326	0.112	-0.071	-2.014	-9.459	4.547	126.974960	37.295837
1685512284799	1685512284790	-14.190	-5.569	2.772	2.274	0.055	-0.315	-3.132	-9.249	4.604	126.974960	37.295837
1685512284809	1685512284799	-14.432	-5.531	2.327	2.089	-0.075	-0.465	-4.247	-8.978	4.434	126.974960	37.295837
1685512284819	1685512284809	-14.284	-5.617	1.956	1.779	-0.283	-0.605	-5.054	-8.830	4.185	126.974960	37.295837
1685512284830	1685512284819	-14.035	-5.576	1.817	1.387	-0.523	-0.800	-5.282	-8.727	3.792	126.974960	37.295837
1685512284840	1685512284830	-13.795	-5.468	1.640	0.951	-0.753	-1.024	-5.109	-8.732	3.452	126.974960	37.295837
1685512284852	1685512284840	-13.652	-5.248	1.496	0.530	-0.953	-1.257	-4.829	-8.595	3.309	126.974960	37.295837
1685512284861	1685512284853	-13.412	-5.073	1.360	0.130	-1.157	-1.519	-4.547	-8.380	3.089	126.974960	37.295837
1685512284871	1685512284861	-13.156	-4.863	1.300	-0.270	-1.328	-1.811	-4.355	-8.035	2.873	126.974960	37.295837
1685512284880	1685512284871	-12.591	-4.602	1.314	-0.650	-1.461	-2.121	-4.049	-7.688	2.610	126.974960	37.295837
1685512284891	1685512284881	-11.981	-4.503	1.465	-0.997	-1.591	-2.424	-3.742	-7.345	2.444	126.974960	37.295837
1685512284902	1685512284891	-11.363	-4.590	1.513	-1.283	-1.676	-2.685	-3.110	-6.891	2.306	126.974960	37.295837
1685512284912	1685512284902	-10.673	-4.575	1.554	-1.497	-1.701	-2.902	-2.433	-6.570	2.284	126.974960	37.295837
1685512284927	1685512284913	-10.175	-4.367	1.623	-1.619	-1.680	-3.108	-1.750	-6.409	2.145	126.974960	37.295837
1685512284931	1685512284930	-9.740	-4.305	1.731	-1.653	-1.625	-3.315	-1.003	-6.122	1.997	126.974960	37.295837
1685512284952	1685512284931	-9.594	-4.142	1.932	-1.580	-1.526	-3.501	-0.450	-5.588	1.863	126.974960	37.295837
1685512284953	1685512284952	-9.452	-4.065	1.597	-1.426	-1.376	-3.668	0.017	-5.239	1.812	126.974960	37.295837
1685512284959	1685512284953	-9.227	-4.132	1.384	-1.203	-1.214	-3.806	0.192	-4.733	1.853	126.974960	37.295837
1685512284969	1685512284959	-9.093	-4.032	1.116	-0.919	-1.026	-3.889	0.345	-4.295	1.377	126.974960	37.295837
1685512284980	1685512284972	-8.887	-3.610	1.056	-0.615	-0.836	-3.933	0.567	-3.948	1.032	126.974960	37.295837
1685512284989	1685512284980	-8.667	-3.010	0.591	-0.279	-0.666	-3.944	0.685	-3.500	0.678	126.974960	37.295837
1685512284999	1685512284989	-8.416	-3.112	0.165	0.097	-0.541	-3.927	0.850	-2.614	0.524	126.974960	37.295837
1685512285010	1685512285000	-8.353	-2.952	0.668	0.533	-0.386	-3.864	1.032	-1.707	0.010	126.974960	37.295837
1685512285019	1685512285010	-7.946	-2.701	-0.022	0.893	-0.194	-3.801	1.214	-1.391	-0.472	126.974960	37.295837
1685512285030	1685512285019	-7.829	-2.818	-0.211	1.131	-0.205	-3.757	1.209	-0.900	-0.012	126.974960	37.295837
1685512285039	1685512285030	-7.903	-2.954	-0.232	1.409	-0.156	-3.665	1.516	-0.247	-0.747	126.974960	37.295837
1685512285050	1685512285039	-7.784	-2.344	-0.383	1.653	0.048	-3.549	1.537	-0.031	-0.984	126.974960	37.295837
1685512285059	1685512285050	-7.618	-2.078	-0.443	1.742	0.038	-3.423	1.326	0.239	-1.070	126.974960	37.295837
1685512285070	1685512285060	-7.357	-2.040	-0.364	1.841	-0.020	-3.229	1.350	1.104	-1.250	126.974960	37.295837
1685512285079	1685512285070	-6.862	-1.630	-0.407	1.955	-0.007	-2.998	1.377	1.709	-1.362	126.974960	37.295837
1685512285090	1685512285079	-6.325	-1.360	-0.340	1.962	-0.023	-2.792	1.544	1.949	-1.326	126.974960	37.295837
1685512285100	1685512285091	-5.885	-1.377	-0.273	1.896	-0.051	-2.584	1.906	2.626	-1.460	126.974960	37.295837
1685512285108	1685512285100	-5.586	-1.199	-0.280	1.812	-0.043	-2.332	2.332	3.098	-1.472	126.974960	37.295837
1685512285122	1685512285108	-5.677	-1.020	-0.292	1.708	-0.009	-2.068	2.629	3.321	-1.513	126.974960	37.295837
1685512285128	1685512285122	-5.775	-1.065	-0.479	1.561	0.062	-1.819	2.828	3.654	-1.602	126.974960	37.295837
1685512285141	1685512285128	-5.942	-0.996	-0.503	1.365	0.134	-1.581	2.636	3.984	-1.700	126.974960	37.295837
1685512285150	1685512285141	-6.084	-0.979	-0.505	1.122	0.173	-1.334	2.444	4.065	-1.961	126.974960	37.295837
1685512285158	1685512285156	-6.321	-1.077	-0.417	0.881	0.213	-1.046	2.198	4.245	-2.045	126.974960	37.295837
1685512285167	1685512285158	-6.680	-1.183	-0.436	0.700	0.281	-0.696	1.990	4.353	-2.090	126.974960	37.295837
1685512285177	1685512285167	-7.051	-1.142	-0.369	0.577	0.379	-0.325	1.688	4.338	-2.040	126.974960	37.295837
1685512285187	1685512285177	-7.250	-1.343	-0.259	0.473	0.507	0.057	1.302	4.266	-2.071	126.974960	37.295837
1685512285196	1685512285187	-7.578	-1.686	-0.089	0.341	0.600	0.447	0.919	4.324	-2.004	126.974960	37.295837
1685512285208	1685512285197	-7.896	-1.841	0.187	0.211	0.691	0.826	0.733	4.111	-1.879	126.974960	37.295837
1685512285217	1685512285209	-8.387	-2.066	0.213	0.106	0.833	1.181	0.438	3.728	-1.681	126.974960	37.295837
1685512285227	1685512285217	-9.076	-2.251	0.168	0.002	0.930	1.494	0.175	3.503	-1.360	126.974960	37.295837
1685512285237	1685512285229	-9.981	-2.200	-0.318	-0.057	1.047	1.759	-0.232	3.170	-1.267	126.974960	37.295837
1685512285248	1685512285237	-11.064	-2.167	-0.603	-0.068	1.252	2.000	-0.838	2.875	-1.243	126.974960	37.295837
1685512285257	1685512285248	-12.167	-2.753	-0.287	-0.119	1.436	2.261	-1.642	2.780	-1.640	126.974960	37.295837
1685512285268	1685512285257	-13.137	-3.745	0.213	-0.175	1.567	2.575	-2.610	2.646	-1.817	126.974960	37.295837
1685512285277	1685512285268	-13.855	-4.492	0.929	-0.175	1.724	2.899	-3.579	1.848	-1.360	126.974960	37.295837
1685512285287	1685512285277	-14.085	-4.573	1.585	-0.108	1.922	3.223	-4.429	0.658	-0.730	126.974960	37.295837
1685512285300	1685512285287	-13.759	-4.489	2.021	0.066	2.121	3.564	-4.997	-0.364	0.158	126.974983	37.295837
1685512285307	1685512285300	-13.599	-4.429	2.229	0.316	2.290	3.870	-5.097	-0.704	0.974	126.974983	37.295837
1685512285317	1685512285307	-14.018	-4.393	2.739	0.650	2.462	4.037	-4.630	-0.943	1.599	126.974983	37.295837
1685512285328	1685512285317	-15.026	-4.645	3.251	1.052	2.685	4.019	-4.331	-1.240	2.009	126.974983	37.295837
1685512285337	1685512285328	-16.053	-4.908	3.541	1.560	2.853	3.878	-4.626	-1.583	2.727	126.974983	37.295837
1685512285349	1685512285337	-16.644	-4.508	3.510	2.211	2.904	3.682	-5.533	-2.212	3.467	126.974983	37.295837
1685512285357	1685512285349	-16.417	-3.615	3.151	2.848	2.794	3.499	-6.476	-2.878	4.017	126.974983	37.295837
1685512285367	1685512285357	-15.462	-2.349	2.430	3.279	2.486	3.370	-7.020	-2.784	4.199	126.974983	37.295837
1685512285378	1685512285367	-14.028	-1.571	1.896	3.315	2.067	3.236	-6.759	-2.236	4.089	126.974983	37.295837
1685512285388	1685512285378	-13.056	-1.288	1.841	2.806	1.666	2.996	-5.787	-1.233	3.548	126.974983	37.295837
1685512285398	1685512285389	-12.354	-1.144	2.021	1.934	1.439	2.619	-4.345	-0.728	3.182	126.974983	37.295837
1685512285408	1685512285398	-11.638	-1.635	2.274	0.843	1.289	2.158	-3.376	-0.697	3.268	126.974983	37.295837
1685512285418	1685512285409	-10.946	-2.279	2.643	-0.275	1.153	1.741	-2.684	-0.800	3.589	126.974983	37.295837
1685512285429	1685512285419	-10.199	-2.933	2.959	-1.195	1.021	1.427	-1.980	-1.468	3.955	126.974983	37.295837
1685512285439	1685512285429	-9.120	-3.658	2.981	-1.833	0.799	1.194	-1.307	-2.284	4.434	126.974983	37.295837
1685512285453	1685512285439	-8.052	-3.989	2.847	-2.105	0.564	1.026	-0.579	-3.098	4.848	126.974983	37.295837
1685512285459	1685512285453	-7.259	-4.164	2.782	-2.079	0.357	0.907	0.479	-3.972	4.942	126.974983	37.295837
1685512285471	1685512285459	-6.711	-4.099	2.562	-1.857	0.199	0.827	1.532	-4.444	4.853	126.974983	37.295837
1685512285481	1685512285471	-6.361	-3.673	2.399	-1.498	0.099	0.789	2.310	-4.774	4.817	126.974983	37.295837
1685512285492	1685512285481	-6.201	-3.393	2.490	-1.106	0.054	0.771	2.851	-4.803	4.602	126.974983	37.295837
1685512285500	1685512285494	-6.136	-3.151	2.430	-0.793	0.026	0.756	3.194	-4.482	4.436	126.974983	37.295837
1685512285512	1685512285501	-6.146	-2.614	2.339	-0.616	0.000	0.729	3.347	-4.298	4.525	126.974983	37.295837
1685512285521	1685512285512	-6.053	-2.385	1.994	-0.567	0.007	0.691	3.402	-4.144	4.458	126.974983	37.295837
1685512285531	1685512285521	-6.045	-2.612	1.915	-0.650	-0.015	0.643	3.385	-3.689	4.362	126.974983	37.295837
1685512285544	1685512285532	-6.254	-2.792	1.875	-0.811	-0.050	0.580	3.472	-3.546	4.010	126.974983	37.295837
1685512285567	1685512285544	-6.728	-2.770	1.776	-0.997	-0.067	0.523	3.472	-3.840	3.924	126.974983	37.295837
1685512285569	1685512285567	-7.140	-2.842	1.796	-1.163	-0.086	0.511	3.256	-4.089	3.867	126.974983	37.295837
1685512285570	1685512285569	-7.575	-2.950	1.765	-1.318	-0.126	0.517	2.777	-4.137	3.749	126.974983	37.295837
1685512285580	1685512285570	-7.870	-2.962	1.724	-1.454	-0.159	0.517	2.358	-4.288	3.742	126.974983	37.295837
1685512285590	1685512285580	-8.155	-3.036	1.669	-1.587	-0.188	0.518	1.918	-4.463	3.682	126.974983	37.295837
1685512285600	1685512285590	-8.368	-3.096	1.633	-1.753	-0.238	0.525	1.618	-4.559	3.601	126.974983	37.295837
1685512285610	1685512285600	-8.607	-3.055	1.420	-1.925	-0.263	0.539	1.329	-4.705	3.505	126.974983	37.295837
1685512285620	1685512285611	-8.648	-3.084	1.065	-2.107	-0.283	0.561	1.111	-4.846	3.417	126.974983	37.295837
1685512285631	1685512285620	-8.645	-3.081	0.788	-2.308	-0.334	0.577	0.867	-4.891	3.146	126.974983	37.295837
1685512285640	1685512285631	-8.657	-3.089	0.692	-2.542	-0.403	0.566	0.819	-5.009	2.725	126.974983	37.295837
1685512285652	1685512285640	-8.722	-3.148	0.752	-2.823	-0.465	0.534	0.816	-5.097	2.368	126.974983	37.295837
1685512285660	1685512285652	-8.839	-3.428	1.008	-3.119	-0.514	0.511	0.797	-5.215	2.164	126.974983	37.295837
1685512285670	1685512285660	-9.093	-3.888	1.264	-3.404	-0.539	0.492	0.728	-5.349	2.140	126.974983	37.295837
1685512285681	1685512285671	-9.421	-4.307	1.523	-3.638	-0.529	0.448	0.613	-5.705	2.255	126.974983	37.295837
1685512285693	1685512285683	-9.668	-4.640	1.638	-3.769	-0.496	0.376	0.364	-6.211	2.382	126.974983	37.295837
1685512285701	1685512285694	-9.965	-4.724	1.707	-3.773	-0.452	0.315	0.043	-6.675	2.473	126.974983	37.295837
1685512285712	1685512285701	-10.010	-4.994	1.472	-3.652	-0.389	0.296	-0.187	-7.008	2.442	126.974983	37.295837
1685512285722	1685512285713	-9.888	-5.155	1.496	-3.399	-0.336	0.301	-0.469	-7.087	2.325	126.974983	37.295837
1685512285732	1685512285722	-9.689	-5.315	1.444	-3.043	-0.297	0.323	-0.503	-7.341	1.973	126.974983	37.295837
1685512285745	1685512285733	-9.503	-5.452	1.358	-2.649	-0.250	0.367	-0.388	-7.549	1.875	126.974983	37.295837
1685512285754	1685512285745	-9.412	-5.375	1.252	-2.238	-0.213	0.419	-0.194	-7.745	1.729	126.974983	37.295837
1685512285762	1685512285754	-9.704	-5.212	1.089	-1.823	-0.160	0.450	-0.017	-7.927	1.547	126.974983	37.295837
1685512285783	1685512285762	-10.518	-5.171	1.171	-1.443	-0.060	0.439	0.062	-7.889	1.372	126.974983	37.295837
1685512285784	1685512285783	-11.274	-5.193	1.434	-1.119	0.070	0.400	-0.242	-7.784	1.130	126.974983	37.295837
1685512285793	1685512285784	-11.562	-5.315	1.721	-0.864	0.189	0.356	-1.065	-7.776	1.176	126.974983	37.295837
1685512285800	1685512285793	-11.320	-5.428	2.205	-0.659	0.253	0.347	-1.834	-7.836	1.417	126.974983	37.295837
1685512285814	1685512285801	-10.937	-5.715	2.600	-0.454	0.279	0.402	-2.131	-7.992	1.700	126.974983	37.295837
1685512285822	1685512285814	-10.602	-5.933	2.844	-0.198	0.340	0.489	-1.899	-8.138	2.188	126.974983	37.295837
1685512285831	1685512285822	-10.649	-6.184	2.801	0.130	0.445	0.553	-1.525	-8.461	2.598	126.974983	37.295837
1685512285840	1685512285833	-11.200	-6.483	2.691	0.503	0.552	0.569	-1.204	-8.732	2.871	126.974983	37.295837
1685512285852	1685512285842	-12.129	-6.491	2.397	0.897	0.643	0.545	-1.267	-9.029	2.868	126.974983	37.295837
1685512285861	1685512285852	-13.228	-6.354	2.234	1.272	0.701	0.484	-1.834	-9.380	2.825	126.974983	37.295837
1685512285872	1685512285861	-14.128	-6.043	2.085	1.600	0.689	0.412	-2.782	-9.438	2.617	126.974983	37.295837
1685512285880	1685512285872	-14.442	-5.835	1.597	1.852	0.600	0.340	-3.898	-9.347	2.567	126.974983	37.295837
1685512285891	1685512285880	-14.212	-5.301	1.305	1.993	0.453	0.248	-4.812	-9.064	2.521	126.974983	37.295837
1685512285902	1685512285891	-13.870	-5.183	0.903	1.949	0.233	0.099	-5.140	-8.880	2.155	126.974983	37.295837
1685512285913	1685512285902	-13.501	-5.440	0.682	1.718	-0.035	-0.120	-4.920	-8.356	1.956	126.974983	37.295837
1685512285922	1685512285913	-13.132	-5.155	0.874	1.494	-0.219	-0.356	-4.583	-8.236	1.635	126.974983	37.295837
1685512285933	1685512285922	-12.826	-4.865	1.027	1.267	-0.332	-0.637	-4.209	-8.468	1.463	126.974983	37.295837
1685512285943	1685512285933	-11.981	-4.774	0.484	1.024	-0.478	-0.918	-3.828	-8.138	1.678	126.974983	37.295837
1685512285968	1685512285943	-11.009	-4.326	0.479	0.822	-0.635	-1.199	-3.500	-7.779	1.839	126.974983	37.295837
1685512285969	1685512285969	-10.149	-3.931	0.759	0.641	-0.766	-1.516	-2.622	-7.582	1.279	126.974983	37.295837
1685512285970	1685512285970	-9.692	-3.941	0.955	0.472	-0.776	-1.861	-1.616	-7.029	1.240	126.974983	37.295837
1685512285983	1685512285970	-9.366	-3.970	1.092	0.348	-0.748	-2.204	-0.706	-6.472	1.460	126.974983	37.295837
1685512285993	1685512285983	-9.177	-3.915	1.120	0.235	-0.707	-2.560	-0.201	-6.318	1.599	126.974983	37.295837
1685512286001	1685512285993	-9.060	-3.754	1.159	0.150	-0.654	-2.905	0.175	-6.136	1.674	126.974983	37.295837
1685512286010	1685512286001	-9.151	-3.608	1.025	0.138	-0.601	-3.164	0.421	-5.835	1.640	126.974983	37.295837
1685512286020	1685512286011	-9.160	-3.488	0.819	0.148	-0.572	-3.349	0.599	-5.365	1.611	126.974983	37.295837
1685512286031	1685512286021	-8.964	-3.555	0.706	0.176	-0.604	-3.523	0.553	-4.944	1.427	126.974983	37.295837
1685512286040	1685512286032	-8.801	-3.534	0.608	0.261	-0.630	-3.691	0.584	-4.496	1.166	126.974983	37.295837
1685512286054	1685512286041	-8.655	-3.474	0.541	0.428	-0.622	-3.820	0.812	-4.219	0.996	126.974983	37.295837
1685512286062	1685512286054	-8.590	-3.242	0.520	0.666	-0.607	-3.890	0.994	-3.836	0.838	126.974983	37.295837
1685512286072	1685512286063	-8.547	-3.014	0.362	0.947	-0.579	-3.907	1.144	-3.400	0.711	126.974983	37.295837
1685512286082	1685512286072	-8.452	-2.634	0.357	1.224	-0.535	-3.892	1.197	-2.705	0.613	126.974983	37.295837
1685512286092	1685512286083	-8.452	-2.591	0.388	1.462	-0.495	-3.836	1.216	-2.150	0.400	126.974983	37.295837
1685512286101	1685512286092	-8.317	-2.392	0.345	1.631	-0.443	-3.736	1.267	-1.353	0.318	126.974983	37.295837
1685512286111	1685512286104	-8.222	-2.260	0.208	1.707	-0.396	-3.629	1.202	-0.886	0.263	126.974983	37.295837
1685512286120	1685512286111	-7.985	-2.270	0.153	1.708	-0.379	-3.504	1.252	-0.273	0.129	126.974983	37.295837
1685512286129	1685512286120	-7.843	-2.411	0.007	1.690	-0.352	-3.332	1.252	0.239	-0.098	126.974983	37.295837
1685512286140	1685512286129	-7.652	-2.138	0.105	1.669	-0.310	-3.114	1.379	0.601	-0.249	126.974983	37.295837
1685512286154	1685512286140	-7.293	-2.059	0.117	1.592	-0.308	-2.871	1.429	0.733	-0.469	126.974983	37.295837
1685512286159	1685512286154	-6.891	-2.169	-0.010	1.467	-0.342	-2.602	1.520	1.276	-0.453	126.974983	37.295837
1685512286171	1685512286159	-6.541	-1.877	-0.220	1.382	-0.334	-2.291	1.779	1.599	-0.522	126.974983	37.295837
1685512286179	1685512286171	-6.337	-1.434	-0.239	1.343	-0.301	-1.963	2.071	1.736	-0.742	126.974983	37.295837
1685512286188	1685512286179	-6.357	-0.984	-0.177	1.326	-0.282	-1.642	2.337	2.203	-1.030	126.974983	37.295837
1685512286198	1685512286189	-6.421	-0.891	0.019	1.253	-0.276	-1.337	2.447	2.823	-1.140	126.974983	37.295837
1685512286209	1685512286198	-6.732	-1.317	-0.012	1.078	-0.258	-1.068	2.361	3.393	-1.152	126.974983	37.295837
1685512286218	1685512286209	-6.914	-1.640	0.194	0.858	-0.211	-0.826	2.234	3.589	-1.034	126.974983	37.295837
1685512286229	1685512286218	-7.207	-1.884	0.247	0.633	-0.156	-0.593	1.872	3.242	-1.137	126.974983	37.295837
1685512286238	1685512286230	-7.535	-1.906	0.268	0.432	-0.145	-0.312	1.650	2.981	-0.989	126.974983	37.295837
1685512286250	1685512286239	-7.757	-1.920	0.187	0.296	-0.116	0.040	1.329	2.780	-0.979	126.974983	37.295837
1685512286258	1685512286250	-7.973	-1.836	0.062	0.188	-0.048	0.395	0.982	2.782	-0.994	126.974983	37.295837
1685512286271	1685512286258	-8.258	-1.906	-0.022	0.062	-0.016	0.700	0.759	2.761	-1.097	126.974998	37.295841
1685512286279	1685512286271	-8.842	-2.303	-0.050	-0.121	0.051	0.966	0.563	2.804	-1.235	126.974998	37.295841
1685512286290	1685512286280	-9.876	-2.574	-0.177	-0.327	0.167	1.201	0.306	2.679	-1.322	126.974998	37.295841
1685512286300	1685512286290	-11.035	-2.703	-0.294	-0.520	0.301	1.387	-0.230	2.200	-1.341	126.974998	37.295841
1685512286308	1685512286301	-12.244	-2.825	-0.402	-0.676	0.463	1.555	-1.209	1.832	-1.439	126.974998	37.295841
1685512286318	1685512286309	-13.331	-2.887	-0.467	-0.764	0.612	1.769	-2.298	1.575	-1.501	126.974998	37.295841
1685512286328	1685512286319	-14.044	-3.002	-0.445	-0.800	0.700	2.032	-3.443	1.338	-1.547	126.974998	37.295841
1685512286338	1685512286329	-14.133	-3.376	-0.376	-0.825	0.762	2.302	-4.451	1.128	-1.528	126.974998	37.295841
1685512286351	1685512286339	-13.623	-3.733	-0.036	-0.848	0.822	2.527	-5.078	0.840	-1.413	126.974998	37.295841
1685512286358	1685512286351	-12.768	-4.266	0.364	-0.863	0.872	2.689	-5.073	0.266	-1.243	126.974998	37.295841
1685512286369	1685512286359	-12.105	-4.575	0.771	-0.843	0.909	2.782	-4.468	-0.311	-0.797	126.974998	37.295841
1685512286378	1685512286369	-12.036	-5.001	1.252	-0.760	0.987	2.782	-3.491	-1.161	-0.256	126.974998	37.295841
1685512286389	1685512286379	-12.610	-5.416	1.592	-0.558	1.148	2.691	-2.765	-1.647	0.225	126.974998	37.295841
1685512286399	1685512286389	-13.542	-5.270	1.585	-0.182	1.315	2.536	-2.605	-2.356	0.833	126.974998	37.295841
1685512286410	1685512286400	-14.339	-4.731	1.549	0.327	1.429	2.363	-3.115	-3.000	1.283	126.974998	37.295841
1685512286419	1685512286410	-14.653	-4.183	1.379	0.898	1.478	2.259	-3.979	-3.117	1.417	126.974998	37.295841
1685512286429	1685512286419	-14.140	-3.642	1.219	1.436	1.396	2.248	-4.731	-2.784	1.499	126.974998	37.295841
1685512286439	1685512286429	-13.197	-3.117	1.070	1.863	1.194	2.248	-4.997	-2.495	1.480	126.974998	37.295841
1685512286451	1685512286439	-12.208	-2.686	1.152	2.098	0.942	2.195	-4.458	-2.126	1.410	126.974998	37.295841
1685512286460	1685512286451	-11.289	-2.109	1.025	2.126	0.738	2.087	-3.481	-1.836	1.360	126.974998	37.295841
1685512286471	1685512286460	-10.525	-1.389	0.979	1.950	0.611	1.941	-2.473	-1.592	1.501	126.974998	37.295841
1685512286481	1685512286471	-9.761	-1.051	1.111	1.566	0.563	1.797	-1.532	-1.250	1.437	126.974998	37.295841
1685512286491	1685512286481	-8.849	-1.058	1.211	1.021	0.555	1.687	-0.757	-0.692	1.432	126.974998	37.295841
1685512286501	1685512286491	-7.954	-1.300	1.446	0.379	0.553	1.593	0.014	-0.539	1.611	126.974998	37.295841
1685512286512	1685512286501	-7.087	-1.800	1.602	-0.255	0.552	1.483	0.931	-0.690	1.757	126.974998	37.295841
1685512286520	1685512286512	-6.531	-2.047	1.853	-0.738	0.547	1.393	1.829	-1.085	2.045	126.974998	37.295841
1685512286534	1685512286521	-6.189	-2.310	1.935	-0.981	0.525	1.328	2.693	-1.733	2.255	126.974998	37.295841
1685512286544	1685512286534	-6.021	-2.526	2.081	-1.012	0.498	1.294	3.247	-2.121	2.562	126.974998	37.295841
1685512286563	1685512286544	-5.921	-2.684	1.992	-0.888	0.472	1.295	3.582	-2.521	2.691	126.974998	37.295841
1685512286564	1685512286563	-5.947	-2.523	2.028	-0.696	0.429	1.319	3.742	-2.885	2.890	126.974998	37.295841
1685512286571	1685512286565	-6.165	-2.195	1.927	-0.473	0.404	1.368	3.833	-3.163	2.837	126.974998	37.295841
1685512286581	1685512286571	-6.184	-2.078	1.724	-0.283	0.384	1.433	3.795	-3.151	2.916	126.974998	37.295841
1685512286592	1685512286582	-6.337	-2.356	1.614	-0.204	0.349	1.467	3.565	-2.947	2.847	126.974998	37.295841
1685512286601	1685512286592	-6.560	-2.749	1.456	-0.236	0.340	1.431	3.531	-2.971	2.679	126.974998	37.295841
1685512286612	1685512286601	-7.065	-2.931	1.247	-0.374	0.364	1.335	3.361	-3.393	2.600	126.974998	37.295841
1685512286622	1685512286612	-7.599	-3.086	1.207	-0.585	0.385	1.258	3.117	-3.941	2.476	126.974998	37.295841
1685512286632	1685512286622	-8.121	-3.481	1.341	-0.832	0.402	1.230	2.593	-4.243	2.296	126.974998	37.295841
1685512286642	1685512286632	-8.564	-3.577	1.539	-1.058	0.400	1.203	2.037	-4.527	2.284	126.974998	37.295841
1685512286654	1685512286642	-9.007	-3.754	1.463	-1.230	0.378	1.145	1.492	-5.049	2.444	126.974998	37.295841
1685512286661	1685512286654	-9.330	-3.809	1.441	-1.370	0.307	1.085	1.025	-5.272	2.665	126.974998	37.295841
1685512286672	1685512286661	-9.541	-3.879	1.511	-1.509	0.228	1.036	0.558	-5.574	2.602	126.974998	37.295841
1685512286684	1685512286673	-9.831	-3.833	1.695	-1.677	0.140	0.969	0.206	-5.772	2.583	126.974998	37.295841
1685512286694	1685512286684	-9.752	-3.898	1.800	-1.881	0.029	0.876	-0.022	-5.933	2.648	126.974998	37.295841
1685512286703	1685512286695	-9.536	-4.118	1.956	-2.132	-0.097	0.773	-0.333	-6.000	2.808	126.974998	37.295841
1685512286715	1685512286704	-9.172	-4.295	2.035	-2.414	-0.230	0.679	-0.275	-6.167	2.875	126.974998	37.295841
1685512286722	1685512286715	-8.928	-4.645	1.961	-2.693	-0.349	0.601	-0.077	-6.483	2.974	126.974998	37.295841
1685512286734	1685512286722	-8.892	-4.879	2.100	-2.922	-0.425	0.518	0.273	-6.749	2.971	126.974998	37.295841
1685512286747	1685512286735	-9.222	-4.879	2.421	-3.075	-0.419	0.390	0.522	-7.128	2.763	126.974998	37.295841
1685512286754	1685512286748	-9.503	-5.095	2.602	-3.176	-0.362	0.244	0.563	-7.372	2.777	126.974998	37.295841
1685512286766	1685512286754	-9.850	-5.363	2.684	-3.178	-0.299	0.125	0.239	-7.381	2.964	126.974998	37.295841
1685512286787	1685512286767	-10.039	-5.617	2.626	-3.059	-0.233	0.045	-0.031	-7.597	3.019	126.974998	37.295841
1685512286787	1685512286787	-10.084	-5.703	2.528	-2.810	-0.170	0.009	-0.373	-7.865	2.971	126.974998	37.295841
1685512286792	1685512286787	-9.953	-5.499	2.227	-2.454	-0.108	0.013	-0.563	-8.124	2.823	126.974998	37.295841
1685512286802	1685512286793	-9.773	-5.272	2.152	-2.031	-0.045	0.045	-0.608	-8.215	2.629	126.974998	37.295841
1685512286811	1685512286803	-9.720	-5.023	2.023	-1.588	0.018	0.077	-0.476	-8.013	2.263	126.974998	37.295841
1685512286823	1685512286811	-9.759	-5.181	2.025	-1.180	0.040	0.079	-0.297	-7.791	2.133	126.974998	37.295841
1685512286833	1685512286823	-10.353	-5.413	1.609	-0.815	0.082	0.048	-0.247	-7.549	1.966	126.974998	37.295841
1685512286842	1685512286833	-10.841	-5.672	1.393	-0.593	0.164	-0.012	-0.287	-7.714	1.942	126.974998	37.295841
1685512286853	1685512286842	-11.234	-5.751	1.465	-0.512	0.248	-0.100	-0.881	-7.949	1.513	126.974998	37.295841
1685512286862	1685512286853	-11.152	-5.480	1.630	-0.451	0.332	-0.160	-1.369	-8.205	1.298	126.974998	37.295841
1685512286872	1685512286862	-10.855	-5.435	1.925	-0.369	0.308	-0.121	-1.760	-8.277	1.379	126.974998	37.295841
1685512286882	1685512286872	-10.101	-5.612	2.205	-0.263	0.253	-0.026	-1.674	-7.989	1.566	126.974998	37.295841
1685512286893	1685512286882	-9.416	-5.698	2.181	-0.119	0.210	0.026	-1.374	-7.932	1.879	126.974998	37.295841
1685512286902	1685512286893	-9.038	-5.837	2.073	0.017	0.169	0.020	-0.620	-8.107	2.176	126.974998	37.295841
1685512286913	1685512286902	-9.177	-6.062	1.877	0.140	0.140	-0.021	0.062	-8.195	2.169	126.974998	37.295841
1685512286923	1685512286913	-10.058	-6.179	1.753	0.266	0.145	-0.125	0.441	-8.337	2.081	126.974998	37.295841
1685512286932	1685512286923	-11.298	-6.397	1.542	0.382	0.217	-0.316	0.302	-8.559	1.899	126.974998	37.295841
1685512286946	1685512286932	-12.560	-6.479	1.319	0.481	0.298	-0.535	-0.575	-8.665	1.793	126.974998	37.295841
1685512286967	1685512286947	-13.621	-6.364	1.245	0.596	0.330	-0.726	-1.808	-8.854	1.614	126.974998	37.295841
1685512286968	1685512286967	-14.176	-6.261	1.094	0.740	0.316	-0.837	-3.057	-8.882	1.432	126.974998	37.295841
1685512286973	1685512286968	-14.210	-6.084	1.044	0.933	0.239	-0.860	-4.101	-8.698	1.403	126.974998	37.295841
1685512286981	1685512286973	-14.023	-6.007	0.900	1.114	0.138	-0.841	-4.635	-8.497	1.307	126.974998	37.295841
1685512286991	1685512286982	-13.637	-5.825	0.733	1.224	0.026	-0.852	-4.652	-8.253	1.293	126.974998	37.295841
1685512287003	1685512286991	-13.269	-5.770	0.673	1.242	-0.086	-0.953	-4.448	-8.092	1.185	126.974998	37.295841
1685512287013	1685512287003	-13.103	-5.703	0.634	1.229	-0.138	-1.131	-4.046	-7.827	1.044	126.974998	37.295841
1685512287023	1685512287014	-12.737	-5.392	0.776	1.232	-0.133	-1.359	-3.658	-7.676	1.001	126.974998	37.295841
1685512287033	1685512287024	-12.237	-5.148	0.970	1.249	-0.143	-1.613	-3.472	-7.496	0.972	126.974998	37.295841
1685512287042	1685512287033	-11.466	-4.776	1.015	1.261	-0.192	-1.864	-3.079	-7.034	1.123	126.974998	37.295841
1685512287053	1685512287042	-10.922	-4.506	1.118	1.245	-0.253	-2.099	-2.555	-6.646	1.322	126.974998	37.295841
1685512287062	1685512287054	-10.293	-4.513	1.166	1.184	-0.283	-2.334	-1.757	-6.091	1.367	126.974998	37.295841
1685512287072	1685512287062	-9.821	-4.379	1.223	1.125	-0.305	-2.602	-1.188	-5.612	1.460	126.974998	37.295841
1685512287081	1685512287072	-9.550	-4.183	0.994	1.111	-0.343	-2.908	-0.532	-5.363	1.489	126.974998	37.295841
1685512287091	1685512287081	-9.412	-4.034	0.936	1.155	-0.359	-3.200	-0.041	-4.997	1.528	126.974998	37.295841
1685512287100	1685512287091	-9.395	-3.946	0.757	1.272	-0.348	-3.444	0.244	-4.456	1.264	126.974998	37.295841
1685512287109	1685512287100	-9.414	-3.862	0.608	1.472	-0.340	-3.632	0.388	-4.053	1.180	126.974998	37.295841
1685512287119	1685512287109	-9.378	-3.675	0.438	1.714	-0.353	-3.795	0.400	-3.591	0.960	126.974998	37.295841
1685512287131	1685512287120	-9.383	-3.536	0.457	1.914	-0.389	-3.941	0.364	-3.184	0.776	126.974998	37.295841
1685512287140	1685512287131	-9.280	-3.699	0.515	2.060	-0.441	-4.054	0.364	-2.588	0.551	126.974998	37.295841
1685512287152	1685512287140	-9.220	-3.721	0.491	2.204	-0.485	-4.103	0.314	-2.102	0.515	126.974998	37.295841
1685512287159	1685512287152	-9.210	-3.596	0.302	2.399	-0.501	-4.088	0.335	-1.796	0.479	126.974998	37.295841
1685512287170	1685512287159	-9.093	-2.981	0.177	2.634	-0.498	-4.021	0.328	-1.504	0.381	126.974998	37.295841
1685512287179	1685512287170	-8.933	-2.531	0.043	2.844	-0.525	-3.907	0.215	-0.917	0.065	126.974998	37.295841
1685512287191	1685512287179	-8.523	-2.073	-0.089	2.970	-0.569	-3.753	0.242	-0.007	-0.156	126.974998	37.295841
1685512287199	1685512287191	-8.179	-1.772	-0.105	2.991	-0.623	-3.588	0.263	0.828	-0.441	126.974998	37.295841
1685512287209	1685512287199	-7.793	-1.463	-0.136	2.927	-0.656	-3.412	0.551	1.578	-0.713	126.974998	37.295841
1685512287219	1685512287210	-7.487	-0.974	-0.261	2.814	-0.656	-3.187	0.735	2.224	-0.922	126.974998	37.295841
1685512287230	1685512287219	-7.061	-0.713	-0.326	2.633	-0.643	-2.933	0.989	2.780	-1.116	126.974998	37.295841
1685512287239	1685512287230	-6.517	-0.563	-0.400	2.373	-0.622	-2.665	1.149	3.517	-1.420	126.974998	37.295841
1685512287252	1685512287239	-6.007	-0.587	-0.453	2.049	-0.586	-2.382	1.432	3.996	-1.659	126.975006	37.295841
1685512287259	1685512287252	-5.698	-0.565	-0.599	1.673	-0.539	-2.089	1.839	4.338	-1.901	126.975006	37.295841
1685512287270	1685512287260	-5.531	-0.517	-0.843	1.286	-0.473	-1.790	2.222	4.480	-2.105	126.975006	37.295841
1685512287280	1685512287270	-5.550	-0.455	-0.982	0.922	-0.380	-1.489	2.389	4.671	-2.406	126.975006	37.295841
1685512287290	1685512287280	-5.763	-0.340	-0.960	0.588	-0.271	-1.191	2.476	4.815	-2.737	126.975006	37.295841
1685512287300	1685512287290	-6.014	-0.450	-0.831	0.243	-0.194	-0.887	2.368	4.978	-2.954	126.975006	37.295841
1685512287311	1685512287300	-6.452	-0.795	-0.448	-0.114	-0.119	-0.569	2.085	5.176	-2.986	126.975006	37.295841
1685512287320	1685512287311	-6.924	-1.389	0.084	-0.437	-0.016	-0.249	1.779	5.128	-2.885	126.975006	37.295841
1685512287330	1685512287320	-7.587	-1.800	0.579	-0.705	0.093	0.056	1.307	4.831	-2.507	126.975006	37.295841
1685512287342	1685512287331	-8.179	-2.054	0.845	-0.915	0.204	0.349	0.819	4.269	-1.949	126.975006	37.295841
1685512287357	1685512287342	-8.705	-2.160	0.764	-1.067	0.308	0.641	0.160	3.864	-1.410	126.975006	37.295841
1685512287361	1685512287357	-9.364	-2.282	0.702	-1.173	0.373	0.944	-0.405	3.603	-1.077	126.975006	37.295841
1685512287372	1685512287361	-10.017	-2.397	0.359	-1.272	0.435	1.252	-0.891	3.467	-1.075	126.975006	37.295841
1685512287383	1685512287372	-11.009	-2.626	0.170	-1.356	0.525	1.566	-1.482	3.287	-1.032	126.975006	37.295841
1685512287392	1685512287383	-11.911	-2.942	0.417	-1.409	0.633	1.880	-2.069	3.100	-1.281	126.975006	37.295841
1685512287401	1685512287392	-12.615	-3.136	0.661	-1.489	0.748	2.177	-2.957	2.758	-1.341	126.975006	37.295841
1685512287411	1685512287401	-12.737	-3.316	1.185	-1.615	0.825	2.494	-3.761	2.322	-0.982	126.975006	37.295841
1685512287420	1685512287413	-12.641	-3.740	1.887	-1.696	0.871	2.848	-4.343	1.970	-0.599	126.975006	37.295841
1685512287432	1685512287421	-12.641	-3.740	1.887	-1.710	0.962	3.213	-4.329	1.602	0.074	126.975006	37.295841
1685512287440	1685512287432	-12.749	-5.121	2.502	-1.627	1.108	3.478	-4.089	0.953	0.931	126.975006	37.295841
1685512287452	1685512287441	-12.749	-5.121	2.502	-1.327	1.355	3.597	-3.934	0.690	1.092	126.975006	37.295841
1685512287461	1685512287452	-14.358	-5.310	2.480	-0.812	1.717	3.620	-3.869	-1.013	1.891	126.975006	37.295841
1685512287470	1685512287462	-14.358	-5.057	2.227	-0.224	1.965	3.597	-3.735	-1.298	2.047	126.975006	37.295841
1685512287480	1685512287470	-15.184	-4.745	2.227	0.379	2.136	3.553	-5.191	-1.846	2.231	126.975006	37.295841
1685512287493	1685512287480	-16.048	-4.063	1.951	0.379	2.136	3.553	-5.080	-1.889	2.145	126.975006	37.295841
1685512287501	1685512287493	-16.175	-3.776	1.645	1.520	2.286	3.455	-5.801	-1.911	2.334	126.975006	37.295841
1685512287511	1685512287502	-16.175	-3.776	1.645	1.819	2.161	3.365	-6.574	-1.561	2.251	126.975006	37.295841
1685512287523	1685512287512	-15.141	-3.589	1.231	1.819	2.161	3.365	-6.625	-1.628	2.145	126.975006	37.295841
1685512287533	1685512287524	-13.999	-2.646	1.104	2.049	1.690	3.133	-6.574	-1.911	2.298	126.975006	37.295841
1685512287545	1685512287533	-13.108	-1.987	1.041	2.049	1.690	3.133	-5.499	-2.033	2.059	126.975006	37.295841
1685512287561	1685512287546	-12.038	-1.870	1.219	1.841	1.500	3.052	-4.326	-1.374	2.069	126.975006	37.295841
1685512287562	1685512287561	-10.831	-1.681	1.528	1.106	1.142	2.669	-3.419	-0.998	2.145	126.975006	37.295841
1685512287572	1685512287562	-9.637	-1.211	2.037	1.106	1.142	2.669	-2.339	-1.154	2.452	126.975006	37.295841
1685512287582	1685512287572	-8.684	-1.006	2.313	0.643	0.992	2.329	-1.132	-1.259	2.887	126.975006	37.295841
1685512287592	1685512287582	-7.793	-1.381	2.483	0.116	0.869	2.056	0.055	-0.984	3.484	126.975006	37.295841
1685512287602	1685512287592	-7.037	-1.863	2.504	-0.418	0.756	1.846	0.996	-0.994	3.855	126.975006	37.295841
1685512287613	1685512287602	-6.610	-2.018	2.351	-0.834	0.690	1.676	1.872	-1.568	4.108	126.975006	37.295841
1685512287622	1685512287613	-6.440	-2.231	2.059	-1.153	0.684	1.533	2.612	-2.234	4.202	126.975006	37.295841
1685512287632	1685512287622	-6.325	-2.392	1.906	-1.411	0.659	1.454	3.017	-2.567	4.111	126.975006	37.295841
1685512287642	1685512287633	-6.383	-2.274	1.755	-1.620	0.590	1.410	3.163	-2.964	3.883	126.975006	37.295841
1685512287653	1685512287642	-6.574	-2.188	1.566	-1.780	0.503	1.354	3.256	-3.273	3.776	126.975006	37.295841
1685512287662	1685512287654	-6.539	-2.394	1.377	-2.001	0.236	1.218	3.175	-3.321	3.666	126.975006	37.295841
1685512287673	1685512287663	-6.555	-2.804	1.250	-2.001	0.236	1.218	2.959	-3.400	3.505	126.975006	37.295841
1685512287681	1685512287674	-6.668	-3.170	1.420	-2.033	0.138	1.139	2.971	-3.776	3.311	126.975006	37.295841
1685512287691	1685512287682	-7.130	-3.531	1.415	-2.055	0.076	1.086	2.935	-4.324	3.179	126.975006	37.295841
1685512287702	1685512287692	-7.659	-3.594	1.410	-1.962	0.032	1.095	2.799	-4.853	3.328	126.975006	37.295841
1685512287711	1685512287702	-7.887	-3.637	1.300	-1.737	-0.002	1.142	2.320	-5.341	3.297	126.975006	37.295841
1685512287722	1685512287712	-8.155	-3.579	1.142	-1.489	-0.034	1.188	1.769	-5.543	3.259	126.975006	37.295841
1685512287734	1685512287722	-8.382	-3.498	1.092	-1.322	-0.060	1.222	1.518	-5.727	3.112	126.975006	37.295841
1685512287745	1685512287735	-8.605	-3.417	0.912	-1.249	-0.031	1.275	1.223	-5.806	2.919	126.975006	37.295841
1685512287764	1685512287745	-8.631	-3.261	0.788	-1.229	0.006	1.318	0.970	-5.863	2.832	126.975006	37.295841
1685512287764	1685512287764	-8.473	-3.589	0.824	-1.291	0.034	1.253	0.711	-5.950	2.614	126.975006	37.295841
1685512287772	1685512287764	-8.643	-3.974	0.910	-1.291	0.034	1.253	0.656	-5.909	2.464	126.975006	37.295841
1685512287782	1685512287772	-8.823	-4.348	1.099	-1.339	0.076	1.136	0.776	-6.390	2.464	126.975006	37.295841
1685512287793	1685512287783	-9.139	-4.583	1.132	-1.362	0.136	0.987	0.575	-6.898	2.521	126.975006	37.295841
1685512287802	1685512287794	-9.618	-4.688	1.305	-1.295	0.198	0.852	0.366	-7.384	2.662	126.975006	37.295841
1685512287813	1685512287803	-10.072	-4.951	1.331	-1.135	0.279	0.740	0.036	-7.681	2.655	126.975006	37.295841
1685512287823	1685512287813	-10.271	-5.195	1.401	-0.927	0.323	0.628	-0.455	-7.851	2.780	126.975006	37.295841
1685512287833	1685512287823	-10.594	-5.176	1.456	-0.702	0.343	0.496	-0.903	-8.109	2.772	126.975006	37.295841
1685512287843	1685512287834	-10.685	-5.212	1.506	-0.464	0.353	0.379	-1.106	-8.375	2.823	126.975006	37.295841
1685512287856	1685512287844	-10.731	-5.061	1.571	-0.224	0.362	0.312	-1.434	-8.373	2.873	126.975006	37.295841
1685512287864	1685512287856	-10.685	-4.784	1.405	0.176	0.338	0.173	-1.544	-8.454	2.942	126.975006	37.295841
1685512287876	1685512287864	-10.693	-4.492	1.094	0.176	0.338	0.173	-1.604	-8.332	3.031	126.975006	37.295841
1685512287885	1685512287876	-11.083	-4.494	1.097	0.271	0.326	0.081	-1.573	-8.071	2.914	126.975006	37.295841
1685512287895	1685512287886	-11.710	-4.676	1.331	0.263	0.337	-0.027	-1.587	-7.788	2.629	126.975006	37.295841
1685512287906	1685512287895	-12.254	-4.836	1.676	0.171	0.369	-0.176	-1.987	-7.793	2.672	126.975006	37.295841
1685512287917	1685512287906	-12.227	-4.865	1.932	0.064	0.378	-0.351	-2.619	-7.970	2.947	126.975006	37.295841
1685512287925	1685512287917	-11.914	-4.908	2.021	-0.037	0.305	-0.480	-3.163	-8.112	3.330	126.975006	37.295841
1685512287936	1685512287926	-11.451	-5.025	2.157	-0.122	0.182	-0.508	-3.132	-8.107	3.625	126.975006	37.295841
1685512287944	1685512287937	-11.100	-5.186	2.219	-0.181	0.068	-0.505	-2.806	-8.102	3.742	126.975006	37.295841
1685512287956	1685512287955	-10.884	-5.100	2.289	-0.210	-0.035	-0.568	-2.332	-8.181	3.891	126.975006	37.295841
1685512287965	1685512287956	-11.116	-4.966	2.057	-0.115	-0.182	-0.820	-1.966	-8.298	3.953	126.975006	37.295841
1685512287990	1685512287965	-11.677	-5.030	1.714	-0.115	-0.182	-0.820	-1.731	-8.162	4.013	126.975006	37.295841
1685512287992	1685512287991	-12.184	-5.066	1.542	-0.027	-0.217	-0.937	-1.932	-7.949	3.757	126.975006	37.295841
1685512287993	1685512287992	-12.802	-5.373	1.336	0.017	-0.301	-1.101	-2.468	-7.946	3.397	126.975006	37.295841
1685512288004	1685512287993	-13.530	-5.657	1.025	0.072	-0.362	-1.262	-2.942	-7.889	3.201	126.975006	37.295841
1685512288015	1685512288005	-14.076	-5.614	1.008	0.169	-0.426	-1.360	-3.529	-8.102	2.971	126.975006	37.295841
1685512288024	1685512288015	-14.327	-5.583	0.709	0.270	-0.512	-1.410	-4.219	-8.270	2.629	126.975006	37.295841
1685512288034	1685512288024	-14.253	-5.528	0.479	0.373	-0.611	-1.434	-4.721	-8.097	2.576	126.975006	37.295841
1685512288044	1685512288035	-14.123	-5.353	0.385	0.459	-0.700	-1.455	-4.932	-7.930	2.234	126.975006	37.295841
1685512288054	1685512288044	-13.874	-5.071	0.215	0.529	-0.750	-1.514	-4.815	-7.733	1.956	126.975006	37.295841
1685512288064	1685512288055	-13.594	-5.071	0.084	0.549	-0.762	-1.729	-4.642	-7.400	1.800	126.975006	37.295841
1685512288073	1685512288064	-13.333	-4.949	0.165	0.549	-0.762	-1.729	-4.355	-6.981	1.575	126.975006	37.295841
1685512288084	1685512288073	-12.639	-4.752	0.017	0.497	-0.709	-1.878	-4.029	-6.792	1.374	126.975006	37.295841
1685512288095	1685512288084	-11.914	-4.520	-0.048	0.470	-0.724	-2.046	-3.735	-6.515	1.398	126.975006	37.295841
1685512288103	1685512288097	-11.255	-4.341	-0.148	0.479	-0.731	-2.208	-3.005	-6.132	1.190	126.975006	37.295841
1685512288112	1685512288104	-10.764	-4.080	-0.079	0.463	-0.722	-2.376	-2.243	-5.696	1.061	126.975006	37.295841
1685512288121	1685512288112	-10.175	-3.824	0.127	0.402	-0.733	-2.584	-1.551	-5.274	0.888	126.975006	37.295841
1685512288131	1685512288121	-9.754	-3.570	0.115	0.370	-0.749	-2.799	-1.037	-4.803	0.898	126.975006	37.295841
1685512288142	1685512288131	-9.371	-3.677	0.036	0.459	-0.729	-2.988	-0.424	-4.290	1.034	126.975006	37.295841
1685512288155	1685512288142	-9.151	-3.620	0.158	0.641	-0.721	-3.175	0.010	-3.759	0.950	126.975006	37.295841
1685512288161	1685512288155	-8.981	-3.488	0.136	0.938	-0.745	-3.515	0.400	-3.572	0.800	126.975006	37.295841
1685512288172	1685512288161	-8.827	-3.194	0.014	0.938	-0.745	-3.515	0.618	-3.199	0.850	126.975006	37.295841
1685512288181	1685512288172	-8.722	-2.667	-0.026	1.109	-0.724	-3.581	0.766	-2.648	0.735	126.975006	37.295841
1685512288191	1685512288182	-8.523	-2.349	0.055	1.280	-0.694	-3.578	0.895	-2.076	0.546	126.975006	37.295841
1685512288201	1685512288192	-8.219	-2.622	0.091	1.416	-0.694	-3.544	0.960	-1.195	0.421	126.975006	37.295841
1685512288212	1685512288201	-7.920	-2.456	0.096	1.533	-0.737	-3.512	1.101	-0.527	0.414	126.975006	37.295841
1685512288221	1685512288212	-7.678	-2.088	-0.005	1.602	-0.751	-3.489	1.338	-0.455	0.357	126.975006	37.295841
1685512288231	1685512288221	-7.594	-1.563	-0.223	1.614	-0.717	-3.387	1.556	0.045	0.254	126.975006	37.295841
1685512288241	1685512288232	-7.403	-1.379	-0.457	1.597	-0.646	-3.196	1.693	0.790	0.024	126.975021	37.295837
1685512288253	1685512288242	-7.108	-1.281	-0.584	1.527	-0.568	-3.004	1.683	1.597	-0.297	126.975021	37.295837
1685512288261	1685512288253	-6.905	-1.300	-0.558	1.214	-0.525	-2.743	1.776	2.059	-0.639	126.975021	37.295837
1685512288272	1685512288261	-6.637	-1.271	-0.527	1.214	-0.525	-2.743	1.961	2.428	-0.871	126.975021	37.295837
1685512288281	1685512288272	-6.579	-1.300	-0.479	1.085	-0.480	-2.590	2.047	2.674	-0.948	126.975021	37.295837
1685512288292	1685512288281	-6.572	-1.317	-0.352	0.977	-0.423	-2.412	2.212	2.919	-1.003	126.975021	37.295837
1685512288301	1685512288292	-6.577	-1.460	-0.220	0.863	-0.336	-2.228	2.143	3.134	-1.053	126.975021	37.295837
1685512288312	1685512288302	-6.572	-1.539	-0.239	0.691	-0.269	-2.054	2.049	3.302	-1.001	126.975021	37.295837
1685512288322	1685512288312	-6.661	-1.824	-0.278	0.463	-0.213	-1.861	1.939	3.342	-0.939	126.975021	37.295837
1685512288334	1685512288322	-6.792	-2.037	-0.520	0.264	-0.112	-1.624	1.841	3.431	-1.013	126.975021	37.295837
1685512288343	1685512288335	-7.001	-2.337	-0.438	0.149	0.011	-1.372	1.657	3.299	-1.094	126.975021	37.295837
1685512288364	1685512288344	-7.219	-2.535	-0.493	0.119	0.111	-1.118	1.439	3.218	-1.358	126.975021	37.295837
1685512288364	1685512288364	-7.700	-2.602	-0.591	0.186	0.318	-0.572	1.152	3.041	-1.283	126.975021	37.295837
1685512288374	1685512288364	-8.009	-2.804	-0.472	0.186	0.318	-0.572	0.879	2.923	-1.336	126.975021	37.295837
1685512288383	1685512288374	-8.449	-2.928	-0.450	0.249	0.429	-0.255	0.366	2.904	-1.417	126.975021	37.295837
1685512288394	1685512288383	-8.942	-2.729	-0.431	0.310	0.496	0.050	0.031	2.744	-1.286	126.975021	37.295837
1685512288403	1685512288395	-9.108	-2.583	-0.441	0.335	0.572	0.321	-0.417	2.638	-1.243	126.975021	37.295837
1685512288414	1685512288403	-9.234	-2.660	-0.450	0.336	0.643	0.589	-0.905	2.830	-1.202	126.975021	37.295837
1685512288423	1685512288414	-9.357	-2.725	-0.438	0.368	0.684	0.856	-1.044	2.942	-1.178	126.975021	37.295837
1685512288435	1685512288424	-9.840	-2.593	-0.493	0.390	0.724	1.078	-1.140	2.825	-1.161	126.975021	37.295837
1685512288445	1685512288435	-10.719	-2.301	-0.285	0.376	0.800	1.263	-1.211	2.689	-1.113	126.975021	37.295837
1685512288455	1685512288445	-11.746	-2.318	-0.199	0.325	0.951	1.442	-1.633	2.729	-1.130	126.975021	37.295837
1685512288463	1685512288455	-12.723	-2.310	-0.077	0.043	1.253	1.829	-2.433	2.904	-0.871	126.975021	37.295837
1685512288473	1685512288463	-13.556	-2.533	0.057	0.043	1.253	1.829	-3.388	2.780	-0.728	126.975021	37.295837
1685512288483	1685512288473	-13.951	-2.806	0.160	-0.169	1.293	2.028	-4.240	2.586	-0.472	126.975021	37.295837
1685512288493	1685512288483	-13.611	-3.017	0.354	-0.390	1.312	2.252	-5.009	2.253	-0.263	126.975021	37.295837
1685512288504	1685512288493	-12.512	-3.069	0.373	-0.569	1.289	2.501	-5.294	1.788	-0.029	126.975021	37.295837
1685512288515	1685512288504	-11.478	-3.354	0.539	-0.699	1.158	2.738	-4.860	1.403	0.280	126.975021	37.295837
1685512288523	1685512288515	-11.147	-3.831	1.044	-0.814	1.058	2.914	-3.644	1.106	0.453	126.975021	37.295837
1685512288533	1685512288523	-11.789	-4.164	1.465	-0.881	1.152	2.997	-2.512	0.601	0.735	126.975021	37.295837
1685512288544	1685512288534	-13.142	-4.549	1.657	-0.853	1.368	2.981	-2.049	-0.192	1.393	126.975021	37.295837
1685512288557	1685512288544	-14.643	-4.858	1.688	-0.694	1.619	2.906	-2.602	-0.776	1.937	126.975021	37.295837
1685512288562	1685512288557	-15.677	-4.800	1.611	-0.020	1.955	2.877	-3.867	-1.441	2.282	126.975021	37.295837
1685512288573	1685512288562	-16.067	-4.566	1.061	-0.020	1.955	2.877	-5.294	-2.025	2.485	126.975021	37.295837
1685512288582	1685512288573	-15.550	-4.334	0.532	0.335	1.872	2.969	-6.261	-2.265	2.610	126.975021	37.295837
1685512288592	1685512288582	-14.353	-4.099	0.196	0.606	1.649	3.067	-6.608	-2.274	2.227	126.975021	37.295837
1685512288603	1685512288592	-13.254	-3.931	0.318	0.724	1.427	3.111	-6.048	-2.346	1.884	126.975021	37.295837
1685512288614	1685512288603	-12.016	-3.840	0.261	0.696	1.179	3.068	-4.820	-2.368	1.681	126.975021	37.295837
1685512288623	1685512288614	-10.812	-3.448	0.591	0.616	0.952	2.961	-3.692	-2.485	1.927	126.975021	37.295837
1685512288634	1685512288623	-9.694	-3.321	0.874	0.501	0.806	2.822	-2.435	-2.677	1.973	126.975021	37.295837
1685512288644	1685512288635	-8.938	-2.950	1.113	0.329	0.761	2.651	-1.216	-2.557	2.389	126.975021	37.295837
1685512288656	1685512288644	-8.188	-2.890	1.314	0.116	0.706	2.441	-0.091	-2.693	2.746	126.975021	37.295837
1685512288664	1685512288656	-7.649	-2.820	1.415	-0.329	0.648	1.913	0.663	-2.595	3.065	126.975021	37.295837
1685512288674	1685512288664	-7.154	-2.739	1.539	-0.329	0.648	1.913	1.405	-2.744	3.326	126.975021	37.295837
1685512288686	1685512288675	-6.876	-3.033	1.626	-0.555	0.611	1.684	1.930	-2.883	3.496	126.975021	37.295837
1685512288697	1685512288686	-6.632	-3.481	1.753	-0.787	0.567	1.515	2.411	-2.974	3.675	126.975021	37.295837
1685512288705	1685512288697	-6.598	-3.869	1.894	-0.955	0.538	1.384	2.670	-3.440	3.816	126.975021	37.295837
1685512288716	1685512288705	-6.823	-3.790	1.911	-1.026	0.538	1.258	2.895	-4.051	3.994	126.975021	37.295837
1685512288725	1685512288717	-6.874	-3.874	1.882	-1.029	0.527	1.152	2.904	-4.606	4.185	126.975021	37.295837
1685512288736	1685512288725	-6.984	-3.785	1.721	-0.988	0.456	1.118	2.660	-4.657	4.240	126.975021	37.295837
1685512288757	1685512288736	-6.986	-3.486	1.774	-0.911	0.367	1.131	2.586	-4.875	4.252	126.975021	37.295837
1685512288758	1685512288758	-7.108	-3.326	1.571	-0.853	0.315	1.134	2.452	-4.915	4.125	126.975021	37.295837
1685512288775	1685512288758	-7.230	-3.335	1.439	-0.888	0.221	1.108	2.428	-4.743	4.199	126.975021	37.295837
1685512288776	1685512288776	-7.393	-3.335	1.372	-0.888	0.221	1.108	2.284	-4.712	4.015	126.975021	37.295837
1685512288785	1685512288776	-7.700	-3.548	1.322	-0.981	0.203	1.071	2.136	-4.872	3.893	126.975021	37.295837
1685512288794	1685512288786	-8.021	-3.721	1.271	-1.098	0.189	1.024	1.954	-4.973	3.831	126.975021	37.295837
1685512288805	1685512288795	-8.236	-3.591	1.247	-1.216	0.136	0.972	1.623	-5.310	3.783	126.975021	37.295837
1685512288816	1685512288805	-8.373	-3.728	1.135	-1.333	0.071	0.926	1.281	-5.605	3.730	126.975021	37.295837
1685512288824	1685512288816	-8.495	-3.974	1.128	-1.433	0.042	0.898	1.041	-5.595	3.694	126.975021	37.295837
1685512288835	1685512288825	-8.490	-4.152	0.864	-1.534	0.009	0.859	0.886	-5.849	3.563	126.975021	37.295837
1685512288845	1685512288835	-8.447	-4.094	0.661	-1.637	-0.066	0.764	0.740	-6.225	3.524	126.975021	37.295837
1685512288856	1685512288845	-8.502	-4.233	0.706	-1.721	-0.158	0.655	0.735	-6.488	3.218	126.975021	37.295837
1685512288865	1685512288856	-8.643	-4.614	0.812	-1.840	-0.247	0.459	0.771	-6.512	2.957	126.975021	37.295837
1685512288876	1685512288865	-9.017	-5.045	1.034	-1.840	-0.247	0.459	0.716	-6.716	2.928	126.975021	37.295837
1685512288885	1685512288876	-9.354	-5.128	1.173	-1.864	-0.255	0.324	0.584	-7.149	2.940	126.975021	37.295837
1685512288897	1685512288885	-9.670	-5.310	1.209	-1.829	-0.203	0.202	0.223	-7.604	3.079	126.975021	37.295837
