1685512248859	1685512248859	-7.853	-1.271	0.582	0.398	-0.376	-1.178	0.737	1.501	-0.907	126.974670	37.295586
1685512248859	1685512248859	-7.728	-1.101	0.378	0.274	-0.375	-0.877	1.063	1.757	-0.721	126.974670	37.295586
1685512248867	1685512248859	-7.817	-0.989	0.175	0.170	-0.337	-0.571	1.252	2.107	-0.742	126.974670	37.295586
1685512248877	1685512248867	-8.083	-1.101	0.057	0.065	-0.265	-0.291	1.346	2.346	-0.984	126.974670	37.295586
1685512248886	1685512248877	-8.892	-1.041	0.000	-0.070	-0.184	-0.050	1.228	2.519	-1.233	126.974670	37.295586
1685512248897	1685512248887	-9.840	-1.195	-0.084	-0.272	-0.099	0.160	0.950	2.425	-1.369	126.974670	37.295586
1685512248906	1685512248898	-10.793	-1.374	-0.290	-0.495	-0.007	0.384	0.136	2.492	-1.444	126.974670	37.295586
1685512248917	1685512248906	-11.356	-1.731	-0.381	-0.657	0.106	0.648	-0.807	2.327	-1.528	126.974670	37.295586
1685512248926	1685512248917	-11.396	-2.174	-0.630	-0.775	0.237	0.966	-1.745	2.119	-1.714	126.974670	37.295586
1685512248938	1685512248926	-10.862	-2.684	-0.503	-0.874	0.357	1.355	-2.286	1.717	-1.776	126.974670	37.295586
1685512248946	1685512248938	-10.180	-2.804	0.038	-0.949	0.476	1.772	-2.286	1.188	-1.973	126.974670	37.295586
1685512248956	1685512248946	-9.871	-2.866	0.290	-1.030	0.597	2.133	-1.707	0.577	-1.791	126.974670	37.295586
1685512248966	1685512248956	-10.108	-2.660	0.524	-1.068	0.718	2.409	-0.962	0.306	-1.176	126.974670	37.295586
1685512248977	1685512248966	-10.956	-2.404	0.570	-1.073	0.870	2.567	-0.582	0.060	-0.838	126.974670	37.295586
1685512248986	1685512248977	-12.182	-2.282	0.500	-1.056	1.021	2.622	-0.745	0.053	-0.505	126.974670	37.295586
1685512248997	1685512248986	-13.573	-2.449	0.553	-0.977	1.150	2.632	-1.516	0.077	-0.350	126.974670	37.295586
1685512249006	1685512248997	-14.854	-2.789	0.869	-0.870	1.250	2.607	-2.665	-0.062	-0.285	126.974670	37.295586
1685512249016	1685512249006	-15.347	-3.249	0.970	-0.764	1.271	2.574	-3.998	-0.450	-0.115	126.974670	37.295586
1685512249026	1685512249016	-14.990	-3.766	0.998	-0.656	1.177	2.593	-5.219	-1.058	0.347	126.974670	37.295586
1685512249037	1685512249026	-13.975	-3.766	0.955	-0.516	1.018	2.700	-5.669	-1.741	0.570	126.974670	37.295586
1685512249047	1685512249037	-12.704	-3.591	0.934	-0.347	0.844	2.841	-5.272	-2.507	0.723	126.974670	37.295586
1685512249056	1685512249047	-11.803	-3.318	0.754	-0.204	0.687	2.930	-4.223	-2.768	0.783	126.974670	37.295586
1685512249066	1685512249057	-11.013	-3.069	0.622	-0.133	0.588	2.937	-2.926	-2.897	0.857	126.974670	37.295586
1685512249078	1685512249066	-10.209	-2.830	0.702	-0.162	0.538	2.876	-2.009	-2.883	0.737	126.974670	37.295586
1685512249086	1685512249078	-9.459	-2.832	0.733	-0.294	0.500	2.775	-1.211	-2.921	0.666	126.974670	37.295586
1685512249099	1685512249086	-8.744	-2.966	0.967	-0.505	0.464	2.666	-0.407	-2.964	0.797	126.974670	37.295586
1685512249106	1685512249099	-8.248	-2.981	1.178	-0.717	0.454	2.572	0.333	-3.239	0.876	126.974670	37.295586
1685512249116	1685512249106	-7.843	-3.124	1.188	-0.898	0.467	2.475	1.034	-3.634	1.154	126.974670	37.295586
1685512249126	1685512249116	-7.558	-3.381	1.283	-1.047	0.483	2.375	1.504	-3.953	1.410	126.974670	37.295586
1685512249139	1685512249126	-7.441	-3.479	1.374	-1.164	0.494	2.285	1.887	-4.290	1.448	126.974670	37.295586
1685512249146	1685512249139	-7.309	-3.658	1.506	-1.271	0.494	2.202	2.140	-4.781	1.578	126.974670	37.295586
1685512249157	1685512249146	-7.391	-3.649	1.434	-1.341	0.473	2.117	2.219	-5.104	1.700	126.974670	37.295586
1685512249166	1685512249158	-7.525	-3.587	1.422	-1.354	0.426	2.037	2.313	-5.499	1.856	126.974670	37.295586
1685512249176	1685512249166	-7.788	-3.393	1.271	-1.323	0.396	1.967	2.188	-5.698	1.803	126.974670	37.295586
1685512249186	1685512249176	-8.133	-3.405	1.130	-1.302	0.369	1.894	2.004	-5.856	1.805	126.974670	37.295586
1685512249197	1685512249186	-8.420	-3.438	0.936	-1.311	0.326	1.824	1.697	-5.835	1.659	126.974670	37.295586
1685512249206	1685512249197	-8.638	-3.589	0.788	-1.352	0.272	1.762	1.317	-5.981	1.506	126.974670	37.295586
1685512249217	1685512249206	-8.966	-3.725	0.754	-1.404	0.211	1.730	0.994	-6.144	1.295	126.974670	37.295586
1685512249226	1685512249218	-9.287	-3.910	0.673	-1.461	0.147	1.719	0.735	-6.436	1.120	126.974670	37.295586
1685512249236	1685512249226	-9.512	-4.178	0.615	-1.521	0.084	1.717	0.378	-6.670	1.056	126.974670	37.295586
1685512249246	1685512249237	-9.713	-4.202	0.546	-1.554	0.035	1.729	0.019	-6.979	0.929	126.974670	37.295586
1685512249261	1685512249246	-9.701	-4.274	0.493	-1.589	-0.012	1.750	-0.230	-7.326	0.821	126.974663	37.295609
1685512249266	1685512249261	-9.603	-4.319	0.395	-1.646	-0.054	1.780	-0.486	-7.513	0.706	126.974663	37.295609
1685512249277	1685512249267	-9.572	-4.410	0.400	-1.715	-0.082	1.812	-0.534	-7.748	0.599	126.974663	37.295609
1685512249288	1685512249278	-9.522	-4.453	0.383	-1.790	-0.084	1.824	-0.498	-7.956	0.436	126.974663	37.295609
1685512249298	1685512249289	-9.641	-4.817	0.227	-1.884	-0.087	1.803	-0.517	-8.169	0.364	126.974663	37.295609
1685512249306	1685512249299	-9.948	-4.966	-0.007	-1.950	-0.049	1.770	-0.529	-8.356	0.261	126.974663	37.295609
1685512249316	1685512249307	-10.142	-5.229	-0.306	-1.994	0.006	1.719	-0.699	-8.832	0.029	126.974663	37.295609
1685512249326	1685512249317	-10.230	-6.005	0.215	-2.044	0.053	1.660	-1.075	-9.129	-0.297	126.974663	37.295609
1685512249339	1685512249327	-10.633	-5.080	0.697	-2.065	0.119	1.615	-1.329	-9.512	-0.673	126.974663	37.295609
1685512249346	1685512249339	-10.681	-6.761	1.374	-2.081	0.151	1.577	-1.489	-10.424	-0.235	126.974663	37.295609
1685512249356	1685512249346	-10.458	-7.123	1.506	-1.813	0.092	1.610	-1.966	-9.632	0.163	126.974663	37.295609
1685512249367	1685512249357	-10.400	-6.582	1.300	-1.172	0.068	1.632	-2.093	-11.449	0.747	126.974663	37.295609
1685512249377	1685512249368	-10.460	-6.426	0.953	-0.648	0.114	1.549	-1.937	-11.923	0.809	126.974663	37.295609
1685512249386	1685512249377	-11.018	-6.249	0.871	-0.164	0.154	1.523	-1.958	-11.514	0.553	126.974663	37.295609
1685512249400	1685512249387	-12.031	-6.443	0.881	0.077	0.243	1.438	-2.095	-11.483	0.182	126.974663	37.295609
1685512249408	1685512249400	-12.893	-6.783	1.089	0.144	0.323	1.268	-2.729	-11.430	0.105	126.974663	37.295609
1685512249416	1685512249409	-13.400	-7.003	1.188	0.200	0.401	1.093	-3.816	-11.744	0.139	126.974663	37.295609
1685512249426	1685512249417	-12.950	-7.221	1.365	0.293	0.428	0.962	-4.757	-12.210	0.388	126.974663	37.295609
1685512249438	1685512249426	-11.801	-7.238	1.566	0.426	0.379	0.874	-5.310	-12.503	0.522	126.974663	37.295609
1685512249446	1685512249439	-10.570	-7.118	1.743	0.575	0.308	0.793	-4.911	-12.799	0.749	126.974663	37.295609
1685512249458	1685512249446	-9.795	-6.795	1.717	0.700	0.225	0.672	-3.809	-12.888	1.006	126.974663	37.295609
1685512249469	1685512249458	-9.687	-6.653	1.630	0.762	0.151	0.474	-2.622	-12.835	1.240	126.974663	37.295609
1685512249477	1685512249469	-10.362	-6.433	1.628	0.757	0.123	0.171	-1.882	-12.570	1.271	126.974663	37.295609
1685512249487	1685512249477	-11.643	-6.345	1.638	0.721	0.140	-0.228	-1.803	-12.471	1.247	126.974663	37.295609
1685512249498	1685512249487	-12.878	-6.328	1.408	0.716	0.171	-0.652	-2.488	-12.265	1.293	126.974663	37.295609
1685512249506	1685512249499	-13.937	-6.275	1.041	0.798	0.181	-1.019	-3.757	-12.163	1.355	126.974663	37.295609
1685512249517	1685512249507	-14.621	-6.239	0.687	0.940	0.123	-1.321	-4.954	-12.096	1.180	126.974663	37.295609
1685512249526	1685512249518	-14.626	-6.376	0.362	1.098	0.006	-1.555	-5.947	-11.954	0.879	126.974663	37.295609
1685512249539	1685512249527	-14.183	-6.285	0.168	1.257	-0.145	-1.721	-6.565	-11.825	0.582	126.974663	37.295609
1685512249546	1685512249539	-13.410	-5.923	0.101	1.400	-0.307	-1.834	-6.467	-11.811	0.330	126.974663	37.295609
1685512249558	1685512249547	-12.589	-5.648	0.034	1.489	-0.458	-1.929	-5.950	-11.607	0.180	126.974663	37.295609
1685512249566	1685512249558	-12.021	-5.210	0.151	1.519	-0.553	-2.054	-5.080	-11.092	0.160	126.974663	37.295609
1685512249578	1685512249567	-11.667	-4.796	0.254	1.487	-0.586	-2.230	-4.159	-10.654	0.132	126.974663	37.295609
1685512249587	1685512249578	-11.478	-4.247	0.309	1.409	-0.578	-2.443	-3.481	-10.022	0.278	126.974663	37.295609
1685512249598	1685512249588	-11.188	-3.907	0.306	1.304	-0.556	-2.673	-3.031	-9.433	0.400	126.974663	37.295609
1685512249607	1685512249599	-10.760	-3.677	0.378	1.177	-0.546	-2.898	-2.708	-8.629	0.472	126.974663	37.295609
1685512249617	1685512249607	-10.405	-3.512	0.381	1.036	-0.542	-3.104	-2.327	-8.097	0.474	126.974663	37.295609
1685512249628	1685512249617	-10.101	-3.433	0.311	0.891	-0.544	-3.300	-1.755	-7.554	0.543	126.974663	37.295609
1685512249638	1685512249628	-9.855	-3.498	0.184	0.749	-0.551	-3.488	-1.307	-7.163	0.539	126.974663	37.295609
1685512249649	1685512249638	-9.869	-3.598	0.151	0.632	-0.544	-3.651	-0.876	-6.749	0.448	126.974663	37.295609
1685512249657	1685512249650	-9.828	-3.867	-0.031	0.594	-0.525	-3.790	-0.529	-6.522	0.297	126.974663	37.295609
1685512249668	1685512249657	-9.737	-3.812	-0.318	0.648	-0.525	-3.924	-0.419	-6.211	0.223	126.974663	37.295609
1685512249679	1685512249668	-9.902	-3.642	-0.328	0.784	-0.542	-4.044	-0.304	-6.191	0.012	126.974663	37.295609
1685512249689	1685512249679	-9.838	-3.486	-0.433	0.935	-0.538	-4.105	-0.120	-5.722	-0.311	126.974663	37.295609
1685512249702	1685512249690	-9.941	-3.364	-0.287	1.073	-0.535	-4.090	-0.218	-5.162	-0.362	126.974663	37.295609
1685512249709	1685512249703	-9.986	-3.153	-0.204	1.245	-0.538	-4.044	-0.098	-4.609	-0.505	126.974663	37.295609
1685512249721	1685512249709	-10.142	-2.916	-0.192	1.444	-0.518	-3.969	-0.163	-4.087	-0.402	126.974663	37.295609
1685512249737	1685512249721	-10.185	-2.825	-0.280	1.668	-0.522	-3.867	-0.187	-3.405	-0.373	126.974663	37.295609
1685512249740	1685512249737	-10.163	-2.832	-0.268	1.867	-0.540	-3.717	-0.340	-2.859	-0.402	126.974663	37.295609
1685512249752	1685512249740	-10.192	-2.698	-0.103	2.023	-0.562	-3.545	-0.395	-2.392	-0.546	126.974663	37.295609
1685512249772	1685512249752	-10.271	-2.792	-0.050	2.098	-0.615	-3.396	-0.397	-2.042	-0.599	126.974663	37.295609
1685512249772	1685512249772	-10.580	-2.588	-0.041	2.127	-0.673	-3.251	-0.462	-1.568	-0.508	126.974663	37.295609
1685512249780	1685512249773	-10.750	-2.112	-0.062	2.101	-0.713	-3.074	-0.587	-1.343	-0.541	126.974663	37.295609
1685512249790	1685512249780	-10.628	-1.798	-0.120	1.988	-0.766	-2.871	-0.958	-0.807	-0.642	126.974663	37.295609
1685512249800	1685512249790	-10.285	-1.571	-0.057	1.773	-0.837	-2.650	-1.185	-0.077	-0.759	126.974663	37.295609
1685512249810	1685512249801	-9.869	-1.343	-0.062	1.480	-0.904	-2.407	-1.130	0.493	-0.934	126.974663	37.295609
1685512249820	1685512249811	-9.412	-1.219	-0.165	1.124	-0.972	-2.154	-0.860	0.958	-0.994	126.974663	37.295609
1685512249829	1685512249820	-9.167	-1.415	-0.306	0.761	-1.003	-1.944	-0.522	1.417	-1.135	126.974663	37.295609
1685512249840	1685512249830	-8.995	-1.786	-0.192	0.392	-0.998	-1.786	-0.129	1.709	-1.348	126.974663	37.295609
1685512249850	1685512249840	-8.861	-1.903	-0.239	0.059	-0.977	-1.618	0.036	1.695	-1.609	126.974663	37.295609
1685512249860	1685512249850	-8.777	-1.786	-0.381	-0.182	-0.946	-1.426	0.153	1.453	-1.571	126.974663	37.295609
1685512249871	1685512249860	-8.593	-1.779	-0.488	-0.307	-0.894	-1.229	0.232	1.458	-1.681	126.974663	37.295609
1685512249883	1685512249871	-8.425	-1.398	-0.539	-0.354	-0.803	-1.030	0.273	1.674	-1.863	126.974663	37.295609
1685512249891	1685512249883	-8.389	-1.403	-0.579	-0.384	-0.707	-0.828	0.400	1.798	-2.040	126.974663	37.295609
1685512249903	1685512249892	-8.720	-1.362	-0.745	-0.386	-0.610	-0.606	0.517	2.277	-2.150	126.974663	37.295609
1685512249912	1685512249903	-9.577	-1.219	-0.970	-0.336	-0.486	-0.382	0.536	2.313	-2.193	126.974663	37.295609
1685512249922	1685512249912	-10.206	-1.233	-1.056	-0.265	-0.330	-0.156	0.201	2.370	-2.351	126.974663	37.295609
1685512249941	1685512249923	-10.537	-1.721	-1.120	-0.204	-0.162	0.128	-0.658	2.523	-2.571	126.974663	37.295609
1685512249942	1685512249942	-10.420	-1.966	-1.142	-0.170	-0.035	0.486	-1.274	2.485	-2.631	126.974663	37.295609
1685512249962	1685512249943	-9.941	-2.114	-1.061	-0.161	0.082	0.892	-1.573	1.942	-2.650	126.974663	37.295609
1685512249963	1685512249963	-9.345	-2.315	-0.761	-0.183	0.206	1.315	-1.439	1.657	-2.667	126.974663	37.295609
1685512249970	1685512249963	-8.710	-2.227	-0.412	-0.206	0.379	1.713	-0.922	1.422	-2.571	126.974663	37.295609
1685512249982	1685512249972	-8.475	-2.358	-0.093	-0.291	0.550	2.017	-0.283	1.116	-2.251	126.974663	37.295609
1685512250003	1685512249983	-8.942	-2.461	0.230	-0.404	0.722	2.228	0.414	1.051	-1.860	126.974663	37.295609
1685512250003	1685512250003	-10.056	-2.483	0.493	-0.519	0.908	2.319	0.721	0.740	-1.482	126.974663	37.295609
1685512250008	1685512250003	-11.459	-2.859	0.560	-0.584	1.097	2.325	0.330	0.436	-1.080	126.974663	37.295609
1685512250018	1685512250009	-12.845	-3.440	0.857	-0.585	1.260	2.329	-0.706	0.206	-0.716	126.974663	37.295609
1685512250028	1685512250018	-13.762	-3.962	1.161	-0.508	1.377	2.403	-2.014	-0.436	-0.445	126.974663	37.295609
1685512250039	1685512250029	-14.193	-4.583	1.425	-0.345	1.442	2.556	-3.347	-1.190	-0.041	126.974663	37.295609
1685512250049	1685512250039	-14.133	-4.647	1.465	-0.040	1.478	2.786	-4.199	-1.937	0.402	126.974663	37.295609
1685512250059	1685512250050	-13.700	-4.338	1.506	0.340	1.502	3.029	-4.573	-2.799	0.812	126.974663	37.295609
1685512250069	1685512250061	-13.036	-3.958	1.283	0.702	1.511	3.249	-4.460	-3.132	0.996	126.974663	37.295609
1685512250078	1685512250070	-12.402	-3.663	1.290	0.958	1.481	3.405	-3.979	-3.120	1.178	126.974663	37.295609
1685512250088	1685512250078	-11.880	-3.531	1.374	1.067	1.436	3.456	-3.273	-3.089	1.109	126.974663	37.295609
1685512250100	1685512250088	-11.255	-3.577	1.511	1.035	1.372	3.410	-2.614	-3.093	1.240	126.974663	37.295609
1685512250108	1685512250100	-10.563	-3.548	1.657	0.894	1.288	3.310	-2.081	-3.302	1.460	126.974663	37.295609
1685512250118	1685512250108	-9.780	-3.704	1.882	0.706	1.212	3.183	-1.453	-3.680	1.731	126.974663	37.295609
1685512250129	1685512250119	-9.076	-3.776	1.925	0.501	1.140	3.038	-0.776	-4.003	2.018	126.974663	37.295609
1685512250138	1685512250129	-8.528	-3.857	2.078	0.325	1.079	2.865	-0.014	-4.436	2.354	126.974663	37.295609
1685512250147	1685512250138	-8.037	-3.903	2.140	0.184	1.057	2.676	0.651	-4.831	2.523	126.974663	37.295609
1685512250158	1685512250147	-7.755	-3.919	2.296	0.070	1.048	2.516	1.161	-5.162	2.775	126.974663	37.295609
1685512250167	1685512250158	-7.489	-3.965	2.320	-0.024	1.015	2.371	1.607	-5.464	2.942	126.974663	37.295609
1685512250178	1685512250167	-7.496	-4.106	2.689	-0.105	0.990	2.224	1.839	-5.722	3.199	126.974663	37.295609
1685512250187	1685512250179	-7.659	-3.651	2.765	-0.145	0.977	2.073	2.049	-5.995	3.321	126.974663	37.295609
1685512250198	1685512250188	-7.841	-3.759	2.626	-0.191	0.957	1.911	1.985	-6.349	3.780	126.974663	37.295609
1685512250207	1685512250199	-8.090	-4.015	2.442	-0.194	0.900	1.809	1.748	-6.132	3.965	126.974663	37.295609
1685512250217	1685512250208	-8.135	-3.857	2.286	-0.104	0.872	1.780	1.518	-6.385	3.893	126.974663	37.295609
1685512250232	1685512250218	-8.157	-3.778	2.073	-0.094	0.821	1.712	1.195	-6.847	3.804	126.974663	37.295628
1685512250240	1685512250232	-8.308	-3.895	1.915	-0.172	0.732	1.626	1.099	-6.821	3.711	126.974663	37.295628
1685512250247	1685512250240	-8.533	-4.108	1.867	-0.321	0.682	1.555	1.034	-6.855	3.543	126.974663	37.295628
1685512250258	1685512250247	-8.847	-4.460	1.918	-0.511	0.660	1.489	0.857	-7.041	3.405	126.974663	37.295628
1685512250267	1685512250258	-9.033	-4.475	2.018	-0.654	0.652	1.423	0.589	-7.360	3.381	126.974663	37.295628
1685512250279	1685512250268	-9.029	-4.494	2.296	-0.706	0.639	1.373	0.261	-7.757	3.431	126.974663	37.295628
1685512250289	1685512250279	-8.787	-4.369	2.569	-0.683	0.589	1.356	0.038	-7.863	3.541	126.974663	37.295628
1685512250301	1685512250289	-8.523	-4.290	2.523	-0.618	0.534	1.372	0.017	-7.946	3.821	126.974663	37.295628
1685512250309	1685512250301	-8.320	-4.223	2.370	-0.568	0.502	1.383	0.220	-7.920	4.104	126.974663	37.295628
1685512250320	1685512250310	-8.499	-4.372	2.365	-0.558	0.502	1.350	0.455	-7.915	4.058	126.974663	37.295628
1685512250331	1685512250320	-8.626	-4.460	2.267	-0.558	0.522	1.266	0.603	-7.975	3.915	126.974663	37.295628
1685512250340	1685512250332	-8.938	-4.642	2.155	-0.546	0.527	1.157	0.402	-8.181	3.905	126.974663	37.295628
1685512250349	1685512250340	-9.278	-4.755	2.210	-0.506	0.519	1.052	0.242	-8.341	3.807	126.974663	37.295628
1685512250361	1685512250350	-9.498	-4.853	2.210	-0.435	0.495	0.957	-0.096	-8.588	3.699	126.974663	37.295628
1685512250369	1685512250361	-9.685	-4.908	2.133	-0.353	0.443	0.865	-0.464	-8.760	3.759	126.974663	37.295628
1685512250379	1685512250370	-9.692	-4.875	2.200	-0.275	0.373	0.787	-0.713	-8.916	3.771	126.974663	37.295628
1685512250389	1685512250380	-9.874	-4.894	2.112	-0.220	0.294	0.726	-0.934	-9.038	3.709	126.974663	37.295628
1685512250401	1685512250391	-10.060	-4.858	2.042	-0.197	0.230	0.667	-0.967	-9.057	3.790	126.974663	37.295628
1685512250410	1685512250401	-10.300	-4.776	1.853	-0.208	0.184	0.595	-1.183	-9.141	3.716	126.974663	37.295628
1685512250422	1685512250410	-10.613	-4.800	1.798	-0.263	0.139	0.506	-1.403	-9.165	3.658	126.974663	37.295628
1685512250431	1685512250422	-11.207	-5.148	1.741	-0.365	0.097	0.404	-1.674	-9.143	3.476	126.974663	37.295628
1685512250441	1685512250431	-11.933	-5.231	1.729	-0.463	0.093	0.288	-2.009	-9.210	3.421	126.974663	37.295628
1685512250451	1685512250441	-12.352	-5.382	1.664	-0.508	0.132	0.151	-2.624	-9.603	3.354	126.974663	37.295628
1685512250462	1685512250451	-12.321	-5.753	1.882	-0.525	0.123	0.020	-3.364	-9.716	3.333	126.974663	37.295628
1685512250473	1685512250462	-11.768	-6.007	2.116	-0.519	0.043	-0.075	-3.790	-9.888	3.256	126.974663	37.295628
1685512250482	1685512250473	-10.843	-6.009	2.181	-0.431	-0.043	-0.140	-3.764	-10.269	3.460	126.974663	37.295628
1685512250493	1685512250483	-10.096	-5.983	2.097	-0.236	-0.128	-0.205	-3.206	-10.525	3.675	126.974663	37.295628
1685512250504	1685512250493	-9.948	-6.072	2.011	0.002	-0.224	-0.293	-2.274	-10.523	3.716	126.974663	37.295628
1685512250513	1685512250504	-10.451	-6.232	1.901	0.250	-0.235	-0.432	-1.516	-10.479	3.608	126.974663	37.295628
1685512250522	1685512250513	-11.425	-6.074	1.757	0.547	-0.132	-0.629	-1.353	-10.546	3.505	126.974663	37.295628
1685512250537	1685512250523	-12.519	-6.096	1.592	0.876	-0.027	-0.853	-1.829	-10.661	3.385	126.974663	37.295628
1685512250549	1685512250537	-13.297	-6.139	1.417	1.192	-0.004	-1.046	-2.777	-10.446	3.254	126.974663	37.295628
1685512250549	1685512250549	-14.080	-6.141	1.092	1.486	-0.060	-1.200	-3.836	-10.381	3.124	126.974663	37.295628
1685512250559	1685512250549	-14.674	-5.993	0.797	1.758	-0.153	-1.327	-4.571	-10.314	3.000	126.974663	37.295628
1685512250569	1685512250559	-15.050	-5.753	0.575	2.007	-0.259	-1.433	-5.298	-10.175	2.734	126.974663	37.295628
1685512250580	1685512250569	-14.885	-5.358	0.275	2.202	-0.392	-1.508	-5.842	-9.895	2.490	126.974663	37.295628
1685512250589	1685512250580	-14.265	-4.872	0.165	2.318	-0.572	-1.556	-6.158	-9.493	2.322	126.974663	37.295628
1685512250602	1685512250589	-13.499	-4.480	0.079	2.343	-0.784	-1.599	-5.930	-8.926	2.069	126.974663	37.295628
1685512250610	1685512250603	-12.787	-4.077	0.050	2.279	-0.981	-1.676	-5.246	-8.258	1.987	126.974663	37.295628
1685512250620	1685512250610	-12.270	-3.680	0.072	2.123	-1.117	-1.815	-4.413	-7.676	1.906	126.974663	37.295628
1685512250631	1685512250621	-11.626	-3.335	0.096	1.890	-1.208	-2.001	-3.618	-7.041	1.856	126.974663	37.295628
1685512250641	1685512250631	-11.195	-3.148	0.093	1.602	-1.277	-2.209	-3.043	-6.479	1.844	126.974663	37.295628
1685512250651	1685512250641	-10.623	-2.978	0.146	1.282	-1.328	-2.425	-2.325	-5.916	1.805	126.974663	37.295628
1685512250662	1685512250651	-10.218	-2.801	0.218	0.954	-1.360	-2.646	-1.817	-5.497	1.724	126.974663	37.295628
1685512250672	1685512250662	-9.981	-2.715	0.172	0.635	-1.368	-2.878	-1.171	-5.078	1.678	126.974663	37.295628
1685512250681	1685512250672	-9.697	-2.722	0.117	0.341	-1.352	-3.108	-0.694	-4.635	1.640	126.974663	37.295628
1685512250693	1685512250681	-9.615	-2.854	0.115	0.072	-1.327	-3.324	-0.383	-4.235	1.463	126.974663	37.295628
1685512250704	1685512250693	-9.531	-3.029	0.029	-0.143	-1.294	-3.515	-0.043	-3.970	1.295	126.974663	37.295628
1685512250712	1685512250705	-9.632	-2.964	-0.108	-0.296	-1.250	-3.668	0.086	-3.780	1.166	126.974663	37.295628
1685512250724	1685512250713	-9.658	-3.112	-0.268	-0.374	-1.197	-3.789	0.208	-3.613	0.953	126.974663	37.295628
1685512250741	1685512250725	-9.723	-3.127	-0.335	-0.384	-1.142	-3.874	0.136	-3.158	0.680	126.974663	37.295628
1685512250742	1685512250742	-9.582	-3.086	-0.450	-0.338	-1.096	-3.919	0.120	-2.976	0.414	126.974663	37.295628
1685512250761	1685512250742	-9.455	-3.105	-0.591	-0.241	-1.057	-3.924	0.048	-2.576	0.225	126.974663	37.295628
1685512250764	1685512250762	-9.266	-3.045	-0.718	-0.103	-1.026	-3.890	0.168	-2.193	0.017	126.974663	37.295628
1685512250771	1685512250764	-9.146	-2.940	-0.821	0.051	-0.996	-3.822	0.256	-1.832	-0.223	126.974663	37.295628
1685512250783	1685512250771	-9.084	-2.753	-0.984	0.200	-0.960	-3.725	0.393	-1.393	-0.448	126.974663	37.295628
1685512250793	1685512250787	-9.017	-2.667	-0.965	0.324	-0.922	-3.603	0.445	-0.919	-0.646	126.974663	37.295628
1685512250802	1685512250794	-8.851	-2.574	-1.051	0.417	-0.881	-3.457	0.424	-0.371	-0.905	126.974663	37.295628
1685512250811	1685512250802	-8.691	-2.502	-0.919	0.478	-0.842	-3.288	0.390	0.091	-0.984	126.974663	37.295628
1685512250821	1685512250812	-8.691	-2.461	-0.821	0.505	-0.808	-3.095	0.464	0.472	-1.142	126.974663	37.295628
1685512250831	1685512250821	-8.677	-2.375	-0.802	0.507	-0.766	-2.887	0.512	0.867	-1.092	126.974663	37.295628
1685512250842	1685512250831	-8.825	-2.363	-0.824	0.487	-0.699	-2.682	0.424	1.135	-1.044	126.974663	37.295628
1685512250851	1685512250843	-8.873	-2.222	-0.848	0.447	-0.619	-2.481	0.347	1.441	-1.073	126.974663	37.295628
1685512250861	1685512250853	-8.969	-2.162	-0.718	0.386	-0.549	-2.264	0.120	1.635	-1.125	126.974663	37.295628
1685512250872	1685512250861	-8.935	-2.210	-0.874	0.303	-0.485	-2.020	-0.010	1.956	-1.180	126.974663	37.295628
1685512250884	1685512250873	-8.935	-2.210	-0.874	0.213	-0.425	-1.761	-0.165	2.136	-1.068	126.974663	37.295628
1685512250893	1685512250885	-8.610	-2.272	-0.690	0.127	-0.367	-1.497	-0.189	2.207	-1.240	126.974663	37.295628
1685512250905	1685512250893	-8.610	-2.272	-0.690	0.048	-0.291	-1.235	-0.239	2.303	-1.250	126.974663	37.295628
1685512250912	1685512250906	-8.576	-2.279	-0.491	-0.018	-0.199	-0.982	0.043	2.315	-1.070	126.974663	37.295628
1685512250924	1685512250913	-8.576	-2.279	-0.491	-0.067	-0.095	-0.743	0.014	2.373	-1.068	126.974663	37.295628
1685512250945	1685512250924	-8.770	-2.148	-0.548	-0.067	-0.095	-0.743	0.017	2.421	-0.862	126.974663	37.295628
1685512250946	1685512250945	-9.218	-2.148	-0.608	-0.128	0.140	-0.288	0.014	2.430	-0.843	126.974663	37.295628
1685512250964	1685512250946	-9.766	-2.318	-0.570	-0.128	0.140	-0.288	-0.192	2.586	-0.883	126.974663	37.295628
1685512250966	1685512250965	-10.204	-2.567	-0.417	-0.150	0.283	-0.055	-0.630	2.571	-0.907	126.974663	37.295628
1685512250971	1685512250966	-10.458	-2.614	-0.366	-0.159	0.413	0.186	-1.168	2.385	-0.831	126.974663	37.295628
1685512250984	1685512250971	-10.544	-2.713	-0.302	-0.143	0.500	0.453	-1.578	2.085	-0.625	126.974663	37.295628
1685512251003	1685512250984	-10.427	-2.804	-0.115	-0.090	0.560	0.756	-1.784	1.951	-0.496	126.974663	37.295628
1685512251004	1685512251004	-9.943	-2.713	0.043	-0.004	0.644	1.073	-1.822	1.762	-0.371	126.974663	37.295628
1685512251010	1685512251004	-9.392	-2.490	0.211	0.119	0.775	1.615	-1.666	1.597	-0.127	126.974663	37.295628
1685512251021	1685512251010	-9.388	-2.444	0.400	0.119	0.775	1.615	-1.140	1.604	0.079	126.974663	37.295628
1685512251029	1685512251021	-9.965	-2.600	0.555	0.134	0.876	1.811	-0.515	1.669	0.316	126.974663	37.295628
1685512251039	1685512251029	-10.855	-2.643	0.797	0.170	1.070	1.938	-0.436	1.547	0.567	126.974663	37.295628
1685512251049	1685512251039	-11.885	-2.720	0.955	0.237	1.283	2.011	-0.915	1.161	0.809	126.974663	37.295628
1685512251061	1685512251049	-12.831	-2.811	0.970	0.329	1.458	2.090	-1.741	0.950	1.116	126.974663	37.295628
1685512251070	1685512251061	-13.283	-3.007	0.903	0.430	1.563	2.211	-2.691	0.656	1.386	126.974663	37.295628
1685512251082	1685512251071	-13.101	-3.132	0.831	0.502	1.550	2.369	-3.582	0.395	1.513	126.974663	37.295628
1685512251090	1685512251083	-12.435	-3.127	0.773	0.525	1.443	2.553	-3.970	-0.024	1.590	126.974663	37.295628
1685512251101	1685512251092	-11.835	-3.021	0.747	0.500	1.310	2.760	-3.737	-0.342	1.635	126.974663	37.295628
1685512251110	1685512251102	-11.322	-2.832	0.764	0.314	1.117	3.081	-3.005	-0.620	1.724	126.974663	37.295628
1685512251120	1685512251111	-10.915	-2.909	0.939	0.314	1.117	3.081	-2.361	-0.721	1.788	126.974663	37.295628
1685512251129	1685512251120	-10.448	-2.966	1.231	0.136	1.082	3.139	-1.786	-0.879	1.923	126.974663	37.295628
1685512251143	1685512251129	-10.029	-2.933	1.444	-0.082	1.062	3.140	-1.341	-1.216	2.188	126.974663	37.295628
1685512251148	1685512251143	-9.476	-2.868	1.666	-0.307	1.025	3.109	-0.838	-1.573	2.583	126.974663	37.295628
1685512251159	1685512251149	-9.086	-2.873	1.784	-0.512	0.988	3.054	-0.395	-1.844	2.899	126.974663	37.295628
1685512251169	1685512251159	-8.751	-2.904	1.882	-0.690	0.970	2.981	0.170	-2.114	3.235	126.974663	37.295628
1685512251179	1685512251169	-8.612	-3.012	1.683	-0.839	0.977	2.891	0.563	-2.392	3.440	126.974663	37.295628
1685512251189	1685512251179	-8.607	-3.120	2.423	-0.966	1.005	2.795	0.891	-2.722	3.634	126.974663	37.295628
1685512251201	1685512251189	-8.387	-3.768	2.131	-1.089	1.008	2.706	1.015	-3.124	3.529	126.974663	37.295628
1685512251209	1685512251201	-8.440	-4.075	2.119	-1.184	0.871	2.573	0.994	-3.519	4.365	126.974663	37.295628
1685512251219	1685512251209	-8.581	-3.745	2.045	-1.184	0.871	2.573	1.178	-4.448	4.164	126.974663	37.295628
1685512251229	1685512251219	-8.871	-3.632	1.808	-1.065	0.932	2.558	1.077	-5.078	4.238	126.974663	37.295628
1685512251239	1685512251229	-9.057	-3.776	1.724	-1.008	0.908	2.575	0.898	-4.966	4.221	126.974663	37.295628
1685512251253	1685512251239	-9.292	-3.998	1.607	-0.997	0.867	2.560	0.565	-5.083	4.029	126.974678	37.295647
1685512251265	1685512251253	-9.579	-3.953	1.559	-1.015	0.847	2.509	0.333	-5.454	3.986	126.974678	37.295647
1685512251269	1685512251265	-9.855	-4.034	1.374	-1.021	0.795	2.473	0.045	-5.899	3.905	126.974678	37.295647
1685512251279	1685512251269	-10.180	-3.950	1.197	-1.035	0.715	2.469	-0.297	-6.076	3.891	126.974678	37.295647
1685512251290	1685512251279	-10.408	-4.202	1.209	-1.086	0.627	2.472	-0.642	-6.404	3.742	126.974678	37.295647
1685512251301	1685512251291	-10.633	-4.456	1.183	-1.177	0.535	2.453	-1.027	-6.524	3.587	126.974678	37.295647
1685512251309	1685512251301	-10.657	-4.527	1.269	-1.366	0.354	2.366	-1.329	-7.013	3.618	126.974678	37.295647
1685512251320	1685512251309	-10.602	-4.628	1.300	-1.366	0.354	2.366	-1.638	-7.515	3.603	126.974678	37.295647
1685512251329	1685512251320	-10.403	-4.575	1.190	-1.451	0.258	2.318	-1.755	-7.855	3.677	126.974678	37.295647
1685512251340	1685512251329	-10.190	-4.489	1.228	-1.547	0.165	2.255	-1.781	-8.174	3.694	126.974678	37.295647
1685512251349	1685512251340	-10.096	-4.681	1.106	-1.674	0.087	2.162	-1.683	-8.384	3.551	126.974678	37.295647
1685512251359	1685512251349	-10.127	-4.855	1.195	-1.830	0.027	2.042	-1.551	-8.507	3.548	126.974678	37.295647
1685512251369	1685512251359	-10.362	-5.198	1.314	-1.962	0.011	1.900	-1.549	-8.923	3.364	126.974678	37.295647
1685512251381	1685512251369	-10.422	-5.382	1.417	-2.040	0.028	1.747	-1.671	-9.311	3.373	126.974678	37.295647
1685512251389	1685512251381	-10.417	-5.502	1.501	-2.038	0.049	1.599	-1.992	-9.855	3.407	126.974678	37.295647
1685512251400	1685512251389	-10.307	-5.753	1.523	-1.947	0.059	1.469	-2.136	-10.228	3.414	126.974678	37.295647
1685512251410	1685512251401	-10.262	-5.995	1.448	-1.572	0.039	1.258	-2.219	-10.534	3.393	126.974678	37.295647
1685512251421	1685512251411	-10.183	-6.167	1.290	-1.572	0.039	1.258	-2.176	-10.927	3.328	126.974678	37.295647
1685512251431	1685512251422	-10.367	-6.134	1.077	-1.323	0.050	1.156	-2.205	-11.313	3.168	126.974678	37.295647
1685512251442	1685512251431	-10.736	-6.292	0.915	-1.067	0.065	1.047	-2.186	-11.600	2.935	126.974678	37.295647
1685512251452	1685512251443	-11.442	-6.491	0.982	-0.826	0.078	0.936	-2.435	-11.679	2.653	126.974678	37.295647
1685512251463	1685512251452	-12.203	-6.627	0.960	-0.601	0.114	0.811	-2.863	-11.935	2.437	126.974678	37.295647
1685512251472	1685512251463	-12.778	-6.606	0.998	-0.384	0.159	0.677	-3.630	-12.230	2.459	126.974678	37.295647
1685512251483	1685512251473	-13.161	-6.797	1.243	-0.194	0.162	0.564	-4.436	-12.431	2.413	126.974678	37.295647
1685512251493	1685512251484	-12.890	-6.984	1.676	-0.057	0.121	0.486	-5.052	-12.467	2.442	126.974678	37.295647
1685512251506	1685512251493	-11.770	-6.922	1.765	0.087	0.086	0.421	-5.471	-12.706	2.686	126.974678	37.295647
1685512251512	1685512251507	-10.302	-6.725	1.568	0.453	-0.154	0.316	-5.231	-12.931	3.127	126.974678	37.295647
1685512251522	1685512251512	-9.287	-6.555	1.396	0.453	-0.154	0.316	-4.137	-12.900	3.227	126.974678	37.295647
1685512251534	1685512251523	-9.285	-6.663	1.367	0.566	-0.260	0.203	-2.689	-12.723	3.050	126.974678	37.295647
1685512251544	1685512251544	-10.051	-6.673	1.341	0.637	-0.224	-0.043	-1.686	-12.567	2.890	126.974678	37.295647
1685512251552	1685512251544	-11.416	-6.589	1.408	0.731	-0.092	-0.403	-1.693	-12.682	2.875	126.974678	37.295647
1685512251584	1685512251552	-12.632	-6.479	1.235	0.876	0.035	-0.776	-2.452	-12.680	2.868	126.974678	37.295647
1685512251585	1685512251585	-13.441	-6.342	0.860	1.070	0.088	-1.080	-3.792	-12.553	2.974	126.974678	37.295647
1685512251586	1685512251586	-13.683	-6.081	0.563	1.267	0.020	-1.310	-4.963	-12.368	2.856	126.974678	37.295647
1685512251591	1685512251586	-13.561	-5.859	0.294	1.423	-0.140	-1.503	-5.705	-12.122	2.555	126.974678	37.295647
1685512251603	1685512251592	-13.216	-5.643	0.081	1.528	-0.325	-1.676	-5.880	-11.748	2.325	126.974678	37.295647
1685512251613	1685512251604	-12.833	-5.272	0.019	1.603	-0.616	-2.006	-5.672	-11.382	2.126	126.974678	37.295647
1685512251626	1685512251613	-12.558	-4.939	-0.010	1.603	-0.616	-2.006	-5.229	-11.006	1.970	126.974678	37.295647
1685512251635	1685512251626	-12.246	-4.561	0.007	1.552	-0.713	-2.199	-4.717	-10.422	1.946	126.974678	37.295647
1685512251642	1685512251636	-11.969	-4.195	-0.031	1.464	-0.778	-2.417	-4.338	-9.914	1.944	126.974678	37.295647
1685512251653	1685512251642	-11.590	-3.785	0.002	1.346	-0.817	-2.636	-3.895	-9.301	1.980	126.974678	37.295647
1685512251662	1685512251653	-11.253	-3.531	0.034	1.210	-0.843	-2.853	-3.503	-8.727	1.944	126.974678	37.295647
1685512251673	1685512251662	-11.030	-3.400	0.019	1.054	-0.855	-3.070	-2.993	-8.066	1.966	126.974678	37.295647
1685512251683	1685512251673	-10.898	-3.275	0.031	0.876	-0.847	-3.289	-2.519	-7.542	1.975	126.974678	37.295647
1685512251693	1685512251684	-10.858	-3.292	-0.005	0.693	-0.825	-3.498	-2.162	-7.118	1.925	126.974678	37.295647
1685512251703	1685512251693	-10.949	-3.299	-0.048	0.524	-0.790	-3.690	-1.896	-6.685	1.894	126.974678	37.295647
1685512251713	1685512251704	-11.032	-3.338	-0.141	0.324	-0.715	-3.980	-1.702	-6.304	1.793	126.974678	37.295647
1685512251722	1685512251713	-11.006	-3.405	-0.280	0.324	-0.715	-3.980	-1.697	-6.031	1.705	126.974678	37.295647
1685512251733	1685512251722	-10.803	-3.426	-0.314	0.304	-0.694	-4.059	-1.657	-5.655	1.547	126.974678	37.295647
1685512251743	1685512251733	-10.592	-3.496	-0.373	0.341	-0.681	-4.100	-1.544	-5.382	1.353	126.974678	37.295647
1685512251758	1685512251743	-10.458	-3.529	-0.364	0.419	-0.667	-4.111	-1.250	-4.973	1.255	126.974678	37.295647
1685512251763	1685512251758	-10.400	-3.438	-0.376	0.540	-0.634	-4.096	-0.979	-4.683	1.140	126.974678	37.295647
1685512251772	1685512251763	-10.436	-3.311	-0.421	0.694	-0.584	-4.065	-0.785	-4.233	1.075	126.974678	37.295647
1685512251783	1685512251772	-10.300	-3.115	-0.421	0.859	-0.540	-4.008	-0.704	-3.819	1.018	126.974678	37.295647
1685512251794	1685512251784	-10.197	-3.215	-0.388	1.008	-0.518	-3.923	-0.723	-3.249	0.910	126.974678	37.295647
1685512251804	1685512251794	-10.173	-2.935	-0.409	1.123	-0.514	-3.812	-0.589	-2.691	0.862	126.974678	37.295647
1685512251812	1685512251806	-10.235	-2.763	-0.424	1.233	-0.511	-3.567	-0.508	-2.358	0.833	126.974678	37.295647
1685512251821	1685512251812	-10.223	-2.734	-0.345	1.233	-0.511	-3.567	-0.512	-1.736	0.757	126.974678	37.295647
1685512251832	1685512251821	-10.211	-2.686	-0.204	1.245	-0.501	-3.428	-0.634	-1.097	0.654	126.974678	37.295647
1685512251842	1685512251834	-10.106	-2.504	-0.326	1.239	-0.496	-3.268	-0.663	-0.821	0.685	126.974678	37.295647
1685512251853	1685512251842	-9.910	-2.416	-0.280	1.216	-0.518	-3.091	-0.725	-0.400	0.745	126.974678	37.295647
1685512251865	1685512251853	-9.871	-2.239	-0.347	1.163	-0.549	-2.914	-0.694	0.101	0.546	126.974678	37.295647
1685512251875	1685512251866	-9.871	-2.047	-0.378	1.085	-0.558	-2.743	-0.579	0.488	0.508	126.974678	37.295647
1685512251886	1685512251875	-9.802	-2.025	-0.352	0.970	-0.564	-2.573	-0.625	0.946	0.354	126.974678	37.295647
1685512251895	1685512251886	-9.740	-1.961	-0.421	0.828	-0.578	-2.393	-0.723	1.422	0.227	126.974678	37.295647
1685512251904	1685512251896	-9.656	-1.879	-0.453	0.683	-0.583	-2.210	-0.733	1.659	0.177	126.974678	37.295647
1685512251914	1685512251907	-9.505	-1.714	-0.532	0.391	-0.582	-1.834	-0.757	1.942	0.024	126.974678	37.295647
1685512251926	1685512251915	-9.345	-1.743	-0.551	0.391	-0.582	-1.834	-0.754	2.215	-0.086	126.974678	37.295647
1685512251934	1685512251926	-9.129	-1.700	-0.601	0.246	-0.566	-1.631	-0.678	2.543	-0.239	126.974678	37.295647
1685512251946	1685512251934	-9.060	-1.516	-0.644	0.110	-0.539	-1.411	-0.575	2.636	-0.318	126.974678	37.295647
1685512251966	1685512251947	-9.290	-1.465	-0.661	-0.010	-0.498	-1.173	-0.421	2.804	-0.431	126.974678	37.295647
1685512251967	1685512251967	-9.744	-1.674	-0.632	-0.115	-0.424	-0.920	-0.388	3.055	-0.515	126.974678	37.295647
1685512251972	1685512251967	-10.254	-1.853	-0.532	-0.199	-0.297	-0.643	-0.644	3.156	-0.565	126.974678	37.295647
1685512251985	1685512251972	-10.654	-2.035	-0.520	-0.248	-0.145	-0.336	-1.111	2.969	-0.558	126.974678	37.295647
1685512251993	1685512251985	-10.834	-2.282	-0.570	-0.270	-0.034	0.018	-1.621	2.789	-0.464	126.974678	37.295647
1685512252004	1685512251994	-10.609	-2.682	-0.484	-0.285	0.023	0.425	-2.011	2.591	-0.445	126.974678	37.295647
1685512252015	1685512252007	-9.816	-2.856	-0.306	-0.296	0.139	1.275	-2.172	2.306	-0.479	126.974678	37.295647
1685512252027	1685512252016	-9.033	-2.679	-0.278	-0.296	0.139	1.275	-1.915	1.851	-0.376	126.974678	37.295647
1685512252031	1685512252027	-8.399	-2.636	-0.115	-0.312	0.172	1.659	-1.053	1.539	-0.168	126.974678	37.295647
1685512252042	1685512252031	-8.332	-2.720	0.129	-0.362	0.244	1.980	-0.213	1.599	-0.115	126.974678	37.295647
1685512252051	1685512252042	-8.827	-2.705	0.433	-0.426	0.400	2.209	0.500	1.468	0.079	126.974678	37.295647
1685512252061	1685512252051	-9.823	-2.768	0.474	-0.453	0.610	2.324	0.646	1.207	0.359	126.974678	37.295647
1685512252070	1685512252062	-10.800	-2.940	0.555	-0.403	0.819	2.375	0.242	1.001	0.721	126.974678	37.295647
1685512252080	1685512252070	-11.392	-3.081	0.625	-0.292	1.010	2.432	-0.678	0.747	0.826	126.974678	37.295647
1685512252090	1685512252080	-11.677	-3.120	0.625	-0.165	1.130	2.519	-1.578	0.354	0.996	126.974678	37.295647
1685512252104	1685512252090	-11.550	-3.139	0.443	-0.021	1.153	2.643	-2.097	-0.012	1.168	126.974678	37.295647
1685512252111	1685512252105	-11.219	-3.081	0.251	0.332	1.098	2.986	-2.315	-0.285	1.279	126.974678	37.295647
1685512252122	1685512252112	-10.755	-3.096	0.134	0.332	1.098	2.986	-2.124	-0.553	1.207	126.974678	37.295647
1685512252131	1685512252122	-10.446	-3.041	0.292	0.430	1.036	3.141	-1.717	-0.833	1.130	126.974678	37.295647
1685512252140	1685512252131	-10.096	-3.077	0.445	0.452	1.002	3.245	-1.209	-1.073	1.089	126.974678	37.295647
1685512252150	1685512252141	-9.730	-3.158	0.934	0.415	0.985	3.308	-0.852	-1.312	1.338	126.974678	37.295647
1685512252162	1685512252150	-9.378	-3.165	1.262	0.352	0.962	3.334	-0.462	-1.657	1.583	126.974678	37.295647
1685512252170	1685512252162	-9.206	-2.871	1.386	0.287	0.927	3.319	-0.067	-2.052	2.160	126.974678	37.295647
1685512252180	1685512252170	-9.105	-2.564	1.393	0.225	0.924	3.267	0.304	-2.377	2.579	126.974678	37.295647
1685512252190	1685512252181	-8.863	-2.533	1.460	0.115	0.944	3.191	0.484	-2.433	2.799	126.974678	37.295647
1685512252201	1685512252190	-8.751	-2.727	1.563	-0.075	0.943	3.114	0.582	-2.409	2.887	126.974678	37.295647
1685512252210	1685512252201	-8.686	-3.115	1.583	-0.320	0.927	3.045	0.809	-2.684	3.045	126.974678	37.295647
1685512252221	1685512252210	-8.832	-3.474	1.561	-0.538	0.909	2.979	0.895	-3.179	3.239	126.974678	37.295647
1685512252230	1685512252221	-8.995	-3.677	1.659	-0.679	0.908	2.910	0.924	-3.895	3.354	126.974678	37.295647
1685512252240	1685512252230	-9.194	-3.807	1.817	-0.761	0.910	2.852	0.747	-4.480	3.378	126.974693	37.295666
1685512252250	1685512252241	-9.517	-3.879	1.877	-0.809	0.902	2.817	0.541	-4.958	3.531	126.974693	37.295666
1685512252262	1685512252250	-9.862	-3.943	1.942	-0.834	0.898	2.779	0.304	-5.298	3.728	126.974693	37.295666
1685512252270	1685512252262	-10.235	-4.003	1.772	-0.843	0.883	2.734	-0.067	-5.610	3.833	126.974693	37.295666
1685512252283	1685512252270	-10.364	-4.008	1.645	-0.859	0.834	2.698	-0.469	-5.916	3.943	126.974693	37.295666
1685512252291	1685512252283	-10.527	-4.130	1.587	-0.900	0.764	2.662	-0.907	-6.220	3.819	126.974693	37.295666
1685512252303	1685512252291	-10.446	-4.190	1.508	-0.975	0.676	2.625	-1.111	-6.476	3.740	126.974693	37.295666
1685512252312	1685512252303	-10.515	-4.369	1.487	-1.071	0.574	2.577	-1.374	-6.910	3.735	126.974693	37.295666
1685512252322	1685512252312	-10.563	-4.542	1.554	-1.161	0.490	2.520	-1.365	-7.178	3.685	126.974693	37.295666
1685512252332	1685512252323	-10.628	-4.563	1.611	-1.221	0.440	2.447	-1.537	-7.640	3.682	126.974693	37.295666
1685512252344	1685512252332	-10.592	-4.470	1.686	-1.260	0.390	2.359	-1.671	-8.037	3.754	126.974693	37.295666
1685512252354	1685512252354	-10.386	-4.532	1.618	-1.306	0.334	2.258	-1.844	-8.327	3.804	126.974693	37.295666
1685512252363	1685512252354	-10.197	-4.458	1.530	-1.381	0.277	2.140	-1.899	-8.444	3.867	126.974693	37.295666
1685512252372	1685512252363	-10.056	-4.647	1.489	-1.491	0.217	2.011	-1.812	-8.775	3.768	126.974693	37.295666
1685512252384	1685512252372	-10.235	-4.853	1.535	-1.608	0.181	1.872	-1.702	-8.871	3.651	126.974693	37.295666
1685512252393	1685512252384	-10.453	-4.980	1.662	-1.684	0.181	1.720	-1.666	-9.280	3.558	126.974693	37.295666
1685512252405	1685512252393	-10.556	-5.114	1.755	-1.697	0.204	1.564	-1.927	-9.656	3.548	126.974693	37.295666
1685512252413	1685512252405	-10.554	-5.373	1.963	-1.640	0.233	1.416	-2.243	-9.977	3.601	126.974693	37.295666
1685512252423	1685512252414	-10.396	-5.538	1.913	-1.521	0.249	1.286	-2.421	-10.254	3.632	126.974693	37.295666
1685512252433	1685512252424	-10.125	-5.662	1.815	-1.354	0.249	1.179	-2.521	-10.702	3.754	126.974693	37.295666
1685512252446	1685512252433	-10.010	-5.689	1.666	-1.152	0.254	1.081	-2.421	-10.970	3.654	126.974693	37.295666
1685512252455	1685512252446	-9.972	-5.768	1.549	-0.944	0.265	0.983	-2.219	-11.212	3.500	126.974693	37.295666
1685512252466	1685512252455	-10.444	-5.816	1.472	-0.751	0.291	0.878	-2.169	-11.341	3.306	126.974693	37.295666
1685512252476	1685512252467	-11.387	-6.170	1.585	-0.583	0.342	0.756	-2.191	-11.514	3.158	126.974693	37.295666
1685512252485	1685512252476	-12.177	-6.349	1.511	-0.426	0.428	0.610	-2.717	-11.641	3.060	126.974693	37.295666
1685512252496	1685512252485	-12.661	-6.309	1.312	-0.231	0.530	0.453	-3.716	-12.072	3.163	126.974693	37.295666
1685512252506	1685512252496	-12.802	-6.464	1.286	-0.049	0.552	0.330	-4.547	-12.299	3.096	126.974693	37.295666
1685512252516	1685512252507	-12.325	-6.891	1.432	0.073	0.476	0.247	-5.066	-12.297	2.923	126.974693	37.295666
1685512252526	1685512252516	-11.341	-6.962	1.362	0.193	0.382	0.167	-5.236	-12.476	2.935	126.974693	37.295666
1685512252534	1685512252527	-10.070	-6.680	1.104	0.365	0.263	0.083	-4.784	-12.922	3.127	126.974693	37.295666
1685512252549	1685512252535	-9.333	-6.541	0.924	0.535	0.076	0.001	-3.814	-13.003	3.093	126.974693	37.295666
1685512252554	1685512252549	-9.443	-6.416	0.958	0.661	-0.062	-0.125	-2.552	-12.720	2.880	126.974693	37.295666
1685512252579	1685512252554	-10.475	-6.400	1.049	0.786	-0.038	-0.358	-1.817	-12.572	2.737	126.974693	37.295666
1685512252579	1685512252579	-11.952	-6.299	1.132	0.955	0.092	-0.688	-1.918	-12.426	2.804	126.974693	37.295666
1685512252585	1685512252579	-13.259	-6.246	0.998	1.180	0.221	-1.029	-2.928	-12.368	2.940	126.974693	37.295666
1685512252593	1685512252586	-14.083	-6.057	0.735	1.429	0.258	-1.315	-4.367	-12.196	3.086	126.974693	37.295666
1685512252606	1685512252594	-14.265	-5.827	0.536	1.673	0.171	-1.523	-5.619	-12.043	3.038	126.974693	37.295666
1685512252617	1685512252606	-13.891	-5.657	0.230	1.875	-0.023	-1.664	-6.366	-11.710	2.887	126.974693	37.295666
1685512252624	1685512252617	-13.317	-5.272	0.031	2.027	-0.260	-1.756	-6.474	-11.339	2.784	126.974693	37.295666
1685512252633	1685512252624	-12.845	-4.853	-0.136	2.107	-0.490	-1.846	-6.002	-10.980	2.588	126.974693	37.295666
1685512252645	1685512252633	-12.546	-4.480	-0.101	2.106	-0.676	-1.962	-5.339	-10.424	2.466	126.974693	37.295666
1685512252653	1685512252645	-12.356	-4.223	-0.045	2.038	-0.787	-2.117	-4.762	-9.804	2.365	126.974693	37.295666
1685512252666	1685512252654	-12.124	-3.704	0.045	1.919	-0.841	-2.304	-4.350	-9.218	2.447	126.974693	37.295666
1685512252675	1685512252666	-11.720	-3.409	0.057	1.757	-0.898	-2.509	-4.032	-8.712	2.535	126.974693	37.295666
1685512252685	1685512252675	-11.231	-3.072	0.093	1.553	-0.968	-2.712	-3.689	-7.973	2.638	126.974693	37.295666
1685512252694	1685512252685	-10.918	-2.986	0.074	1.321	-1.026	-2.911	-3.156	-7.420	2.646	126.974693	37.295666
1685512252708	1685512252697	-10.738	-3.036	0.115	1.076	-1.052	-3.111	-2.538	-6.809	2.660	126.974693	37.295666
1685512252715	1685512252708	-10.647	-3.036	0.062	0.837	-1.047	-3.307	-2.093	-6.433	2.598	126.974693	37.295666
1685512252726	1685512252715	-10.630	-3.187	0.081	0.612	-1.024	-3.489	-1.786	-6.179	2.581	126.974693	37.295666
1685512252735	1685512252727	-10.604	-3.235	0.005	0.435	-0.988	-3.641	-1.547	-5.796	2.444	126.974693	37.295666
1685512252749	1685512252735	-10.467	-3.201	-0.141	0.319	-0.949	-3.757	-1.437	-5.681	2.401	126.974693	37.295666
1685512252754	1685512252749	-10.391	-3.158	-0.285	0.265	-0.925	-3.844	-1.302	-5.382	2.243	126.974693	37.295666
1685512252784	1685512252755	-10.242	-3.208	-0.438	0.250	-0.907	-3.896	-1.073	-4.990	2.014	126.974693	37.295666
1685512252786	1685512252786	-10.070	-3.237	-0.510	0.277	-0.885	-3.913	-0.915	-4.580	1.788	126.974693	37.295666
1685512252787	1685512252786	-9.910	-3.220	-0.520	0.347	-0.848	-3.900	-0.699	-4.254	1.551	126.974693	37.295666
1685512252794	1685512252787	-9.876	-3.287	-0.522	0.448	-0.809	-3.863	-0.472	-3.864	1.389	126.974693	37.295666
1685512252807	1685512252794	-9.821	-3.287	-0.476	0.564	-0.766	-3.802	-0.283	-3.505	1.307	126.974693	37.295666
1685512252814	1685512252807	-9.890	-3.120	-0.491	0.690	-0.723	-3.720	-0.230	-3.191	1.226	126.974693	37.295666
1685512252826	1685512252814	-9.967	-2.890	-0.567	0.812	-0.690	-3.619	-0.172	-2.816	1.197	126.974693	37.295666
1685512252837	1685512252826	-9.946	-2.749	-0.639	0.902	-0.676	-3.499	-0.256	-2.239	1.101	126.974693	37.295666
1685512252844	1685512252837	-9.814	-2.629	-0.742	0.938	-0.677	-3.362	-0.357	-1.686	0.958	126.974693	37.295666
1685512252854	1685512252844	-9.474	-2.521	-0.711	0.931	-0.694	-3.200	-0.378	-1.159	0.800	126.974693	37.295666
1685512252864	1685512252854	-9.234	-2.370	-0.773	0.894	-0.713	-3.016	-0.290	-0.740	0.625	126.974693	37.295666
1685512252874	1685512252864	-9.110	-2.351	-0.749	0.832	-0.740	-2.823	-0.007	-0.316	0.570	126.974693	37.295666
1685512252885	1685512252874	-9.165	-2.358	-0.728	0.748	-0.746	-2.627	0.168	0.129	0.419	126.974693	37.295666
1685512252894	1685512252885	-9.383	-2.217	-0.591	0.645	-0.713	-2.442	0.227	0.421	0.347	126.974693	37.295666
1685512252905	1685512252894	-9.503	-2.320	-0.587	0.531	-0.667	-2.258	0.105	0.663	0.271	126.974693	37.295666
1685512252915	1685512252906	-9.531	-2.344	-0.555	0.414	-0.635	-2.055	-0.182	1.046	0.306	126.974693	37.295666
1685512252925	1685512252916	-9.421	-2.351	-0.637	0.312	-0.605	-1.839	-0.357	1.113	0.232	126.974693	37.295666
1685512252935	1685512252925	-9.172	-2.298	-0.737	0.221	-0.597	-1.613	-0.448	1.269	0.180	126.974693	37.295666
1685512252946	1685512252936	-9.172	-2.140	-0.876	0.127	-0.601	-1.385	-0.381	1.381	0.036	126.974693	37.295666
1685512252961	1685512252946	-9.220	-2.071	-1.068	0.028	-0.567	-1.168	-0.177	1.554	-0.129	126.974693	37.295666
1685512252963	1685512252963	-9.608	-1.951	-1.216	-0.071	-0.517	-0.962	-0.201	1.776	-0.321	126.974693	37.295666
1685512252974	1685512252963	-10.372	-2.047	-1.279	-0.177	-0.464	-0.753	-0.275	1.913	-0.567	126.974693	37.295666
1685512252985	1685512252974	-11.226	-2.274	-1.267	-0.285	-0.370	-0.535	-0.666	2.042	-0.740	126.974693	37.295666
1685512252995	1685512252985	-12.084	-2.595	-1.317	-0.368	-0.214	-0.310	-1.432	1.954	-0.824	126.974693	37.295666
1685512253008	1685512252995	-12.325	-2.837	-1.408	-0.412	-0.064	-0.049	-2.286	1.724	-0.821	126.974693	37.295666
1685512253019	1685512253008	-11.736	-2.931	-1.288	-0.445	-0.012	0.286	-3.146	1.405	-0.869	126.974693	37.295666
1685512253023	1685512253019	-10.453	-3.077	-0.953	-0.479	-0.042	0.677	-3.388	1.166	-0.950	126.974693	37.295666
1685512253032	1685512253023	-9.136	-3.184	-0.567	-0.501	-0.086	1.073	-2.784	1.037	-0.809	126.974693	37.295666
1685512253043	1685512253033	-8.368	-3.309	-0.045	-0.497	-0.071	1.420	-1.482	0.845	-0.462	126.974693	37.295666
1685512253053	1685512253043	-8.483	-3.385	0.457	-0.458	0.064	1.677	-0.117	0.630	-0.065	126.974693	37.295666
1685512253063	1685512253054	-9.347	-3.464	0.950	-0.373	0.305	1.812	0.697	0.385	0.467	126.974693	37.295666
1685512253073	1685512253064	-10.463	-3.503	1.135	-0.225	0.601	1.834	0.649	0.139	0.994	126.974693	37.295666
1685512253084	1685512253073	-11.564	-3.646	0.972	0.004	0.897	1.825	-0.160	-0.089	1.525	126.974693	37.295666
1685512253093	1685512253085	-12.270	-3.455	0.699	0.296	1.151	1.848	-1.209	-0.330	1.784	126.974693	37.295666
1685512253104	1685512253094	-12.359	-3.136	0.223	0.588	1.282	1.914	-2.265	-0.627	1.695	126.974693	37.295666
1685512253113	1685512253105	-11.720	-2.919	-0.204	0.801	1.253	2.029	-2.926	-0.606	1.520	126.974693	37.295666
1685512253123	1685512253113	-10.654	-2.732	-0.445	0.913	1.125	2.200	-2.974	-0.462	1.149	126.974693	37.295666
1685512253132	1685512253124	-9.685	-2.622	-0.412	0.927	0.979	2.388	-2.289	-0.445	0.828	126.974693	37.295666
1685512253142	1685512253132	-9.160	-2.437	-0.192	0.870	0.854	2.530	-1.188	-0.436	0.663	126.974693	37.295666
1685512253152	1685512253143	-8.734	-2.363	0.292	0.764	0.784	2.615	-0.172	-0.565	0.778	126.974693	37.295666
1685512253162	1685512253152	-8.519	-2.349	0.690	0.626	0.770	2.645	0.385	-0.587	1.056	126.974693	37.295666
1685512253172	1685512253162	-8.361	-2.236	1.053	0.469	0.789	2.628	0.845	-0.754	1.602	126.974693	37.295666
1685512253183	1685512253172	-8.133	-2.030	1.281	0.305	0.808	2.580	1.092	-0.984	2.064	126.974693	37.295666
1685512253192	1685512253183	-7.803	-1.999	1.429	0.111	0.799	2.516	1.271	-1.118	2.497	126.974693	37.295666
1685512253203	1685512253192	-7.606	-2.279	1.549	-0.117	0.804	2.457	1.511	-1.156	2.799	126.974693	37.295666
1685512253212	1685512253203	-7.506	-2.777	1.798	-0.353	0.830	2.420	1.848	-1.391	3.031	126.974693	37.295666
1685512253222	1685512253212	-7.649	-3.189	1.844	-0.538	0.859	2.407	2.045	-1.887	3.223	126.974693	37.295666
1685512253232	1685512253222	-7.934	-3.342	1.812	-0.641	0.894	2.404	2.136	-2.648	3.560	126.974693	37.295666
1685512253243	1685512253232	-8.085	-3.383	1.757	-0.666	0.930	2.407	1.980	-3.278	3.680	126.974693	37.295666
1685512253252	1685512253243	-8.267	-3.438	1.733	-0.640	0.942	2.429	1.671	-3.675	3.735	126.974686	37.295677
1685512253263	1685512253252	-8.643	-3.400	1.714	-0.618	0.925	2.459	1.499	-3.936	3.745	126.974686	37.295677
1685512253272	1685512253263	-8.961	-3.445	1.681	-0.606	0.914	2.474	1.283	-4.238	3.795	126.974686	37.295677
1685512253282	1685512253272	-9.366	-3.452	1.674	-0.599	0.908	2.473	0.876	-4.396	3.831	126.974686	37.295677
1685512253292	1685512253282	-9.720	-3.570	1.812	-0.610	0.888	2.475	0.520	-4.659	3.852	126.974686	37.295677
1685512253304	1685512253292	-10.008	-3.766	1.824	-0.650	0.849	2.486	0.074	-4.875	3.895	126.974686	37.295677
1685512253312	1685512253304	-10.226	-3.895	1.834	-0.687	0.794	2.498	-0.318	-5.188	4.070	126.974686	37.295677
1685512253322	1685512253312	-10.499	-3.819	1.848	-0.710	0.743	2.501	-0.668	-5.634	4.152	126.974686	37.295677
1685512253332	1685512253322	-10.669	-3.725	1.688	-0.743	0.678	2.498	-0.970	-6.060	4.233	126.974686	37.295677
1685512253344	1685512253332	-10.848	-3.845	1.642	-0.811	0.608	2.486	-1.302	-6.182	4.290	126.974686	37.295677
1685512253353	1685512253344	-10.891	-3.907	1.554	-0.922	0.544	2.458	-1.551	-6.335	4.173	126.974686	37.295677
1685512253364	1685512253353	-10.925	-4.073	1.573	-1.064	0.481	2.409	-1.815	-6.701	4.161	126.974686	37.295677
1685512253375	1685512253364	-10.874	-4.132	1.551	-1.212	0.428	2.349	-1.944	-7.008	4.094	126.974686	37.295677
1685512253383	1685512253375	-11.011	-4.259	1.470	-1.341	0.390	2.282	-2.066	-7.415	4.120	126.974686	37.295677
1685512253394	1685512253384	-11.102	-4.482	1.484	-1.472	0.353	2.202	-2.119	-7.736	4.094	126.974686	37.295677
1685512253405	1685512253395	-11.281	-4.853	1.568	-1.576	0.338	2.111	-2.339	-8.073	3.998	126.974686	37.295677
1685512253414	1685512253405	-11.310	-5.076	1.726	-1.625	0.356	2.020	-2.526	-8.523	3.986	126.974686	37.295677
1685512253426	1685512253415	-11.274	-5.346	1.817	-1.611	0.375	1.938	-2.801	-9.112	4.032	126.974686	37.295677
1685512253435	1685512253426	-11.126	-5.626	1.832	-1.530	0.381	1.870	-2.938	-9.567	4.147	126.974686	37.295677
1685512253445	1685512253435	-11.078	-5.806	1.774	-1.390	0.379	1.813	-2.990	-10.017	4.199	126.974686	37.295677
1685512253456	1685512253445	-11.236	-6.029	1.642	-1.200	0.389	1.751	-2.950	-10.508	4.166	126.974686	37.295677
1685512253465	1685512253456	-11.588	-6.177	1.501	-0.970	0.426	1.669	-2.990	-10.848	4.075	126.974686	37.295677
1685512253477	1685512253466	-12.498	-6.574	1.559	-0.734	0.486	1.564	-3.247	-11.238	3.912	126.974686	37.295677
1685512253487	1685512253477	-13.525	-6.883	1.480	-0.508	0.564	1.437	-3.697	-11.542	3.754	126.974686	37.295677
1685512253496	1685512253488	-14.076	-7.118	1.240	-0.270	0.657	1.289	-4.702	-12.079	3.809	126.974686	37.295677
1685512253507	1685512253496	-14.109	-7.305	1.156	-0.016	0.699	1.144	-5.823	-12.512	3.747	126.974686	37.295677
1685512253517	1685512253508	-13.362	-7.590	1.274	0.214	0.626	1.034	-6.472	-12.862	3.546	126.974686	37.295677
1685512253527	1685512253518	-12.045	-7.558	1.377	0.406	0.461	0.946	-6.579	-13.127	3.508	126.974686	37.295677
1685512253537	1685512253527	-10.499	-6.958	1.190	0.623	0.288	0.838	-5.914	-13.491	3.692	126.974686	37.295677
1685512253550	1685512253537	-9.251	-6.388	1.058	0.825	0.086	0.693	-4.659	-13.513	3.847	126.974686	37.295677
1685512253556	1685512253551	-8.583	-5.983	1.061	0.937	-0.131	0.501	-3.168	-12.960	3.718	126.974686	37.295677
1685512253581	1685512253557	-8.722	-5.839	1.068	0.959	-0.235	0.221	-1.963	-12.419	3.642	126.974686	37.295677
1685512253581	1685512253581	-9.819	-5.607	1.168	0.976	-0.182	-0.166	-1.326	-12.026	3.697	126.974686	37.295677
1685512253585	1685512253582	-11.332	-5.507	1.295	1.074	-0.031	-0.617	-1.470	-11.875	3.740	126.974686	37.295677
1685512253596	1685512253586	-12.644	-5.485	1.312	1.239	0.123	-1.052	-2.552	-11.605	3.886	126.974686	37.295677
1685512253607	1685512253597	-13.386	-5.406	1.020	1.400	0.170	-1.432	-4.029	-11.430	4.075	126.974686	37.295677
1685512253617	1685512253607	-13.393	-5.282	0.625	1.504	0.040	-1.739	-5.284	-11.296	4.173	126.974686	37.295677
1685512253625	1685512253617	-12.960	-5.239	0.292	1.554	-0.209	-1.916	-5.950	-11.068	3.974	126.974686	37.295677
1685512253635	1685512253626	-12.421	-5.088	0.041	1.569	-0.476	-1.983	-5.832	-10.716	3.692	126.974686	37.295677
1685512253646	1685512253636	-12.182	-4.738	0.048	1.578	-0.679	-2.038	-5.322	-10.537	3.407	126.974686	37.295677
1685512253655	1685512253646	-11.957	-4.353	0.029	1.558	-0.810	-2.142	-4.664	-10.185	3.199	126.974686	37.295677
1685512253667	1685512253655	-11.727	-4.005	0.079	1.480	-0.907	-2.281	-4.302	-9.625	3.232	126.974686	37.295677
1685512253676	1685512253667	-11.262	-3.639	0.132	1.361	-0.985	-2.417	-3.936	-8.997	3.225	126.974686	37.295677
1685512253686	1685512253677	-10.733	-3.306	0.136	1.228	-1.058	-2.547	-3.587	-8.442	3.268	126.974686	37.295677
1685512253696	1685512253687	-10.321	-3.139	0.168	1.073	-1.114	-2.695	-2.959	-7.786	3.294	126.974686	37.295677
1685512253708	1685512253697	-10.003	-3.033	0.096	0.902	-1.134	-2.858	-2.322	-7.252	3.268	126.974686	37.295677
1685512253718	1685512253709	-9.718	-3.041	0.120	0.728	-1.123	-3.018	-1.760	-6.795	3.239	126.974686	37.295677
1685512253728	1685512253718	-9.531	-2.981	0.115	0.563	-1.091	-3.164	-1.319	-6.443	3.108	126.974686	37.295677
1685512253737	1685512253729	-9.364	-3.077	-0.012	0.429	-1.045	-3.290	-0.876	-6.108	3.043	126.974686	37.295677
1685512253750	1685512253738	-9.397	-3.199	-0.081	0.336	-0.991	-3.393	-0.577	-5.780	2.966	126.974686	37.295677
1685512253756	1685512253750	-9.361	-3.321	-0.086	0.286	-0.930	-3.461	-0.283	-5.535	2.749	126.974686	37.295677
1685512253767	1685512253757	-9.313	-3.424	-0.196	0.288	-0.872	-3.495	-0.220	-5.370	2.602	126.974686	37.295677
1685512253791	1685512253767	-9.273	-3.472	-0.283	0.348	-0.815	-3.494	-0.091	-5.167	2.519	126.974686	37.295677
1685512253791	1685512253791	-9.347	-3.366	-0.402	0.458	-0.756	-3.459	0.036	-4.937	2.332	126.974686	37.295677
1685512253795	1685512253791	-9.333	-3.309	-0.407	0.606	-0.705	-3.399	0.144	-4.647	2.174	126.974686	37.295677
1685512253808	1685512253795	-9.373	-3.352	-0.393	0.771	-0.665	-3.317	0.122	-4.204	1.987	126.974686	37.295677
1685512253816	1685512253808	-9.373	-3.361	-0.280	0.933	-0.638	-3.209	0.180	-3.773	1.911	126.974686	37.295677
1685512253825	1685512253816	-9.512	-3.223	-0.283	1.084	-0.618	-3.079	0.163	-3.505	1.865	126.974686	37.295677
1685512253835	1685512253825	-9.752	-3.026	-0.467	1.202	-0.604	-2.948	0.180	-3.139	1.901	126.974686	37.295677
1685512253846	1685512253835	-9.799	-2.842	-0.460	1.266	-0.605	-2.826	0.045	-2.696	1.829	126.974686	37.295677
