1685512338984	1685512338984	-7.942	-3.670	0.828	-0.773	0.308	1.252	2.076	-5.361	2.126	126.975578	37.295647
1685512338984	1685512338984	-8.411	-3.728	0.852	-0.908	0.303	1.242	1.891	-5.514	2.298	126.975578	37.295647
1685512338988	1685512338984	-8.736	-3.869	0.816	-1.018	0.315	1.236	1.484	-5.866	2.387	126.975578	37.295647
1685512338998	1685512338988	-8.940	-3.934	0.704	-1.091	0.320	1.250	0.982	-6.055	2.421	126.975578	37.295647
1685512339008	1685512338999	-9.057	-3.965	0.747	-1.144	0.286	1.280	0.618	-6.340	2.389	126.975578	37.295647
1685512339019	1685512339008	-8.985	-4.068	0.721	-1.195	0.241	1.315	0.381	-6.527	2.279	126.975578	37.295647
1685512339028	1685512339019	-8.866	-4.166	0.682	-1.241	0.198	1.348	0.225	-6.694	2.318	126.975578	37.295647
1685512339039	1685512339028	-8.794	-4.228	0.673	-1.290	0.164	1.362	0.256	-6.938	2.282	126.975578	37.295647
1685512339048	1685512339040	-9.072	-4.336	0.589	-1.340	0.150	1.344	0.330	-7.195	2.222	126.975578	37.295647
1685512339058	1685512339048	-9.426	-4.520	0.702	-1.374	0.189	1.299	0.383	-7.331	2.174	126.975578	37.295647
1685512339068	1685512339058	-9.888	-4.647	0.733	-1.396	0.238	1.245	0.079	-7.535	2.042	126.975578	37.295647
1685512339078	1685512339068	-10.214	-4.858	0.749	-1.406	0.275	1.199	-0.285	-7.772	2.109	126.975578	37.295647
1685512339088	1685512339078	-10.604	-5.052	0.864	-1.387	0.316	1.167	-0.761	-7.961	2.100	126.975578	37.295647
1685512339099	1685512339088	-10.673	-5.102	0.953	-1.323	0.337	1.155	-1.111	-8.248	2.081	126.975578	37.295647
1685512339108	1685512339099	-10.602	-5.289	1.041	-1.230	0.332	1.153	-1.530	-8.533	2.167	126.975578	37.295647
1685512339119	1685512339108	-10.384	-5.413	1.092	-1.113	0.304	1.156	-1.640	-8.691	2.236	126.975578	37.295647
1685512339128	1685512339119	-10.053	-5.277	0.848	-0.982	0.268	1.147	-1.618	-9.009	2.308	126.975578	37.295647
1685512339138	1685512339128	-10.048	-5.289	0.692	-0.861	0.239	1.111	-1.444	-9.239	2.346	126.975578	37.295647
1685512339148	1685512339138	-10.671	-5.277	0.718	-0.787	0.226	1.029	-1.166	-9.230	2.085	126.975578	37.295647
1685512339159	1685512339148	-11.344	-5.447	0.950	-0.756	0.271	0.902	-1.204	-9.340	1.918	126.975578	37.295647
1685512339168	1685512339159	-11.746	-5.787	1.104	-0.735	0.354	0.749	-1.872	-9.428	1.932	126.975578	37.295647
1685512339178	1685512339168	-11.679	-6.033	1.429	-0.696	0.381	0.621	-2.586	-9.687	2.157	126.975578	37.295647
1685512339188	1685512339178	-11.475	-6.172	1.863	-0.624	0.334	0.539	-3.029	-10.108	2.310	126.975578	37.295647
1685512339198	1685512339188	-10.965	-6.519	2.126	-0.497	0.274	0.476	-2.990	-10.412	2.638	126.975578	37.295647
1685512339208	1685512339198	-10.568	-6.565	2.157	-0.288	0.241	0.402	-2.813	-10.604	3.072	126.975578	37.295647
1685512339223	1685512339208	-10.690	-6.278	1.970	-0.010	0.230	0.287	-2.330	-10.999	3.338	126.975578	37.295647
1685512339228	1685512339223	-11.305	-5.964	1.690	0.236	0.206	0.121	-1.951	-11.083	3.376	126.975578	37.295647
1685512339238	1685512339228	-12.148	-5.746	1.571	0.428	0.186	-0.089	-2.090	-10.819	3.208	126.975578	37.295647
1685512339248	1685512339238	-13.060	-5.624	1.283	0.552	0.153	-0.334	-2.715	-10.515	2.964	126.975578	37.295647
1685512339271	1685512339248	-13.757	-5.557	1.018	0.597	0.057	-0.591	-3.558	-10.288	2.871	126.975586	37.295643
1685512339271	1685512339271	-14.186	-5.559	0.745	0.588	-0.101	-0.854	-4.456	-10.130	2.622	126.975586	37.295643
1685512339279	1685512339271	-14.289	-5.502	0.467	0.528	-0.290	-1.104	-5.128	-10.003	2.387	126.975586	37.295643
1685512339289	1685512339280	-14.095	-5.404	0.283	0.426	-0.478	-1.312	-5.516	-9.924	2.133	126.975586	37.295643
1685512339298	1685512339289	-13.475	-5.401	0.057	0.296	-0.654	-1.467	-5.569	-9.761	1.851	126.975586	37.295643
1685512339308	1685512339298	-12.783	-5.389	-0.101	0.170	-0.828	-1.596	-5.308	-9.531	1.640	126.975586	37.295643
1685512339319	1685512339308	-12.177	-5.339	-0.290	0.111	-0.943	-1.737	-4.626	-9.409	1.374	126.975586	37.295643
1685512339329	1685512339319	-11.641	-5.095	-0.304	0.105	-0.977	-1.907	-3.859	-9.254	1.149	126.975586	37.295643
1685512339339	1685512339329	-11.183	-4.853	-0.342	0.143	-0.948	-2.093	-3.177	-9.045	0.881	126.975586	37.295643
1685512339349	1685512339339	-10.688	-4.561	-0.383	0.210	-0.887	-2.280	-2.552	-8.610	0.773	126.975586	37.295643
1685512339359	1685512339349	-10.221	-4.334	-0.383	0.276	-0.827	-2.469	-2.021	-8.195	0.661	126.975586	37.295643
1685512339368	1685512339359	-9.867	-4.216	-0.357	0.329	-0.766	-2.655	-1.434	-7.669	0.539	126.975586	37.295643
1685512339380	1685512339368	-9.572	-4.135	-0.371	0.367	-0.696	-2.832	-0.895	-7.233	0.476	126.975586	37.295643
1685512339390	1685512339380	-9.282	-4.029	-0.309	0.400	-0.634	-3.001	-0.460	-6.864	0.441	126.975586	37.295643
1685512339399	1685512339390	-9.091	-3.955	-0.290	0.448	-0.575	-3.153	-0.089	-6.512	0.369	126.975586	37.295643
1685512339410	1685512339399	-9.031	-3.962	-0.239	0.524	-0.518	-3.278	0.271	-6.120	0.381	126.975586	37.295643
1685512339423	1685512339410	-8.957	-3.814	-0.196	0.627	-0.461	-3.381	0.527	-5.739	0.352	126.975586	37.295643
1685512339428	1685512339423	-9.017	-3.601	-0.196	0.750	-0.423	-3.459	0.654	-5.363	0.352	126.975586	37.295643
1685512339439	1685512339428	-8.990	-3.503	-0.220	0.888	-0.391	-3.516	0.764	-4.949	0.366	126.975586	37.295643
1685512339448	1685512339439	-9.041	-3.321	-0.309	1.021	-0.371	-3.544	0.742	-4.360	0.328	126.975586	37.295643
1685512339461	1685512339448	-8.950	-3.151	-0.302	1.135	-0.367	-3.542	0.790	-3.948	0.275	126.975586	37.295643
1685512339468	1685512339462	-8.935	-3.069	-0.299	1.223	-0.374	-3.515	0.752	-3.381	0.151	126.975586	37.295643
1685512339481	1685512339468	-8.806	-2.851	-0.278	1.284	-0.386	-3.465	0.840	-2.892	0.124	126.975586	37.295643
1685512339490	1685512339481	-8.782	-2.753	-0.297	1.322	-0.402	-3.388	0.836	-2.375	0.074	126.975586	37.295643
1685512339499	1685512339490	-8.887	-2.631	-0.314	1.332	-0.418	-3.294	0.941	-1.856	0.055	126.975586	37.295643
1685512339508	1685512339499	-9.041	-2.543	-0.187	1.315	-0.415	-3.192	0.915	-1.348	-0.022	126.975586	37.295643
1685512339525	1685512339508	-9.364	-2.490	-0.230	1.280	-0.397	-3.078	0.757	-0.883	-0.093	126.975586	37.295643
1685512339531	1685512339525	-9.639	-2.267	-0.318	1.227	-0.391	-2.950	0.524	-0.407	-0.034	126.975586	37.295643
1685512339539	1685512339531	-9.701	-2.231	-0.409	1.155	-0.392	-2.804	0.132	-0.055	-0.132	126.975586	37.295643
1685512339548	1685512339539	-9.464	-1.949	-0.541	1.063	-0.440	-2.633	-0.247	0.541	-0.299	126.975586	37.295643
1685512339559	1685512339549	-9.239	-1.853	-0.603	0.936	-0.523	-2.442	-0.366	0.761	-0.431	126.975586	37.295643
1685512339568	1685512339559	-9.074	-1.757	-0.656	0.770	-0.595	-2.243	-0.213	1.298	-0.630	126.975586	37.295643
1685512339580	1685512339568	-8.997	-1.717	-0.565	0.577	-0.616	-2.053	-0.060	1.587	-0.752	126.975586	37.295643
1685512339589	1685512339580	-8.935	-1.927	-0.436	0.380	-0.585	-1.864	0.041	1.844	-0.862	126.975586	37.295643
1685512339599	1685512339589	-9.045	-2.057	-0.457	0.219	-0.514	-1.658	0.065	2.014	-0.816	126.975586	37.295643
1685512339608	1685512339599	-8.952	-2.210	-0.455	0.110	-0.430	-1.425	0.077	1.915	-0.723	126.975586	37.295643
1685512339620	1685512339609	-8.976	-2.303	-0.508	0.050	-0.345	-1.161	-0.060	1.853	-0.761	126.975586	37.295643
1685512339629	1685512339620	-8.851	-2.176	-0.555	0.033	-0.259	-0.867	0.002	1.762	-0.771	126.975586	37.295643
1685512339640	1685512339629	-8.775	-2.116	-0.816	0.050	-0.171	-0.568	-0.036	1.709	-0.826	126.975586	37.295643
1685512339649	1685512339640	-9.163	-2.121	-1.113	0.081	-0.086	-0.275	0.074	1.863	-0.871	126.975586	37.295643
1685512339659	1685512339649	-9.773	-2.133	-1.276	0.108	0.038	0.007	0.156	1.911	-1.120	126.975586	37.295643
1685512339669	1685512339659	-10.513	-2.277	-1.348	0.112	0.220	0.277	-0.218	1.879	-1.403	126.975586	37.295643
1685512339681	1685512339669	-11.138	-2.526	-1.350	0.086	0.417	0.560	-0.802	1.812	-1.535	126.975586	37.295643
1685512339689	1685512339681	-11.305	-2.670	-1.154	0.033	0.568	0.886	-1.504	1.583	-1.554	126.975586	37.295643
1685512339703	1685512339689	-10.740	-2.725	-0.986	-0.037	0.671	1.256	-2.081	1.226	-1.482	126.975586	37.295643
1685512339711	1685512339704	-9.922	-2.940	-0.730	-0.105	0.728	1.637	-2.215	1.001	-1.235	126.975586	37.295643
1685512339720	1685512339711	-9.340	-3.455	-0.560	-0.139	0.756	1.982	-1.604	0.831	-1.006	126.975586	37.295643
1685512339732	1685512339720	-9.570	-3.553	-0.304	-0.136	0.832	2.211	-0.723	0.450	-0.673	126.975586	37.295643
1685512339744	1685512339734	-10.491	-3.821	-0.206	-0.089	1.014	2.302	-0.084	-0.225	-0.436	126.975586	37.295643
1685512339751	1685512339744	-11.921	-3.847	-0.136	0.032	1.240	2.314	-0.239	-0.551	-0.089	126.975586	37.295643
1685512339762	1685512339751	-13.534	-3.871	-0.206	0.228	1.450	2.327	-1.104	-1.013	0.093	126.975586	37.295643
1685512339770	1685512339762	-14.760	-3.912	-0.242	0.445	1.596	2.375	-2.476	-1.257	0.280	126.975586	37.295643
1685512339780	1685512339770	-15.493	-3.845	-0.352	0.641	1.621	2.468	-4.039	-1.501	0.342	126.975586	37.295643
1685512339790	1685512339780	-15.589	-3.867	-0.412	0.790	1.545	2.618	-5.217	-1.786	0.462	126.975586	37.295643
1685512339800	1685512339790	-15.086	-3.816	-0.460	0.866	1.385	2.811	-5.916	-1.927	0.481	126.975586	37.295643
1685512339811	1685512339800	-14.248	-3.745	-0.436	0.852	1.164	2.990	-5.978	-2.193	0.555	126.975586	37.295643
1685512339831	1685512339811	-13.331	-3.610	-0.445	0.738	0.918	3.085	-5.447	-2.406	0.627	126.975586	37.295643
1685512339831	1685512339831	-12.483	-3.548	-0.254	0.530	0.705	3.091	-4.583	-2.612	0.752	126.975586	37.295643
1685512339839	1685512339831	-11.504	-3.448	-0.019	0.253	0.569	3.043	-3.646	-2.768	0.824	126.975586	37.295643
1685512339850	1685512339840	-10.405	-3.373	0.316	-0.078	0.473	2.959	-2.784	-3.057	1.094	126.975586	37.295643
1685512339862	1685512339850	-9.354	-3.318	0.522	-0.430	0.403	2.841	-1.803	-3.189	1.372	126.975586	37.295643
1685512339870	1685512339862	-8.444	-3.407	0.752	-0.770	0.376	2.693	-0.706	-3.405	1.753	126.975586	37.295643
1685512339880	1685512339870	-7.714	-3.531	0.843	-1.067	0.386	2.519	0.330	-3.630	1.997	126.975586	37.295643
1685512339890	1685512339881	-7.168	-3.821	1.130	-1.288	0.415	2.319	1.223	-3.991	2.260	126.975586	37.295643
1685512339901	1685512339890	-6.785	-4.077	1.185	-1.416	0.440	2.105	1.930	-4.374	2.380	126.975586	37.295643
1685512339912	1685512339901	-6.553	-4.211	1.334	-1.443	0.473	1.900	2.444	-4.932	2.698	126.975586	37.295643
1685512339922	1685512339912	-6.366	-4.123	1.358	-1.374	0.503	1.723	2.799	-5.392	2.775	126.975586	37.295643
1685512339931	1685512339923	-6.400	-3.962	1.422	-1.233	0.500	1.589	2.995	-5.729	2.950	126.975586	37.295643
1685512339944	1685512339931	-6.314	-3.778	1.403	-1.056	0.464	1.487	3.146	-5.827	3.000	126.975586	37.295643
1685512339952	1685512339944	-6.335	-3.563	1.238	-0.893	0.426	1.389	3.069	-5.873	3.093	126.975586	37.295643
1685512339963	1685512339953	-6.376	-3.452	1.142	-0.771	0.380	1.288	3.124	-5.816	3.093	126.975586	37.295643
1685512339974	1685512339963	-6.342	-3.338	1.003	-0.710	0.315	1.200	3.060	-5.775	2.954	126.975586	37.295643
1685512339983	1685512339975	-6.515	-3.263	1.101	-0.724	0.227	1.136	2.990	-5.772	2.873	126.975586	37.295643
1685512339992	1685512339983	-6.867	-3.302	1.233	-0.805	0.161	1.097	2.986	-5.794	2.746	126.975586	37.295643
1685512340005	1685512339994	-7.314	-3.302	1.168	-0.919	0.130	1.079	2.782	-5.839	2.849	126.975586	37.295643
1685512340013	1685512340005	-7.858	-3.376	1.144	-1.045	0.122	1.057	2.397	-5.993	2.974	126.975586	37.295643
1685512340025	1685512340014	-8.236	-3.527	0.982	-1.166	0.123	1.043	1.918	-6.108	2.895	126.975586	37.295643
1685512340041	1685512340026	-8.459	-3.654	0.991	-1.283	0.095	1.049	1.338	-6.309	2.851	126.975586	37.295643
1685512340043	1685512340043	-8.638	-3.836	0.895	-1.404	0.040	1.078	0.931	-6.565	2.667	126.975586	37.295643
1685512340053	1685512340043	-8.717	-3.852	0.840	-1.510	-0.020	1.117	0.670	-6.821	2.643	126.975586	37.295643
1685512340064	1685512340053	-8.772	-3.948	0.809	-1.600	-0.072	1.158	0.460	-7.111	2.509	126.975586	37.295643
1685512340073	1685512340065	-8.871	-4.154	0.790	-1.677	-0.117	1.191	0.342	-7.254	2.401	126.975586	37.295643
1685512340083	1685512340073	-9.072	-4.243	0.730	-1.743	-0.148	1.206	0.249	-7.479	2.308	126.975586	37.295643
1685512340092	1685512340083	-9.414	-4.410	0.620	-1.806	-0.160	1.200	0.105	-7.829	2.212	126.975586	37.295643
1685512340102	1685512340093	-9.946	-4.518	0.563	-1.851	-0.145	1.175	-0.132	-8.037	2.081	126.975586	37.295643
1685512340111	1685512340102	-10.384	-4.585	0.476	-1.875	-0.106	1.145	-0.496	-8.286	1.875	126.975586	37.295643
1685512340123	1685512340111	-10.530	-4.729	0.330	-1.895	-0.097	1.109	-1.041	-8.459	1.714	126.975586	37.295643
1685512340131	1685512340123	-10.477	-4.937	0.354	-1.917	-0.125	1.081	-1.492	-8.581	1.530	126.975586	37.295643
1685512340141	1685512340131	-10.168	-5.112	0.388	-1.936	-0.153	1.070	-1.659	-8.794	1.288	126.975586	37.295643
1685512340150	1685512340141	-9.840	-5.370	0.522	-1.924	-0.173	1.070	-1.659	-9.139	1.204	126.975586	37.295643
1685512340160	1685512340150	-9.433	-5.488	0.611	-1.868	-0.170	1.056	-1.386	-9.402	1.161	126.975586	37.295643
1685512340171	1685512340160	-9.199	-5.681	0.675	-1.757	-0.126	1.015	-1.104	-9.768	1.195	126.975586	37.295643
1685512340182	1685512340171	-9.268	-5.780	0.594	-1.586	-0.050	0.955	-0.742	-9.989	1.188	126.975586	37.295643
1685512340190	1685512340182	-9.845	-5.859	0.453	-1.362	0.048	0.885	-0.553	-10.281	1.161	126.975586	37.295643
1685512340200	1685512340190	-10.822	-6.088	0.613	-1.113	0.170	0.790	-0.666	-10.467	1.001	126.975586	37.295643
1685512340210	1685512340200	-11.796	-6.419	1.168	-0.853	0.323	0.678	-1.290	-10.637	0.792	126.975586	37.295643
1685512340221	1685512340210	-12.172	-6.644	1.700	-0.571	0.447	0.564	-2.301	-10.930	0.919	126.975586	37.295643
1685512340230	1685512340221	-12.038	-7.072	2.210	-0.260	0.480	0.495	-3.311	-11.320	1.460	126.975586	37.295643
1685512340241	1685512340230	-11.856	-7.372	2.363	0.131	0.475	0.497	-3.716	-11.595	2.002	126.975586	37.295643
1685512340250	1685512340242	-11.753	-7.096	2.083	0.624	0.479	0.527	-3.610	-12.072	2.543	126.975586	37.295643
1685512340264	1685512340250	-12.098	-6.433	1.482	1.133	0.478	0.486	-3.452	-12.407	2.737	126.975586	37.295639
1685512340270	1685512340264	-12.847	-5.935	1.068	1.532	0.462	0.359	-3.381	-12.179	2.535	126.975586	37.295639
1685512340280	1685512340270	-13.544	-5.495	0.769	1.731	0.393	0.188	-3.749	-11.547	2.023	126.975586	37.295639
1685512340292	1685512340280	-14.076	-5.291	0.675	1.728	0.244	-0.038	-4.520	-11.068	1.726	126.975586	37.295639
1685512340303	1685512340292	-14.382	-5.174	0.697	1.578	0.032	-0.323	-5.229	-10.630	1.547	126.975586	37.295639
1685512340311	1685512340303	-14.274	-5.203	0.658	1.344	-0.192	-0.633	-5.763	-10.410	1.563	126.975586	37.295639
1685512340322	1685512340311	-13.917	-5.349	0.546	1.060	-0.398	-0.937	-6.053	-10.252	1.669	126.975586	37.295639
1685512340332	1685512340322	-13.676	-5.315	0.393	0.787	-0.557	-1.224	-5.906	-10.206	1.686	126.975586	37.295639
1685512340341	1685512340332	-13.367	-5.423	0.065	0.564	-0.677	-1.500	-5.504	-10.274	1.592	126.975586	37.295639
1685512340352	1685512340342	-12.974	-5.313	-0.084	0.404	-0.787	-1.765	-5.191	-10.116	1.429	126.975586	37.295639
1685512340364	1685512340352	-12.368	-5.193	-0.220	0.329	-0.863	-2.012	-4.812	-10.104	1.073	126.975586	37.295639
1685512340372	1685512340364	-11.880	-4.994	-0.273	0.314	-0.930	-2.246	-4.331	-9.838	0.874	126.975586	37.295639
1685512340382	1685512340372	-11.229	-4.640	-0.350	0.352	-0.966	-2.463	-3.627	-9.541	0.678	126.975586	37.295639
1685512340393	1685512340383	-10.752	-4.310	-0.354	0.420	-0.968	-2.674	-3.024	-9.120	0.551	126.975586	37.295639
1685512340404	1685512340393	-10.331	-4.142	-0.283	0.496	-0.925	-2.888	-2.277	-8.566	0.409	126.975586	37.295639
1685512340413	1685512340404	-9.934	-3.919	-0.251	0.562	-0.852	-3.095	-1.693	-7.992	0.333	126.975586	37.295639
1685512340441	1685512340413	-9.668	-3.859	-0.290	0.613	-0.771	-3.280	-1.161	-7.558	0.338	126.975586	37.295639
1685512340442	1685512340442	-9.474	-3.871	-0.314	0.659	-0.691	-3.444	-0.658	-7.046	0.309	126.975586	37.295639
1685512340443	1685512340443	-9.316	-3.730	-0.335	0.699	-0.622	-3.589	-0.290	-6.677	0.215	126.975586	37.295639
1685512340453	1685512340443	-9.249	-3.642	-0.309	0.759	-0.564	-3.710	0.014	-6.294	0.134	126.975586	37.295639
1685512340463	1685512340453	-9.136	-3.601	-0.321	0.853	-0.511	-3.790	0.239	-5.878	0.079	126.975586	37.295639
1685512340473	1685512340463	-9.108	-3.476	-0.407	0.979	-0.451	-3.829	0.381	-5.430	0.065	126.975586	37.295639
1685512340484	1685512340473	-8.990	-3.321	-0.476	1.126	-0.404	-3.842	0.558	-5.021	0.019	126.975586	37.295639
1685512340492	1685512340484	-8.847	-3.194	-0.479	1.277	-0.382	-3.833	0.634	-4.520	-0.098	126.975586	37.295639
1685512340503	1685512340493	-8.717	-3.072	-0.457	1.417	-0.370	-3.789	0.785	-3.986	-0.196	126.975586	37.295639
1685512340513	1685512340503	-8.662	-2.851	-0.376	1.542	-0.352	-3.712	0.950	-3.405	-0.237	126.975586	37.295639
1685512340524	1685512340513	-8.617	-2.775	-0.366	1.641	-0.336	-3.614	1.082	-2.983	-0.244	126.975586	37.295639
1685512340535	1685512340524	-8.734	-2.576	-0.357	1.708	-0.323	-3.501	1.125	-2.342	-0.206	126.975586	37.295639
1685512340546	1685512340535	-8.859	-2.454	-0.397	1.741	-0.309	-3.374	1.147	-1.908	-0.232	126.975586	37.295639
1685512340555	1685512340546	-8.894	-2.243	-0.510	1.745	-0.292	-3.227	0.977	-1.250	-0.278	126.975586	37.295639
1685512340564	1685512340555	-8.940	-2.040	-0.627	1.718	-0.293	-3.056	0.804	-0.804	-0.352	126.975586	37.295639
1685512340576	1685512340565	-8.823	-1.844	-0.737	1.651	-0.341	-2.859	0.687	-0.170	-0.520	126.975586	37.295639
1685512340586	1685512340576	-8.825	-1.709	-0.711	1.533	-0.421	-2.645	0.572	0.328	-0.675	126.975586	37.295639
1685512340595	1685512340586	-9.033	-1.642	-0.742	1.368	-0.467	-2.425	0.613	0.809	-0.833	126.975586	37.295639
1685512340605	1685512340596	-9.151	-1.695	-0.548	1.172	-0.470	-2.203	0.539	1.185	-0.860	126.975586	37.295639
1685512340616	1685512340606	-9.369	-1.769	-0.517	0.965	-0.450	-1.967	0.263	1.458	-0.943	126.975586	37.295639
1685512340628	1685512340616	-9.574	-1.856	-0.481	0.767	-0.429	-1.706	0.086	1.575	-0.797	126.975586	37.295639
1685512340634	1685512340629	-9.562	-1.961	-0.515	0.586	-0.401	-1.416	-0.187	1.657	-0.812	126.975586	37.295639
1685512340663	1685512340634	-9.524	-2.030	-0.558	0.431	-0.368	-1.107	-0.429	1.659	-0.797	126.975586	37.295639
1685512340663	1685512340663	-9.325	-2.119	-0.603	0.296	-0.340	-0.795	-0.448	1.635	-0.855	126.975586	37.295639
1685512340664	1685512340664	-9.086	-2.152	-0.496	0.181	-0.312	-0.491	-0.419	1.592	-0.900	126.975586	37.295639
1685512340674	1685512340665	-8.698	-2.267	-0.613	0.099	-0.279	-0.202	-0.223	1.506	-0.946	126.975586	37.295639
1685512340683	1685512340674	-8.696	-2.373	-0.749	0.042	-0.228	0.053	0.024	1.451	-0.828	126.975586	37.295639
1685512340693	1685512340684	-9.270	-2.492	-0.843	-0.012	-0.149	0.260	0.431	1.290	-0.934	126.975586	37.295639
1685512340703	1685512340693	-10.206	-2.636	-0.766	-0.071	-0.011	0.425	0.457	1.123	-1.051	126.975586	37.295639
1685512340712	1685512340704	-11.080	-2.847	-0.828	-0.130	0.194	0.574	-0.089	0.931	-1.120	126.975586	37.295639
1685512340724	1685512340713	-11.677	-2.823	-1.025	-0.182	0.360	0.757	-0.994	0.706	-1.003	126.975586	37.295639
1685512340732	1685512340725	-11.945	-2.859	-0.905	-0.226	0.452	1.008	-1.832	0.397	-1.001	126.975586	37.295639
1685512340742	1685512340733	-11.715	-3.062	-0.706	-0.248	0.507	1.317	-2.394	0.328	-1.132	126.975586	37.295639
1685512340751	1685512340742	-11.004	-3.177	-0.493	-0.259	0.553	1.641	-2.624	0.180	-0.953	126.975586	37.295639
1685512340763	1685512340752	-10.218	-3.534	-0.194	-0.266	0.582	1.933	-2.363	-0.120	-0.711	126.975586	37.295639
1685512340774	1685512340763	-9.706	-3.948	-0.022	-0.252	0.612	2.164	-1.604	-0.390	-0.438	126.975586	37.295639
1685512340786	1685512340775	-9.735	-3.958	0.199	-0.194	0.700	2.307	-0.766	-0.929	-0.077	126.975586	37.295639
1685512340792	1685512340786	-10.240	-3.871	0.409	-0.103	0.856	2.348	-0.201	-1.549	0.156	126.975586	37.295639
1685512340802	1685512340793	-11.104	-3.802	0.500	0.033	1.042	2.329	-0.180	-1.779	0.448	126.975586	37.295639
1685512340812	1685512340803	-12.031	-3.632	0.522	0.210	1.222	2.298	-0.634	-1.939	0.752	126.975586	37.295639
1685512340823	1685512340812	-12.663	-3.565	0.414	0.381	1.352	2.274	-1.463	-2.073	0.931	126.975586	37.295639
1685512340833	1685512340823	-12.907	-3.508	0.321	0.517	1.374	2.268	-2.361	-2.124	1.068	126.975586	37.295639
1685512340843	1685512340833	-12.831	-3.455	0.206	0.601	1.293	2.294	-2.969	-2.274	1.087	126.975586	37.295639
1685512340851	1685512340843	-12.426	-3.443	0.081	0.618	1.145	2.358	-3.194	-2.454	1.132	126.975586	37.295639
1685512340861	1685512340851	-11.736	-3.323	0.005	0.568	0.977	2.425	-3.108	-2.598	1.125	126.975586	37.295639
1685512340872	1685512340862	-11.145	-3.096	0.029	0.447	0.784	2.458	-2.696	-2.832	1.118	126.975586	37.295639
1685512340881	1685512340872	-10.472	-2.978	0.029	0.252	0.606	2.448	-2.006	-2.919	1.125	126.975586	37.295639
1685512340891	1685512340882	-9.941	-2.978	0.101	-0.012	0.467	2.408	-1.415	-2.926	1.223	126.975586	37.295639
1685512340902	1685512340891	-9.230	-2.921	0.189	-0.323	0.384	2.340	-0.749	-3.043	1.283	126.975586	37.295639
1685512340912	1685512340902	-8.665	-2.916	0.395	-0.654	0.341	2.246	-0.227	-3.278	1.401	126.975586	37.295639
1685512340922	1685512340912	-8.219	-3.093	0.441	-0.987	0.304	2.137	0.467	-3.452	1.525	126.975586	37.295639
1685512340932	1685512340923	-7.831	-3.263	0.555	-1.294	0.297	2.021	1.010	-3.697	1.762	126.975586	37.295639
1685512340943	1685512340932	-7.590	-3.704	0.656	-1.541	0.327	1.905	1.434	-4.070	1.827	126.975586	37.295639
1685512340954	1685512340943	-7.535	-3.905	0.831	-1.707	0.365	1.797	1.793	-4.475	1.958	126.975586	37.295639
1685512340965	1685512340954	-7.448	-4.013	0.730	-1.779	0.391	1.708	2.009	-5.100	2.069	126.975586	37.295639
1685512340974	1685512340965	-7.377	-4.032	0.826	-1.758	0.406	1.651	2.030	-5.519	2.253	126.975586	37.295639
1685512340985	1685512340975	-7.238	-4.211	1.022	-1.663	0.389	1.631	2.085	-5.796	2.160	126.975586	37.295639
1685512340994	1685512340985	-7.235	-4.159	1.075	-1.521	0.348	1.625	2.112	-6.033	2.263	126.975586	37.295639
1685512341006	1685512340995	-7.326	-4.137	1.097	-1.349	0.332	1.600	2.219	-6.357	2.459	126.975586	37.295639
1685512341016	1685512341006	-7.501	-4.104	1.051	-1.156	0.337	1.555	2.176	-6.495	2.512	126.975586	37.295639
1685512341028	1685512341017	-7.745	-3.922	0.965	-0.971	0.348	1.511	2.059	-6.589	2.521	126.975586	37.295639
1685512341041	1685512341028	-8.021	-3.764	0.814	-0.838	0.347	1.476	1.844	-6.701	2.468	126.975586	37.295639
1685512341043	1685512341043	-8.078	-3.740	0.622	-0.771	0.313	1.442	1.568	-6.634	2.380	126.975586	37.295639
1685512341054	1685512341043	-8.337	-3.692	0.706	-0.776	0.264	1.406	1.240	-6.646	2.234	126.975586	37.295639
1685512341065	1685512341054	-8.514	-3.807	0.764	-0.839	0.230	1.373	1.159	-6.699	2.037	126.975586	37.295639
1685512341075	1685512341065	-8.799	-3.852	0.754	-0.944	0.203	1.340	0.860	-6.783	2.116	126.975586	37.295639
1685512341086	1685512341075	-9.045	-3.903	0.809	-1.059	0.199	1.306	0.651	-6.993	2.162	126.975586	37.295639
1685512341094	1685512341086	-9.122	-4.096	0.802	-1.155	0.202	1.285	0.328	-7.156	2.128	126.975586	37.295639
1685512341103	1685512341094	-9.048	-4.108	0.747	-1.228	0.187	1.274	0.050	-7.300	2.155	126.975586	37.295639
1685512341114	1685512341103	-8.868	-4.286	0.642	-1.284	0.175	1.272	-0.053	-7.587	2.112	126.975586	37.295639
1685512341123	1685512341114	-8.801	-4.386	0.694	-1.319	0.160	1.269	0.002	-7.657	2.016	126.975586	37.295639
1685512341133	1685512341123	-8.823	-4.477	0.725	-1.343	0.160	1.242	0.163	-7.896	1.863	126.975586	37.295639
1685512341143	1685512341133	-9.096	-4.614	0.809	-1.354	0.183	1.194	0.215	-8.052	1.863	126.975586	37.295639
1685512341155	1685512341144	-9.536	-4.750	1.046	-1.340	0.222	1.144	0.172	-8.210	1.839	126.975586	37.295639
1685512341162	1685512341155	-9.941	-4.966	1.051	-1.293	0.286	1.097	-0.108	-8.384	1.875	126.975586	37.295639
1685512341172	1685512341162	-10.221	-5.114	1.178	-1.207	0.348	1.068	-0.572	-8.588	2.066	126.975586	37.295639
1685512341182	1685512341172	-10.262	-5.284	1.240	-1.082	0.368	1.067	-0.994	-8.854	2.037	126.975586	37.295639
1685512341191	1685512341182	-10.168	-5.274	1.164	-0.922	0.363	1.086	-1.305	-9.076	2.140	126.975586	37.295639
1685512341203	1685512341192	-9.996	-5.272	0.943	-0.740	0.335	1.114	-1.384	-9.335	2.188	126.975586	37.295639
1685512341212	1685512341203	-10.010	-5.246	0.711	-0.571	0.301	1.135	-1.338	-9.431	2.107	126.975586	37.295639
1685512341223	1685512341212	-10.494	-5.282	0.543	-0.445	0.286	1.123	-1.216	-9.534	1.884	126.975586	37.295639
1685512341232	1685512341223	-11.447	-5.490	0.682	-0.373	0.307	1.065	-1.288	-9.622	1.654	126.975586	37.295639
1685512341244	1685512341232	-12.356	-5.622	0.709	-0.352	0.376	0.972	-1.820	-9.752	1.492	126.975586	37.295639
1685512341252	1685512341244	-12.886	-5.861	0.965	-0.352	0.442	0.870	-2.828	-10.065	1.640	126.975586	37.295639
1685512341264	1685512341252	-12.850	-6.100	1.259	-0.340	0.437	0.794	-3.783	-10.274	1.681	126.975586	37.295639
1685512341272	1685512341264	-12.084	-6.500	1.633	-0.272	0.375	0.779	-4.355	-10.592	1.958	126.975586	37.295639
1685512341283	1685512341273	-10.707	-6.653	1.791	-0.143	0.279	0.789	-4.362	-10.903	2.274	126.975586	37.295639
1685512341293	1685512341283	-9.560	-6.931	1.738	0.065	0.166	0.770	-3.642	-11.377	2.670	126.975586	37.295639
1685512341304	1685512341294	-9.091	-6.989	1.513	0.357	0.076	0.696	-2.303	-11.593	2.842	126.975586	37.295639
1685512341314	1685512341304	-9.479	-6.857	1.374	0.670	0.078	0.542	-1.195	-11.935	2.806	126.975586	37.295639
1685512341326	1685512341315	-10.681	-6.879	1.448	0.980	0.149	0.303	-0.761	-12.045	2.605	126.975586	37.295639
1685512341334	1685512341327	-12.105	-7.132	1.489	1.307	0.259	0.005	-1.178	-11.952	2.507	126.975586	37.295639
1685512341345	1685512341335	-13.376	-7.163	1.441	1.649	0.335	-0.305	-2.397	-11.988	2.643	126.975586	37.295639
1685512341356	1685512341346	-14.183	-6.958	1.089	1.962	0.308	-0.573	-3.826	-12.222	2.789	126.975586	37.295639
1685512341366	1685512341356	-14.521	-6.615	0.692	2.224	0.181	-0.757	-5.090	-12.215	2.830	126.975586	37.295639
1685512341375	1685512341366	-14.394	-6.302	0.290	2.426	-0.015	-0.881	-5.873	-11.933	2.602	126.975586	37.295639
1685512341388	1685512341376	-13.965	-5.837	0.127	2.545	-0.228	-1.023	-6.175	-11.492	2.330	126.975586	37.295639
1685512341397	1685512341388	-13.506	-5.409	0.060	2.557	-0.414	-1.218	-6.007	-11.064	2.042	126.975586	37.295639
1685512341405	1685512341397	-12.924	-5.052	0.000	2.475	-0.575	-1.443	-5.526	-10.467	1.980	126.975586	37.295639
1685512341415	1685512341406	-12.452	-4.599	-0.017	2.325	-0.704	-1.682	-4.997	-9.871	2.002	126.975586	37.295639
1685512341430	1685512341417	-12.086	-4.362	0.026	2.125	-0.783	-1.940	-4.345	-9.359	1.997	126.975586	37.295639
1685512341448	1685512341430	-11.674	-4.106	0.041	1.888	-0.837	-2.205	-3.790	-8.715	2.016	126.975586	37.295639
1685512341449	1685512341448	-11.308	-3.965	0.024	1.627	-0.889	-2.467	-3.330	-8.265	2.076	126.975586	37.295639
1685512341454	1685512341449	-10.853	-3.907	-0.024	1.361	-0.941	-2.712	-2.806	-7.752	2.088	126.975586	37.295639
1685512341465	1685512341455	-10.561	-3.821	-0.096	1.113	-0.991	-2.937	-2.346	-7.384	2.052	126.975586	37.295639
1685512341477	1685512341465	-10.353	-3.807	-0.101	0.903	-1.021	-3.136	-1.772	-7.027	1.958	126.975586	37.295639
1685512341485	1685512341477	-10.111	-3.663	-0.129	0.743	-1.038	-3.311	-1.384	-6.680	1.836	126.975586	37.295639
1685512341495	1685512341485	-9.996	-3.608	-0.153	0.628	-1.051	-3.461	-1.070	-6.359	1.762	126.975586	37.295639
1685512341506	1685512341495	-9.919	-3.572	-0.328	0.567	-1.053	-3.582	-0.730	-5.892	1.654	126.975586	37.295639
1685512341515	1685512341507	-9.701	-3.553	-0.292	0.562	-1.048	-3.666	-0.527	-5.499	1.544	126.975586	37.295639
1685512341526	1685512341515	-9.476	-3.589	-0.433	0.605	-1.041	-3.710	-0.371	-5.114	1.279	126.975586	37.295639
1685512341535	1685512341526	-9.349	-3.546	-0.455	0.690	-1.030	-3.721	-0.081	-4.697	1.211	126.975586	37.295639
1685512341545	1685512341535	-9.258	-3.376	-0.450	0.809	-1.002	-3.696	0.189	-4.405	0.986	126.975586	37.295639
1685512341555	1685512341546	-9.146	-3.323	-0.546	0.949	-0.965	-3.636	0.357	-3.955	0.860	126.975586	37.295639
1685512341567	1685512341556	-9.012	-3.235	-0.558	1.100	-0.929	-3.543	0.467	-3.452	0.778	126.975586	37.295639
1685512341576	1685512341568	-8.961	-3.053	-0.558	1.244	-0.887	-3.421	0.587	-3.033	0.587	126.975586	37.295639
1685512341585	1685512341576	-8.885	-2.765	-0.704	1.368	-0.855	-3.279	0.713	-2.588	0.479	126.975586	37.295639
1685512341596	1685512341585	-8.837	-2.715	-0.833	1.454	-0.839	-3.117	0.740	-1.992	0.364	126.975586	37.295639
1685512341605	1685512341596	-8.859	-2.497	-0.881	1.491	-0.831	-2.942	0.790	-1.429	0.136	126.975586	37.295639
1685512341616	1685512341605	-8.882	-2.377	-0.958	1.473	-0.833	-2.762	0.790	-1.010	-0.110	126.975586	37.295639
1685512341630	1685512341616	-8.854	-2.332	-0.991	1.406	-0.838	-2.579	0.718	-0.498	-0.259	126.975586	37.295639
1685512341646	1685512341630	-8.830	-2.219	-0.962	1.304	-0.853	-2.393	0.627	-0.053	-0.455	126.975586	37.295639
1685512341647	1685512341647	-8.756	-2.203	-1.104	1.166	-0.881	-2.209	0.596	0.235	-0.584	126.975586	37.295639
1685512341656	1685512341647	-8.770	-2.286	-1.101	1.004	-0.897	-2.029	0.539	0.651	-0.690	126.975586	37.295639
1685512341665	1685512341657	-8.808	-2.344	-1.113	0.831	-0.904	-1.859	0.570	0.809	-0.888	126.975586	37.295639
1685512341677	1685512341670	-8.847	-2.399	-1.063	0.656	-0.894	-1.688	0.493	0.915	-0.977	126.975586	37.295639
1685512341686	1685512341677	-8.952	-2.504	-1.015	0.494	-0.858	-1.513	0.409	0.986	-1.049	126.975586	37.295639
1685512341695	1685512341687	-8.981	-2.605	-1.161	0.359	-0.808	-1.328	0.321	1.068	-1.073	126.975586	37.295639
1685512341705	1685512341695	-9.050	-2.650	-1.240	0.270	-0.757	-1.139	0.182	1.051	-1.068	126.975586	37.295639
1685512341715	1685512341705	-9.148	-2.648	-1.307	0.215	-0.694	-0.960	0.113	1.053	-1.271	126.975586	37.295639
1685512341726	1685512341715	-9.242	-2.593	-1.470	0.172	-0.622	-0.790	0.026	1.049	-1.362	126.975586	37.295639
1685512341737	1685512341727	-9.313	-2.516	-1.561	0.127	-0.546	-0.617	-0.091	1.101	-1.456	126.975586	37.295639
1685512341748	1685512341737	-9.735	-2.691	-1.678	0.067	-0.469	-0.436	-0.194	1.180	-1.623	126.975586	37.295639
1685512341756	1685512341748	-10.307	-2.777	-1.779	-0.011	-0.368	-0.253	-0.273	1.271	-1.714	126.975586	37.295639
1685512341768	1685512341757	-11.052	-2.871	-1.652	-0.099	-0.209	-0.071	-0.687	1.082	-1.808	126.975586	37.295639
1685512341776	1685512341768	-11.667	-2.907	-1.674	-0.191	-0.017	0.127	-1.250	0.977	-1.884	126.975586	37.295639
1685512341788	1685512341777	-11.899	-3.096	-1.688	-0.270	0.149	0.378	-1.985	0.855	-1.724	126.975586	37.295639
1685512341798	1685512341788	-11.674	-3.378	-1.551	-0.323	0.258	0.687	-2.586	0.785	-1.712	126.975586	37.295639
1685512341808	1685512341798	-11.030	-3.486	-1.192	-0.357	0.352	1.016	-2.804	0.563	-1.702	126.975586	37.295639
1685512341817	1685512341809	-10.230	-3.639	-0.929	-0.375	0.443	1.323	-2.555	0.218	-1.532	126.975586	37.295639
1685512341834	1685512341818	-9.503	-3.912	-0.469	-0.352	0.545	1.592	-1.875	0.017	-1.128	126.975586	37.295639
1685512341842	1685512341834	-8.938	-4.118	-0.168	-0.264	0.687	1.790	-1.025	-0.268	-0.804	126.975586	37.295639
1685512341845	1685512341844	-8.899	-4.195	0.206	-0.114	0.885	1.892	-0.249	-0.675	-0.290	126.975586	37.295639
1685512341856	1685512341855	-9.246	-4.216	0.546	0.098	1.101	1.918	0.373	-1.063	0.089	126.975586	37.295639
1685512341869	1685512341856	-9.950	-4.082	0.608	0.379	1.338	1.906	0.460	-1.300	0.541	126.975586	37.295639
1685512341874	1685512341869	-10.834	-3.912	0.651	0.713	1.578	1.872	0.163	-1.501	0.982	126.975586	37.295639
1685512341883	1685512341875	-11.672	-3.733	0.704	1.059	1.779	1.824	-0.496	-1.544	1.159	126.975586	37.295639
1685512341894	1685512341884	-12.328	-3.598	0.706	1.379	1.905	1.802	-1.341	-1.566	1.348	126.975586	37.295639
1685512341904	1685512341895	-12.536	-3.256	0.587	1.649	1.952	1.840	-2.152	-1.535	1.532	126.975586	37.295639
1685512341914	1685512341905	-12.222	-2.981	0.479	1.835	1.927	1.913	-2.789	-1.559	1.686	126.975586	37.295639
1685512341927	1685512341915	-11.389	-2.533	0.433	1.911	1.779	2.000	-2.981	-1.374	1.721	126.975586	37.295639
1685512341934	1685512341928	-10.549	-2.162	0.424	1.856	1.556	2.074	-2.658	-1.262	1.765	126.975586	37.295639
1685512341945	1685512341935	-9.965	-1.860	0.615	1.653	1.349	2.112	-1.815	-0.979	1.858	126.975586	37.295639
1685512341955	1685512341945	-9.550	-1.638	0.790	1.322	1.206	2.096	-0.965	-0.812	1.994	126.975586	37.295639
1685512341966	1685512341955	-9.364	-1.544	0.922	0.897	1.131	2.034	-0.378	-0.651	2.272	126.975586	37.295639
1685512341974	1685512341967	-9.084	-1.614	1.075	0.406	1.097	1.944	0.038	-0.608	2.547	126.975586	37.295639
1685512341986	1685512341975	-8.744	-1.707	1.164	-0.108	1.068	1.850	0.223	-0.692	2.780	126.975586	37.295639
1685512341995	1685512341987	-8.432	-2.021	1.178	-0.596	1.031	1.768	0.498	-0.941	3.036	126.975586	37.295639
1685512342004	1685512341995	-8.356	-2.241	1.427	-1.007	1.014	1.710	0.826	-1.214	3.227	126.975586	37.295639
1685512342013	1685512342005	-8.159	-2.471	1.504	-1.310	1.012	1.682	1.120	-1.726	3.352	126.975586	37.295639
1685512342024	1685512342014	-8.112	-2.885	1.621	-1.504	0.981	1.676	1.180	-2.114	3.689	126.975586	37.295639
1685512342034	1685512342024	-8.013	-2.990	1.633	-1.581	0.947	1.682	1.355	-2.535	3.864	126.975586	37.295639
1685512342045	1685512342034	-7.946	-3.160	1.697	-1.574	0.904	1.696	1.377	-3.146	4.073	126.975586	37.295639
1685512342054	1685512342045	-8.042	-3.247	1.750	-1.502	0.856	1.713	1.441	-3.469	4.175	126.975586	37.295639
1685512342064	1685512342054	-8.198	-3.285	1.561	-1.382	0.836	1.721	1.496	-3.776	4.259	126.975586	37.295639
1685512342075	1685512342064	-8.332	-3.177	1.492	-1.247	0.815	1.717	1.377	-4.041	4.348	126.975586	37.295639
1685512342086	1685512342075	-8.365	-3.251	1.415	-1.134	0.742	1.707	1.202	-4.221	4.183	126.975586	37.295639
1685512342095	1685512342086	-8.396	-3.426	1.477	-1.067	0.660	1.698	1.041	-4.274	4.144	126.975586	37.295639
1685512342106	1685512342095	-8.485	-3.498	1.396	-1.041	0.627	1.686	0.982	-4.503	4.094	126.975586	37.295639
1685512342115	1685512342106	-8.614	-3.553	1.358	-1.041	0.599	1.671	0.922	-4.831	4.173	126.975586	37.295639
1685512342126	1685512342116	-8.689	-3.843	1.384	-1.057	0.577	1.663	0.807	-5.054	4.106	126.975586	37.295639
1685512342133	1685512342127	-9.019	-3.998	1.401	-1.080	0.583	1.659	0.644	-5.272	4.080	126.975586	37.295639
1685512342144	1685512342133	-9.246	-4.204	1.499	-1.101	0.594	1.657	0.546	-5.686	4.106	126.975586	37.295639
1685512342153	1685512342144	-9.620	-4.259	1.542	-1.102	0.606	1.647	0.182	-5.995	4.128	126.975586	37.295639
1685512342164	1685512342154	-9.855	-4.336	1.422	-1.081	0.640	1.632	-0.065	-6.311	4.216	126.975586	37.295639
1685512342173	1685512342164	-9.917	-4.492	1.386	-1.048	0.661	1.611	-0.462	-6.483	4.250	126.975586	37.295639
1685512342183	1685512342173	-9.675	-4.480	1.192	-1.029	0.626	1.587	-0.728	-6.682	4.125	126.975586	37.295639
1685512342194	1685512342183	-9.397	-4.436	1.190	-1.034	0.546	1.552	-0.838	-7.003	4.104	126.975586	37.295639
1685512342203	1685512342194	-9.256	-4.513	1.132	-1.054	0.484	1.500	-0.627	-7.096	3.915	126.975586	37.295639
1685512342213	1685512342203	-9.290	-4.721	1.324	-1.068	0.437	1.428	-0.395	-7.195	3.922	126.975586	37.295639
1685512342226	1685512342213	-9.570	-4.994	1.640	-1.079	0.421	1.317	-0.297	-7.415	3.864	126.975586	37.295639
1685512342233	1685512342226	-10.116	-5.236	1.863	-1.064	0.475	1.179	-0.381	-7.774	4.053	126.975586	37.295639
1685512342245	1685512342233	-10.396	-5.368	1.939	-1.004	0.530	1.056	-0.702	-8.164	4.365	126.975586	37.295639
1685512342254	1685512342245	-10.410	-5.250	1.875	-0.882	0.558	0.979	-1.307	-8.569	4.592	126.975586	37.295639
1685512342265	1685512342254	-10.309	-5.298	1.808	-0.716	0.528	0.946	-1.623	-8.784	4.678	126.975586	37.295639
1685512342274	1685512342265	-10.116	-5.337	1.592	-0.546	0.487	0.938	-1.693	-8.789	4.633	126.975586	37.295639
1685512342287	1685512342274	-10.161	-5.329	1.439	-0.387	0.458	0.921	-1.635	-8.928	4.585	126.975586	37.295639
1685512342294	1685512342287	-10.558	-5.363	1.336	-0.250	0.443	0.875	-1.494	-9.072	4.393	126.975586	37.295639
1685512342305	1685512342294	-11.320	-5.547	1.381	-0.139	0.454	0.812	-1.587	-9.155	4.264	126.975586	37.295639
1685512342316	1685512342306	-12.060	-5.739	1.604	-0.056	0.479	0.722	-2.035	-9.280	4.192	126.975586	37.295639
1685512342327	1685512342316	-12.519	-5.978	1.846	0.018	0.507	0.607	-2.840	-9.529	4.269	126.975586	37.295639
1685512342336	1685512342327	-12.651	-6.124	1.975	0.100	0.503	0.507	-3.622	-9.783	4.530	126.975586	37.295639
1685512342347	1685512342336	-12.385	-6.304	2.298	0.194	0.439	0.461	-4.120	-10.072	4.815	126.975586	37.295639
1685512342355	1685512342348	-11.729	-6.381	2.418	0.302	0.367	0.445	-4.293	-10.264	4.994	126.975586	37.295639
1685512342367	1685512342356	-10.542	-6.160	2.342	0.432	0.283	0.406	-4.056	-10.472	5.358	126.975586	37.295639
1685512342376	1685512342367	-9.390	-6.112	2.169	0.589	0.164	0.337	-3.433	-10.580	5.526	126.975586	37.295639
1685512342387	1685512342376	-8.681	-6.041	1.935	0.751	0.022	0.238	-2.267	-10.376	5.488	126.975586	37.295639
1685512342397	1685512342387	-8.813	-5.868	1.743	0.887	-0.078	0.056	-1.135	-10.338	5.353	126.975586	37.295639
1685512342409	1685512342398	-9.780	-5.768	1.820	0.965	-0.099	-0.238	-0.436	-10.262	5.152	126.975586	37.295639
1685512342418	1685512342409	-11.250	-5.909	1.812	1.020	-0.061	-0.600	-0.567	-10.065	4.992	126.975586	37.295639
1685512342431	1685512342418	-12.354	-6.017	1.523	1.102	-0.020	-0.951	-1.523	-9.914	5.100	126.975586	37.295639
1685512342447	1685512342431	-13.434	-6.019	1.109	1.203	-0.038	-1.244	-2.964	-9.962	5.133	126.975586	37.295639
1685512342448	1685512342447	-13.975	-5.990	0.642	1.313	-0.159	-1.448	-4.034	-9.967	4.882	126.975586	37.295639
1685512342464	1685512342448	-14.119	-5.890	0.369	1.439	-0.351	-1.544	-5.059	-9.811	4.515	126.975586	37.295639
1685512342468	1685512342465	-14.071	-5.794	0.086	1.583	-0.558	-1.588	-5.547	-9.632	4.080	126.975586	37.295639
1685512342476	1685512342468	-13.819	-5.595	-0.103	1.740	-0.731	-1.642	-5.624	-9.352	3.828	126.975586	37.295639
1685512342487	1685512342479	-13.470	-5.200	-0.385	1.866	-0.876	-1.721	-5.504	-9.064	3.551	126.975586	37.295639
1685512342498	1685512342488	-13.132	-4.779	-0.548	1.943	-1.004	-1.814	-5.167	-8.643	3.352	126.975586	37.295639
1685512342507	1685512342498	-12.763	-4.386	-0.733	1.949	-1.108	-1.928	-4.745	-8.056	3.050	126.975586	37.295639
1685512342516	1685512342509	-12.270	-4.104	-0.704	1.867	-1.185	-2.068	-4.322	-7.410	2.854	126.975586	37.295639
1685512342529	1685512342516	-11.803	-3.836	-0.680	1.693	-1.253	-2.225	-3.867	-6.780	2.619	126.975586	37.295639
1685512342536	1685512342529	-11.380	-3.814	-0.520	1.448	-1.315	-2.386	-3.287	-6.249	2.586	126.975586	37.295639
1685512342547	1685512342536	-10.997	-3.776	-0.426	1.175	-1.350	-2.541	-2.737	-5.727	2.531	126.975586	37.295639
1685512342557	1685512342547	-10.664	-3.931	-0.390	0.915	-1.370	-2.690	-2.212	-5.389	2.576	126.975586	37.295639
1685512342568	1685512342557	-10.544	-3.924	-0.469	0.696	-1.374	-2.831	-1.767	-5.133	2.586	126.975586	37.295639
1685512342578	1685512342569	-10.489	-3.996	-0.460	0.538	-1.368	-2.949	-1.360	-5.013	2.504	126.975586	37.295639
1685512342590	1685512342578	-10.290	-4.013	-0.486	0.442	-1.354	-3.036	-1.176	-4.721	2.303	126.975586	37.295639
1685512342599	1685512342591	-10.127	-4.029	-0.572	0.409	-1.351	-3.095	-1.063	-4.501	2.188	126.975586	37.295639
1685512342609	1685512342599	-9.931	-3.984	-0.589	0.436	-1.349	-3.124	-0.819	-4.221	2.035	126.975586	37.295639
1685512342618	1685512342610	-9.713	-3.915	-0.752	0.511	-1.346	-3.120	-0.618	-3.903	1.808	126.975586	37.295639
1685512342630	1685512342618	-9.479	-3.828	-0.826	0.619	-1.333	-3.092	-0.400	-3.582	1.676	126.975586	37.295639
1685512342643	1685512342630	-9.395	-3.658	-1.010	0.746	-1.317	-3.051	-0.170	-3.203	1.381	126.975586	37.295639
1685512342649	1685512342643	-9.191	-3.474	-1.099	0.876	-1.296	-3.004	0.062	-2.808	1.173	126.975586	37.295639
1685512342658	1685512342649	-9.163	-3.431	-1.142	0.998	-1.267	-2.949	0.134	-2.303	0.843	126.975586	37.295639
1685512342679	1685512342658	-9.182	-3.338	-1.317	1.097	-1.233	-2.883	0.318	-1.846	0.630	126.975586	37.295639
1685512342680	1685512342679	-9.131	-3.366	-1.262	1.155	-1.200	-2.811	0.311	-1.477	0.436	126.975586	37.295639
1685512342688	1685512342680	-8.966	-3.321	-1.391	1.170	-1.170	-2.724	0.256	-1.123	0.134	126.975586	37.295639
1685512342698	1685512342688	-8.801	-3.323	-1.422	1.153	-1.151	-2.617	0.256	-0.871	0.050	126.975586	37.295639
1685512342708	1685512342700	-8.748	-3.369	-1.451	1.107	-1.108	-2.491	0.364	-0.555	-0.218	126.975586	37.295639
1685512342718	1685512342709	-8.559	-3.388	-1.451	1.034	-1.048	-2.355	0.467	-0.299	-0.390	126.975586	37.295639
1685512342728	1685512342718	-8.382	-3.378	-1.544	0.942	-1.009	-2.217	0.450	-0.101	-0.555	126.975586	37.295639
1685512342738	1685512342729	-8.327	-3.440	-1.599	0.859	-0.958	-2.079	0.560	0.122	-0.692	126.975586	37.295639
1685512342747	1685512342738	-8.351	-3.448	-1.700	0.793	-0.880	-1.939	0.673	0.314	-0.886	126.975586	37.295639
1685512342756	1685512342747	-8.449	-3.517	-1.769	0.751	-0.782	-1.802	0.654	0.450	-1.049	126.975586	37.295639
1685512342768	1685512342757	-8.744	-3.555	-1.765	0.737	-0.670	-1.662	0.570	0.582	-1.214	126.975586	37.295639
1685512342777	1685512342768	-9.048	-3.701	-1.834	0.739	-0.560	-1.506	0.412	0.649	-1.338	126.975586	37.295639
1685512342788	1685512342777	-9.263	-3.711	-1.800	0.757	-0.450	-1.332	0.065	0.728	-1.372	126.975586	37.295639
1685512342798	1685512342788	-9.254	-3.594	-1.736	0.793	-0.335	-1.139	-0.290	0.692	-1.475	126.975586	37.295639
1685512342809	1685512342799	-9.160	-3.505	-1.671	0.833	-0.254	-0.924	-0.541	0.749	-1.448	126.975586	37.295639
1685512342818	1685512342809	-8.859	-3.512	-1.528	0.861	-0.187	-0.696	-0.565	0.934	-1.396	126.975586	37.295639
1685512342831	1685512342819	-8.803	-3.491	-1.549	0.866	-0.092	-0.483	-0.496	1.068	-1.343	126.975586	37.295639
1685512342842	1685512342831	-9.007	-3.517	-1.475	0.843	0.029	-0.304	-0.211	1.094	-1.214	126.975586	37.295639
1685512342847	1685512342843	-9.436	-3.565	-1.487	0.805	0.189	-0.162	-0.156	1.118	-1.228	126.975586	37.295639
1685512342858	1685512342847	-9.878	-3.560	-1.405	0.765	0.382	-0.043	-0.359	1.089	-1.152	126.975586	37.295639
1685512342878	1685512342858	-10.405	-3.620	-1.283	0.706	0.557	0.087	-0.776	1.015	-1.128	126.975586	37.295639
1685512342879	1685512342879	-10.807	-3.615	-1.099	0.635	0.724	0.233	-1.204	0.991	-1.008	126.975586	37.295639
1685512342894	1685512342879	-11.123	-3.733	-1.020	0.574	0.894	0.391	-1.717	0.900	-0.838	126.975586	37.295639
1685512342905	1685512342895	-11.157	-3.845	-0.584	0.541	1.042	0.571	-2.102	0.864	-0.596	126.975586	37.295639
1685512342908	1685512342905	-10.683	-3.879	-0.134	0.550	1.177	0.773	-2.404	0.711	-0.464	126.975586	37.295639
1685512342917	1685512342908	-9.680	-3.824	0.405	0.597	1.307	0.979	-2.413	0.543	0.050	126.975586	37.295639
1685512342927	1685512342917	-8.332	-3.989	0.912	0.702	1.396	1.179	-1.915	0.453	0.572	126.975586	37.295639
1685512342935	1685512342927	-7.082	-3.998	1.456	0.872	1.447	1.349	-0.881	0.426	1.199	126.975586	37.295639
1685512342947	1685512342935	-6.385	-3.838	1.896	1.086	1.534	1.440	0.503	0.163	1.800	126.975586	37.295639
1685512342956	1685512342947	-6.263	-3.728	2.073	1.361	1.680	1.432	1.798	0.029	2.447	126.975586	37.295639
1685512342966	1685512342956	-6.946	-3.369	2.212	1.719	1.911	1.334	2.533	0.086	2.971	126.975586	37.295639
1685512342976	1685512342966	-8.535	-2.911	2.138	2.132	2.233	1.170	2.696	0.072	3.256	126.975586	37.295639
1685512342986	1685512342976	-10.467	-2.344	1.815	2.531	2.573	0.988	2.037	0.342	3.491	126.975586	37.295639
1685512342996	1685512342986	-12.153	-1.654	1.302	2.853	2.825	0.875	0.460	0.723	3.539	126.975586	37.295639
1685512343007	1685512342996	-12.821	-1.106	0.821	3.002	2.870	0.891	-1.472	1.238	3.357	126.975586	37.295639
1685512343016	1685512343007	-12.289	-0.699	0.441	2.908	2.660	1.016	-3.175	1.896	2.995	126.975586	37.295639
1685512343026	1685512343016	-11.078	-0.644	-0.005	2.584	2.235	1.196	-3.862	2.418	2.665	126.975586	37.295639
1685512343035	1685512343026	-9.795	-0.577	-0.089	2.090	1.739	1.368	-3.347	2.787	2.435	126.975586	37.295639
1685512343049	1685512343035	-9.213	-0.508	0.120	1.497	1.333	1.498	-2.138	2.792	2.088	126.975586	37.295639
1685512343055	1685512343049	-9.239	-0.419	0.493	0.864	1.106	1.588	-0.845	2.775	2.097	126.975586	37.295639
1685512343066	1685512343055	-9.531	-0.682	0.927	0.217	1.010	1.636	-0.244	2.753	2.368	126.975586	37.295639
1685512343076	1685512343066	-9.831	-1.070	1.437	-0.415	0.960	1.626	-0.244	2.717	2.813	126.975586	37.295639
1685512343087	1685512343076	-9.907	-1.417	1.695	-0.986	0.930	1.560	-0.510	2.313	3.333	126.975586	37.295639
1685512343097	1685512343087	-9.457	-1.786	1.863	-1.500	0.848	1.478	-0.785	1.753	3.950	126.975586	37.295639
1685512343106	1685512343097	-9.457	-1.786	1.863	-1.968	0.713	1.415	-0.845	1.255	4.310	126.975586	37.295639
1685512343117	1685512343107	-8.392	-2.741	1.743	-2.341	0.605	1.372	-0.378	0.711	4.592	126.975586	37.295639
1685512343128	1685512343117	-8.392	-2.741	1.743	-2.564	0.542	1.362	-0.364	0.527	4.705	126.975586	37.295639
1685512343135	1685512343128	-8.145	-3.699	2.116	-2.599	0.583	1.393	0.713	-0.618	4.693	126.975586	37.295639
1685512343145	1685512343135	-8.145	-3.699	2.116	-2.487	0.676	1.428	0.723	-0.819	4.793	126.975586	37.295639
1685512343156	1685512343145	-8.636	-3.903	2.025	-2.287	0.756	1.447	0.979	-2.028	5.286	126.975586	37.295639
1685512343166	1685512343156	-8.636	-3.903	2.025	-1.998	0.803	1.473	0.979	-2.195	5.368	126.975586	37.295639
1685512343176	1685512343166	-8.811	-4.003	1.999	-1.666	0.808	1.499	0.484	-2.605	5.377	126.975586	37.295639
1685512343186	1685512343176	-8.794	-3.970	1.951	-1.328	0.784	1.510	0.474	-2.808	5.476	126.975586	37.295639
1685512343195	1685512343186	-8.882	-3.850	1.949	-1.012	0.766	1.519	0.285	-3.103	5.540	126.975586	37.295639
1685512343210	1685512343195	-8.882	-3.850	1.949	-0.756	0.766	1.519	0.287	-3.256	5.574	126.975586	37.295639
1685512343221	1685512343210	-8.966	-3.701	2.047	-0.574	0.783	1.509	0.177	-3.328	5.655	126.975586	37.295639
1685512343226	1685512343221	-9.268	-3.685	2.047	-0.574	0.783	1.509	0.158	-3.476	5.720	126.975586	37.295639
1685512343235	1685512343227	-9.428	-3.658	2.078	-0.365	0.833	1.483	0.072	-3.448	5.832	126.975586	37.295639
1685512343249	1685512343235	-9.488	-3.658	2.138	-0.323	0.833	1.464	-0.232	-3.551	5.849	126.975586	37.295639
1685512343255	1685512343249	-9.380	-3.536	2.064	-0.323	0.833	1.464	-0.405	-3.651	5.914	126.975586	37.295639
1685512343266	1685512343256	-9.335	-3.582	2.028	-0.351	0.781	1.403	-0.476	-3.749	5.997	126.975586	37.295639
1685512343276	1685512343266	-9.201	-3.582	2.112	-0.351	0.781	1.403	-0.390	-3.759	5.966	126.975586	37.295639
1685512343286	1685512343276	-9.074	-3.836	2.095	-0.396	0.742	1.360	-0.359	-3.905	5.959	126.975586	37.295639
1685512343297	1685512343286	-9.048	-3.905	2.057	-0.434	0.720	1.307	-0.247	-4.020	6.081	126.975586	37.295639
1685512343308	1685512343298	-9.175	-3.919	2.071	-0.456	0.715	1.246	-0.141	-4.386	6.098	126.975586	37.295639
1685512343317	1685512343308	-9.304	-4.058	2.047	-0.470	0.706	1.181	-0.136	-4.566	6.093	126.975586	37.295639
1685512343329	1685512343317	-9.558	-4.190	2.078	-0.484	0.687	1.119	-0.287	-4.685	6.139	126.975586	37.295639
1685512343338	1685512343329	-9.883	-4.231	2.011	-0.517	0.652	0.987	-0.443	-4.939	6.153	126.975586	37.295639
1685512343348	1685512343338	-10.017	-4.427	2.023	-0.517	0.652	0.987	-0.718	-5.157	6.211	126.975586	37.295639
1685512343358	1685512343349	-10.060	-4.539	2.085	-0.468	0.583	0.897	-1.075	-5.301	6.182	126.975586	37.295639
1685512343371	1685512343358	-10.106	-4.606	2.255	-0.468	0.583	0.897	-1.238	-5.583	6.230	126.975586	37.295639
1685512343379	1685512343371	-10.034	-4.621	2.279	-0.368	0.505	0.828	-1.317	-5.801	6.340	126.975586	37.295639
1685512343388	1685512343380	-10.034	-4.590	2.243	-0.368	0.505	0.828	-1.396	-5.957	6.551	126.975586	37.295639
1685512343399	1685512343388	-10.020	-4.707	2.229	-0.305	0.473	0.795	-1.365	-6.076	6.620	126.975586	37.295639
1685512343410	1685512343400	-9.984	-4.621	2.081	-0.249	0.426	0.766	-1.391	-6.117	6.615	126.975586	37.295639
1685512343421	1685512343410	-10.008	-4.719	1.827	-0.204	0.384	0.722	-1.415	-6.323	6.639	126.975586	37.295639
1685512343433	1685512343422	-10.223	-4.987	1.499	-0.197	0.343	0.659	-1.405	-6.306	6.522	126.975586	37.295639
1685512343438	1685512343433	-10.736	-5.160	1.374	-0.335	0.296	0.492	-1.463	-6.483	6.299	126.975586	37.295639
1685512343451	1685512343451	-11.413	-5.428	1.415	-0.335	0.296	0.492	-1.702	-6.809	5.995	126.975586	37.295639
1685512343470	1685512343451	-12.019	-5.569	1.480	-0.393	0.293	0.420	-2.246	-7.056	5.895	126.975586	37.295639
1685512343470	1685512343470	-12.163	-5.672	1.571	-0.417	0.283	0.371	-2.938	-7.365	5.947	126.975586	37.295639
1685512343479	1685512343471	-11.818	-5.964	1.812	-0.424	0.219	0.345	-3.567	-7.563	6.031	126.975586	37.295639
1685512343490	1685512343479	-11.111	-6.041	2.081	-0.401	0.111	0.321	-3.730	-7.712	6.136	126.975586	37.295639
1685512343498	1685512343490	-10.003	-5.887	2.116	-0.301	0.018	0.290	-3.405	-8.059	6.390	126.975586	37.295639
1685512343508	1685512343498	-8.861	-5.717	1.930	-0.087	-0.068	0.249	-2.710	-8.181	6.658	126.975586	37.295639
1685512343518	1685512343508	-8.143	-5.780	1.621	0.155	-0.175	0.188	-1.609	-8.068	6.689	126.975586	37.295639
1685512343530	1685512343519	-7.903	-6.038	1.460	0.380	-0.248	0.081	-0.469	-7.920	6.495	126.975586	37.295639
1685512343538	1685512343530	-8.420	-6.242	1.379	0.800	-0.178	-0.354	0.251	-7.992	6.175	126.975586	37.295639
1685512343550	1685512343539	-9.742	-6.345	1.439	0.800	-0.178	-0.354	0.500	-8.241	6.002	126.975586	37.295639
1685512343558	1685512343550	-11.270	-6.318	1.358	1.029	-0.068	-0.618	0.000	-8.370	5.923	126.975586	37.295639
1685512343568	1685512343558	-12.584	-6.299	1.202	1.300	0.020	-0.832	-1.305	-8.413	5.986	126.975586	37.295639
1685512343578	1685512343568	-13.372	-6.182	0.788	1.596	0.012	-0.963	-2.816	-8.279	5.918	126.975586	37.295639
1685512343589	1685512343579	-13.647	-5.952	0.450	1.853	-0.100	-1.021	-4.118	-8.143	5.787	126.975586	37.295639
1685512343601	1685512343590	-13.726	-5.715	0.230	2.039	-0.277	-1.040	-4.889	-7.870	5.401	126.975586	37.295639
1685512343610	1685512343601	-13.281	-5.380	0.160	2.151	-0.462	-1.057	-5.143	-7.468	5.085	126.975586	37.295639
1685512343620	1685512343611	-12.854	-5.085	-0.012	2.192	-0.650	-1.092	-5.195	-7.049	4.870	126.975586	37.295639
1685512343632	1685512343621	-12.354	-4.721	-0.134	2.153	-0.822	-1.161	-4.714	-6.522	4.788	126.975586	37.295639
1685512343639	1685512343632	-11.935	-4.460	-0.086	1.811	-1.060	-1.421	-4.243	-6.014	4.580	126.975586	37.295639
1685512343648	1685512343648	-11.574	-4.214	-0.069	1.811	-1.060	-1.421	-3.699	-5.471	4.410	126.975586	37.295639
1685512343663	1685512343648	-11.262	-4.125	-0.144	1.528	-1.130	-1.608	-3.218	-4.985	4.369	126.975586	37.295639
1685512343669	1685512343664	-10.937	-3.982	-0.117	1.199	-1.181	-1.814	-2.808	-4.554	4.310	126.975586	37.295639
1685512343678	1685512343670	-10.659	-4.013	-0.141	0.861	-1.224	-2.026	-2.444	-4.257	4.140	126.975586	37.295639
1685512343689	1685512343678	-10.506	-4.087	-0.156	0.545	-1.255	-2.232	-2.069	-3.903	4.061	126.975586	37.295639
1685512343698	1685512343689	-10.274	-4.087	-0.163	0.264	-1.275	-2.428	-1.741	-3.697	3.917	126.975586	37.295639
1685512343708	1685512343698	-10.123	-4.104	-0.225	0.049	-1.290	-2.600	-1.549	-3.572	3.800	126.975586	37.295639
1685512343719	1685512343708	-10.001	-4.077	-0.273	-0.082	-1.297	-2.745	-1.283	-3.342	3.675	126.975586	37.295639
1685512343731	1685512343719	-9.900	-3.996	-0.366	-0.140	-1.293	-2.865	-1.106	-3.124	3.496	126.975586	37.295639
1685512343738	1685512343731	-9.811	-3.869	-0.448	-0.094	-1.279	-3.031	-0.967	-2.854	3.333	126.975586	37.295639
1685512343749	1685512343739	-9.685	-3.905	-0.618	-0.094	-1.279	-3.031	-0.860	-2.516	3.124	126.975586	37.295639
1685512343759	1685512343749	-9.529	-3.938	-0.735	-0.017	-1.249	-3.078	-0.776	-2.066	2.904	126.975586	37.295639
1685512343769	1685512343759	-9.455	-3.862	-0.840	0.059	-1.207	-3.103	-0.663	-1.884	2.643	126.975586	37.295639
1685512343779	1685512343769	-9.448	-3.735	-0.924	0.136	-1.161	-3.109	-0.534	-1.642	2.416	126.975586	37.295639
1685512343791	1685512343780	-9.385	-3.711	-1.018	0.221	-1.112	-3.091	-0.498	-1.283	2.200	126.975586	37.295639
1685512343799	1685512343791	-9.170	-3.615	-1.046	0.313	-1.047	-3.051	-0.539	-0.876	2.009	126.975586	37.295639
1685512343810	1685512343800	-9.096	-3.687	-1.099	0.413	-0.980	-2.992	-0.539	-0.570	1.810	126.975586	37.295639
1685512343820	1685512343811	-8.990	-3.740	-1.030	0.533	-0.915	-2.906	-0.402	-0.170	1.669	126.975586	37.295639
1685512343830	1685512343820	-8.940	-3.802	-1.159	0.667	-0.844	-2.798	-0.400	0.000	1.525	126.975586	37.295639
1685512343839	1685512343830	-8.806	-3.776	-1.171	0.969	-0.691	-2.540	-0.381	0.213	1.494	126.975586	37.295639
1685512343862	1685512343840	-8.717	-3.486	-1.243	0.969	-0.691	-2.540	-0.421	0.405	1.255	126.975586	37.295639
1685512343863	1685512343863	-8.547	-3.419	-1.219	1.091	-0.632	-2.396	-0.381	0.685	1.116	126.975586	37.295639
1685512343869	1685512343864	-8.377	-3.220	-1.240	1.172	-0.578	-2.241	-0.369	1.171	0.931	126.975586	37.295639
1685512343881	1685512343870	-8.238	-3.079	-1.262	1.207	-0.517	-2.085	-0.290	1.458	0.816	126.975586	37.295639
1685512343889	1685512343881	-8.236	-3.010	-1.233	1.216	-0.435	-1.940	-0.184	1.810	0.675	126.975586	37.295639
1685512343900	1685512343889	-8.248	-2.986	-1.267	1.200	-0.346	-1.808	-0.108	2.097	0.527	126.975586	37.295639
1685512343910	1685512343900	-8.308	-2.986	-1.152	1.161	-0.258	-1.676	-0.156	2.286	0.436	126.975586	37.295639
1685512343919	1685512343911	-8.411	-3.096	-0.996	1.100	-0.188	-1.522	-0.211	2.409	0.292	126.975586	37.295639
1685512343930	1685512343919	-8.645	-3.361	-0.903	1.027	-0.131	-1.348	-0.316	2.500	0.314	126.975586	37.295639
1685512343939	1685512343931	-8.708	-3.503	-0.668	0.865	0.056	-0.991	-0.469	2.485	0.383	126.975586	37.295639
1685512343949	1685512343940	-9.021	-3.577	-0.448	0.865	0.056	-0.991	-0.735	2.279	0.412	126.975586	37.295639
1685512343959	1685512343949	-9.251	-3.529	-0.256	0.792	0.144	-0.801	-0.824	2.184	0.594	126.975586	37.295639
1685512343970	1685512343959	-9.419	-3.371	-0.192	0.749	0.239	-0.610	-1.149	2.138	0.771	126.975586	37.295639
