1685512278891	1685512278891	-13.087	-3.673	2.488	1.036	1.795	3.196	-3.146	-1.099	2.112	126.974899	37.295841
1685512278898	1685512278891	-12.919	-3.170	2.239	1.400	1.758	3.145	-3.582	-1.156	2.284	126.974899	37.295841
1685512278906	1685512278898	-12.577	-2.646	1.894	1.537	1.663	3.060	-3.630	-1.092	2.361	126.974899	37.295841
1685512278917	1685512278907	-12.112	-2.375	1.645	1.382	1.552	2.946	-3.393	-0.860	2.231	126.974899	37.295841
1685512278926	1685512278917	-11.571	-2.251	1.410	0.952	1.447	2.815	-2.974	-0.685	2.037	126.974899	37.295841
1685512278938	1685512278927	-10.920	-2.459	1.535	0.329	1.330	2.685	-2.466	-0.639	1.887	126.974899	37.295841
1685512278947	1685512278938	-10.283	-2.878	1.681	-0.396	1.212	2.566	-1.882	-0.812	1.791	126.974899	37.295841
1685512278958	1685512278947	-9.967	-3.199	1.891	-1.084	1.115	2.456	-1.202	-1.252	2.028	126.974899	37.295841
1685512278968	1685512278958	-9.527	-3.486	2.107	-1.608	1.031	2.355	-0.541	-1.973	2.320	126.974899	37.295841
1685512278977	1685512278968	-9.076	-3.859	2.234	-1.952	0.915	2.276	-0.215	-2.516	2.636	126.974899	37.295841
1685512278987	1685512278977	-8.825	-3.831	2.294	-2.073	0.814	2.232	0.227	-3.072	2.971	126.974899	37.295841
1685512278998	1685512278988	-8.633	-3.958	2.310	-2.017	0.716	2.198	0.678	-3.661	3.184	126.974899	37.295841
1685512279007	1685512278999	-8.449	-3.893	2.179	-1.853	0.638	2.156	0.922	-3.871	3.326	126.974899	37.295841
1685512279019	1685512279007	-8.229	-3.821	1.990	-1.659	0.574	2.116	1.104	-4.233	3.409	126.974899	37.295841
1685512279027	1685512279019	-8.147	-3.668	1.856	-1.506	0.516	2.087	1.271	-4.398	3.333	126.974899	37.295841
1685512279039	1685512279027	-8.102	-3.625	1.743	-1.410	0.476	2.055	1.472	-4.551	3.189	126.974899	37.295841
1685512279047	1685512279039	-8.157	-3.680	1.626	-1.398	0.439	2.009	1.528	-4.642	3.096	126.974899	37.295841
1685512279057	1685512279047	-8.305	-3.699	1.623	-1.450	0.408	1.961	1.547	-4.793	3.010	126.974899	37.295841
1685512279067	1685512279057	-8.487	-3.915	1.592	-1.541	0.397	1.916	1.458	-5.080	2.919	126.974899	37.295841
1685512279080	1685512279067	-8.705	-4.041	1.532	-1.636	0.370	1.870	1.290	-5.241	2.904	126.974899	37.295841
1685512279089	1685512279080	-8.926	-4.140	1.659	-1.714	0.338	1.839	1.085	-5.605	2.856	126.974899	37.295841
1685512279097	1685512279089	-9.117	-4.377	1.664	-1.767	0.315	1.825	0.845	-5.873	2.770	126.974899	37.295841
1685512279109	1685512279097	-9.340	-4.470	1.506	-1.785	0.290	1.820	0.596	-6.127	2.866	126.974899	37.295841
1685512279117	1685512279110	-9.459	-4.568	1.549	-1.779	0.283	1.817	0.385	-6.483	2.835	126.974899	37.295841
1685512279127	1685512279117	-9.582	-4.762	1.504	-1.768	0.275	1.809	0.134	-6.718	2.641	126.974899	37.295841
1685512279139	1685512279127	-9.646	-4.834	1.523	-1.741	0.260	1.804	-0.017	-6.965	2.650	126.974899	37.295841
1685512279147	1685512279139	-9.689	-4.822	1.508	-1.709	0.253	1.789	-0.175	-7.312	2.571	126.974899	37.295841
1685512279157	1685512279147	-9.519	-4.882	1.484	-1.688	0.253	1.757	-0.280	-7.544	2.559	126.974899	37.295841
1685512279167	1685512279157	-9.323	-5.016	1.537	-1.691	0.253	1.715	-0.381	-7.736	2.509	126.974899	37.295841
1685512279177	1685512279167	-9.227	-5.188	1.618	-1.709	0.261	1.655	-0.251	-7.932	2.461	126.974899	37.295841
1685512279187	1685512279177	-9.244	-5.353	1.812	-1.719	0.279	1.570	-0.110	-8.236	2.483	126.974899	37.295841
1685512279198	1685512279187	-9.287	-5.418	1.970	-1.690	0.287	1.465	-0.072	-8.576	2.531	126.974899	37.295841
1685512279207	1685512279199	-9.419	-5.610	2.076	-1.618	0.298	1.355	-0.146	-8.899	2.691	126.974899	37.295841
1685512279217	1685512279207	-9.610	-5.646	2.136	-1.503	0.319	1.252	-0.244	-9.112	2.813	126.974899	37.295841
1685512279227	1685512279218	-9.740	-5.756	2.380	-1.351	0.357	1.159	-0.433	-9.452	2.880	126.974899	37.295841
1685512279238	1685512279227	-9.831	-5.988	2.492	-1.167	0.396	1.075	-0.673	-9.601	2.914	126.974899	37.295841
1685512279247	1685512279238	-9.785	-5.978	2.576	-0.955	0.417	0.997	-0.850	-9.823	3.136	126.974899	37.295841
1685512279258	1685512279247	-9.641	-5.921	2.423	-0.734	0.432	0.925	-0.989	-10.161	3.237	126.974907	37.295841
1685512279269	1685512279259	-9.656	-5.871	2.320	-0.541	0.440	0.855	-0.994	-10.254	3.316	126.974907	37.295841
1685512279277	1685512279269	-10.116	-5.875	2.160	-0.428	0.443	0.767	-0.888	-10.276	3.168	126.974907	37.295841
1685512279287	1685512279277	-10.788	-6.148	2.222	-0.408	0.468	0.648	-0.948	-10.312	3.081	126.974907	37.295841
1685512279297	1685512279288	-11.480	-6.340	2.272	-0.446	0.511	0.514	-1.441	-10.379	2.938	126.974907	37.295841
1685512279307	1685512279298	-11.540	-6.515	2.375	-0.470	0.546	0.404	-2.148	-10.712	3.021	126.974907	37.295841
1685512279318	1685512279308	-11.483	-6.783	2.667	-0.456	0.534	0.331	-2.868	-10.951	3.096	126.974907	37.295841
1685512279327	1685512279318	-11.344	-6.852	3.043	-0.373	0.500	0.272	-2.950	-11.167	3.225	126.974907	37.295841
1685512279340	1685512279328	-10.724	-6.876	3.536	-0.191	0.481	0.202	-2.914	-11.466	3.541	126.974907	37.295841
1685512279348	1685512279341	-9.996	-7.113	3.876	0.078	0.454	0.115	-2.794	-11.564	3.946	126.974907	37.295841
1685512279357	1685512279350	-9.622	-7.262	3.802	0.396	0.380	0.001	-2.186	-11.605	4.468	126.974907	37.295841
1685512279369	1685512279358	-9.680	-7.101	3.637	0.728	0.324	-0.155	-1.468	-11.854	4.853	126.974907	37.295841
1685512279379	1685512279370	-10.096	-6.895	3.531	1.045	0.274	-0.349	-1.099	-11.997	4.827	126.974907	37.295841
1685512279387	1685512279379	-10.829	-6.778	3.448	1.306	0.194	-0.571	-1.152	-11.815	4.724	126.974907	37.295841
1685512279400	1685512279388	-11.712	-6.814	3.361	1.511	0.100	-0.805	-1.554	-11.569	4.690	126.974907	37.295841
1685512279408	1685512279400	-12.395	-6.871	3.160	1.669	0.000	-1.042	-2.260	-11.380	4.690	126.974907	37.295841
1685512279417	1685512279409	-13.041	-6.874	2.880	1.795	-0.115	-1.274	-3.112	-11.337	4.673	126.974907	37.295841
1685512279428	1685512279418	-13.465	-6.742	2.540	1.907	-0.253	-1.482	-3.745	-11.272	4.556	126.974907	37.295841
1685512279440	1685512279428	-13.862	-6.364	2.306	2.000	-0.397	-1.665	-4.341	-11.150	4.336	126.974907	37.295841
1685512279448	1685512279440	-14.028	-5.964	2.081	2.048	-0.541	-1.857	-4.693	-10.846	4.061	126.974907	37.295841
1685512279458	1685512279448	-13.819	-5.686	1.980	2.050	-0.670	-2.056	-5.023	-10.307	3.867	126.974907	37.295841
1685512279468	1685512279458	-13.300	-5.485	1.810	1.998	-0.799	-2.253	-5.085	-9.651	3.680	126.974907	37.295841
1685512279478	1685512279468	-12.833	-5.128	1.583	1.911	-0.936	-2.446	-4.817	-9.220	3.589	126.974907	37.295841
1685512279489	1685512279478	-12.416	-4.714	1.465	1.809	-1.054	-2.651	-4.199	-8.760	3.414	126.974907	37.295841
1685512279500	1685512279490	-12.107	-4.518	1.314	1.695	-1.163	-2.865	-3.642	-8.147	3.160	126.974907	37.295841
1685512279508	1685512279500	-11.839	-4.343	1.331	1.564	-1.258	-3.074	-3.132	-7.460	2.998	126.974907	37.295841
1685512279518	1685512279508	-11.770	-4.207	1.252	1.444	-1.352	-3.275	-2.729	-6.972	2.782	126.974907	37.295841
1685512279530	1685512279518	-11.633	-4.017	1.204	1.354	-1.425	-3.459	-2.365	-6.452	2.708	126.974907	37.295841
1685512279539	1685512279530	-11.523	-3.922	1.018	1.313	-1.481	-3.611	-2.222	-6.019	2.538	126.974907	37.295841
1685512279548	1685512279539	-11.351	-3.891	0.891	1.319	-1.526	-3.723	-2.011	-5.483	2.377	126.974907	37.295841
1685512279561	1685512279548	-11.260	-3.675	0.797	1.376	-1.555	-3.801	-1.839	-5.023	2.064	126.974907	37.295841
1685512279569	1685512279563	-11.049	-3.555	0.603	1.484	-1.572	-3.848	-1.614	-4.580	1.786	126.974907	37.295841
1685512279578	1685512279570	-10.815	-3.285	0.342	1.642	-1.566	-3.853	-1.492	-4.020	1.563	126.974907	37.295841
1685512279590	1685512279578	-10.546	-3.144	0.108	1.806	-1.547	-3.826	-1.264	-3.474	1.202	126.974907	37.295841
1685512279598	1685512279590	-10.329	-3.062	0.029	1.941	-1.519	-3.775	-1.030	-2.856	0.800	126.974907	37.295841
1685512279611	1685512279598	-10.111	-2.804	0.110	2.073	-1.491	-3.693	-0.781	-2.334	0.402	126.974907	37.295841
1685512279619	1685512279611	-9.943	-2.574	0.000	2.195	-1.460	-3.583	-0.596	-1.882	0.156	126.974907	37.295841
1685512279628	1685512279620	-9.752	-2.356	-0.158	2.279	-1.416	-3.449	-0.429	-1.264	0.065	126.974907	37.295841
1685512279640	1685512279628	-9.431	-2.200	-0.101	2.298	-1.371	-3.300	-0.323	-0.690	-0.223	126.974907	37.295841
1685512279648	1685512279641	-9.282	-2.006	0.005	2.258	-1.341	-3.139	-0.215	-0.117	-0.582	126.974907	37.295841
1685512279658	1685512279648	-9.177	-1.851	-0.014	2.182	-1.310	-2.963	0.026	0.309	-0.690	126.974907	37.295841
1685512279668	1685512279658	-9.143	-1.772	-0.048	2.060	-1.275	-2.790	0.072	0.809	-0.790	126.974907	37.295841
1685512279680	1685512279668	-8.961	-1.702	0.014	1.899	-1.247	-2.615	0.089	1.197	-0.977	126.974907	37.295841
1685512279688	1685512279680	-8.916	-1.688	-0.005	1.699	-1.224	-2.426	0.022	1.511	-1.192	126.974907	37.295841
1685512279698	1685512279688	-8.842	-1.736	0.069	1.464	-1.208	-2.235	0.103	1.786	-1.298	126.974907	37.295841
1685512279708	1685512279699	-8.732	-1.786	-0.115	1.202	-1.190	-2.035	0.045	1.994	-1.484	126.974907	37.295841
1685512279719	1685512279708	-8.626	-1.829	-0.299	0.918	-1.168	-1.830	0.048	2.073	-1.525	126.974907	37.295841
1685512279729	1685512279719	-8.490	-1.721	-0.412	0.623	-1.148	-1.629	0.084	2.143	-1.822	126.974907	37.295841
1685512279743	1685512279729	-8.322	-1.743	-0.385	0.303	-1.152	-1.425	0.127	2.198	-2.100	126.974907	37.295841
1685512279750	1685512279743	-8.183	-1.767	-0.113	-0.045	-1.172	-1.216	0.213	2.382	-2.284	126.974907	37.295841
1685512279760	1685512279750	-8.176	-1.812	-0.055	-0.391	-1.163	-1.004	0.330	2.433	-2.322	126.974907	37.295841
1685512279770	1685512279761	-8.229	-1.741	0.041	-0.718	-1.119	-0.806	0.407	2.500	-2.131	126.974907	37.295841
1685512279781	1685512279771	-8.147	-1.664	0.007	-1.023	-1.042	-0.618	0.383	2.500	-2.109	126.974907	37.295841
1685512279790	1685512279781	-8.011	-1.820	-0.091	-1.329	-0.943	-0.434	0.290	2.634	-2.054	126.974907	37.295841
1685512279802	1685512279791	-7.980	-1.985	-0.139	-1.642	-0.825	-0.250	0.335	2.768	-2.114	126.974907	37.295841
1685512279812	1685512279803	-8.028	-1.879	-0.227	-1.921	-0.691	-0.071	0.431	2.677	-2.231	126.974907	37.295841
1685512279821	1685512279813	-8.408	-1.942	-0.397	-2.134	-0.563	0.097	0.433	2.567	-2.274	126.974907	37.295841
1685512279832	1685512279821	-9.163	-1.994	-0.453	-2.290	-0.412	0.272	0.366	2.725	-2.332	126.974907	37.295841
1685512279843	1685512279832	-10.087	-2.217	-0.639	-2.381	-0.225	0.474	-0.019	2.693	-2.454	126.974907	37.295841
1685512279852	1685512279845	-11.018	-2.373	-0.840	-2.410	-0.012	0.694	-0.769	2.665	-2.437	126.974907	37.295841
1685512279865	1685512279853	-11.777	-2.622	-1.061	-2.401	0.200	0.938	-1.676	2.449	-2.533	126.974907	37.295841
1685512279874	1685512279865	-12.380	-3.026	-1.209	-2.366	0.385	1.240	-2.555	2.255	-2.591	126.974907	37.295841
1685512279881	1685512279874	-12.414	-3.476	-1.056	-2.302	0.578	1.632	-3.273	1.970	-2.698	126.974907	37.295841
1685512279890	1685512279882	-11.662	-3.685	-0.570	-2.208	0.743	2.099	-3.802	1.482	-2.677	126.974907	37.295841
1685512279900	1685512279891	-10.681	-3.960	0.132	-2.110	0.816	2.574	-3.771	0.946	-2.401	126.974907	37.295841
1685512279909	1685512279901	-10.048	-4.482	1.044	-1.966	0.876	2.999	-2.907	0.567	-1.738	126.974907	37.295841
1685512279922	1685512279913	-9.881	-5.085	1.942	-1.736	0.999	3.316	-1.820	0.108	-0.893	126.974907	37.295841
1685512279929	1685512279922	-10.233	-5.763	2.722	-1.409	1.201	3.490	-1.049	-0.685	0.189	126.974907	37.295841
1685512279940	1685512279930	-10.946	-5.859	2.950	-0.916	1.487	3.536	-0.766	-1.547	1.226	126.974907	37.295841
1685512279950	1685512279940	-11.880	-5.816	2.959	-0.305	1.780	3.490	-0.967	-2.600	2.195	126.974907	37.295841
1685512279960	1685512279951	-12.720	-5.701	2.643	0.396	2.054	3.479	-1.590	-2.954	2.555	126.974907	37.295841
1685512279970	1685512279961	-13.412	-5.509	2.258	1.178	2.303	3.547	-2.406	-3.306	2.777	126.974907	37.295841
1685512279982	1685512279971	-13.554	-5.006	1.460	1.910	2.461	3.635	-3.170	-3.488	2.626	126.974907	37.295841
1685512279989	1685512279982	-12.945	-4.025	0.529	2.483	2.429	3.673	-3.792	-3.637	2.440	126.974907	37.295841
1685512280001	1685512279990	-12.084	-3.677	-0.041	2.836	2.203	3.665	-3.879	-3.479	1.846	126.974907	37.295841
1685512280010	1685512280002	-11.564	-3.548	-0.297	2.981	2.065	3.635	-3.230	-2.875	1.137	126.974907	37.295841
1685512280020	1685512280011	-11.212	-3.220	-0.249	2.936	2.026	3.537	-2.346	-2.832	0.735	126.974907	37.295841
1685512280029	1685512280020	-10.879	-2.658	-0.122	2.757	1.935	3.373	-1.822	-3.031	0.658	126.974907	37.295841
1685512280043	1685512280030	-10.566	-2.255	0.445	2.475	1.783	3.222	-1.477	-3.017	0.893	126.974907	37.295841
1685512280049	1685512280043	-9.969	-1.997	0.979	2.095	1.626	3.112	-1.166	-2.746	1.207	126.974907	37.295841
1685512280060	1685512280050	-9.455	-1.647	1.482	1.621	1.473	2.979	-0.886	-2.622	1.954	126.974907	37.295841
1685512280072	1685512280060	-8.897	-1.523	1.923	1.063	1.322	2.775	-0.340	-2.684	2.689	126.974907	37.295841
1685512280080	1685512280072	-8.535	-1.523	2.131	0.468	1.196	2.512	0.132	-2.540	3.316	126.974907	37.295841
1685512280091	1685512280080	-8.303	-1.714	2.174	-0.109	1.113	2.235	0.637	-2.660	3.893	126.974907	37.295841
1685512280104	1685512280091	-8.406	-2.037	1.937	-0.649	1.075	1.978	0.943	-2.890	4.221	126.974907	37.295841
1685512280114	1685512280104	-8.566	-2.433	1.822	-1.157	1.069	1.761	1.118	-3.294	4.369	126.974907	37.295841
1685512280120	1685512280114	-8.760	-2.744	1.472	-1.604	1.058	1.591	0.958	-3.819	4.221	126.974907	37.295841
1685512280131	1685512280120	-8.892	-3.050	1.209	-2.010	0.970	1.471	0.735	-4.424	4.192	126.974907	37.295841
1685512280141	1685512280131	-8.839	-3.294	1.214	-2.343	0.828	1.398	0.488	-4.903	3.900	126.974907	37.295841
1685512280149	1685512280141	-8.878	-3.625	1.343	-2.585	0.668	1.365	0.299	-5.394	3.682	126.974907	37.295841
1685512280160	1685512280149	-8.882	-3.926	1.671	-2.712	0.529	1.343	0.321	-5.777	3.670	126.974907	37.295841
1685512280169	1685512280160	-8.861	-4.336	2.090	-2.744	0.426	1.307	0.249	-6.263	3.757	126.974907	37.295841
1685512280179	1685512280169	-8.813	-4.542	2.337	-2.699	0.362	1.262	0.201	-6.732	4.063	126.974907	37.295841
1685512280190	1685512280179	-8.842	-4.678	2.612	-2.560	0.338	1.234	0.168	-7.345	4.436	126.974907	37.295841
1685512280200	1685512280190	-8.882	-4.712	2.495	-2.357	0.347	1.236	0.175	-7.709	4.638	126.974907	37.295841
1685512280209	1685512280200	-8.825	-4.183	2.308	-2.111	0.348	1.260	0.098	-8.016	4.860	126.974907	37.295841
1685512280221	1685512280209	-8.875	-3.800	2.358	-1.845	0.335	1.278	0.007	-8.212	4.693	126.974907	37.295841
1685512280229	1685512280221	-8.720	-3.986	2.085	-1.646	0.312	1.288	0.012	-7.839	4.460	126.974907	37.295841
1685512280240	1685512280229	-8.763	-4.147	2.188	-1.527	0.275	1.271	-0.069	-7.570	4.451	126.974907	37.295841
1685512280251	1685512280241	-8.837	-4.403	2.306	-1.470	0.227	1.199	0.043	-7.882	4.120	126.974930	37.295849
1685512280261	1685512280251	-8.851	-4.606	2.243	-1.438	0.182	1.103	-0.024	-8.131	4.168	126.974930	37.295849
1685512280271	1685512280261	-8.875	-4.654	2.270	-1.406	0.090	0.997	-0.134	-8.492	4.223	126.974930	37.295849
1685512280280	1685512280272	-9.194	-4.714	2.339	-1.365	0.043	0.904	-0.170	-8.770	4.101	126.974930	37.295849
1685512280289	1685512280281	-9.512	-4.858	2.306	-1.297	0.079	0.849	-0.218	-8.894	4.061	126.974930	37.295849
1685512280300	1685512280289	-9.893	-4.717	2.385	-1.233	0.084	0.790	-0.558	-9.026	4.061	126.974930	37.295849
1685512280310	1685512280300	-10.436	-4.776	2.514	-1.200	0.079	0.698	-0.903	-9.246	3.960	126.974930	37.295849
1685512280320	1685512280310	-10.709	-4.927	2.423	-1.174	0.115	0.619	-1.305	-9.167	3.989	126.974930	37.295849
1685512280330	1685512280320	-10.750	-5.071	2.083	-1.140	0.122	0.580	-1.877	-9.301	4.068	126.974930	37.295849
1685512280343	1685512280330	-10.733	-5.174	1.743	-1.140	0.083	0.527	-2.181	-9.522	3.934	126.974930	37.295849
1685512280352	1685512280343	-11.004	-5.387	1.506	-1.177	0.050	0.453	-2.251	-9.732	3.551	126.974930	37.295849
1685512280361	1685512280352	-11.392	-5.660	1.448	-1.207	0.053	0.373	-2.260	-9.898	3.163	126.974930	37.295849
1685512280371	1685512280361	-12.084	-6.129	1.645	-1.218	0.067	0.270	-2.557	-10.175	2.863	126.974930	37.295849
1685512280381	1685512280371	-12.596	-6.256	1.721	-1.190	0.093	0.132	-2.959	-10.487	2.765	126.974930	37.295849
1685512280391	1685512280381	-12.586	-6.328	1.992	-1.102	0.119	-0.020	-3.666	-10.994	2.907	126.974930	37.295849
1685512280403	1685512280392	-11.959	-6.534	2.452	-0.953	0.078	-0.132	-4.185	-11.147	2.933	126.974930	37.295849
1685512280413	1685512280403	-10.973	-6.814	2.751	-0.744	-0.009	-0.180	-4.178	-11.231	3.160	126.974930	37.295849
1685512280423	1685512280413	-9.878	-6.759	2.550	-0.495	-0.099	-0.220	-3.543	-11.437	3.579	126.974930	37.295849
1685512280433	1685512280424	-9.170	-6.349	2.291	-0.197	-0.172	-0.316	-2.547	-11.708	3.836	126.974930	37.295849
1685512280444	1685512280433	-8.842	-6.213	2.124	0.149	-0.202	-0.469	-1.441	-11.643	3.608	126.974930	37.295849
1685512280454	1685512280446	-9.163	-6.132	2.045	0.495	-0.188	-0.681	-0.713	-11.207	3.323	126.974930	37.295849
1685512280463	1685512280454	-10.089	-6.225	2.157	0.783	-0.166	-0.970	-0.364	-11.032	3.146	126.974930	37.295849
1685512280474	1685512280463	-11.164	-6.407	2.186	1.029	-0.131	-1.310	-0.644	-10.877	3.077	126.974930	37.295849
1685512280484	1685512280474	-12.186	-6.357	1.942	1.269	-0.122	-1.622	-1.532	-10.896	3.206	126.974930	37.295849
1685512280493	1685512280485	-12.922	-6.194	1.568	1.521	-0.164	-1.845	-2.533	-10.930	3.278	126.974930	37.295849
1685512280508	1685512280494	-13.422	-6.038	1.149	1.756	-0.249	-1.961	-3.498	-10.757	3.072	126.974930	37.295849
1685512280513	1685512280509	-13.688	-5.923	0.881	1.921	-0.358	-2.027	-4.144	-10.396	2.753	126.974930	37.295849
1685512280546	1685512280513	-14.126	-5.837	0.654	2.022	-0.465	-2.118	-4.561	-10.046	2.385	126.974930	37.295849
1685512280547	1685512280547	-14.624	-5.626	0.381	2.090	-0.551	-2.246	-4.743	-9.728	2.160	126.974930	37.295849
1685512280547	1685512280547	-14.937	-5.368	0.206	2.123	-0.605	-2.365	-5.097	-9.424	1.966	126.974930	37.295849
1685512280553	1685512280548	-14.930	-5.049	0.115	2.122	-0.655	-2.457	-5.502	-8.959	1.717	126.974930	37.295849
1685512280563	1685512280554	-14.365	-4.729	0.113	2.084	-0.757	-2.557	-5.739	-8.480	1.554	126.974930	37.295849
1685512280572	1685512280563	-13.597	-4.556	-0.060	1.999	-0.877	-2.672	-5.643	-7.879	1.465	126.974930	37.295849
1685512280584	1685512280572	-12.682	-4.276	-0.117	1.874	-1.014	-2.787	-5.006	-7.319	1.451	126.974930	37.295849
1685512280592	1685512280584	-11.985	-4.001	-0.113	1.720	-1.131	-2.910	-4.159	-6.869	1.245	126.974930	37.295849
1685512280602	1685512280592	-11.262	-3.766	-0.204	1.537	-1.212	-3.059	-3.172	-6.299	1.130	126.974930	37.295849
1685512280612	1685512280602	-10.848	-3.764	-0.065	1.333	-1.274	-3.238	-2.399	-5.696	1.051	126.974930	37.295849
1685512280622	1685512280613	-10.513	-3.764	0.000	1.124	-1.316	-3.428	-1.621	-5.181	0.879	126.974930	37.295849
1685512280632	1685512280623	-10.285	-3.649	0.048	0.947	-1.334	-3.615	-1.154	-4.851	0.910	126.974930	37.295849
1685512280645	1685512280632	-10.089	-3.685	0.113	0.845	-1.338	-3.769	-0.776	-4.508	0.857	126.974930	37.295849
1685512280652	1685512280645	-9.886	-3.761	-0.101	0.827	-1.340	-3.880	-0.517	-4.034	0.781	126.974930	37.295849
1685512280662	1685512280652	-9.742	-3.644	-0.103	0.882	-1.327	-3.952	-0.304	-3.694	0.716	126.974930	37.295849
1685512280674	1685512280664	-9.565	-3.654	-0.132	0.993	-1.301	-3.994	-0.103	-3.311	0.342	126.974930	37.295849
1685512280685	1685512280674	-9.486	-3.603	-0.306	1.153	-1.272	-4.000	0.024	-2.880	0.232	126.974930	37.295849
1685512280694	1685512280686	-9.474	-3.160	-0.536	1.359	-1.225	-3.963	0.168	-2.500	0.067	126.974930	37.295849
1685512280707	1685512280694	-9.290	-2.804	-0.565	1.585	-1.159	-3.888	0.194	-2.059	-0.244	126.974930	37.295849
1685512280713	1685512280707	-8.988	-2.634	-0.620	1.787	-1.118	-3.780	0.136	-1.233	-0.615	126.974930	37.295849
1685512280734	1685512280713	-8.710	-2.411	-0.670	1.949	-1.086	-3.649	0.237	-0.505	-0.790	126.974930	37.295849
1685512280735	1685512280735	-8.526	-2.121	-0.888	2.054	-1.029	-3.501	0.431	0.050	-1.010	126.974930	37.295849
1685512280744	1685512280735	-8.265	-1.987	-0.804	2.103	-0.959	-3.337	0.613	0.572	-1.202	126.974930	37.295849
1685512280754	1685512280745	-8.071	-2.119	-0.706	2.094	-0.893	-3.155	0.680	1.173	-1.573	126.974930	37.295849
1685512280764	1685512280754	-7.875	-2.083	-0.800	2.050	-0.833	-2.963	0.826	1.587	-1.628	126.974930	37.295849
1685512280774	1685512280764	-7.796	-1.920	-0.788	1.972	-0.744	-2.755	0.898	1.719	-1.659	126.974930	37.295849
1685512280782	1685512280774	-7.563	-1.616	-0.857	1.864	-0.648	-2.513	1.008	1.935	-1.834	126.974930	37.295849
1685512280793	1685512280782	-7.520	-1.446	-0.692	1.739	-0.568	-2.244	0.979	2.298	-1.930	126.974930	37.295849
1685512280803	1685512280793	-7.647	-1.348	-0.577	1.603	-0.468	-1.978	1.128	2.749	-2.083	126.974930	37.295849
1685512280813	1685512280803	-7.757	-1.432	-0.558	1.458	-0.348	-1.719	1.077	3.069	-2.021	126.974930	37.295849
1685512280825	1685512280813	-8.004	-1.374	-0.426	1.324	-0.209	-1.445	0.855	3.314	-2.018	126.974930	37.295849
1685512280833	1685512280825	-8.116	-1.362	-0.261	1.213	-0.057	-1.148	0.658	3.354	-2.097	126.974930	37.295849
1685512280844	1685512280833	-8.339	-1.659	0.022	1.112	0.092	-0.837	0.338	3.512	-2.047	126.974930	37.295849
1685512280854	1685512280844	-8.521	-1.676	0.189	1.020	0.248	-0.517	0.160	3.608	-1.954	126.974930	37.295849
1685512280864	1685512280854	-8.619	-1.664	0.283	0.941	0.412	-0.206	-0.096	3.354	-1.714	126.974930	37.295849
1685512280873	1685512280864	-8.887	-1.628	0.388	0.837	0.552	0.078	-0.302	3.366	-1.580	126.974930	37.295849
1685512280884	1685512280873	-9.457	-1.702	0.587	0.696	0.672	0.327	-0.402	3.378	-1.499	126.974930	37.295849
1685512280893	1685512280885	-10.326	-1.630	0.536	0.550	0.786	0.538	-0.656	3.393	-1.391	126.974930	37.295849
1685512280906	1685512280893	-11.174	-1.827	0.570	0.379	0.911	0.722	-1.197	3.278	-1.171	126.974930	37.295849
1685512280915	1685512280906	-11.949	-1.992	0.558	0.175	1.034	0.930	-2.023	3.292	-1.180	126.974930	37.295849
1685512280925	1685512280916	-12.498	-2.047	0.589	-0.042	1.144	1.169	-2.825	3.036	-1.094	126.974930	37.295849
1685512280947	1685512280925	-12.780	-2.128	0.646	-0.281	1.228	1.429	-3.539	2.789	-1.030	126.974930	37.295849
1685512280947	1685512280947	-12.605	-2.456	0.814	-0.557	1.321	1.704	-4.015	2.636	-0.898	126.974930	37.295849
1685512280955	1685512280947	-11.990	-2.866	1.223	-0.861	1.438	1.969	-4.214	2.437	-0.723	126.974930	37.295849
1685512280970	1685512280955	-11.265	-3.177	1.865	-1.166	1.523	2.199	-3.946	1.968	-0.417	126.974930	37.295849
1685512280971	1685512280970	-11.030	-3.417	2.485	-1.462	1.588	2.366	-3.199	1.348	0.201	126.974930	37.295849
1685512280981	1685512280971	-11.107	-3.455	2.806	-1.691	1.701	2.467	-2.399	0.910	0.972	126.974930	37.295849
1685512280990	1685512280981	-11.495	-3.481	2.954	-1.801	1.853	2.530	-2.047	0.450	1.812	126.974930	37.295849
1685512281003	1685512280991	-11.918	-3.642	2.871	-1.798	2.000	2.601	-2.030	0.220	2.327	126.974930	37.295849
1685512281012	1685512281003	-12.584	-3.546	2.461	-1.685	2.139	2.702	-2.313	-0.053	2.734	126.974930	37.295849
1685512281022	1685512281012	-13.118	-3.285	2.078	-1.470	2.277	2.827	-2.658	-0.426	2.868	126.974930	37.295849
1685512281031	1685512281022	-13.451	-3.263	1.489	-1.232	2.369	2.988	-3.227	-0.637	2.761	126.974930	37.295849
1685512281043	1685512281031	-13.513	-3.115	0.886	-1.026	2.407	3.192	-3.699	-0.620	2.607	126.974930	37.295849
1685512281052	1685512281043	-13.348	-2.986	0.311	-0.852	2.375	3.363	-3.972	-0.888	2.272	126.974930	37.295849
1685512281063	1685512281052	-12.895	-2.650	0.036	-0.764	2.239	3.432	-3.986	-1.053	1.920	126.974930	37.295849
1685512281074	1685512281064	-12.459	-2.492	-0.096	-0.772	2.048	3.406	-3.780	-1.288	1.614	126.974930	37.295849
1685512281083	1685512281074	-11.930	-2.370	0.045	-0.854	1.833	3.332	-3.309	-1.257	1.542	126.974930	37.295849
1685512281092	1685512281083	-11.356	-2.315	0.244	-0.990	1.605	3.233	-2.863	-1.472	1.635	126.974930	37.295849
1685512281105	1685512281093	-10.906	-2.442	0.634	-1.168	1.390	3.112	-2.339	-1.652	1.942	126.974930	37.295849
1685512281114	1685512281105	-10.429	-2.468	0.742	-1.374	1.190	2.965	-1.779	-1.927	2.301	126.974930	37.295849
1685512281123	1685512281115	-10.080	-2.602	0.769	-1.610	1.001	2.799	-1.350	-2.377	2.828	126.974930	37.295849
1685512281132	1685512281123	-9.596	-2.840	0.931	-1.901	0.804	2.621	-0.903	-2.717	3.045	126.974930	37.295849
1685512281142	1685512281132	-9.187	-3.069	0.915	-2.192	0.611	2.457	-0.589	-3.156	3.160	126.974930	37.295849
1685512281151	1685512281143	-8.820	-3.347	1.053	-2.454	0.425	2.304	-0.146	-3.716	3.393	126.974930	37.295849
1685512281161	1685512281151	-8.624	-3.582	1.087	-2.696	0.283	2.162	0.225	-4.204	3.409	126.974930	37.295849
1685512281171	1685512281161	-8.566	-3.833	1.039	-2.906	0.175	2.054	0.548	-4.786	3.555	126.974930	37.295849
1685512281182	1685512281171	-8.435	-4.113	1.159	-3.075	0.086	1.968	0.706	-5.265	3.577	126.974930	37.295849
1685512281191	1685512281182	-8.461	-4.367	0.991	-3.200	0.004	1.906	0.723	-5.780	3.491	126.974930	37.295849
1685512281201	1685512281191	-8.487	-4.475	1.032	-3.257	-0.077	1.857	0.812	-6.316	3.555	126.974930	37.295849
1685512281211	1685512281201	-8.600	-4.559	0.848	-3.256	-0.138	1.807	0.735	-6.845	3.306	126.974930	37.295849
1685512281223	1685512281211	-8.768	-4.616	0.567	-3.214	-0.199	1.772	0.668	-7.173	3.263	126.974945	37.295845
1685512281231	1685512281223	-8.815	-4.547	0.362	-3.139	-0.260	1.735	0.522	-7.463	2.962	126.974945	37.295845
1685512281243	1685512281231	-8.880	-4.571	0.098	-3.062	-0.329	1.684	0.321	-7.709	2.552	126.974945	37.295845
1685512281251	1685512281243	-8.825	-4.673	-0.124	-3.014	-0.430	1.615	0.237	-7.819	2.207	126.974945	37.295845
1685512281261	1685512281251	-8.997	-4.836	-0.199	-2.983	-0.529	1.533	0.141	-8.011	1.798	126.974945	37.295845
1685512281272	1685512281262	-9.208	-5.066	0.084	-2.938	-0.588	1.442	0.153	-8.305	1.391	126.974945	37.295845
1685512281282	1685512281272	-9.232	-5.104	-0.259	-2.900	-0.640	1.343	-0.036	-8.569	1.180	126.974945	37.295845
1685512281292	1685512281282	-8.993	-4.982	-0.299	-2.845	-0.723	1.239	-0.278	-8.928	1.290	126.974945	37.295845
1685512281305	1685512281292	-8.914	-5.193	-0.170	-2.755	-0.756	1.141	-0.330	-9.084	0.773	126.974945	37.295845
1685512281312	1685512281306	-9.002	-5.289	-0.113	-2.665	-0.607	1.091	-0.122	-9.072	0.548	126.974945	37.295845
1685512281322	1685512281312	-9.017	-5.260	-0.146	-2.630	-0.546	1.023	-0.072	-9.378	0.496	126.974945	37.295845
1685512281332	1685512281322	-9.002	-5.399	-0.127	-2.549	-0.534	0.907	-0.194	-9.572	0.369	126.974945	37.295845
1685512281344	1685512281332	-8.959	-5.294	-0.086	-2.397	-0.456	0.797	-0.237	-9.613	0.187	126.974945	37.295845
1685512281353	1685512281344	-8.902	-5.387	0.031	-2.235	-0.363	0.705	-0.251	-9.819	0.048	126.974945	37.295845
1685512281365	1685512281353	-8.981	-5.540	0.055	-2.048	-0.275	0.610	-0.235	-9.768	-0.055	126.974945	37.295845
1685512281374	1685512281365	-9.084	-5.622	0.290	-1.817	-0.176	0.501	-0.204	-9.914	-0.084	126.974945	37.295845
1685512281384	1685512281374	-9.136	-5.715	0.522	-1.561	-0.048	0.392	-0.302	-10.099	-0.165	126.974945	37.295845
1685512281395	1685512281384	-9.416	-5.923	0.625	-1.267	0.070	0.308	-0.426	-10.211	-0.038	126.974945	37.295845
1685512281404	1685512281395	-9.673	-5.935	0.565	-0.924	0.193	0.255	-0.491	-10.324	0.122	126.974945	37.295845
1685512281414	1685512281404	-9.826	-5.827	0.393	-0.586	0.296	0.194	-0.783	-10.551	0.175	126.974945	37.295845
1685512281427	1685512281415	-10.333	-5.662	0.187	-0.281	0.338	0.127	-1.051	-10.580	0.089	126.974945	37.295845
1685512281437	1685512281428	-11.119	-5.495	0.163	-0.033	0.363	0.070	-1.211	-10.487	-0.084	126.974945	37.295845
1685512281449	1685512281437	-11.978	-5.557	0.335	0.125	0.431	0.002	-1.724	-10.331	-0.275	126.974945	37.295845
1685512281454	1685512281449	-12.435	-5.775	0.675	0.210	0.520	-0.072	-2.512	-10.171	-0.263	126.974945	37.295845
1685512281466	1685512281456	-12.457	-6.218	1.267	0.270	0.541	-0.127	-3.369	-10.233	-0.055	126.974945	37.295845
1685512281477	1685512281466	-12.081	-6.785	1.848	0.352	0.514	-0.121	-3.821	-10.446	0.342	126.974945	37.295845
1685512281488	1685512281478	-11.308	-6.970	2.016	0.512	0.487	-0.065	-3.836	-10.879	0.986	126.974945	37.295845
1685512281495	1685512281490	-10.582	-6.749	1.891	0.764	0.462	-0.023	-3.452	-11.437	1.635	126.974945	37.295845
1685512281509	1685512281495	-10.185	-6.438	1.597	1.073	0.424	-0.023	-2.674	-11.617	1.870	126.974945	37.295845
1685512281516	1685512281509	-10.080	-6.187	1.207	1.346	0.371	-0.092	-1.946	-11.394	1.827	126.974945	37.295845
1685512281549	1685512281516	-10.681	-6.050	1.032	1.520	0.308	-0.254	-1.549	-11.080	1.602	126.974945	37.295845
1685512281550	1685512281550	-11.523	-6.050	0.871	1.604	0.270	-0.505	-1.439	-10.819	1.317	126.974945	37.295845
1685512281551	1685512281551	-12.562	-6.086	0.939	1.648	0.257	-0.810	-2.030	-10.661	1.228	126.974945	37.295845
1685512281555	1685512281552	-13.293	-6.314	0.855	1.695	0.198	-1.107	-2.849	-10.609	1.176	126.974945	37.295845
1685512281565	1685512281555	-13.585	-6.503	0.666	1.720	0.100	-1.339	-3.852	-10.568	1.338	126.974945	37.295845
1685512281576	1685512281565	-13.666	-6.280	0.354	1.698	-0.005	-1.513	-4.525	-10.671	1.365	126.974945	37.295845
1685512281585	1685512281576	-13.532	-5.974	-0.050	1.631	-0.106	-1.674	-4.772	-10.760	1.243	126.974945	37.295845
1685512281598	1685512281586	-13.522	-5.717	-0.208	1.533	-0.186	-1.852	-4.791	-10.391	1.001	126.974945	37.295845
1685512281605	1685512281598	-13.525	-5.689	-0.206	1.404	-0.225	-2.071	-4.587	-9.924	0.654	126.974945	37.295845
1685512281615	1685512281606	-13.285	-5.519	-0.036	1.294	-0.237	-2.331	-4.506	-9.491	0.536	126.974945	37.295845
1685512281624	1685512281615	-12.905	-5.418	0.113	1.255	-0.242	-2.608	-4.429	-9.263	0.570	126.974945	37.295845
1685512281634	1685512281624	-12.591	-5.351	0.139	1.277	-0.246	-2.874	-4.099	-8.849	0.766	126.974945	37.295845
1685512281646	1685512281635	-12.254	-5.112	0.273	1.365	-0.242	-3.113	-3.642	-8.521	0.931	126.974945	37.295845
1685512281655	1685512281646	-11.985	-5.013	0.232	1.488	-0.243	-3.337	-3.242	-8.176	0.972	126.974945	37.295845
1685512281666	1685512281655	-11.784	-4.776	0.189	1.649	-0.254	-3.552	-2.818	-7.633	1.120	126.974945	37.295845
1685512281675	1685512281667	-11.540	-4.681	0.189	1.852	-0.253	-3.747	-2.461	-7.173	1.092	126.974945	37.295845
1685512281686	1685512281676	-11.351	-4.578	0.139	2.077	-0.272	-3.912	-2.193	-6.618	1.058	126.974945	37.295845
1685512281696	1685512281686	-11.267	-4.408	0.065	2.291	-0.299	-4.048	-1.879	-6.108	1.063	126.974945	37.295845
1685512281710	1685512281697	-11.145	-4.190	0.026	2.489	-0.331	-4.160	-1.645	-5.648	1.013	126.974945	37.295845
1685512281714	1685512281710	-11.147	-3.917	-0.117	2.688	-0.359	-4.243	-1.523	-5.064	0.929	126.974945	37.295845
1685512281746	1685512281714	-10.906	-3.745	-0.184	2.871	-0.391	-4.288	-1.379	-4.417	0.869	126.974945	37.295845
1685512281747	1685512281746	-10.731	-3.618	-0.318	3.020	-0.437	-4.305	-1.379	-3.709	0.692	126.974945	37.295845
1685512281747	1685512281747	-10.527	-3.287	-0.397	3.161	-0.494	-4.293	-1.152	-3.096	0.575	126.974945	37.295845
1685512281754	1685512281747	-10.444	-2.921	-0.474	3.288	-0.531	-4.249	-1.018	-2.483	0.364	126.974945	37.295845
1685512281765	1685512281754	-10.195	-2.727	-0.510	3.368	-0.572	-4.172	-0.862	-1.760	0.204	126.974945	37.295845
1685512281776	1685512281766	-9.898	-2.411	-0.553	3.398	-0.623	-4.081	-0.857	-0.924	0.007	126.974945	37.295845
1685512281786	1685512281776	-9.582	-2.229	-0.630	3.371	-0.656	-3.973	-0.687	-0.357	-0.144	126.974945	37.295845
1685512281795	1685512281786	-9.282	-1.896	-0.769	3.296	-0.670	-3.829	-0.493	0.352	-0.333	126.974945	37.295845
1685512281805	1685512281795	-8.981	-1.700	-0.673	3.180	-0.681	-3.655	-0.294	0.910	-0.570	126.974945	37.295845
1685512281815	1685512281805	-8.581	-1.642	-0.589	3.013	-0.700	-3.475	-0.136	1.630	-0.898	126.974945	37.295845
1685512281825	1685512281816	-8.217	-1.580	-0.481	2.804	-0.712	-3.279	0.041	2.119	-0.962	126.974945	37.295845
1685512281835	1685512281826	-7.915	-1.439	-0.381	2.584	-0.687	-3.059	0.302	2.476	-1.061	126.974945	37.295845
1685512281847	1685512281835	-7.527	-1.156	-0.438	2.362	-0.650	-2.812	0.522	2.813	-1.135	126.974945	37.295845
1685512281855	1685512281849	-7.295	-0.931	-0.436	2.148	-0.611	-2.546	0.680	3.199	-1.211	126.974945	37.295845
1685512281866	1685512281856	-7.068	-0.776	-0.431	1.951	-0.561	-2.274	0.929	3.701	-1.437	126.974945	37.295845
1685512281876	1685512281866	-6.814	-0.773	-0.232	1.751	-0.508	-2.006	1.001	4.154	-1.623	126.974945	37.295845
1685512281885	1685512281876	-6.802	-0.883	-0.134	1.538	-0.436	-1.737	1.130	4.439	-1.736	126.974945	37.295845
1685512281896	1685512281885	-7.070	-0.785	-0.079	1.352	-0.309	-1.465	1.269	4.583	-1.671	126.974945	37.295845
1685512281910	1685512281896	-7.396	-0.828	0.005	1.211	-0.136	-1.174	1.180	4.587	-1.690	126.974945	37.295845
1685512281916	1685512281910	-7.570	-1.025	0.019	1.106	0.040	-0.855	0.828	4.781	-1.736	126.974945	37.295845
1685512281937	1685512281917	-7.669	-1.180	0.172	1.009	0.184	-0.519	0.433	4.810	-1.729	126.974945	37.295845
1685512281937	1685512281937	-7.887	-1.408	0.333	0.902	0.304	-0.191	0.206	4.664	-1.781	126.974945	37.295845
1685512281948	1685512281938	-8.040	-1.425	0.402	0.795	0.425	0.122	0.084	4.530	-1.666	126.974945	37.295845
1685512281956	1685512281949	-8.325	-1.389	0.347	0.672	0.551	0.414	-0.136	4.300	-1.535	126.974945	37.295845
1685512281966	1685512281956	-8.868	-1.211	0.330	0.517	0.662	0.684	-0.275	4.259	-1.477	126.974945	37.295845
1685512281975	1685512281967	-9.606	-1.422	0.273	0.327	0.786	0.919	-0.522	4.245	-1.528	126.974945	37.295845
1685512281987	1685512281975	-10.436	-1.482	0.235	0.119	0.925	1.130	-1.020	4.365	-1.523	126.974945	37.295845
1685512281995	1685512281987	-11.255	-1.829	0.192	-0.073	1.075	1.360	-1.681	4.061	-1.528	126.974945	37.295845
1685512282004	1685512281995	-11.885	-2.066	0.156	-0.274	1.218	1.631	-2.449	3.926	-1.513	126.974945	37.295845
1685512282014	1685512282004	-12.467	-2.313	0.115	-0.501	1.328	1.928	-3.177	3.472	-1.465	126.974945	37.295845
1685512282024	1685512282014	-12.792	-2.406	0.208	-0.713	1.440	2.224	-3.701	3.105	-1.386	126.974945	37.295845
1685512282033	1685512282024	-12.632	-2.579	0.347	-0.926	1.542	2.485	-4.166	2.708	-1.293	126.974945	37.295845
1685512282044	1685512282033	-12.414	-2.974	0.453	-1.172	1.610	2.698	-4.362	2.437	-1.044	126.974945	37.295845
1685512282054	1685512282044	-12.426	-3.393	0.745	-1.433	1.647	2.856	-4.039	2.025	-0.694	126.974945	37.295845
1685512282063	1685512282054	-12.711	-3.721	1.331	-1.654	1.688	2.961	-3.711	1.451	-0.436	126.974945	37.295845
1685512282074	1685512282064	-13.240	-4.106	2.162	-1.787	1.718	3.001	-3.563	0.745	0.101	126.974945	37.295845
1685512282084	1685512282074	-13.963	-4.341	3.041	-1.781	1.709	3.007	-3.745	0.213	0.862	126.974945	37.295845
1685512282093	1685512282085	-14.681	-4.235	3.606	-1.615	1.698	3.043	-4.142	-0.462	1.939	126.974945	37.295845
1685512282105	1685512282093	-14.856	-3.967	3.780	-1.344	1.643	3.109	-4.767	-0.943	3.014	126.974945	37.295845
1685512282113	1685512282105	-14.600	-3.474	3.476	-1.056	1.521	3.163	-5.370	-1.178	3.831	126.974945	37.295845
1685512282123	1685512282113	-13.939	-3.055	2.859	-0.858	1.362	3.197	-5.476	-1.144	4.161	126.974945	37.295845
1685512282132	1685512282123	-13.410	-2.976	2.456	-0.847	1.180	3.208	-5.136	-0.984	4.044	126.974945	37.295845
1685512282145	1685512282132	-12.823	-2.804	1.834	-1.003	1.019	3.161	-4.408	-0.874	3.577	126.974945	37.295845
1685512282152	1685512282145	-12.254	-2.703	1.408	-1.304	0.853	3.034	-3.824	-1.109	3.304	126.974945	37.295845
1685512282163	1685512282153	-11.559	-3.292	1.161	-1.725	0.657	2.861	-3.191	-1.250	2.796	126.974945	37.295845
1685512282172	1685512282163	-10.669	-3.752	1.104	-2.129	0.490	2.712	-2.583	-1.518	2.490	126.974945	37.295845
1685512282183	1685512282172	-9.907	-3.639	1.008	-2.487	0.367	2.560	-1.870	-2.344	2.308	126.974945	37.295845
1685512282192	1685512282183	-9.263	-3.555	1.058	-2.831	0.263	2.408	-0.962	-3.091	2.315	126.974945	37.295845
1685512282204	1685512282192	-8.880	-3.634	1.142	-3.100	0.171	2.309	-0.192	-3.259	2.270	126.974945	37.295845
1685512282212	1685512282204	-8.655	-3.864	1.132	-3.260	0.100	2.222	0.453	-3.445	2.351	126.974945	37.295845
1685512282225	1685512282212	-8.310	-4.281	1.130	-3.376	0.037	2.096	0.833	-3.788	2.452	126.974953	37.295841
1685512282233	1685512282225	-8.095	-4.439	1.551	-3.393	-0.040	1.956	1.049	-4.302	2.442	126.974953	37.295841
1685512282244	1685512282233	-7.683	-4.669	1.027	-3.275	-0.115	1.856	1.384	-4.942	2.425	126.974953	37.295841
1685512282253	1685512282244	-7.257	-4.518	0.469	-3.026	-0.253	1.834	1.585	-5.332	2.818	126.974953	37.295841
1685512282264	1685512282253	-7.130	-4.415	0.385	-2.704	-0.263	1.803	1.980	-5.784	2.248	126.974953	37.295841
1685512282273	1685512282264	-7.233	-4.073	0.371	-2.481	-0.170	1.708	2.385	-5.866	1.623	126.974953	37.295841
1685512282284	1685512282273	-7.343	-4.171	0.500	-2.375	-0.233	1.615	2.490	-5.947	1.482	126.974953	37.295841
1685512282294	1685512282284	-7.333	-4.695	0.498	-2.244	-0.334	1.525	2.358	-5.816	1.405	126.974953	37.295841
1685512282308	1685512282294	-7.223	-4.757	0.424	-2.028	-0.349	1.411	2.224	-6.074	1.475	126.974953	37.295841
1685512282315	1685512282309	-7.408	-4.494	0.340	-1.826	-0.352	1.288	2.207	-6.766	1.396	126.974953	37.295841
1685512282335	1685512282315	-7.635	-4.274	0.136	-1.660	-0.321	1.227	2.306	-6.919	1.231	126.974953	37.295841
1685512282335	1685512282335	-7.966	-4.343	-0.034	-1.515	-0.266	1.206	2.107	-6.740	1.061	126.974953	37.295841
1685512282346	1685512282335	-8.382	-4.365	0.074	-1.448	-0.233	1.144	1.865	-6.603	0.781	126.974953	37.295841
1685512282355	1685512282346	-8.629	-4.298	0.017	-1.478	-0.217	1.041	1.516	-6.768	0.534	126.974953	37.295841
1685512282365	1685512282355	-8.780	-4.482	0.206	-1.558	-0.205	0.948	1.085	-6.855	0.584	126.974953	37.295841
1685512282376	1685512282366	-8.916	-4.551	0.496	-1.621	-0.184	0.880	0.824	-6.859	0.457	126.974953	37.295841
1685512282386	1685512282376	-8.959	-4.719	0.587	-1.653	-0.154	0.827	0.666	-7.077	0.587	126.974953	37.295841
1685512282395	1685512282387	-8.897	-4.820	0.603	-1.659	-0.115	0.765	0.524	-7.175	0.812	126.974953	37.295841
1685512282406	1685512282395	-8.679	-4.755	0.500	-1.638	-0.078	0.695	0.479	-7.355	0.838	126.974953	37.295841
1685512282416	1685512282407	-8.547	-4.695	0.491	-1.593	-0.057	0.623	0.543	-7.458	0.788	126.974953	37.295841
1685512282426	1685512282416	-8.528	-4.676	0.397	-1.536	-0.010	0.539	0.764	-7.379	0.632	126.974953	37.295841
1685512282436	1685512282426	-8.741	-4.748	0.560	-1.480	0.029	0.426	0.900	-7.309	0.570	126.974953	37.295841
1685512282449	1685512282436	-9.208	-5.001	1.022	-1.393	0.090	0.294	0.924	-7.271	0.429	126.974953	37.295841
1685512282457	1685512282449	-9.682	-5.380	1.377	-1.256	0.160	0.178	0.718	-7.314	0.551	126.974953	37.295841
1685512282469	1685512282457	-10.171	-5.341	1.518	-1.036	0.224	0.093	0.263	-7.530	0.982	126.974953	37.295841
1685512282476	1685512282469	-10.467	-5.035	1.475	-0.761	0.307	0.051	-0.201	-7.872	1.312	126.974953	37.295841
1685512282486	1685512282477	-10.384	-4.731	1.372	-0.478	0.363	0.067	-0.680	-7.805	1.446	126.974953	37.295841
1685512282497	1685512282488	-10.008	-4.654	1.346	-0.226	0.364	0.134	-0.974	-7.484	1.410	126.974953	37.295841
1685512282520	1685512282498	-9.615	-4.779	1.267	-0.065	0.352	0.205	-0.893	-7.187	1.331	126.974953	37.295841
1685512282520	1685512282520	-9.708	-4.786	1.199	-0.011	0.327	0.227	-0.520	-7.123	1.334	126.974953	37.295841
1685512282542	1685512282521	-10.123	-4.774	1.209	-0.020	0.342	0.182	-0.132	-7.266	1.286	126.974953	37.295841
1685512282543	1685512282543	-10.843	-4.817	1.192	-0.045	0.441	0.120	-0.232	-7.298	1.252	126.974953	37.295841
1685512282547	1685512282544	-11.442	-4.908	1.408	-0.071	0.549	0.075	-0.649	-7.302	1.290	126.974953	37.295841
1685512282556	1685512282548	-11.681	-5.356	1.563	-0.087	0.605	0.073	-1.374	-7.355	1.314	126.974953	37.295841
1685512282566	1685512282559	-11.617	-5.696	1.772	-0.103	0.628	0.126	-1.975	-7.453	1.580	126.974953	37.295841
1685512282576	1685512282567	-11.133	-5.885	2.334	-0.099	0.613	0.194	-2.219	-7.910	1.798	126.974953	37.295841
1685512282586	1685512282576	-10.353	-6.215	2.535	0.009	0.604	0.268	-2.160	-8.260	2.057	126.974953	37.295841
1685512282596	1685512282587	-9.656	-6.175	2.598	0.254	0.580	0.335	-1.683	-8.471	2.679	126.974953	37.295841
1685512282606	1685512282596	-9.316	-6.165	2.363	0.569	0.528	0.362	-0.910	-8.825	2.933	126.974953	37.295841
1685512282616	1685512282607	-9.464	-5.995	2.095	0.911	0.524	0.326	-0.225	-8.813	3.057	126.974953	37.295841
1685512282627	1685512282617	-10.077	-5.837	2.040	1.235	0.536	0.217	0.101	-8.835	2.887	126.974953	37.295841
1685512282636	1685512282627	-10.791	-6.041	2.054	1.531	0.572	0.068	-0.057	-8.691	2.693	126.974953	37.295841
1685512282647	1685512282636	-11.497	-6.230	2.066	1.791	0.605	-0.075	-0.680	-8.545	2.722	126.974953	37.295841
1685512282656	1685512282648	-12.117	-6.160	1.882	2.018	0.588	-0.192	-1.398	-8.744	2.840	126.974953	37.295841
1685512282668	1685512282657	-12.390	-6.177	1.568	2.193	0.531	-0.297	-2.109	-8.914	2.947	126.974953	37.295841
1685512282678	1685512282668	-12.450	-6.155	1.422	2.313	0.435	-0.389	-2.729	-8.803	2.883	126.974953	37.295841
1685512282688	1685512282678	-12.517	-6.045	1.290	2.375	0.299	-0.497	-3.000	-8.775	2.665	126.974953	37.295841
1685512282698	1685512282689	-12.486	-5.830	1.116	2.384	0.173	-0.662	-3.055	-8.689	2.619	126.974953	37.295841
1685512282708	1685512282698	-12.237	-5.521	1.008	2.348	0.068	-0.867	-3.112	-8.504	2.574	126.974953	37.295841
1685512282719	1685512282709	-11.820	-5.339	1.025	2.252	-0.048	-1.091	-3.067	-8.174	2.488	126.974953	37.295841
1685512282726	1685512282719	-11.270	-5.052	1.135	2.121	-0.187	-1.337	-2.801	-7.774	2.428	126.974953	37.295841
1685512282749	1685512282727	-10.772	-4.855	1.056	1.990	-0.331	-1.611	-2.358	-7.444	2.495	126.974953	37.295841
1685512282751	1685512282750	-10.427	-4.405	1.053	1.890	-0.452	-1.912	-1.781	-7.013	2.626	126.974953	37.295841
1685512282756	1685512282751	-10.206	-4.152	1.065	1.786	-0.551	-2.219	-1.247	-6.634	2.555	126.974953	37.295841
1685512282767	1685512282756	-10.060	-4.116	0.989	1.663	-0.646	-2.508	-0.864	-5.974	2.540	126.974953	37.295841
1685512282777	1685512282767	-10.005	-3.931	1.034	1.545	-0.727	-2.781	-0.591	-5.409	2.516	126.974953	37.295841
1685512282786	1685512282777	-9.962	-3.788	1.049	1.451	-0.797	-3.029	-0.419	-5.186	2.409	126.974953	37.295841
1685512282796	1685512282787	-9.910	-3.706	0.910	1.403	-0.869	-3.228	-0.326	-4.683	2.394	126.974953	37.295841
1685512282808	1685512282796	-9.910	-3.651	0.874	1.415	-0.944	-3.393	-0.256	-4.257	2.346	126.974953	37.295841
1685512282816	1685512282808	-9.826	-3.519	0.642	1.462	-1.008	-3.537	-0.180	-3.812	2.119	126.974953	37.295841
1685512282826	1685512282816	-9.814	-3.467	0.508	1.534	-1.058	-3.632	-0.172	-3.445	1.999	126.974953	37.295841
1685512282836	1685512282826	-9.826	-3.146	0.309	1.643	-1.082	-3.675	-0.093	-2.880	1.642	126.974953	37.295841
1685512282847	1685512282837	-9.742	-2.926	0.177	1.773	-1.089	-3.682	-0.096	-2.533	1.415	126.974953	37.295841
1685512282857	1685512282849	-9.606	-2.842	0.005	1.880	-1.101	-3.671	-0.144	-1.805	1.080	126.974953	37.295841
1685512282869	1685512282857	-9.479	-2.689	-0.065	1.960	-1.097	-3.635	-0.110	-1.216	0.816	126.974953	37.295841
1685512282877	1685512282869	-9.201	-2.387	-0.124	2.026	-1.067	-3.549	-0.043	-0.733	0.488	126.974953	37.295841
1685512282888	1685512282877	-8.961	-2.188	-0.127	2.072	-1.035	-3.429	0.019	-0.297	0.299	126.974953	37.295841
1685512282897	1685512282888	-8.703	-2.061	-0.184	2.071	-1.004	-3.289	0.192	0.412	0.057	126.974953	37.295841
1685512282909	1685512282898	-8.432	-1.956	-0.237	2.024	-0.952	-3.120	0.340	0.903	-0.089	126.974953	37.295841
1685512282920	1685512282909	-8.425	-1.743	-0.165	1.949	-0.889	-2.933	0.493	1.326	-0.309	126.974953	37.295841
1685512282929	1685512282920	-8.310	-1.690	-0.098	1.869	-0.817	-2.742	0.661	1.693	-0.520	126.974953	37.295841
1685512282951	1685512282929	-8.176	-1.604	-0.026	1.818	-0.746	-2.528	0.572	2.126	-0.591	126.974953	37.295841
1685512282951	1685512282951	-7.934	-1.654	0.074	1.758	-0.684	-2.292	0.603	2.349	-0.649	126.974953	37.295841
1685512282957	1685512282951	-7.791	-1.575	0.084	1.668	-0.626	-2.035	0.649	2.607	-0.711	126.974953	37.295841
1685512282967	1685512282957	-7.769	-1.441	0.074	1.572	-0.547	-1.763	0.824	2.677	-0.711	126.974953	37.295841
1685512282977	1685512282967	-7.877	-1.396	0.199	1.451	-0.453	-1.480	0.881	2.902	-0.828	126.974953	37.295841
1685512282987	1685512282977	-8.186	-1.312	0.259	1.330	-0.349	-1.197	0.838	3.139	-0.936	126.974953	37.295841
1685512282996	1685512282988	-8.392	-1.341	0.287	1.197	-0.246	-0.927	0.658	3.294	-0.917	126.974953	37.295841
1685512283007	1685512282996	-8.559	-1.283	0.299	1.034	-0.138	-0.649	0.287	3.464	-0.950	126.974953	37.295841
1685512283017	1685512283007	-8.763	-1.259	0.328	0.842	-0.044	-0.365	0.029	3.505	-1.008	126.974953	37.295841
1685512283027	1685512283017	-9.021	-1.566	0.383	0.623	0.038	-0.098	-0.165	3.601	-1.051	126.974953	37.295841
1685512283036	1685512283027	-9.311	-1.650	0.596	0.386	0.143	0.149	-0.388	3.644	-1.068	126.974953	37.295841
1685512283049	1685512283037	-9.524	-1.848	0.673	0.133	0.253	0.380	-0.651	3.335	-1.041	126.974953	37.295841
1685512283057	1685512283050	-9.797	-2.085	0.749	-0.121	0.326	0.590	-0.931	3.235	-0.833	126.974953	37.295841
1685512283068	1685512283057	-10.384	-2.114	0.670	-0.342	0.381	0.770	-1.123	3.002	-0.742	126.974953	37.295841
1685512283078	1685512283069	-11.123	-2.116	0.625	-0.528	0.468	0.929	-1.338	2.679	-0.618	126.974953	37.295841
1685512283089	1685512283078	-11.964	-2.327	0.541	-0.717	0.604	1.096	-1.867	2.562	-0.644	126.974953	37.295841
1685512283096	1685512283092	-12.661	-2.389	0.563	-0.925	0.742	1.283	-2.559	2.488	-0.625	126.974953	37.295841
1685512283106	1685512283098	-13.175	-2.478	0.670	-1.144	0.848	1.478	-3.342	2.191	-0.625	126.974953	37.295841
1685512283118	1685512283107	-13.549	-2.705	0.606	-1.365	0.935	1.691	-3.974	2.028	-0.498	126.974953	37.295841
1685512283126	1685512283118	-13.396	-2.713	0.690	-1.553	1.024	1.935	-4.417	1.822	-0.266	126.974953	37.295841
1685512283135	1685512283126	-12.780	-2.873	0.706	-1.720	1.092	2.159	-4.702	1.444	-0.177	126.974953	37.295841
1685512283146	1685512283137	-12.072	-3.072	0.919	-1.833	1.117	2.329	-4.472	1.290	0.043	126.974953	37.295841
1685512283154	1685512283146	-11.648	-3.596	1.379	-1.855	1.134	2.463	-3.766	0.948	0.225	126.974953	37.295841
1685512283165	1685512283155	-11.569	-4.046	1.652	-1.801	1.207	2.553	-2.966	0.543	0.608	126.974953	37.295841
1685512283174	1685512283165	-11.746	-4.175	1.683	-1.618	1.286	2.569	-2.444	-0.220	1.255	126.974953	37.295841
1685512283184	1685512283174	-12.074	-4.106	1.568	-1.317	1.323	2.523	-2.289	-0.883	1.681	126.974953	37.295841
1685512283194	1685512283184	-12.701	-3.618	1.460	-0.954	1.317	2.475	-2.382	-1.279	1.896	126.974953	37.295841
1685512283204	1685512283194	-13.216	-2.555	0.939	-0.579	1.275	2.467	-2.650	-1.425	1.927	126.974953	37.295841
1685512283214	1685512283204	-13.496	-2.318	0.785	-0.274	1.179	2.502	-3.220	-1.176	1.968	126.974953	37.295841
1685512283225	1685512283214	-12.886	-2.619	0.481	-0.149	1.057	2.550	-3.685	-0.350	1.580	126.974953	37.295841
1685512283234	1685512283226	-12.287	-2.610	0.460	-0.206	0.814	2.496	-3.922	-0.354	1.547	126.974953	37.295841
1685512283245	1685512283234	-11.882	-2.392	0.522	-0.249	0.489	2.353	-3.273	-0.900	1.346	126.974953	37.295841
1685512283254	1685512283245	-11.107	-2.203	0.520	-0.338	0.269	2.248	-2.638	-1.159	1.415	126.974953	37.295841
1685512283264	1685512283254	-10.087	-2.454	0.548	-0.626	0.065	2.176	-2.210	-1.147	1.523	126.974953	37.295841
1685512283274	1685512283264	-8.959	-2.739	0.658	-1.071	-0.112	2.096	-1.408	-1.202	1.551	126.974953	37.295841
1685512283289	1685512283274	-8.119	-2.828	0.639	-1.571	-0.263	1.972	-0.371	-1.650	1.592	126.974960	37.295837
1685512283301	1685512283289	-7.558	-2.899	0.713	-2.015	-0.375	1.819	0.771	-2.150	1.697	126.974960	37.295837
1685512283304	1685512283301	-7.365	-3.098	0.572	-2.375	-0.375	1.699	1.623	-2.447	1.662	126.974960	37.295837
1685512283314	1685512283304	-7.274	-3.393	0.464	-2.687	-0.346	1.627	2.193	-2.734	1.702	126.974960	37.295837
1685512283325	1685512283314	-7.070	-3.333	0.290	-2.946	-0.337	1.560	2.392	-3.103	1.530	126.974960	37.295837
1685512283334	1685512283325	-6.816	-3.551	0.254	-3.137	-0.331	1.487	2.485	-3.582	1.384	126.974960	37.295837
1685512283347	1685512283334	-6.524	-3.938	0.263	-3.233	-0.375	1.444	2.686	-3.701	1.168	126.974960	37.295837
1685512283354	1685512283347	-6.251	-4.288	0.510	-3.192	-0.459	1.415	2.935	-4.092	1.087	126.974960	37.295837
1685512283364	1685512283354	-6.254	-4.343	0.740	-3.043	-0.525	1.352	3.223	-4.647	1.039	126.974960	37.295837
1685512283375	1685512283365	-6.371	-4.360	0.754	-2.853	-0.553	1.268	3.486	-5.191	1.202	126.974960	37.295837
1685512283384	1685512283375	-6.632	-4.264	0.685	-2.625	-0.556	1.218	3.476	-5.365	1.367	126.974960	37.295837
1685512283395	1685512283385	-6.864	-4.085	0.443	-2.349	-0.517	1.223	3.347	-5.523	1.295	126.974960	37.295837
1685512283407	1685512283395	-7.010	-3.850	0.010	-2.099	-0.474	1.228	3.074	-5.559	1.140	126.974960	37.295837
1685512283415	1685512283407	-7.123	-3.472	-0.385	-1.899	-0.451	1.208	2.828	-5.507	0.816	126.974960	37.295837
1685512283426	1685512283415	-7.348	-3.589	-0.567	-1.756	-0.432	1.188	2.665	-5.399	0.306	126.974960	37.295837
1685512283437	1685512283426	-7.649	-3.910	-0.453	-1.684	-0.408	1.164	2.533	-5.155	-0.168	126.974960	37.295837
1685512283449	1685512283437	-8.013	-4.243	-0.292	-1.671	-0.381	1.104	2.289	-5.377	-0.417	126.974960	37.295837
1685512283458	1685512283450	-8.440	-4.472	-0.113	-1.696	-0.380	1.005	1.966	-5.813	-0.371	126.974960	37.295837
1685512283468	1685512283458	-8.803	-4.743	0.201	-1.719	-0.393	0.911	1.580	-6.251	-0.280	126.974960	37.295837
1685512283478	1685512283468	-8.933	-4.800	0.350	-1.719	-0.375	0.892	1.130	-6.598	-0.187	126.974960	37.295837
1685512283488	1685512283478	-9.131	-4.786	0.524	-1.706	-0.354	0.920	0.749	-6.936	0.065	126.974960	37.295837
1685512283497	1685512283488	-9.103	-4.690	0.302	-1.670	-0.312	0.947	0.596	-7.092	0.124	126.974960	37.295837
1685512283510	1685512283498	-9.172	-4.736	0.376	-1.609	-0.243	0.948	0.378	-7.144	0.242	126.974960	37.295837
1685512283527	1685512283511	-9.313	-5.057	0.591	-1.515	-0.169	0.926	0.381	-7.142	-0.055	126.974960	37.295837
1685512283528	1685512283527	-9.493	-5.409	0.905	-1.405	-0.050	0.885	0.290	-7.262	-0.038	126.974960	37.295837
1685512283547	1685512283545	-9.567	-5.507	0.941	-1.280	0.072	0.822	0.122	-7.673	0.115	126.974960	37.295837
1685512283547	1685512283547	-9.687	-5.540	1.290	-1.074	0.189	0.783	-0.057	-8.023	0.390	126.974960	37.295837
1685512283556	1685512283549	-9.589	-5.880	1.745	-0.768	0.313	0.792	-0.144	-8.155	0.395	126.974960	37.295837
1685512283568	1685512283557	-9.261	-5.909	2.136	-0.420	0.392	0.814	-0.268	-8.207	0.735	126.974960	37.295837
1685512283578	1685512283568	-9.127	-5.576	2.274	-0.024	0.420	0.812	-0.187	-8.610	1.199	126.974960	37.295837
1685512283588	1685512283578	-8.921	-4.999	2.088	0.382	0.473	0.801	0.124	-8.693	1.611	126.974960	37.295837
1685512283597	1685512283588	-8.985	-4.676	1.805	0.737	0.531	0.788	0.235	-8.444	1.791	126.974960	37.295837
1685512283608	1685512283597	-9.507	-4.697	1.776	0.970	0.573	0.727	0.419	-7.944	1.662	126.974960	37.295837
1685512283618	1685512283608	-10.376	-4.903	1.879	1.020	0.639	0.604	0.330	-7.705	1.456	126.974960	37.295837
1685512283628	1685512283618	-11.456	-5.124	1.961	0.919	0.731	0.456	-0.206	-7.788	1.504	126.974960	37.295837
1685512283637	1685512283629	-12.210	-5.234	2.148	0.766	0.810	0.342	-1.094	-8.054	1.697	126.974960	37.295837
1685512283650	1685512283639	-12.517	-5.507	2.421	0.624	0.858	0.321	-2.188	-8.317	1.875	126.974960	37.295837
1685512283658	1685512283652	-12.062	-5.593	2.895	0.502	0.839	0.374	-2.952	-8.459	2.162	126.974960	37.295837
1685512283669	1685512283659	-11.327	-5.825	3.218	0.429	0.757	0.430	-3.270	-8.763	2.535	126.974960	37.295837
1685512283680	1685512283669	-10.803	-6.019	3.179	0.442	0.617	0.445	-2.832	-8.887	3.122	126.974960	37.295837
1685512283689	1685512283680	-10.807	-6.026	3.182	0.512	0.472	0.403	-2.109	-9.151	3.512	126.974960	37.295837
1685512283699	1685512283690	-11.377	-6.033	3.086	0.560	0.375	0.277	-1.602	-9.385	3.546	126.974960	37.295837
1685512283710	1685512283701	-12.067	-5.976	3.048	0.562	0.303	0.081	-1.621	-9.426	3.608	126.974960	37.295837
1685512283724	1685512283711	-12.560	-5.976	3.057	0.525	0.171	-0.131	-2.203	-9.457	3.565	126.974960	37.295837
1685512283727	1685512283724	-12.850	-6.141	2.863	0.408	-0.021	-0.338	-2.897	-9.404	3.575	126.974960	37.295837
1685512283742	1685512283727	-12.768	-6.330	2.555	0.220	-0.206	-0.547	-3.385	-9.388	3.622	126.974960	37.295837
1685512283748	1685512283742	-12.778	-6.242	2.174	-0.004	-0.371	-0.754	-3.666	-9.524	3.438	126.974960	37.295837
1685512283757	1685512283748	-12.957	-6.074	1.812	-0.261	-0.487	-0.964	-3.565	-9.661	3.117	126.974960	37.295837
1685512283769	1685512283757	-13.001	-5.871	1.539	-0.508	-0.533	-1.200	-3.548	-9.503	2.703	126.974960	37.295837
1685512283778	1685512283769	-12.890	-5.792	1.183	-0.709	-0.558	-1.466	-3.689	-9.239	2.282	126.974960	37.295837
1685512283787	1685512283778	-12.416	-5.717	0.982	-0.871	-0.575	-1.726	-3.697	-8.938	1.951	126.974960	37.295837
1685512283797	1685512283788	-11.885	-5.662	0.979	-0.985	-0.564	-1.954	-3.536	-8.710	1.513	126.974960	37.295837
1685512283807	1685512283797	-11.258	-5.332	0.757	-1.040	-0.538	-2.175	-3.017	-8.492	1.240	126.974960	37.295837
1685512283817	1685512283809	-10.762	-5.059	0.663	-1.024	-0.491	-2.415	-2.433	-8.255	1.159	126.974960	37.295837
1685512283827	1685512283818	-10.453	-5.174	0.515	-0.900	-0.415	-2.647	-1.750	-7.719	0.860	126.974960	37.295837
1685512283836	1685512283828	-10.300	-5.126	0.821	-0.671	-0.260	-2.847	-1.197	-7.216	0.694	126.974960	37.295837
1685512283847	1685512283837	-10.046	-4.896	0.414	-0.418	-0.132	-3.063	-0.836	-7.077	0.488	126.974960	37.295837
1685512283855	1685512283847	-9.934	-4.891	0.316	-0.109	-0.097	-3.282	-0.627	-6.728	0.754	126.974960	37.295837
1685512283865	1685512283855	-9.895	-4.767	0.213	0.302	0.024	-3.449	-0.333	-6.230	0.330	126.974960	37.295837
1685512283875	1685512283865	-9.843	-4.506	-0.067	0.727	0.182	-3.578	-0.180	-5.873	0.220	126.974960	37.295837
1685512283887	1685512283875	-9.699	-4.329	-0.189	1.097	0.202	-3.696	-0.115	-5.447	0.122	126.974960	37.295837
