1685512273897	1685512273897	-9.756	-5.289	2.763	0.287	0.432	0.685	-0.065	-8.133	5.205	126.974831	37.295807
1685512273897	1685512273897	-10.561	-5.409	2.885	0.232	0.351	0.506	-0.175	-8.068	4.997	126.974831	37.295807
1685512273899	1685512273897	-11.291	-5.425	3.144	0.177	0.330	0.307	-0.630	-8.162	4.908	126.974831	37.295807
1685512273911	1685512273899	-11.856	-5.483	3.345	0.147	0.297	0.108	-1.458	-8.322	5.069	126.974831	37.295807
1685512273920	1685512273911	-12.177	-5.392	3.589	0.134	0.210	-0.075	-2.205	-8.363	5.363	126.974831	37.295807
1685512273931	1685512273921	-11.892	-5.253	3.663	0.144	0.089	-0.250	-2.780	-8.428	5.595	126.974831	37.295807
1685512273939	1685512273931	-11.229	-5.107	3.378	0.181	-0.288	-0.591	-3.103	-8.327	5.863	126.974831	37.295807
1685512273950	1685512273940	-10.594	-4.927	2.947	0.181	-0.288	-0.591	-2.813	-8.164	5.950	126.974831	37.295807
1685512273959	1685512273952	-10.408	-4.640	2.389	0.172	-0.501	-0.762	-2.124	-7.954	5.641	126.974831	37.295807
1685512273970	1685512273959	-10.637	-4.755	2.011	0.104	-0.650	-0.964	-1.468	-7.721	5.191	126.974831	37.295807
1685512273979	1685512273970	-11.224	-4.585	1.678	0.029	-0.717	-1.186	-1.250	-7.362	4.592	126.974831	37.295807
1685512273990	1685512273979	-11.614	-4.520	1.367	-0.028	-0.756	-1.415	-1.439	-7.386	4.156	126.974831	37.295807
1685512273999	1685512273990	-11.638	-4.369	1.039	-0.105	-0.858	-1.640	-1.975	-7.094	3.752	126.974831	37.295807
1685512274009	1685512273999	-11.277	-4.070	0.821	-0.197	-1.018	-1.859	-2.322	-6.912	3.376	126.974831	37.295807
1685512274019	1685512274009	-10.922	-3.970	0.527	-0.303	-1.202	-2.074	-2.291	-6.610	2.966	126.974831	37.295807
1685512274031	1685512274019	-11.006	-4.142	0.359	-0.415	-1.356	-2.264	-1.870	-6.141	2.648	126.974831	37.295807
1685512274044	1685512274031	-11.552	-4.240	0.326	-0.501	-1.269	-2.595	-1.453	-5.849	2.234	126.974831	37.295807
1685512274050	1685512274044	-12.194	-4.300	0.378	-0.501	-1.269	-2.595	-1.475	-5.813	1.930	126.974831	37.295807
1685512274059	1685512274050	-12.333	-4.326	0.369	-0.443	-1.131	-2.743	-1.951	-5.622	1.743	126.974831	37.295807
1685512274069	1685512274059	-12.234	-4.235	0.299	-0.348	-1.089	-2.833	-2.552	-5.488	1.693	126.974831	37.295807
1685512274079	1685512274070	-11.739	-4.168	0.287	-0.247	-1.107	-2.863	-2.648	-5.255	1.568	126.974831	37.295807
1685512274090	1685512274080	-11.332	-4.077	0.151	-0.150	-1.115	-2.861	-2.514	-4.894	1.391	126.974831	37.295807
1685512274100	1685512274090	-11.059	-4.061	0.144	-0.065	-1.087	-2.864	-1.992	-4.549	1.269	126.974831	37.295807
1685512274109	1685512274101	-10.822	-4.070	0.165	0.013	-1.016	-2.874	-1.568	-4.180	1.025	126.974831	37.295807
1685512274119	1685512274109	-10.676	-4.034	0.180	0.094	-0.910	-2.882	-1.286	-3.857	0.900	126.974831	37.295807
1685512274130	1685512274119	-10.424	-3.926	0.163	0.187	-0.806	-2.881	-1.051	-3.613	0.833	126.974831	37.295807
1685512274139	1685512274131	-10.161	-3.785	0.048	0.415	-0.673	-2.841	-0.917	-3.294	0.757	126.974831	37.295807
1685512274150	1685512274139	-9.795	-3.548	-0.029	0.415	-0.673	-2.841	-0.687	-2.907	0.661	126.974831	37.295807
1685512274159	1685512274151	-9.436	-3.436	-0.165	0.527	-0.637	-2.811	-0.455	-2.459	0.467	126.974831	37.295807
1685512274169	1685512274159	-9.124	-3.282	-0.263	0.618	-0.601	-2.786	-0.124	-1.973	0.326	126.974831	37.295807
1685512274179	1685512274170	-8.995	-3.242	-0.285	0.691	-0.562	-2.766	0.182	-1.559	0.113	126.974831	37.295807
1685512274189	1685512274179	-8.861	-3.103	-0.381	0.749	-0.520	-2.757	0.443	-1.164	-0.045	126.974831	37.295807
1685512274199	1685512274190	-8.873	-2.947	-0.409	0.789	-0.481	-2.757	0.512	-0.860	-0.136	126.974831	37.295807
1685512274213	1685512274199	-8.878	-2.794	-0.488	0.806	-0.450	-2.756	0.577	-0.457	-0.302	126.974838	37.295815
1685512274219	1685512274213	-8.938	-2.701	-0.498	0.795	-0.431	-2.745	0.488	-0.043	-0.397	126.974838	37.295815
1685512274230	1685512274220	-8.808	-2.667	-0.546	0.762	-0.421	-2.715	0.400	0.366	-0.541	126.974838	37.295815
1685512274240	1685512274231	-8.684	-2.622	-0.522	0.645	-0.423	-2.606	0.242	0.735	-0.620	126.974838	37.295815
1685512274250	1685512274240	-8.554	-2.538	-0.591	0.645	-0.423	-2.606	0.287	0.982	-0.721	126.974838	37.295815
1685512274261	1685512274251	-8.490	-2.583	-0.539	0.572	-0.412	-2.536	0.314	1.262	-0.752	126.974838	37.295815
1685512274271	1685512274261	-8.504	-2.547	-0.613	0.494	-0.391	-2.462	0.364	1.520	-0.857	126.974838	37.295815
1685512274280	1685512274271	-8.590	-2.473	-0.579	0.412	-0.359	-2.384	0.347	1.645	-0.836	126.974838	37.295815
1685512274290	1685512274280	-8.657	-2.413	-0.603	0.325	-0.319	-2.298	0.261	1.829	-0.929	126.974838	37.295815
1685512274300	1685512274290	-8.940	-2.425	-0.675	0.236	-0.279	-2.200	0.079	2.090	-0.924	126.974838	37.295815
1685512274311	1685512274300	-9.105	-2.504	-0.577	0.148	-0.226	-2.087	-0.041	2.253	-0.955	126.974838	37.295815
1685512274320	1685512274312	-9.340	-2.555	-0.543	0.075	-0.165	-1.961	-0.412	2.394	-1.041	126.974838	37.295815
1685512274333	1685512274320	-9.474	-2.547	-0.579	0.017	-0.114	-1.817	-0.637	2.423	-0.943	126.974838	37.295815
1685512274340	1685512274333	-9.627	-2.423	-0.649	-0.033	-0.067	-1.657	-0.948	2.502	-0.907	126.974838	37.295815
1685512274350	1685512274340	-9.651	-2.459	-0.668	-0.083	-0.028	-1.475	-1.130	2.588	-0.929	126.974838	37.295815
1685512274360	1685512274350	-9.847	-2.662	-0.654	-0.137	0.023	-1.279	-1.358	2.830	-0.982	126.974838	37.295815
1685512274371	1685512274361	-9.929	-2.670	-0.630	-0.183	0.090	-1.078	-1.391	2.813	-0.974	126.974838	37.295815
1685512274380	1685512274371	-9.826	-2.758	-0.491	-0.213	0.165	-0.867	-1.618	2.660	-0.927	126.974838	37.295815
1685512274392	1685512274380	-9.886	-2.830	-0.357	-0.217	0.238	-0.641	-1.714	2.677	-0.869	126.974838	37.295815
1685512274399	1685512274392	-9.886	-2.931	-0.192	-0.198	0.315	-0.401	-1.628	2.614	-0.687	126.974838	37.295815
1685512274410	1685512274400	-9.941	-2.842	-0.139	-0.159	0.413	-0.162	-1.693	2.550	-0.508	126.974838	37.295815
1685512274420	1685512274410	-10.254	-2.871	-0.079	-0.103	0.523	0.071	-1.688	2.444	-0.292	126.974838	37.295815
1685512274431	1685512274420	-10.812	-2.789	-0.074	-0.048	0.650	0.303	-1.726	2.509	-0.194	126.974838	37.295815
1685512274440	1685512274431	-11.471	-2.966	-0.038	-0.005	0.810	0.528	-2.014	2.440	-0.079	126.974838	37.295815
1685512274451	1685512274443	-12.016	-3.079	0.014	0.038	0.980	0.754	-2.538	2.468	-0.014	126.974838	37.295815
1685512274460	1685512274451	-12.426	-3.247	0.098	0.084	1.122	1.003	-3.158	2.229	0.093	126.974838	37.295815
1685512274470	1685512274460	-12.371	-3.390	0.283	0.144	1.217	1.289	-3.670	2.061	0.218	126.974838	37.295815
1685512274480	1685512274470	-11.684	-3.627	0.560	0.224	1.284	1.594	-4.027	1.800	0.400	126.974838	37.295815
1685512274490	1685512274480	-10.817	-3.874	1.070	0.318	1.300	1.891	-3.919	1.559	0.670	126.974838	37.295815
1685512274500	1685512274490	-10.230	-4.221	1.618	0.432	1.278	2.150	-3.158	1.188	1.046	126.974838	37.295815
1685512274511	1685512274500	-10.180	-4.408	2.030	0.601	1.277	2.341	-2.210	0.781	1.654	126.974838	37.295815
1685512274521	1685512274511	-10.709	-4.305	2.282	0.859	1.349	2.434	-1.532	0.249	2.294	126.974838	37.295815
1685512274532	1685512274522	-11.614	-3.816	2.152	1.191	1.461	2.425	-1.389	-0.134	2.789	126.974838	37.295815
1685512274540	1685512274532	-12.426	-3.199	1.757	1.522	1.564	2.380	-1.820	-0.261	3.134	126.974838	37.295815
1685512274550	1685512274540	-13.044	-2.483	1.310	1.735	1.587	2.355	-2.650	0.041	3.079	126.974838	37.295815
1685512274562	1685512274550	-12.993	-2.195	1.056	1.745	1.486	2.342	-3.381	0.438	2.777	126.974838	37.295815
1685512274572	1685512274562	-12.694	-2.124	1.027	1.566	1.261	2.313	-3.938	0.979	2.404	126.974838	37.295815
1685512274580	1685512274572	-12.172	-2.205	1.063	1.235	0.966	2.265	-3.826	1.073	2.227	126.974838	37.295815
1685512274592	1685512274580	-11.641	-2.263	1.223	0.801	0.684	2.230	-3.467	0.950	2.263	126.974838	37.295815
1685512274601	1685512274592	-10.975	-2.512	1.267	0.304	0.443	2.216	-2.885	0.654	2.358	126.974838	37.295815
1685512274612	1685512274601	-10.305	-2.653	1.425	-0.231	0.270	2.213	-2.306	0.419	2.555	126.974838	37.295815
1685512274621	1685512274613	-9.603	-2.684	1.530	-0.767	0.164	2.204	-1.590	-0.031	2.631	126.974838	37.295815
1685512274632	1685512274621	-8.961	-2.749	1.513	-1.311	0.066	2.171	-0.869	-0.383	2.820	126.974838	37.295815
1685512274640	1685512274632	-8.243	-2.789	1.362	-1.817	-0.015	2.109	-0.122	-0.634	2.959	126.974838	37.295815
1685512274650	1685512274640	-7.506	-2.883	0.900	-2.265	-0.073	2.037	0.558	-0.924	2.974	126.974838	37.295815
1685512274661	1685512274650	-7.075	-2.947	1.341	-2.638	-0.112	1.972	1.319	-1.238	2.859	126.974838	37.295815
1685512274670	1685512274661	-7.068	-3.754	1.858	-2.955	-0.116	1.911	2.083	-1.516	2.416	126.974838	37.295815
1685512274680	1685512274670	-6.709	-4.010	1.839	-3.235	-0.215	1.808	2.540	-1.810	2.880	126.974838	37.295815
1685512274691	1685512274680	-6.450	-3.385	1.492	-3.300	-0.404	1.693	2.569	-2.847	3.417	126.974838	37.295815
1685512274700	1685512274691	-6.428	-4.061	0.984	-3.367	-0.400	1.629	2.945	-3.328	3.402	126.974838	37.295815
1685512274710	1685512274700	-6.457	-4.700	0.792	-3.405	-0.321	1.644	3.220	-2.916	3.033	126.974838	37.295815
1685512274720	1685512274710	-6.768	-4.453	0.481	-3.176	-0.258	1.618	3.254	-3.824	2.497	126.974838	37.295815
1685512274731	1685512274720	-7.118	-4.238	0.165	-2.838	-0.198	1.530	3.232	-4.652	2.282	126.974838	37.295815
1685512274740	1685512274731	-7.441	-4.252	0.031	-2.458	-0.169	1.498	2.923	-4.609	1.944	126.974838	37.295815
1685512274753	1685512274740	-7.755	-4.269	-0.208	-2.105	-0.173	1.526	2.574	-4.583	1.602	126.974838	37.295815
1685512274763	1685512274753	-7.994	-4.243	-0.376	-1.857	-0.176	1.547	2.246	-4.796	1.437	126.974838	37.295815
1685512274772	1685512274763	-8.337	-4.532	-0.371	-1.687	-0.162	1.544	1.925	-4.970	1.171	126.974838	37.295815
1685512274782	1685512274772	-8.686	-4.798	-0.266	-1.544	-0.173	1.541	1.674	-5.155	0.965	126.974838	37.295815
1685512274793	1685512274782	-9.139	-4.994	-0.060	-1.398	-0.195	1.550	1.319	-5.581	0.943	126.974838	37.295815
1685512274803	1685512274793	-9.663	-4.951	0.072	-1.239	-0.194	1.559	0.953	-6.033	1.010	126.974838	37.295815
1685512274814	1685512274803	-10.053	-4.712	0.029	-1.089	-0.188	1.556	0.486	-6.381	1.183	126.974838	37.295815
1685512274825	1685512274816	-10.044	-4.446	0.007	-0.988	-0.208	1.554	-0.060	-6.519	1.274	126.974838	37.295815
1685512274838	1685512274825	-9.838	-4.448	-0.115	-0.960	-0.232	1.556	-0.472	-6.426	1.199	126.974838	37.295815
1685512274854	1685512274838	-9.577	-4.616	-0.093	-1.016	-0.264	1.553	-0.493	-6.352	1.132	126.974838	37.295815
1685512274854	1685512274854	-9.316	-4.721	-0.096	-1.129	-0.288	1.514	-0.311	-6.498	0.972	126.974838	37.295815
1685512274863	1685512274854	-9.337	-4.925	0.156	-1.242	-0.266	1.431	-0.084	-6.838	0.943	126.974838	37.295815
1685512274875	1685512274863	-9.716	-5.013	0.390	-1.318	-0.195	1.312	0.148	-7.068	0.898	126.974838	37.295815
1685512274884	1685512274875	-10.233	-5.164	0.498	-1.351	-0.103	1.167	0.101	-7.408	1.085	126.974838	37.295815
1685512274893	1685512274884	-10.587	-5.329	0.656	-1.344	0.000	1.010	-0.299	-7.597	1.271	126.974838	37.295815
1685512274903	1685512274893	-10.913	-5.418	0.745	-1.295	0.081	0.867	-0.848	-7.879	1.324	126.974838	37.295815
1685512274913	1685512274903	-11.138	-5.466	0.675	-1.207	0.138	0.742	-1.228	-8.140	1.448	126.974838	37.295815
1685512274923	1685512274914	-11.116	-5.523	0.611	-1.081	0.177	0.632	-1.580	-8.320	1.506	126.974838	37.295815
1685512274937	1685512274924	-10.882	-5.349	0.517	-0.936	0.189	0.542	-1.827	-8.447	1.415	126.974838	37.295815
1685512274944	1685512274938	-10.530	-5.100	0.500	-0.800	0.177	0.468	-1.827	-8.571	1.334	126.974838	37.295815
1685512274956	1685512274946	-10.388	-5.045	0.278	-0.695	0.139	0.386	-1.609	-8.454	1.231	126.974838	37.295815
1685512274966	1685512274956	-10.551	-5.212	0.091	-0.628	0.119	0.290	-1.276	-8.262	1.202	126.974838	37.295815
1685512274976	1685512274966	-11.222	-5.406	0.026	-0.619	0.159	0.156	-1.144	-8.241	0.972	126.974838	37.295815
1685512274985	1685512274977	-11.861	-5.765	0.117	-0.651	0.246	-0.020	-1.319	-8.440	0.776	126.974838	37.295815
1685512274998	1685512274986	-12.062	-5.890	0.227	-0.672	0.321	-0.172	-1.994	-8.650	0.706	126.974838	37.295815
1685512275006	1685512274998	-11.906	-6.000	0.426	-0.640	0.334	-0.243	-2.636	-9.014	0.800	126.974838	37.295815
1685512275016	1685512275006	-11.138	-6.026	0.728	-0.553	0.301	-0.222	-2.832	-9.127	0.917	126.974838	37.295815
1685512275025	1685512275018	-10.348	-6.225	1.183	-0.426	0.276	-0.162	-2.672	-9.218	1.128	126.974838	37.295815
1685512275044	1685512275026	-9.457	-6.273	1.279	-0.254	0.279	-0.122	-1.899	-9.227	1.437	126.974838	37.295815
1685512275045	1685512275044	-8.796	-6.249	1.317	-0.015	0.288	-0.105	-1.104	-9.414	1.903	126.974838	37.295815
1685512275066	1685512275045	-8.473	-6.189	1.207	0.291	0.303	-0.111	-0.213	-9.455	2.018	126.974838	37.295815
1685512275067	1685512275066	-8.703	-6.127	1.161	0.634	0.347	-0.162	0.448	-9.419	2.085	126.974838	37.295815
1685512275074	1685512275067	-9.402	-5.978	1.097	0.971	0.428	-0.287	0.773	-9.347	2.009	126.974838	37.295815
1685512275084	1685512275074	-10.147	-5.990	0.898	1.288	0.518	-0.464	0.546	-9.263	2.021	126.974838	37.295815
1685512275094	1685512275087	-10.951	-5.902	0.764	1.578	0.573	-0.639	-0.148	-9.084	2.018	126.974838	37.295815
1685512275105	1685512275099	-11.657	-5.933	0.666	1.839	0.574	-0.776	-0.883	-9.041	1.908	126.974838	37.295815
1685512275115	1685512275105	-12.165	-5.823	0.421	2.068	0.523	-0.875	-1.674	-8.875	1.875	126.974838	37.295815
1685512275122	1685512275117	-12.285	-5.703	0.314	2.270	0.434	-0.948	-2.365	-8.813	1.882	126.974838	37.295815
1685512275140	1685512275123	-12.256	-5.497	0.244	2.429	0.318	-1.007	-2.854	-8.595	1.745	126.974838	37.295815
1685512275141	1685512275140	-11.988	-5.274	0.160	2.538	0.183	-1.060	-2.952	-8.344	1.750	126.974838	37.295815
1685512275151	1685512275141	-11.557	-5.006	0.170	2.583	0.037	-1.124	-2.904	-8.021	1.762	126.974838	37.295815
1685512275161	1685512275152	-11.181	-4.602	0.158	2.552	-0.104	-1.224	-2.612	-7.645	1.767	126.974838	37.295815
1685512275172	1685512275162	-10.913	-4.257	0.194	2.453	-0.220	-1.365	-2.157	-7.242	1.834	126.974838	37.295815
1685512275181	1685512275172	-10.590	-3.735	0.208	2.309	-0.312	-1.533	-1.753	-6.680	1.865	126.974838	37.295815
1685512275191	1685512275182	-10.276	-3.452	0.220	2.121	-0.387	-1.721	-1.453	-6.165	1.930	126.974838	37.295815
1685512275201	1685512275191	-10.032	-3.263	0.168	1.890	-0.457	-1.933	-1.094	-5.437	1.958	126.974838	37.295815
1685512275211	1685512275201	-9.723	-3.160	0.115	1.621	-0.520	-2.161	-0.749	-4.975	1.968	126.974838	37.295815
1685512275221	1685512275211	-9.498	-3.213	0.048	1.333	-0.564	-2.397	-0.469	-4.568	1.899	126.974838	37.295815
1685512275233	1685512275221	-9.481	-3.302	0.038	1.057	-0.583	-2.624	-0.127	-4.231	1.815	126.974846	37.295818
1685512275241	1685512275233	-9.462	-3.359	-0.122	0.822	-0.574	-2.832	0.129	-4.029	1.705	126.974846	37.295818
1685512275251	1685512275241	-9.486	-3.268	-0.175	0.633	-0.561	-3.012	0.172	-3.847	1.647	126.974846	37.295818
1685512275263	1685512275251	-9.445	-3.318	-0.256	0.500	-0.557	-3.155	0.215	-3.563	1.425	126.974846	37.295818
1685512275271	1685512275263	-9.438	-3.347	-0.405	0.435	-0.546	-3.255	0.201	-3.230	1.329	126.974846	37.295818
1685512275281	1685512275272	-9.495	-3.270	-0.493	0.425	-0.523	-3.323	0.242	-2.966	1.192	126.974846	37.295818
1685512275293	1685512275282	-9.342	-3.156	-0.505	0.463	-0.505	-3.360	0.242	-2.674	0.989	126.974846	37.295818
1685512275302	1685512275293	-9.184	-3.141	-0.546	0.535	-0.487	-3.359	0.163	-2.270	0.845	126.974846	37.295818
1685512275313	1685512275302	-9.036	-3.203	-0.436	0.630	-0.459	-3.312	0.283	-1.822	0.778	126.974846	37.295818
1685512275322	1685512275313	-8.890	-3.160	-0.302	0.731	-0.428	-3.230	0.393	-1.437	0.670	126.974846	37.295818
1685512275332	1685512275322	-8.825	-3.177	-0.271	0.831	-0.389	-3.130	0.488	-1.190	0.721	126.974846	37.295818
1685512275341	1685512275332	-8.887	-3.036	-0.263	0.930	-0.345	-3.019	0.565	-0.814	0.783	126.974846	37.295818
1685512275353	1685512275341	-8.945	-2.981	-0.321	1.008	-0.307	-2.888	0.553	-0.512	0.737	126.974846	37.295818
1685512275361	1685512275353	-8.897	-2.744	-0.354	1.041	-0.286	-2.737	0.400	-0.041	0.661	126.974846	37.295818
1685512275372	1685512275362	-8.911	-2.641	-0.378	1.025	-0.282	-2.574	0.266	0.263	0.529	126.974846	37.295818
1685512275385	1685512275372	-8.911	-2.622	-0.479	0.975	-0.286	-2.401	0.220	0.776	0.409	126.974846	37.295818
1685512275394	1685512275385	-9.036	-2.562	-0.517	0.903	-0.293	-2.216	0.134	1.073	0.311	126.974846	37.295818
1685512275404	1685512275395	-9.117	-2.428	-0.587	0.823	-0.290	-2.033	0.060	1.281	0.134	126.974846	37.295818
1685512275416	1685512275404	-9.191	-2.315	-0.690	0.727	-0.292	-1.855	-0.127	1.496	0.022	126.974846	37.295818
1685512275424	1685512275416	-9.187	-2.284	-0.716	0.607	-0.310	-1.673	-0.263	1.755	-0.110	126.974846	37.295818
1685512275437	1685512275424	-9.184	-2.207	-0.752	0.468	-0.331	-1.483	-0.383	1.966	-0.271	126.974846	37.295818
1685512275444	1685512275437	-9.256	-2.222	-0.761	0.318	-0.354	-1.294	-0.419	2.085	-0.350	126.974846	37.295818
1685512275454	1685512275444	-9.316	-2.339	-0.723	0.172	-0.357	-1.107	-0.436	2.207	-0.421	126.974846	37.295818
1685512275476	1685512275456	-9.412	-2.490	-0.620	0.040	-0.335	-0.918	-0.534	2.243	-0.469	126.974846	37.295818
1685512275477	1685512275476	-9.558	-2.500	-0.431	-0.067	-0.299	-0.722	-0.599	2.140	-0.455	126.974846	37.295818
1685512275483	1685512275477	-9.816	-2.571	-0.426	-0.137	-0.249	-0.514	-0.697	1.994	-0.366	126.974846	37.295818
1685512275494	1685512275484	-10.135	-2.607	-0.421	-0.175	-0.186	-0.296	-0.838	1.975	-0.184	126.974846	37.295818
1685512275504	1685512275494	-10.460	-2.662	-0.555	-0.199	-0.112	-0.071	-1.087	1.884	-0.184	126.974846	37.295818
1685512275514	1685512275504	-11.016	-2.717	-0.749	-0.230	-0.040	0.164	-1.386	1.808	-0.177	126.974846	37.295818
1685512275524	1685512275514	-11.609	-2.840	-0.804	-0.276	0.049	0.403	-1.688	1.705	-0.304	126.974846	37.295818
1685512275536	1685512275524	-12.079	-3.036	-0.927	-0.335	0.154	0.643	-2.215	1.595	-0.484	126.974846	37.295818
1685512275543	1685512275537	-12.306	-3.251	-0.960	-0.397	0.246	0.904	-2.782	1.413	-0.520	126.974846	37.295818
1685512275553	1685512275544	-12.076	-3.428	-0.766	-0.445	0.301	1.199	-3.225	1.159	-0.613	126.974846	37.295818
1685512275563	1685512275553	-11.468	-3.527	-0.429	-0.469	0.321	1.520	-3.407	0.845	-0.601	126.974846	37.295818
1685512275573	1685512275564	-10.889	-3.903	0.050	-0.469	0.332	1.833	-3.139	0.582	-0.371	126.974846	37.295818
1685512275583	1685512275573	-10.501	-4.125	0.388	-0.432	0.389	2.098	-2.473	0.345	0.012	126.974846	37.295818
1685512275594	1685512275583	-10.221	-4.350	0.838	-0.348	0.512	2.285	-1.824	-0.196	0.539	126.974846	37.295818
1685512275602	1685512275594	-10.113	-4.527	1.173	-0.213	0.660	2.393	-1.362	-0.613	0.927	126.974846	37.295818
1685512275612	1685512275602	-10.156	-4.602	1.300	-0.020	0.788	2.447	-1.008	-1.049	1.437	126.974846	37.295818
1685512275621	1685512275612	-10.386	-4.448	1.312	0.242	0.920	2.453	-0.814	-1.494	1.853	126.974846	37.295818
1685512275634	1685512275621	-10.898	-4.041	1.159	0.544	1.058	2.418	-0.804	-1.753	2.037	126.974846	37.295818
1685512275643	1685512275634	-11.583	-3.443	0.814	0.810	1.162	2.354	-0.974	-1.827	2.131	126.974846	37.295818
1685512275655	1685512275643	-12.091	-3.196	0.388	0.980	1.212	2.286	-1.437	-1.642	2.064	126.974846	37.295818
1685512275665	1685512275655	-12.196	-2.931	-0.079	1.027	1.188	2.230	-2.071	-1.302	1.829	126.974846	37.295818
1685512275672	1685512275665	-11.861	-2.715	-0.429	0.972	1.078	2.189	-2.550	-1.221	1.480	126.974846	37.295818
1685512275681	1685512275672	-11.198	-2.555	-0.752	0.825	0.876	2.148	-2.622	-1.197	1.125	126.974846	37.295818
1685512275693	1685512275681	-10.439	-2.658	-0.831	0.590	0.623	2.104	-2.270	-1.140	0.845	126.974846	37.295818
1685512275702	1685512275693	-9.792	-2.665	-0.740	0.291	0.386	2.061	-1.583	-1.195	0.601	126.974846	37.295818
1685512275713	1685512275703	-9.088	-2.765	-0.357	-0.056	0.194	2.012	-0.807	-1.472	0.570	126.974846	37.295818
1685512275722	1685512275713	-8.554	-2.897	-0.057	-0.417	0.043	1.955	-0.144	-1.695	0.697	126.974846	37.295818
1685512275735	1685512275722	-8.040	-3.031	0.345	-0.765	-0.072	1.892	0.572	-1.970	1.099	126.974846	37.295818
1685512275744	1685512275736	-7.561	-3.263	0.649	-1.093	-0.159	1.826	1.123	-2.337	1.405	126.974846	37.295818
1685512275752	1685512275744	-7.266	-3.445	0.740	-1.387	-0.221	1.754	1.645	-2.626	1.805	126.974846	37.295818
1685512275762	1685512275752	-6.943	-3.417	0.843	-1.600	-0.226	1.663	2.133	-3.091	2.095	126.974846	37.295818
1685512275774	1685512275762	-6.852	-3.376	0.685	-1.751	-0.210	1.558	2.433	-3.443	2.167	126.974846	37.295818
1685512275782	1685512275774	-6.732	-3.385	0.678	-1.864	-0.200	1.467	2.756	-3.598	2.248	126.974846	37.295818
1685512275793	1685512275782	-6.699	-3.634	0.517	-1.952	-0.187	1.404	2.847	-3.716	2.066	126.974846	37.295818
1685512275802	1685512275794	-6.697	-3.747	0.366	-2.023	-0.181	1.359	2.962	-3.926	2.025	126.974846	37.295818
1685512275812	1685512275802	-6.850	-3.855	0.263	-2.060	-0.176	1.316	2.990	-4.322	1.839	126.974846	37.295818
1685512275824	1685512275813	-7.192	-3.871	0.091	-2.056	-0.158	1.272	2.986	-4.592	1.654	126.974846	37.295818
1685512275834	1685512275824	-7.362	-3.900	0.093	-2.021	-0.133	1.236	2.820	-4.853	1.516	126.974846	37.295818
1685512275842	1685512275834	-7.501	-3.919	0.036	-1.982	-0.137	1.221	2.466	-5.018	1.307	126.974846	37.295818
1685512275854	1685512275843	-7.664	-4.020	0.129	-1.946	-0.159	1.224	2.284	-5.191	1.271	126.974846	37.295818
1685512275863	1685512275854	-7.932	-4.125	0.084	-1.897	-0.159	1.227	2.126	-5.380	1.166	126.974846	37.295818
1685512275874	1685512275863	-8.124	-4.195	0.091	-1.828	-0.153	1.228	1.951	-5.590	1.223	126.974846	37.295818
1685512275882	1685512275875	-8.373	-4.250	0.026	-1.741	-0.144	1.236	1.664	-5.835	1.130	126.974846	37.295818
1685512275893	1685512275882	-8.550	-4.228	-0.057	-1.651	-0.138	1.257	1.451	-6.041	1.092	126.974846	37.295818
1685512275902	1685512275893	-8.792	-4.326	0.069	-1.564	-0.120	1.280	1.180	-6.232	0.979	126.974846	37.295818
1685512275915	1685512275903	-8.952	-4.482	0.180	-1.483	-0.094	1.295	0.979	-6.345	0.848	126.974846	37.295818
1685512275924	1685512275916	-9.148	-4.671	0.364	-1.403	-0.072	1.301	0.713	-6.570	0.922	126.974846	37.295818
1685512275936	1685512275926	-9.230	-4.635	0.405	-1.316	-0.033	1.299	0.536	-6.812	0.989	126.974846	37.295818
1685512275945	1685512275936	-9.333	-4.542	0.412	-1.222	-0.002	1.297	0.321	-7.084	1.128	126.974846	37.295818
1685512275956	1685512275945	-9.467	-4.638	0.474	-1.136	0.029	1.286	0.225	-7.118	1.125	126.974846	37.295818
1685512275966	1685512275956	-9.629	-4.585	0.548	-1.058	0.082	1.263	0.108	-7.092	1.089	126.974846	37.295818
1685512275976	1685512275968	-9.864	-4.683	0.541	-0.998	0.140	1.221	-0.034	-7.228	1.118	126.974846	37.295818
1685512275985	1685512275977	-10.228	-4.889	0.740	-0.948	0.205	1.155	-0.215	-7.254	1.164	126.974846	37.295818
1685512275998	1685512275986	-10.546	-5.006	0.977	-0.886	0.279	1.081	-0.467	-7.412	1.137	126.974846	37.295818
1685512276007	1685512275999	-10.815	-5.104	1.027	-0.798	0.337	1.021	-0.852	-7.697	1.324	126.974846	37.295818
1685512276018	1685512276007	-10.819	-5.088	1.085	-0.690	0.379	0.977	-1.197	-7.903	1.561	126.974846	37.295818
1685512276026	1685512276019	-10.721	-5.052	1.140	-0.572	0.393	0.953	-1.499	-8.100	1.618	126.974846	37.295818
1685512276039	1685512276026	-10.439	-4.987	1.058	-0.464	0.380	0.940	-1.535	-8.179	1.690	126.974846	37.295818
1685512276046	1685512276039	-10.333	-4.896	1.063	-0.385	0.352	0.920	-1.472	-8.243	1.767	126.974846	37.295818
1685512276060	1685512276046	-10.386	-4.831	0.934	-0.332	0.329	0.880	-1.219	-8.260	1.702	126.974846	37.295818
1685512276065	1685512276060	-10.839	-5.016	1.006	-0.304	0.329	0.815	-1.149	-8.265	1.729	126.974846	37.295818
1685512276079	1685512276065	-11.432	-5.480	1.185	-0.302	0.375	0.729	-1.231	-8.274	1.616	126.974846	37.295818
1685512276095	1685512276079	-11.612	-5.868	1.410	-0.294	0.456	0.637	-1.714	-8.535	1.707	126.974846	37.295818
1685512276096	1685512276096	-11.581	-6.127	1.705	-0.236	0.486	0.572	-2.337	-9.069	1.911	126.974846	37.295818
1685512276104	1685512276096	-11.176	-6.412	1.923	-0.122	0.451	0.560	-2.545	-9.524	2.169	126.974846	37.295818
1685512276114	1685512276104	-10.364	-6.455	2.112	0.050	0.398	0.577	-2.538	-9.831	2.497	126.974846	37.295818
1685512276122	1685512276114	-9.598	-6.431	2.112	0.277	0.353	0.589	-2.157	-10.166	2.751	126.974846	37.295818
1685512276134	1685512276122	-8.997	-6.282	1.889	0.539	0.299	0.582	-1.369	-10.262	2.978	126.974846	37.295818
1685512276142	1685512276135	-8.892	-6.311	1.769	0.801	0.242	0.540	-0.630	-10.288	3.019	126.974846	37.295818
1685512276152	1685512276142	-9.414	-6.404	1.724	1.063	0.224	0.436	-0.053	-10.187	2.844	126.974846	37.295818
1685512276162	1685512276152	-10.523	-6.625	1.741	1.345	0.263	0.254	0.022	-10.264	2.789	126.974846	37.295818
1685512276173	1685512276162	-11.791	-6.754	1.693	1.653	0.340	0.022	-0.515	-10.379	2.794	126.974846	37.295818
1685512276183	1685512276173	-12.821	-6.742	1.585	1.960	0.385	-0.193	-1.638	-10.606	2.887	126.974846	37.295818
1685512276194	1685512276183	-13.499	-6.596	1.250	2.243	0.337	-0.356	-2.911	-10.719	2.935	126.974846	37.295818
1685512276202	1685512276194	-13.733	-6.335	0.991	2.487	0.192	-0.468	-3.938	-10.664	2.938	126.974846	37.295818
1685512276212	1685512276202	-13.678	-6.232	0.718	2.655	-0.009	-0.552	-4.606	-10.455	2.720	126.974846	37.295818
1685512276222	1685512276212	-13.379	-5.957	0.567	2.728	-0.213	-0.651	-4.824	-10.106	2.583	126.974846	37.295818
1685512276233	1685512276222	-12.845	-5.574	0.443	2.709	-0.409	-0.794	-4.752	-9.919	2.399	126.974861	37.295830
1685512276242	1685512276234	-12.313	-5.126	0.373	2.601	-0.600	-0.983	-4.424	-9.538	2.330	126.974861	37.295830
1685512276254	1685512276242	-11.777	-4.523	0.239	2.401	-0.770	-1.210	-3.855	-9.036	2.263	126.974861	37.295830
1685512276265	1685512276254	-11.425	-4.068	0.242	2.109	-0.900	-1.478	-3.275	-8.437	2.231	126.974861	37.295830
1685512276272	1685512276265	-11.107	-3.658	0.405	1.759	-0.977	-1.783	-2.691	-7.695	2.105	126.974861	37.295830
1685512276282	1685512276272	-10.980	-3.539	0.551	1.379	-1.018	-2.116	-2.270	-7.049	2.088	126.974861	37.295830
1685512276293	1685512276283	-10.772	-3.541	0.560	0.982	-1.048	-2.474	-1.889	-6.462	2.215	126.974861	37.295830
1685512276303	1685512276293	-10.582	-3.637	0.484	0.605	-1.067	-2.823	-1.686	-6.122	2.306	126.974861	37.295830
1685512276316	1685512276303	-10.470	-3.668	0.397	0.282	-1.070	-3.130	-1.398	-5.878	2.241	126.974861	37.295830
1685512276324	1685512276316	-10.369	-3.766	0.192	0.028	-1.075	-3.389	-1.130	-5.698	2.076	126.974861	37.295830
1685512276335	1685512276324	-10.319	-3.862	0.048	-0.144	-1.060	-3.602	-0.941	-5.428	1.894	126.974861	37.295830
1685512276342	1685512276335	-10.199	-3.847	-0.132	-0.228	-1.032	-3.773	-0.766	-5.167	1.575	126.974861	37.295830
1685512276355	1685512276342	-10.159	-3.716	-0.299	-0.225	-0.993	-3.902	-0.661	-4.954	1.338	126.974861	37.295830
1685512276364	1685512276355	-10.149	-3.692	-0.352	-0.142	-0.946	-3.995	-0.491	-4.539	1.046	126.974861	37.295830
1685512276377	1685512276365	-10.070	-3.670	-0.515	-0.011	-0.898	-4.054	-0.421	-4.068	0.790	126.974861	37.295830
1685512276387	1685512276377	-9.943	-3.625	-0.565	0.148	-0.850	-4.081	-0.395	-3.656	0.646	126.974861	37.295830
1685512276395	1685512276387	-9.886	-3.603	-0.589	0.326	-0.799	-4.065	-0.318	-3.239	0.395	126.974861	37.295830
1685512276406	1685512276397	-9.687	-3.505	-0.541	0.514	-0.744	-4.010	-0.215	-2.715	0.244	126.974861	37.295830
1685512276417	1685512276406	-9.574	-3.230	-0.611	0.711	-0.696	-3.917	-0.187	-2.377	0.156	126.974861	37.295830
1685512276426	1685512276417	-9.371	-3.038	-0.582	0.903	-0.654	-3.785	-0.045	-1.848	0.115	126.974861	37.295830
1685512276438	1685512276428	-9.234	-2.916	-0.570	1.064	-0.613	-3.624	0.002	-1.228	-0.024	126.974861	37.295830
1685512276447	1685512276439	-9.131	-2.796	-0.534	1.172	-0.579	-3.438	0.120	-0.634	-0.084	126.974861	37.295830
1685512276457	1685512276449	-9.048	-2.818	-0.517	1.224	-0.550	-3.244	0.175	-0.201	-0.148	126.974861	37.295830
1685512276468	1685512276457	-8.981	-2.672	-0.524	1.233	-0.527	-3.036	0.151	0.340	-0.227	126.974861	37.295830
1685512276480	1685512276468	-8.902	-2.677	-0.500	1.213	-0.508	-2.817	0.160	0.532	-0.275	126.974861	37.295830
1685512276486	1685512276481	-8.753	-2.610	-0.520	1.180	-0.491	-2.585	0.115	0.979	-0.378	126.974861	37.295830
1685512276518	1685512276486	-8.660	-2.480	-0.572	1.136	-0.478	-2.347	0.105	1.188	-0.431	126.974861	37.295830
1685512276519	1685512276518	-8.559	-2.399	-0.613	1.069	-0.470	-2.114	0.153	1.482	-0.536	126.974861	37.295830
1685512276520	1685512276519	-8.552	-2.444	-0.481	0.976	-0.469	-1.880	0.180	1.755	-0.651	126.974861	37.295830
1685512276525	1685512276520	-8.655	-2.512	-0.419	0.866	-0.450	-1.653	0.199	1.999	-0.771	126.974861	37.295830
1685512276539	1685512276526	-8.859	-2.571	-0.381	0.760	-0.421	-1.438	0.165	2.033	-0.682	126.974861	37.295830
1685512276547	1685512276540	-9.100	-2.490	-0.340	0.678	-0.387	-1.233	0.022	2.042	-0.668	126.974861	37.295830
1685512276556	1685512276548	-9.335	-2.485	-0.354	0.621	-0.359	-1.025	-0.215	2.047	-0.673	126.974861	37.295830
1685512276566	1685512276557	-9.567	-2.423	-0.407	0.573	-0.326	-0.816	-0.491	2.186	-0.678	126.974861	37.295830
1685512276575	1685512276566	-9.740	-2.313	-0.464	0.513	-0.290	-0.612	-0.737	2.210	-0.718	126.974861	37.295830
1685512276585	1685512276575	-10.032	-2.306	-0.527	0.435	-0.272	-0.408	-0.977	2.286	-0.804	126.974861	37.295830
1685512276595	1685512276586	-10.534	-2.282	-0.663	0.342	-0.253	-0.205	-1.140	2.375	-0.876	126.974861	37.295830
1685512276605	1685512276596	-11.447	-2.224	-0.862	0.225	-0.199	-0.012	-1.415	2.349	-0.953	126.974861	37.295830
1685512276616	1685512276606	-12.251	-2.294	-1.022	0.072	-0.119	0.162	-1.896	2.332	-1.101	126.974861	37.295830
1685512276625	1685512276617	-12.711	-2.480	-1.188	-0.112	-0.032	0.342	-2.784	2.344	-1.305	126.974861	37.295830
1685512276638	1685512276626	-12.711	-2.686	-1.271	-0.324	0.023	0.574	-3.582	2.260	-1.480	126.974861	37.295830
1685512276647	1685512276638	-12.256	-2.895	-1.037	-0.556	0.023	0.869	-4.025	2.040	-1.642	126.974861	37.295830
1685512276656	1685512276647	-11.631	-3.199	-0.730	-0.770	0.002	1.203	-4.001	1.791	-1.712	126.974861	37.295830
1685512276667	1685512276657	-11.090	-3.527	-0.101	-0.926	0.018	1.532	-3.505	1.501	-1.446	126.974861	37.295830
1685512276678	1685512276667	-10.772	-3.989	0.431	-1.013	0.117	1.813	-2.832	1.106	-1.111	126.974861	37.295830
1685512276691	1685512276679	-10.508	-4.207	0.927	-1.009	0.287	2.032	-2.224	0.646	-0.438	126.974861	37.295830
1685512276695	1685512276691	-10.300	-4.123	1.140	-0.896	0.459	2.193	-1.832	0.024	0.141	126.974861	37.295830
1685512276704	1685512276695	-10.108	-3.955	1.379	-0.668	0.593	2.320	-1.480	-0.388	0.709	126.974861	37.295830
1685512276715	1685512276704	-9.876	-3.524	1.269	-0.370	0.704	2.415	-1.197	-0.484	0.991	126.974861	37.295830
1685512276723	1685512276715	-9.890	-3.170	1.173	-0.062	0.812	2.469	-0.924	-0.527	1.307	126.974861	37.295830
1685512276735	1685512276724	-10.274	-2.727	0.886	0.220	0.941	2.481	-0.611	-0.318	1.274	126.974861	37.295830
1685512276744	1685512276736	-10.666	-2.334	0.644	0.442	1.090	2.445	-0.548	-0.194	1.257	126.974861	37.295830
1685512276755	1685512276744	-11.042	-2.107	0.285	0.589	1.192	2.376	-0.862	0.014	1.051	126.974861	37.295830
1685512276765	1685512276756	-11.054	-1.997	0.031	0.674	1.207	2.321	-1.183	0.132	0.919	126.974861	37.295830
1685512276775	1685512276765	-10.853	-1.894	-0.113	0.671	1.136	2.297	-1.516	0.180	0.639	126.974861	37.295830
1685512276784	1685512276775	-10.501	-1.891	-0.204	0.558	0.997	2.279	-1.482	0.072	0.486	126.974861	37.295830
1685512276795	1685512276785	-10.092	-1.867	-0.115	0.357	0.850	2.266	-1.240	-0.041	0.438	126.974861	37.295830
1685512276803	1685512276795	-9.620	-1.946	-0.038	0.089	0.707	2.277	-0.855	-0.254	0.433	126.974861	37.295830
1685512276814	1685512276804	-9.163	-1.970	0.091	-0.217	0.577	2.314	-0.417	-0.448	0.599	126.974861	37.295830
1685512276825	1685512276815	-8.626	-2.059	0.283	-0.550	0.463	2.360	0.079	-0.769	0.749	126.974861	37.295830
1685512276837	1685512276826	-8.377	-2.387	0.594	-0.883	0.363	2.406	0.555	-0.996	0.931	126.974861	37.295830
1685512276845	1685512276837	-8.308	-2.631	0.759	-1.177	0.302	2.441	1.109	-1.317	1.171	126.974861	37.295830
1685512276857	1685512276846	-8.377	-2.679	0.845	-1.431	0.264	2.446	1.367	-1.889	1.525	126.974861	37.295830
1685512276866	1685512276858	-8.657	-2.851	0.812	-1.644	0.257	2.421	1.444	-2.406	1.726	126.974861	37.295830
1685512276875	1685512276866	-8.763	-2.933	0.639	-1.813	0.260	2.398	1.374	-2.682	1.836	126.974861	37.295830
1685512276890	1685512276875	-8.703	-3.029	0.474	-1.962	0.236	2.387	1.087	-3.132	1.829	126.974861	37.295830
1685512276895	1685512276890	-8.648	-3.335	0.299	-2.110	0.173	2.382	0.972	-3.440	1.674	126.974861	37.295830
1685512276905	1685512276895	-8.734	-3.467	0.129	-2.244	0.103	2.382	1.013	-3.790	1.518	126.974861	37.295830
1685512276916	1685512276905	-8.772	-3.615	0.060	-2.357	0.062	2.373	1.056	-4.278	1.312	126.974861	37.295830
1685512276925	1685512276916	-8.806	-3.996	0.084	-2.446	0.027	2.353	0.955	-4.594	1.104	126.974861	37.295830
1685512276936	1685512276925	-8.952	-4.278	0.103	-2.508	-0.021	2.342	0.898	-4.925	0.989	126.974861	37.295830
1685512276945	1685512276936	-9.232	-4.444	0.127	-2.549	-0.048	2.336	0.840	-5.509	0.960	126.974861	37.295830
1685512276956	1685512276945	-9.658	-4.578	0.213	-2.545	-0.039	2.315	0.673	-5.940	0.924	126.974861	37.295830
1685512276966	1685512276956	-9.986	-4.762	0.139	-2.483	-0.023	2.298	0.364	-6.294	0.876	126.974861	37.295830
1685512276977	1685512276966	-10.250	-4.839	0.127	-2.385	-0.026	2.304	-0.084	-6.570	0.903	126.974861	37.295830
1685512276986	1685512276978	-10.376	-4.855	-0.014	-2.269	-0.029	2.316	-0.445	-6.929	0.766	126.974861	37.295830
1685512276997	1685512276986	-10.424	-5.011	-0.151	-2.148	-0.045	2.335	-0.749	-7.195	0.692	126.974861	37.295830
1685512277008	1685512276997	-10.269	-5.164	-0.101	-2.040	-0.071	2.351	-0.931	-7.441	0.484	126.974861	37.295830
1685512277018	1685512277009	-10.216	-5.318	0.022	-1.938	-0.077	2.346	-1.034	-7.796	0.290	126.974861	37.295830
1685512277028	1685512277018	-10.130	-5.480	0.278	-1.834	-0.064	2.319	-0.946	-8.176	0.275	126.974861	37.295830
1685512277040	1685512277028	-10.022	-5.583	0.455	-1.729	-0.038	2.270	-0.967	-8.554	0.328	126.974861	37.295830
1685512277048	1685512277040	-9.924	-5.612	0.694	-1.616	0.004	2.198	-0.958	-8.938	0.517	126.974861	37.295830
1685512277058	1685512277049	-9.773	-5.696	0.742	-1.499	0.050	2.101	-0.931	-9.251	0.630	126.974861	37.295830
1685512277068	1685512277059	-9.687	-5.681	0.814	-1.377	0.086	1.996	-0.931	-9.519	0.797	126.974861	37.295830
1685512277080	1685512277068	-9.878	-5.760	0.838	-1.263	0.126	1.870	-0.848	-9.756	0.800	126.974861	37.295830
1685512277086	1685512277081	-10.187	-5.981	1.015	-1.142	0.198	1.720	-0.855	-9.936	0.816	126.974861	37.295830
1685512277108	1685512277087	-10.659	-6.235	1.159	-1.005	0.286	1.556	-1.118	-10.163	0.802	126.974861	37.295830
1685512277109	1685512277109	-11.157	-6.230	1.223	-0.864	0.380	1.387	-1.511	-10.549	0.941	126.974861	37.295830
1685512277116	1685512277109	-11.480	-6.328	1.152	-0.716	0.453	1.239	-2.049	-10.922	1.065	126.974861	37.295830
1685512277125	1685512277116	-11.490	-6.330	0.960	-0.579	0.469	1.129	-2.624	-11.059	1.120	126.974861	37.295830
1685512277136	1685512277125	-11.475	-6.373	0.785	-0.479	0.428	1.042	-2.998	-11.241	1.051	126.974861	37.295830
1685512277145	1685512277137	-11.729	-6.479	0.773	-0.442	0.353	0.944	-3.067	-11.349	0.871	126.974861	37.295830
1685512277155	1685512277145	-12.280	-6.618	0.802	-0.473	0.298	0.801	-3.100	-11.471	0.709	126.974861	37.295830
1685512277164	1685512277155	-12.543	-6.692	0.950	-0.522	0.309	0.623	-3.412	-11.669	0.704	126.974861	37.295830
1685512277173	1685512277164	-12.325	-6.800	1.219	-0.553	0.327	0.456	-3.996	-11.861	0.733	126.974861	37.295830
1685512277183	1685512277174	-11.708	-6.883	1.504	-0.560	0.288	0.325	-4.298	-11.997	0.879	126.974861	37.295830
1685512277194	1685512277184	-10.788	-6.852	1.676	-0.525	0.217	0.215	-4.099	-12.134	1.144	126.974861	37.295830
1685512277203	1685512277194	-10.077	-6.826	1.762	-0.436	0.167	0.082	-3.500	-12.249	1.422	126.974861	37.295830
1685512277215	1685512277203	-9.333	-6.850	1.707	-0.293	0.160	-0.086	-2.591	-12.232	1.587	126.974861	37.295830
1685512277224	1685512277215	-8.897	-6.768	1.542	-0.105	0.184	-0.280	-1.884	-12.213	1.662	126.974861	37.295830
1685512277235	1685512277224	-8.835	-6.574	1.381	0.109	0.219	-0.507	-1.135	-12.230	1.604	126.974861	37.295830
1685512277243	1685512277235	-9.237	-6.493	1.221	0.338	0.263	-0.764	-0.682	-12.122	1.451	126.974861	37.295830
1685512277254	1685512277243	-10.123	-6.479	1.085	0.578	0.318	-1.038	-0.594	-11.890	1.312	126.974884	37.295834
1685512277267	1685512277254	-11.037	-6.378	1.037	0.823	0.375	-1.308	-0.953	-11.739	1.195	126.974884	37.295834
1685512277275	1685512277267	-11.751	-6.376	0.903	1.070	0.397	-1.539	-1.791	-11.645	1.109	126.974884	37.295834
1685512277285	1685512277275	-12.340	-6.464	0.821	1.326	0.368	-1.707	-2.638	-11.437	1.135	126.974884	37.295834
1685512277295	1685512277285	-12.629	-6.182	0.608	1.578	0.299	-1.818	-3.275	-11.303	1.087	126.974884	37.295834
1685512277305	1685512277295	-12.874	-5.895	0.498	1.801	0.211	-1.900	-3.776	-11.226	1.111	126.974884	37.295834
1685512277316	1685512277305	-13.137	-5.622	0.321	1.979	0.117	-1.972	-3.989	-10.800	0.986	126.974884	37.295834
1685512277324	1685512277316	-13.230	-5.440	0.304	2.103	0.035	-2.055	-4.149	-10.338	0.977	126.974884	37.295834
1685512277337	1685512277325	-13.238	-5.107	0.263	2.175	-0.022	-2.164	-4.326	-9.883	0.895	126.974884	37.295834
1685512277346	1685512277338	-13.075	-4.884	0.201	2.206	-0.068	-2.283	-4.334	-9.505	0.970	126.974884	37.295834
1685512277356	1685512277346	-12.665	-4.547	0.163	2.197	-0.136	-2.404	-4.257	-8.964	1.013	126.974884	37.295834
1685512277366	1685512277356	-12.270	-4.271	0.101	2.139	-0.224	-2.535	-3.991	-8.473	1.041	126.974884	37.295834
1685512277376	1685512277366	-11.724	-4.104	0.103	2.037	-0.314	-2.683	-3.512	-7.944	1.056	126.974884	37.295834
1685512277386	1685512277376	-11.322	-4.053	0.038	1.896	-0.381	-2.843	-3.033	-7.415	1.044	126.974884	37.295834
1685512277398	1685512277386	-11.035	-3.862	-0.041	1.740	-0.424	-3.013	-2.404	-6.979	1.077	126.974884	37.295834
1685512277407	1685512277399	-10.903	-3.965	-0.146	1.596	-0.447	-3.185	-1.918	-6.644	1.030	126.974884	37.295834
1685512277418	1685512277407	-10.740	-3.862	-0.158	1.483	-0.459	-3.345	-1.554	-6.151	0.953	126.974884	37.295834
1685512277428	1685512277418	-10.685	-3.730	-0.235	1.412	-0.465	-3.483	-1.343	-5.902	0.838	126.974884	37.295834
1685512277439	1685512277428	-10.561	-3.620	-0.232	1.378	-0.475	-3.594	-1.123	-5.497	0.809	126.974884	37.295834
1685512277448	1685512277440	-10.434	-3.601	-0.333	1.365	-0.491	-3.686	-1.013	-5.016	0.709	126.974884	37.295834
1685512277459	1685512277448	-10.463	-3.524	-0.383	1.379	-0.498	-3.752	-0.843	-4.544	0.680	126.974884	37.295834
1685512277468	1685512277459	-10.400	-3.369	-0.429	1.421	-0.498	-3.785	-0.682	-4.118	0.539	126.974884	37.295834
1685512277479	1685512277468	-10.424	-3.249	-0.462	1.483	-0.494	-3.793	-0.694	-3.701	0.448	126.974884	37.295834
1685512277493	1685512277479	-10.374	-3.065	-0.570	1.554	-0.481	-3.776	-0.630	-3.124	0.347	126.974884	37.295834
1685512277498	1685512277493	-10.259	-2.935	-0.548	1.607	-0.481	-3.732	-0.666	-2.662	0.266	126.974884	37.295834
1685512277520	1685512277498	-10.185	-2.871	-0.548	1.626	-0.490	-3.664	-0.642	-2.100	0.098	126.974884	37.295834
1685512277521	1685512277520	-10.046	-2.780	-0.582	1.621	-0.502	-3.571	-0.565	-1.597	0.055	126.974884	37.295834
1685512277527	1685512277521	-9.981	-2.720	-0.534	1.604	-0.513	-3.454	-0.543	-1.168	-0.014	126.974884	37.295834
1685512277539	1685512277528	-9.938	-2.660	-0.591	1.563	-0.522	-3.316	-0.469	-0.725	-0.127	126.974884	37.295834
1685512277547	1685512277539	-10.022	-2.583	-0.512	1.495	-0.531	-3.161	-0.488	-0.297	-0.172	126.974884	37.295834
1685512277557	1685512277550	-10.015	-2.464	-0.560	1.410	-0.542	-2.992	-0.520	0.048	-0.311	126.974884	37.295834
1685512277567	1685512277559	-9.967	-2.394	-0.704	1.315	-0.550	-2.812	-0.702	0.455	-0.333	126.974884	37.295834
1685512277579	1685512277568	-9.795	-2.195	-0.821	1.217	-0.571	-2.615	-0.781	0.826	-0.467	126.974884	37.295834
1685512277588	1685512277580	-9.517	-2.131	-0.790	1.095	-0.629	-2.392	-0.828	1.154	-0.706	126.974884	37.295834
1685512277597	1685512277588	-9.323	-2.162	-0.881	0.931	-0.699	-2.159	-0.752	1.590	-0.919	126.974884	37.295834
1685512277607	1685512277598	-9.347	-2.294	-0.876	0.745	-0.738	-1.933	-0.577	1.889	-0.998	126.974884	37.295834
1685512277617	1685512277607	-9.311	-2.354	-0.881	0.566	-0.738	-1.715	-0.462	2.023	-1.176	126.974884	37.295834
1685512277627	1685512277617	-9.309	-2.449	-0.948	0.412	-0.724	-1.492	-0.563	2.045	-1.259	126.974884	37.295834
1685512277641	1685512277627	-9.266	-2.380	-0.840	0.285	-0.720	-1.253	-0.594	2.109	-1.341	126.974884	37.295834
1685512277647	1685512277641	-9.184	-2.318	-0.788	0.177	-0.711	-1.010	-0.656	2.128	-1.482	126.974884	37.295834
1685512277657	1685512277648	-8.950	-2.361	-0.737	0.088	-0.695	-0.782	-0.649	2.260	-1.422	126.974884	37.295834
1685512277670	1685512277657	-8.665	-2.447	-0.771	0.013	-0.671	-0.566	-0.615	2.399	-1.437	126.974884	37.295834
1685512277680	1685512277670	-8.444	-2.459	-0.730	-0.055	-0.630	-0.365	-0.383	2.363	-1.403	126.974884	37.295834
1685512277694	1685512277680	-8.528	-2.449	-0.778	-0.112	-0.573	-0.183	-0.105	2.284	-1.468	126.974884	37.295834
1685512277699	1685512277694	-8.933	-2.545	-0.788	-0.164	-0.483	-0.024	0.124	2.248	-1.441	126.974884	37.295834
1685512277721	1685512277699	-9.694	-2.689	-0.910	-0.208	-0.354	0.110	0.065	2.215	-1.487	126.974884	37.295834
1685512277722	1685512277722	-10.465	-2.677	-0.989	-0.239	-0.191	0.243	-0.309	2.066	-1.484	126.974884	37.295834
1685512277739	1685512277722	-11.150	-2.840	-1.073	-0.270	-0.042	0.398	-1.037	1.860	-1.590	126.974884	37.295834
1685512277740	1685512277739	-11.499	-3.053	-1.159	-0.303	0.061	0.602	-1.765	1.796	-1.626	126.974884	37.295834
1685512277746	1685512277740	-11.411	-3.108	-1.099	-0.335	0.149	0.865	-2.404	1.549	-1.659	126.974884	37.295834
1685512277757	1685512277746	-10.649	-3.170	-0.912	-0.352	0.226	1.167	-2.727	1.286	-1.729	126.974884	37.295834
1685512277765	1685512277761	-9.773	-3.182	-0.599	-0.349	0.257	1.494	-2.595	1.149	-1.638	126.974884	37.295834
1685512277775	1685512277766	-9.220	-3.546	-0.215	-0.332	0.271	1.815	-1.788	0.996	-1.420	126.974884	37.295834
1685512277785	1685512277775	-9.342	-3.874	0.211	-0.298	0.376	2.060	-0.845	0.838	-1.065	126.974884	37.295834
1685512277796	1685512277785	-10.070	-4.068	0.584	-0.225	0.586	2.202	-0.225	0.330	-0.649	126.974884	37.295834
1685512277806	1685512277797	-11.083	-4.211	0.764	-0.097	0.836	2.275	-0.268	-0.182	-0.177	126.974884	37.295834
1685512277818	1685512277807	-11.892	-4.319	0.819	0.094	1.053	2.334	-0.915	-0.575	0.256	126.974884	37.295834
1685512277826	1685512277820	-12.309	-4.257	0.646	0.325	1.219	2.418	-1.848	-0.929	0.517	126.974884	37.295834
1685512277836	1685512277826	-12.371	-4.053	0.431	0.567	1.301	2.539	-2.581	-1.252	0.666	126.974884	37.295834
1685512277845	1685512277836	-12.141	-3.713	0.266	0.800	1.290	2.677	-2.919	-1.439	0.608	126.974884	37.295834
1685512277855	1685512277845	-11.727	-3.644	0.206	0.979	1.236	2.793	-2.919	-1.451	0.488	126.974884	37.295834
1685512277867	1685512277856	-11.119	-3.577	0.160	1.073	1.166	2.860	-2.619	-1.389	0.438	126.974884	37.295834
1685512277877	1685512277867	-10.336	-3.438	0.297	1.053	1.087	2.863	-2.150	-1.559	0.464	126.974884	37.295834
1685512277889	1685512277878	-9.752	-3.397	0.611	0.936	1.002	2.823	-1.492	-1.762	0.510	126.974884	37.295834
1685512277898	1685512277889	-9.017	-3.163	0.766	0.786	0.943	2.768	-0.663	-1.896	0.733	126.974884	37.295834
1685512277908	1685512277898	-8.382	-2.935	0.991	0.601	0.881	2.668	-0.041	-2.150	1.140	126.974884	37.295834
1685512277916	1685512277908	-7.726	-2.792	1.142	0.354	0.823	2.513	0.716	-2.155	1.369	126.974884	37.295834
1685512277927	1685512277916	-7.338	-2.964	1.267	0.060	0.795	2.342	1.367	-2.184	1.676	126.974884	37.295834
1685512277940	1685512277927	-7.199	-3.299	1.372	-0.257	0.792	2.184	2.033	-2.282	1.906	126.974884	37.295834
1685512277947	1685512277940	-7.116	-3.598	1.429	-0.544	0.815	2.039	2.425	-2.682	2.107	126.974884	37.295834
1685512277957	1685512277947	-7.230	-3.677	1.403	-0.755	0.852	1.901	2.559	-3.235	2.289	126.974884	37.295834
1685512277967	1685512277958	-7.324	-3.831	1.379	-0.870	0.869	1.806	2.634	-3.778	2.442	126.974884	37.295834
1685512277978	1685512277967	-7.427	-3.747	1.286	-0.902	0.867	1.780	2.507	-4.010	2.480	126.974884	37.295834
1685512277988	1685512277978	-7.599	-3.742	1.413	-0.872	0.852	1.798	2.397	-4.350	2.538	126.974884	37.295834
1685512277999	1685512277988	-7.989	-3.682	1.480	-0.815	0.831	1.819	2.272	-4.451	2.523	126.974884	37.295834
1685512278008	1685512277999	-8.332	-3.620	1.508	-0.748	0.821	1.819	2.073	-4.630	2.725	126.974884	37.295834
1685512278019	1685512278008	-8.593	-3.589	1.374	-0.695	0.812	1.803	1.659	-4.731	2.851	126.974884	37.295834
1685512278030	1685512278019	-8.662	-3.591	1.408	-0.701	0.778	1.794	1.286	-4.848	2.945	126.974884	37.295834
1685512278039	1685512278031	-8.792	-3.723	1.425	-0.779	0.721	1.807	1.001	-4.954	2.859	126.974884	37.295834
1685512278048	1685512278043	-9.084	-4.044	1.398	-0.902	0.666	1.834	0.900	-5.104	2.940	126.974884	37.295834
1685512278061	1685512278050	-9.493	-4.192	1.429	-1.008	0.654	1.857	0.742	-5.380	2.993	126.974884	37.295834
1685512278070	1685512278062	-9.924	-4.235	1.549	-1.074	0.659	1.856	0.414	-5.863	2.995	126.974884	37.295834
1685512278080	1685512278070	-10.197	-4.348	1.614	-1.119	0.663	1.857	-0.017	-6.127	3.036	126.974884	37.295834
1685512278100	1685512278081	-10.276	-4.463	1.774	-1.147	0.632	1.891	-0.479	-6.311	3.165	126.974884	37.295834
1685512278101	1685512278100	-10.080	-4.451	1.702	-1.157	0.573	1.925	-0.797	-6.596	3.266	126.974884	37.295834
1685512278118	1685512278101	-9.840	-4.583	1.786	-1.166	0.516	1.934	-0.931	-6.910	3.457	126.974884	37.295834
1685512278118	1685512278118	-9.732	-4.846	1.896	-1.164	0.469	1.916	-0.795	-7.096	3.409	126.974884	37.295834
1685512278126	1685512278118	-9.833	-5.179	1.923	-1.142	0.440	1.861	-0.613	-7.415	3.503	126.974884	37.295834
1685512278137	1685512278127	-9.934	-5.150	1.994	-1.136	0.412	1.759	-0.567	-7.870	3.620	126.974884	37.295834
1685512278162	1685512278137	-10.168	-5.488	2.258	-1.137	0.384	1.633	-0.740	-8.411	3.651	126.974884	37.295834
1685512278162	1685512278162	-10.381	-5.619	2.354	-1.090	0.358	1.502	-0.898	-8.543	3.723	126.974884	37.295834
1685512278165	1685512278162	-10.719	-5.717	2.512	-1.023	0.321	1.367	-1.204	-9.064	3.982	126.974884	37.295834
1685512278176	1685512278165	-10.812	-5.784	2.468	-0.966	0.298	1.242	-1.472	-9.333	4.070	126.974884	37.295834
1685512278186	1685512278176	-10.848	-5.655	2.421	-0.904	0.281	1.136	-1.867	-9.572	4.219	126.974884	37.295834
1685512278196	1685512278186	-10.681	-5.765	2.468	-0.837	0.260	1.037	-2.014	-9.764	4.164	126.974884	37.295834
1685512278206	1685512278196	-10.570	-6.218	2.330	-0.761	0.210	0.932	-2.105	-9.761	4.104	126.974884	37.295834
1685512278215	1685512278206	-10.724	-6.258	2.100	-0.701	0.134	0.793	-1.980	-9.965	4.140	126.974884	37.295834
1685512278225	1685512278216	-11.411	-6.357	2.131	-0.670	0.093	0.617	-1.913	-10.511	3.986	126.974884	37.295834
1685512278237	1685512278226	-12.244	-6.476	2.370	-0.650	0.108	0.459	-2.102	-10.633	3.737	126.974884	37.295834
1685512278245	1685512278238	-12.718	-6.608	2.591	-0.622	0.136	0.319	-2.818	-10.795	3.747	126.974884	37.295834
1685512278255	1685512278246	-12.486	-6.613	2.646	-0.618	0.122	0.177	-3.675	-10.965	3.967	126.974884	37.295834
1685512278268	1685512278256	-11.370	-6.589	2.775	-0.602	0.066	0.084	-4.168	-11.140	4.168	126.974899	37.295841
1685512278275	1685512278268	-9.857	-6.668	2.761	-0.530	-0.020	0.051	-3.946	-11.167	4.209	126.974899	37.295841
1685512278287	1685512278276	-8.777	-6.694	2.567	-0.369	-0.127	0.000	-2.832	-11.157	4.317	126.974899	37.295841
1685512278298	1685512278287	-8.284	-6.656	2.521	-0.138	-0.224	-0.133	-1.322	-11.250	4.276	126.974899	37.295841
1685512278306	1685512278298	-8.677	-6.615	2.334	0.098	-0.272	-0.354	-0.239	-11.281	4.056	126.974899	37.295841
1685512278321	1685512278306	-9.890	-6.500	2.354	0.312	-0.259	-0.643	0.261	-11.234	3.984	126.974899	37.295841
1685512278326	1685512278321	-11.384	-6.572	2.370	0.497	-0.197	-0.966	-0.108	-11.157	3.776	126.974899	37.295841
1685512278337	1685512278326	-12.620	-6.735	2.150	0.657	-0.151	-1.260	-1.293	-10.989	3.788	126.974899	37.295841
1685512278346	1685512278338	-13.628	-6.721	1.894	0.820	-0.175	-1.477	-2.741	-10.970	3.809	126.974899	37.295841
1685512278357	1685512278347	-14.083	-6.627	1.583	0.979	-0.249	-1.604	-3.919	-11.016	3.606	126.974899	37.295841
1685512278367	1685512278358	-14.133	-6.469	1.223	1.113	-0.357	-1.670	-4.858	-10.846	3.369	126.974899	37.295841
1685512278377	1685512278368	-14.028	-6.167	0.886	1.199	-0.495	-1.732	-5.250	-10.611	3.074	126.974899	37.295841
1685512278388	1685512278377	-13.862	-5.768	0.673	1.225	-0.615	-1.824	-5.224	-10.271	2.727	126.974899	37.295841
1685512278398	1685512278388	-13.455	-5.547	0.611	1.207	-0.687	-1.946	-5.054	-9.814	2.389	126.974899	37.295841
1685512278408	1685512278398	-13.010	-5.315	0.658	1.152	-0.757	-2.092	-4.808	-9.213	2.164	126.974899	37.295841
1685512278420	1685512278410	-12.500	-5.085	0.582	1.081	-0.822	-2.255	-4.331	-8.818	2.083	126.974899	37.295841
1685512278428	1685512278421	-11.727	-4.860	0.565	0.993	-0.865	-2.436	-3.809	-8.377	2.097	126.974899	37.295841
1685512278439	1685512278429	-11.193	-4.796	0.620	0.886	-0.900	-2.629	-3.220	-7.922	1.978	126.974899	37.295841
1685512278450	1685512278440	-10.795	-4.671	0.651	0.786	-0.932	-2.828	-2.354	-7.410	1.894	126.974899	37.295841
1685512278459	1685512278450	-10.587	-4.451	0.668	0.711	-0.951	-3.034	-1.760	-7.137	1.899	126.974899	37.295841
1685512278470	1685512278459	-10.475	-4.312	0.666	0.676	-0.955	-3.239	-1.274	-6.680	1.846	126.974899	37.295841
1685512278482	1685512278472	-10.341	-4.202	0.520	0.682	-0.953	-3.421	-1.006	-6.191	1.793	126.974899	37.295841
1685512278489	1685512278483	-10.223	-4.166	0.584	0.712	-0.954	-3.582	-0.831	-5.734	1.709	126.974899	37.295841
1685512278503	1685512278503	-10.190	-4.259	0.603	0.781	-0.965	-3.717	-0.644	-5.286	1.480	126.974899	37.295841
1685512278521	1685512278503	-10.233	-4.027	0.522	0.907	-0.974	-3.812	-0.481	-4.860	1.448	126.974899	37.295841
1685512278522	1685512278521	-10.314	-3.716	0.369	1.059	-0.957	-3.880	-0.424	-4.621	1.386	126.974899	37.295841
1685512278528	1685512278522	-10.324	-3.474	0.208	1.206	-0.931	-3.916	-0.453	-4.008	1.211	126.974899	37.295841
1685512278540	1685512278528	-10.230	-3.225	0.180	1.346	-0.911	-3.934	-0.536	-3.311	0.962	126.974899	37.295841
1685512278548	1685512278540	-10.068	-3.201	0.136	1.488	-0.886	-3.922	-0.565	-2.679	0.704	126.974899	37.295841
1685512278559	1685512278548	-9.974	-3.124	0.129	1.635	-0.864	-3.870	-0.505	-2.042	0.572	126.974899	37.295841
1685512278568	1685512278559	-9.754	-2.993	-0.010	1.778	-0.837	-3.797	-0.407	-1.556	0.402	126.974899	37.295841
1685512278579	1685512278570	-9.634	-2.763	-0.165	1.891	-0.815	-3.712	-0.366	-1.178	0.304	126.974899	37.295841
1685512278589	1685512278581	-9.527	-2.540	-0.273	1.967	-0.806	-3.603	-0.227	-0.680	0.048	126.974899	37.295841
1685512278600	1685512278589	-9.433	-2.270	-0.225	1.995	-0.797	-3.465	-0.199	-0.098	-0.230	126.974899	37.295841
1685512278609	1685512278600	-9.239	-2.148	-0.048	1.990	-0.794	-3.300	-0.194	0.457	-0.469	126.974899	37.295841
1685512278619	1685512278609	-8.985	-2.100	-0.055	1.969	-0.797	-3.125	-0.213	1.044	-0.558	126.974899	37.295841
1685512278629	1685512278620	-8.739	-2.033	0.000	1.930	-0.795	-2.941	-0.148	1.489	-0.536	126.974899	37.295841
1685512278641	1685512278629	-8.452	-1.913	-0.101	1.861	-0.784	-2.728	0.000	1.774	-0.673	126.974899	37.295841
1685512278649	1685512278642	-8.147	-1.700	-0.069	1.763	-0.766	-2.484	0.132	2.071	-0.754	126.974899	37.295841
1685512278661	1685512278650	-7.829	-1.547	0.005	1.662	-0.735	-2.221	0.316	2.380	-0.982	126.974899	37.295841
1685512278670	1685512278662	-7.688	-1.525	0.151	1.556	-0.709	-1.952	0.522	2.761	-1.082	126.974899	37.295841
1685512278680	1685512278670	-7.587	-1.386	0.014	1.458	-0.671	-1.684	0.783	3.005	-1.094	126.974899	37.295841
1685512278689	1685512278680	-7.642	-1.336	-0.036	1.332	-0.605	-1.423	0.845	3.141	-1.068	126.974899	37.295841
1685512278699	1685512278689	-7.441	-1.403	0.024	1.164	-0.545	-1.172	0.888	3.361	-1.300	126.974899	37.295841
1685512278714	1685512278699	-7.420	-1.384	0.036	0.971	-0.501	-0.916	0.769	3.496	-1.456	126.974899	37.295841
1685512278720	1685512278715	-7.585	-1.233	-0.077	0.760	-0.452	-0.672	0.903	3.510	-1.496	126.974899	37.295841
1685512278729	1685512278721	-8.114	-1.228	-0.091	0.534	-0.382	-0.447	0.871	3.589	-1.575	126.974899	37.295841
1685512278740	1685512278729	-8.969	-1.276	-0.230	0.286	-0.302	-0.239	0.666	3.783	-1.762	126.974899	37.295841
1685512278750	1685512278740	-9.957	-1.484	-0.584	0.013	-0.204	-0.033	0.105	3.819	-1.841	126.974899	37.295841
1685512278761	1685512278751	-10.884	-1.719	-0.702	-0.277	-0.087	0.202	-0.764	3.785	-2.016	126.974899	37.295841
1685512278768	1685512278761	-11.202	-2.198	-1.037	-0.553	0.034	0.500	-1.760	3.579	-2.389	126.974899	37.295841
1685512278781	1685512278770	-11.107	-2.531	-1.003	-0.827	0.139	0.866	-2.679	3.333	-2.500	126.974899	37.295841
1685512278788	1685512278781	-10.872	-2.409	-0.917	-1.134	0.253	1.266	-2.971	2.823	-2.806	126.974899	37.295841
1685512278798	1685512278789	-10.690	-2.564	-0.548	-1.447	0.376	1.654	-2.830	2.433	-2.720	126.974899	37.295841
1685512278807	1685512278798	-10.783	-3.134	0.158	-1.709	0.522	1.988	-2.521	2.461	-2.547	126.974899	37.295841
1685512278818	1685512278808	-11.246	-3.666	0.646	-1.858	0.744	2.259	-2.263	2.200	-2.088	126.974899	37.295841
1685512278828	1685512278819	-11.492	-4.144	1.068	-1.851	1.009	2.500	-2.255	1.487	-1.257	126.974899	37.295841
1685512278839	1685512278828	-11.519	-4.642	1.652	-1.662	1.247	2.732	-2.605	0.788	-0.620	126.974899	37.295841
1685512278847	1685512278840	-11.566	-4.650	2.143	-1.262	1.411	2.958	-2.729	0.113	-0.031	126.974899	37.295841
1685512278858	1685512278848	-11.839	-4.542	2.456	-0.700	1.516	3.122	-2.631	-0.608	0.730	126.974899	37.295841
1685512278868	1685512278859	-12.409	-4.283	2.523	-0.087	1.613	3.195	-2.514	-0.948	1.451	126.974899	37.295841
1685512278878	1685512278869	-12.938	-4.070	2.567	0.518	1.730	3.213	-2.703	-1.034	1.877	126.974899	37.295841
