1685512379025	1685512379025	-9.934	-3.730	-0.350	-0.629	0.518	2.107	-9.572	5.442	-5.708	126.975250	37.295315
1685512379034	1685512379025	-9.586	-3.996	0.417	-0.709	0.600	2.475	-8.645	5.092	-5.325	126.975250	37.295315
1685512379043	1685512379034	-9.720	-4.262	1.070	-0.742	0.782	2.732	-7.649	4.757	-4.693	126.975250	37.295315
1685512379054	1685512379044	-10.185	-4.539	1.556	-0.709	1.020	2.876	-7.068	4.460	-3.852	126.975250	37.295315
1685512379063	1685512379055	-10.872	-4.673	1.863	-0.564	1.291	2.935	-6.936	4.154	-3.115	126.975250	37.295315
1685512379074	1685512379064	-11.667	-4.614	1.913	-0.293	1.570	2.961	-7.118	3.821	-2.540	126.975250	37.295315
1685512379083	1685512379075	-12.510	-4.420	1.697	0.086	1.830	2.980	-7.451	3.601	-2.126	126.975250	37.295315
1685512379093	1685512379084	-13.364	-4.108	1.348	0.516	2.065	2.988	-7.999	3.587	-2.014	126.975250	37.295315
1685512379103	1685512379094	-13.882	-3.809	0.678	0.920	2.241	2.998	-8.466	3.637	-2.152	126.975250	37.295315
1685512379115	1685512379104	-14.059	-3.725	0.189	1.224	2.323	3.034	-9.067	3.833	-2.466	126.975250	37.295315
1685512379123	1685512379115	-13.786	-3.785	-0.280	1.398	2.298	3.095	-9.232	3.948	-3.105	126.975250	37.295315
1685512379133	1685512379124	-13.221	-3.768	-0.575	1.454	2.172	3.152	-9.122	3.857	-3.577	126.975250	37.295315
1685512379143	1685512379134	-12.596	-3.656	-0.646	1.434	1.987	3.186	-8.468	3.546	-4.032	126.975250	37.295315
1685512379154	1685512379144	-11.799	-3.488	-0.412	1.350	1.785	3.186	-7.654	3.381	-4.314	126.975250	37.295315
1685512379163	1685512379154	-11.210	-3.227	-0.024	1.195	1.620	3.153	-6.701	3.232	-4.372	126.975250	37.295315
1685512379176	1685512379164	-10.506	-3.093	0.532	0.968	1.480	3.093	-5.622	3.158	-4.120	126.975250	37.295315
1685512379183	1685512379176	-9.795	-3.038	1.041	0.679	1.326	3.015	-4.767	3.177	-3.709	126.975250	37.295315
1685512379194	1685512379184	-8.976	-2.907	1.487	0.353	1.159	2.919	-3.814	3.072	-3.117	126.975250	37.295315
1685512379203	1685512379194	-8.483	-2.830	1.686	0.018	1.045	2.793	-2.828	2.849	-2.547	126.975250	37.295315
1685512379214	1685512379204	-8.049	-2.878	1.856	-0.303	0.993	2.622	-1.839	2.806	-2.052	126.975250	37.295315
1685512379224	1685512379214	-7.963	-2.945	1.891	-0.601	0.997	2.420	-1.152	2.682	-1.779	126.975250	37.295315
1685512379238	1685512379224	-7.994	-3.060	1.899	-0.847	1.034	2.213	-0.543	2.449	-1.520	126.975235	37.295307
1685512379243	1685512379238	-8.061	-3.187	1.753	-1.038	1.075	2.026	-0.297	2.217	-1.377	126.975235	37.295307
1685512379254	1685512379244	-8.100	-3.388	1.609	-1.210	1.071	1.862	-0.182	1.958	-1.245	126.975235	37.295307
1685512379264	1685512379254	-7.903	-3.584	1.425	-1.368	1.013	1.720	-0.103	1.690	-1.243	126.975235	37.295307
1685512379275	1685512379264	-7.798	-3.757	1.283	-1.505	0.911	1.603	-0.031	1.389	-1.257	126.975235	37.295307
1685512379284	1685512379275	-7.774	-3.831	1.144	-1.610	0.809	1.510	0.273	1.089	-1.293	126.975235	37.295307
1685512379295	1685512379284	-7.958	-3.979	1.144	-1.673	0.735	1.437	0.476	0.826	-1.290	126.975235	37.295307
1685512379304	1685512379295	-8.138	-4.183	1.283	-1.693	0.681	1.367	0.637	0.611	-1.226	126.975235	37.295307
1685512379314	1685512379304	-8.387	-4.288	1.331	-1.675	0.646	1.294	0.548	0.357	-1.068	126.975235	37.295307
1685512379324	1685512379314	-8.660	-4.228	1.312	-1.609	0.613	1.218	0.467	0.045	-0.759	126.975235	37.295307
1685512379335	1685512379324	-8.835	-4.231	1.269	-1.520	0.569	1.147	0.287	-0.141	-0.575	126.975235	37.295307
1685512379344	1685512379335	-8.882	-4.173	1.290	-1.443	0.508	1.089	0.081	-0.163	-0.457	126.975235	37.295307
1685512379357	1685512379344	-8.942	-4.233	1.305	-1.398	0.440	1.036	-0.031	-0.242	-0.378	126.975235	37.295307
1685512379364	1685512379358	-8.928	-4.175	1.290	-1.374	0.379	0.983	-0.029	-0.254	-0.247	126.975235	37.295307
1685512379375	1685512379364	-9.043	-4.195	1.279	-1.362	0.334	0.926	-0.043	-0.378	-0.136	126.975235	37.295307
1685512379386	1685512379375	-9.160	-4.221	1.247	-1.370	0.297	0.867	0.012	-0.385	-0.053	126.975235	37.295307
1685512379394	1685512379386	-9.476	-4.223	1.243	-1.388	0.283	0.798	-0.072	-0.448	0.002	126.975235	37.295307
1685512379404	1685512379394	-9.697	-4.250	1.252	-1.415	0.302	0.716	-0.158	-0.524	0.053	126.975235	37.295307
1685512379416	1685512379404	-10.015	-4.401	1.183	-1.460	0.303	0.626	-0.453	-0.563	0.110	126.975235	37.295307
1685512379424	1685512379417	-10.101	-4.503	1.274	-1.494	0.302	0.539	-0.649	-0.622	0.194	126.975235	37.295307
1685512379434	1685512379424	-10.127	-4.628	1.338	-1.504	0.287	0.464	-0.948	-0.804	0.196	126.975235	37.295307
1685512379444	1685512379435	-9.984	-4.745	1.379	-1.493	0.257	0.406	-1.013	-0.939	0.371	126.975235	37.295307
1685512379456	1685512379444	-9.833	-4.836	1.518	-1.454	0.230	0.362	-1.025	-1.085	0.505	126.975235	37.295307
1685512379464	1685512379456	-9.764	-4.922	1.602	-1.371	0.228	0.319	-0.864	-1.226	0.620	126.975235	37.295307
1685512379477	1685512379464	-9.816	-4.851	1.379	-1.255	0.233	0.272	-0.699	-1.341	0.831	126.975235	37.295307
1685512379486	1685512379478	-10.204	-4.922	1.137	-1.128	0.239	0.220	-0.618	-1.446	0.984	126.975235	37.295307
1685512379494	1685512379487	-11.104	-5.171	1.293	-1.034	0.254	0.159	-0.658	-1.393	0.826	126.975235	37.295307
1685512379504	1685512379495	-12.277	-5.535	1.810	-0.968	0.324	0.078	-1.037	-1.482	0.656	126.975235	37.295307
1685512379516	1685512379504	-13.151	-5.571	2.286	-0.837	0.448	-0.021	-1.932	-1.738	0.860	126.975235	37.295307
1685512379524	1685512379516	-12.974	-5.770	2.641	-0.637	0.496	-0.084	-3.100	-2.107	1.439	126.975235	37.295307
1685512379536	1685512379524	-11.926	-5.389	2.705	-0.369	0.423	-0.062	-3.974	-2.138	1.987	126.975235	37.295307
1685512379544	1685512379536	-10.728	-4.992	2.236	-0.071	0.252	0.015	-3.800	-2.327	2.409	126.975235	37.295307
1685512379555	1685512379546	-10.216	-5.112	1.937	0.128	-0.002	0.043	-2.751	-1.939	2.523	126.975235	37.295307
1685512379564	1685512379555	-10.961	-5.198	1.731	0.200	-0.139	-0.046	-1.551	-1.542	2.083	126.975235	37.295307
1685512379576	1685512379564	-12.629	-5.207	1.834	0.242	-0.067	-0.246	-1.039	-1.666	1.779	126.975235	37.295307
1685512379586	1685512379576	-14.320	-5.121	1.784	0.312	0.068	-0.491	-1.786	-1.748	1.554	126.975235	37.295307
1685512379596	1685512379587	-15.517	-4.831	1.480	0.420	0.132	-0.713	-3.464	-1.736	1.642	126.975235	37.295307
1685512379604	1685512379596	-15.977	-4.549	0.936	0.523	0.037	-0.889	-5.174	-1.602	1.587	126.975235	37.295307
1685512379616	1685512379604	-15.567	-4.393	0.438	0.546	-0.211	-1.045	-6.393	-1.255	1.281	126.975235	37.295307
1685512379624	1685512379616	-14.650	-4.515	0.206	0.480	-0.545	-1.191	-6.891	-0.874	0.718	126.975235	37.295307
1685512379635	1685512379625	-13.908	-4.329	0.096	0.374	-0.844	-1.315	-6.512	-0.644	0.189	126.975235	37.295307
1685512379644	1685512379635	-13.218	-4.341	0.103	0.276	-1.057	-1.421	-5.643	-0.661	-0.110	126.975235	37.295307
1685512379656	1685512379645	-12.536	-4.247	0.266	0.150	-1.234	-1.555	-4.956	-0.357	-0.309	126.975235	37.295307
1685512379664	1685512379657	-11.985	-4.104	0.390	0.053	-1.335	-1.715	-4.334	-0.230	-0.419	126.975235	37.295307
1685512379678	1685512379664	-11.298	-3.869	0.472	0.010	-1.370	-1.875	-3.716	-0.014	-0.359	126.975235	37.295307
1685512379684	1685512379678	-10.621	-3.634	0.508	0.002	-1.395	-2.042	-3.266	0.306	-0.378	126.975235	37.295307
1685512379695	1685512379684	-9.876	-3.598	0.654	0.017	-1.422	-2.217	-2.653	0.673	-0.393	126.975235	37.295307
1685512379704	1685512379695	-9.328	-3.505	0.718	0.055	-1.404	-2.392	-2.107	1.118	-0.500	126.975235	37.295307
1685512379718	1685512379704	-8.921	-3.476	0.740	0.111	-1.344	-2.550	-1.458	1.302	-0.453	126.975235	37.295307
1685512379726	1685512379718	-8.715	-3.474	0.857	0.181	-1.253	-2.688	-1.061	1.616	-0.520	126.975235	37.295307
1685512379735	1685512379727	-8.746	-3.481	0.833	0.260	-1.158	-2.814	-0.788	1.832	-0.601	126.975235	37.295307
1685512379747	1685512379735	-8.758	-3.316	0.711	0.342	-1.079	-2.937	-0.778	2.090	-0.618	126.975235	37.295307
1685512379755	1685512379747	-8.835	-3.086	0.527	0.425	-1.014	-3.048	-0.970	2.277	-0.735	126.975235	37.295307
1685512379765	1685512379755	-8.887	-2.916	0.235	0.502	-0.982	-3.136	-1.171	2.662	-0.962	126.975235	37.295307
1685512379778	1685512379765	-8.839	-2.816	0.148	0.550	-0.994	-3.200	-1.451	3.115	-1.247	126.975235	37.295307
1685512379785	1685512379778	-8.765	-2.753	0.122	0.562	-1.032	-3.244	-1.719	3.503	-1.642	126.975235	37.295307
1685512379795	1685512379785	-8.751	-2.813	0.122	0.564	-1.076	-3.269	-1.901	3.819	-1.836	126.975235	37.295307
1685512379805	1685512379795	-8.811	-2.658	0.065	0.579	-1.107	-3.279	-2.100	4.120	-1.985	126.975235	37.295307
1685512379815	1685512379805	-8.849	-2.488	0.057	0.593	-1.131	-3.285	-2.258	4.199	-2.064	126.975235	37.295307
1685512379826	1685512379815	-8.849	-2.356	0.057	0.588	-1.170	-3.279	-2.540	4.525	-2.217	126.975235	37.295307
1685512379836	1685512379826	-8.897	-2.286	0.103	0.564	-1.213	-3.244	-2.796	4.848	-2.320	126.975235	37.295307
1685512379846	1685512379836	-8.995	-2.210	0.093	0.527	-1.250	-3.186	-3.014	5.124	-2.411	126.975235	37.295307
1685512379855	1685512379847	-9.052	-2.133	0.122	0.484	-1.266	-3.112	-3.275	5.327	-2.456	126.975235	37.295307
1685512379865	1685512379855	-8.921	-1.911	0.019	0.429	-1.277	-3.014	-3.608	5.540	-2.562	126.975235	37.295307
1685512379877	1685512379865	-8.588	-1.942	-0.026	0.334	-1.321	-2.872	-3.845	5.713	-2.605	126.975235	37.295307
1685512379886	1685512379877	-8.334	-1.903	-0.060	0.220	-1.373	-2.698	-3.919	6.043	-2.784	126.975235	37.295307
1685512379899	1685512379886	-8.241	-2.064	-0.024	0.109	-1.393	-2.518	-3.790	6.110	-2.902	126.975235	37.295307
1685512379908	1685512379899	-8.188	-2.239	0.045	0.023	-1.367	-2.335	-3.764	6.254	-3.010	126.975235	37.295307
1685512379918	1685512379908	-8.396	-2.406	0.115	-0.023	-1.307	-2.151	-3.845	6.170	-3.024	126.975235	37.295307
1685512379929	1685512379918	-8.485	-2.413	0.091	-0.026	-1.233	-1.958	-4.010	6.088	-3.010	126.975235	37.295307
1685512379940	1685512379929	-8.502	-2.368	-0.084	-0.013	-1.161	-1.751	-4.386	5.988	-2.978	126.975235	37.295307
1685512379949	1685512379941	-8.387	-2.138	-0.204	-0.028	-1.141	-1.549	-4.647	6.048	-3.041	126.975235	37.295307
1685512379961	1685512379949	-8.487	-1.963	-0.227	-0.078	-1.118	-1.332	-4.822	6.148	-3.251	126.975235	37.295307
1685512379970	1685512379963	-8.775	-1.856	-0.433	-0.123	-1.026	-1.051	-4.848	6.426	-3.405	126.975235	37.295307
1685512379982	1685512379970	-9.270	-1.741	-0.539	-0.154	-0.907	-0.727	-5.076	6.644	-3.455	126.975235	37.295307
1685512379988	1685512379982	-10.151	-1.956	-0.745	-0.216	-0.794	-0.423	-5.478	6.788	-3.680	126.975235	37.295307
1685512380000	1685512379989	-10.934	-2.298	-0.742	-0.264	-0.641	-0.137	-6.033	6.922	-3.795	126.975235	37.295307
1685512380011	1685512380001	-11.071	-2.583	-0.749	-0.334	-0.465	0.189	-6.953	6.721	-4.001	126.975235	37.295307
1685512380020	1685512380011	-10.503	-2.942	-0.551	-0.425	-0.384	0.563	-7.717	6.376	-3.984	126.975235	37.295307
1685512380031	1685512380030	-9.620	-3.074	0.192	-0.490	-0.353	0.980	-7.851	6.096	-3.979	126.975235	37.295307
1685512380037	1685512380031	-8.950	-3.294	0.843	-0.530	-0.243	1.453	-7.247	5.732	-3.754	126.975235	37.295307
1685512380046	1685512380037	-8.533	-3.361	1.257	-0.561	-0.051	1.939	-6.282	5.581	-2.978	126.975235	37.295307
1685512380058	1685512380047	-8.681	-3.038	1.295	-0.549	0.169	2.337	-5.507	5.332	-2.294	126.975235	37.295307
1685512380065	1685512380058	-9.433	-2.456	1.199	-0.503	0.423	2.558	-4.925	5.215	-1.832	126.975235	37.295307
1685512380078	1685512380066	-10.578	-1.788	0.881	-0.419	0.700	2.644	-4.867	5.468	-1.741	126.975235	37.295307
1685512380085	1685512380078	-12.040	-1.456	0.840	-0.286	0.974	2.680	-5.389	5.964	-1.776	126.975235	37.295307
1685512380095	1685512380085	-13.340	-1.587	0.850	-0.139	1.207	2.716	-6.294	6.534	-2.033	126.975235	37.295307
1685512380105	1685512380095	-14.372	-2.298	1.168	-0.055	1.330	2.720	-7.458	6.735	-1.992	126.975235	37.295307
1685512380115	1685512380105	-14.696	-2.947	1.410	-0.022	1.312	2.721	-8.554	6.505	-1.927	126.975235	37.295307
1685512380125	1685512380115	-14.423	-3.512	1.499	-0.032	1.200	2.811	-9.330	5.660	-1.539	126.975235	37.295307
1685512380136	1685512380125	-13.465	-3.960	1.472	-0.062	1.038	2.981	-9.404	4.872	-1.228	126.975235	37.295307
1685512380145	1685512380136	-12.510	-3.905	1.532	-0.098	0.865	3.129	-8.882	4.154	-1.073	126.975235	37.295307
1685512380155	1685512380145	-11.463	-3.759	1.602	-0.175	0.729	3.209	-7.673	3.539	-1.034	126.975235	37.295307
1685512380165	1685512380156	-10.491	-3.431	1.729	-0.308	0.634	3.261	-6.438	3.393	-0.910	126.975235	37.295307
1685512380176	1685512380165	-9.495	-3.086	1.745	-0.494	0.529	3.283	-5.167	3.364	-0.790	126.975235	37.295307
1685512380185	1685512380177	-8.744	-2.873	1.674	-0.711	0.451	3.247	-3.950	3.491	-0.601	126.975235	37.295307
1685512380196	1685512380185	-8.155	-2.641	1.578	-0.918	0.428	3.172	-2.720	3.627	-0.515	126.975235	37.295307
1685512380205	1685512380197	-7.932	-2.665	1.681	-1.115	0.432	3.046	-1.719	3.610	-0.500	126.975235	37.295307
1685512380215	1685512380205	-7.946	-3.050	1.812	-1.333	0.431	2.863	-0.941	3.658	-0.517	126.975235	37.295307
1685512380225	1685512380216	-7.848	-3.469	2.076	-1.561	0.403	2.677	-0.500	3.414	-0.302	126.975235	37.295307
1685512380241	1685512380225	-7.726	-3.816	2.093	-1.746	0.349	2.527	-0.352	2.859	-0.069	126.975227	37.295303
1685512380246	1685512380241	-7.630	-4.108	1.896	-1.850	0.269	2.430	-0.091	2.263	0.314	126.975227	37.295303
1685512380256	1685512380246	-7.503	-3.984	1.769	-1.859	0.204	2.369	0.177	1.745	0.457	126.975227	37.295303
1685512380265	1685512380256	-7.592	-4.013	1.736	-1.825	0.151	2.297	0.409	1.288	0.383	126.975227	37.295303
1685512380276	1685512380265	-7.803	-4.111	1.573	-1.767	0.115	2.220	0.666	1.250	0.371	126.975227	37.295303
1685512380285	1685512380277	-7.968	-4.192	1.429	-1.693	0.088	2.139	0.711	1.039	0.455	126.975227	37.295303
1685512380295	1685512380286	-8.124	-4.135	1.183	-1.608	0.071	2.050	0.627	0.740	0.352	126.975227	37.295303
1685512380305	1685512380296	-8.399	-4.262	1.226	-1.527	0.064	1.946	0.589	0.448	0.280	126.975227	37.295303
1685512380318	1685512380306	-8.645	-4.496	1.238	-1.454	0.072	1.840	0.527	0.340	0.079	126.975227	37.295303
1685512380327	1685512380319	-8.947	-4.702	1.377	-1.390	0.077	1.746	0.340	0.048	0.170	126.975227	37.295303
1685512380335	1685512380328	-8.954	-4.808	1.403	-1.327	0.086	1.671	0.172	-0.335	0.227	126.975227	37.295303
1685512380346	1685512380336	-8.878	-4.791	1.350	-1.256	0.093	1.618	-0.053	-0.690	0.409	126.975227	37.295303
1685512380357	1685512380346	-8.681	-4.817	1.319	-1.178	0.089	1.589	-0.010	-0.903	0.462	126.975227	37.295303
1685512380366	1685512380357	-8.602	-4.973	1.346	-1.124	0.086	1.558	0.115	-0.996	0.438	126.975227	37.295303
1685512380381	1685512380366	-8.892	-5.157	1.314	-1.118	0.078	1.484	0.357	-1.128	0.436	126.975227	37.295303
1685512380387	1685512380381	-9.366	-5.301	1.288	-1.146	0.083	1.371	0.484	-1.396	0.491	126.975227	37.295303
1685512380397	1685512380387	-9.845	-5.442	1.283	-1.174	0.114	1.260	0.225	-1.657	0.481	126.975227	37.295303
1685512380408	1685512380397	-10.216	-5.507	1.360	-1.183	0.139	1.167	-0.199	-1.913	0.496	126.975227	37.295303
1685512380417	1685512380409	-10.424	-5.768	1.403	-1.184	0.159	1.082	-0.661	-2.097	0.510	126.975227	37.295303
1685512380430	1685512380417	-10.503	-5.758	1.523	-1.151	0.175	1.021	-1.001	-2.241	0.632	126.975227	37.295303
1685512380440	1685512380430	-10.465	-5.823	1.621	-1.090	0.181	0.964	-1.173	-2.593	0.728	126.975227	37.295303
1685512380447	1685512380440	-10.180	-6.127	1.697	-1.007	0.180	0.896	-1.216	-2.679	0.905	126.975227	37.295303
1685512380459	1685512380448	-10.070	-6.239	1.719	-0.891	0.184	0.816	-1.149	-2.818	1.046	126.975227	37.295303
1685512380468	1685512380459	-10.381	-6.381	1.638	-0.775	0.198	0.721	-0.833	-3.218	1.180	126.975227	37.295303
1685512380479	1685512380469	-11.265	-6.467	1.618	-0.672	0.206	0.590	-0.699	-3.395	1.240	126.975227	37.295303
1685512380488	1685512380479	-12.333	-6.807	1.609	-0.575	0.247	0.421	-0.991	-3.598	1.199	126.975227	37.295303
1685512380499	1685512380488	-13.147	-7.063	1.841	-0.492	0.304	0.238	-1.858	-3.737	1.219	126.975227	37.295303
1685512380508	1685512380500	-13.218	-7.350	2.198	-0.418	0.323	0.077	-2.911	-4.120	1.250	126.975227	37.295303
1685512380519	1685512380508	-12.385	-7.197	2.421	-0.293	0.285	-0.026	-3.718	-4.396	1.520	126.975227	37.295303
1685512380530	1685512380519	-10.824	-6.701	2.526	-0.110	0.215	-0.064	-3.788	-4.688	1.923	126.975227	37.295303
1685512380538	1685512380530	-9.711	-6.416	2.346	0.109	0.130	-0.095	-2.954	-4.532	2.176	126.975227	37.295303
1685512380551	1685512380539	-9.443	-6.144	2.260	0.299	0.049	-0.194	-1.393	-4.029	2.306	126.975227	37.295303
1685512380563	1685512380552	-10.166	-6.076	2.136	0.402	0.002	-0.413	-0.283	-3.737	2.136	126.975227	37.295303
1685512380570	1685512380563	-11.437	-6.213	2.054	0.432	0.001	-0.745	-0.019	-3.445	2.045	126.975227	37.295303
1685512380583	1685512380570	-12.763	-6.345	1.920	0.453	0.027	-1.092	-0.754	-3.340	1.911	126.975227	37.295303
1685512380590	1685512380583	-13.858	-6.467	1.798	0.513	0.020	-1.373	-2.049	-3.402	1.815	126.975227	37.295303
1685512380602	1685512380591	-14.638	-6.352	1.566	0.644	-0.015	-1.572	-3.402	-3.443	1.674	126.975227	37.295303
1685512380615	1685512380602	-15.043	-6.201	1.077	0.827	-0.066	-1.717	-4.542	-3.424	1.535	126.975227	37.295303
1685512380622	1685512380615	-15.062	-5.895	0.687	1.009	-0.136	-1.819	-5.368	-3.179	1.283	126.975227	37.295303
1685512380643	1685512380622	-14.937	-5.722	0.373	1.151	-0.215	-1.894	-5.827	-2.873	0.761	126.975227	37.295303
1685512380644	1685512380644	-14.490	-5.495	0.170	1.232	-0.285	-1.972	-5.909	-2.401	0.326	126.975227	37.295303
1685512380648	1685512380644	-13.858	-5.234	0.144	1.242	-0.326	-2.072	-5.861	-2.045	-0.053	126.975227	37.295303
1685512380659	1685512380649	-13.005	-4.918	0.381	1.156	-0.369	-2.192	-5.480	-1.662	-0.321	126.975227	37.295303
1685512380669	1685512380659	-12.096	-4.820	0.565	1.029	-0.432	-2.309	-4.932	-1.221	-0.426	126.975227	37.295303
1685512380682	1685512380669	-11.308	-4.630	0.577	0.925	-0.485	-2.435	-4.171	-0.718	-0.268	126.975227	37.295303
1685512380688	1685512380682	-10.664	-4.427	0.582	0.880	-0.501	-2.575	-3.364	-0.424	-0.168	126.975227	37.295303
1685512380699	1685512380688	-10.101	-4.190	0.639	0.872	-0.500	-2.720	-2.689	-0.031	-0.239	126.975227	37.295303
1685512380708	1685512380699	-9.594	-3.953	0.702	0.853	-0.503	-2.869	-2.195	0.426	-0.335	126.975227	37.295303
1685512380719	1685512380708	-9.278	-3.649	0.728	0.823	-0.509	-3.020	-1.745	0.840	-0.345	126.975227	37.295303
1685512380729	1685512380719	-9.129	-3.505	0.690	0.806	-0.508	-3.166	-1.389	1.305	-0.369	126.975227	37.295303
1685512380742	1685512380729	-8.973	-3.409	0.589	0.823	-0.496	-3.286	-1.240	1.846	-0.429	126.975227	37.295303
1685512380749	1685512380742	-8.772	-3.187	0.534	0.864	-0.481	-3.373	-1.276	2.231	-0.553	126.975227	37.295303
1685512380759	1685512380749	-8.672	-3.168	0.402	0.904	-0.476	-3.442	-1.319	2.571	-0.740	126.975227	37.295303
1685512380769	1685512380762	-8.593	-2.890	0.297	0.963	-0.483	-3.497	-1.353	3.060	-0.893	126.975227	37.295303
1685512380780	1685512380770	-8.444	-2.626	0.302	1.074	-0.489	-3.511	-1.456	3.294	-1.109	126.975227	37.295303
1685512380788	1685512380781	-8.270	-2.342	0.311	1.244	-0.506	-3.481	-1.614	3.807	-1.310	126.975227	37.295303
1685512380801	1685512380788	-8.059	-2.191	0.302	1.436	-0.530	-3.416	-1.714	4.293	-1.413	126.975227	37.295303
1685512380812	1685512380802	-7.987	-2.148	0.366	1.610	-0.555	-3.337	-1.805	4.796	-1.532	126.975227	37.295303
1685512380820	1685512380812	-8.083	-2.030	0.517	1.757	-0.566	-3.250	-1.796	5.092	-1.657	126.975227	37.295303
1685512380842	1685512380821	-8.203	-1.927	0.457	1.880	-0.566	-3.150	-1.956	5.289	-1.743	126.975227	37.295303
1685512380842	1685512380842	-8.169	-1.621	0.321	1.966	-0.612	-3.026	-2.215	5.497	-1.721	126.975227	37.295303
1685512380848	1685512380843	-8.128	-1.659	0.127	1.995	-0.663	-2.871	-2.531	5.703	-1.939	126.975227	37.295303
1685512380862	1685512380851	-7.942	-1.841	-0.053	1.957	-0.718	-2.678	-2.701	6.100	-2.248	126.975227	37.295303
1685512380868	1685512380862	-7.678	-1.820	-0.251	1.839	-0.787	-2.480	-2.866	6.144	-2.622	126.975227	37.295303
1685512380882	1685512380868	-7.415	-1.918	-0.218	1.635	-0.841	-2.298	-2.883	6.029	-2.983	126.975227	37.295303
1685512380888	1685512380882	-7.216	-2.025	-0.148	1.381	-0.867	-2.109	-2.861	6.124	-3.385	126.975227	37.295303
1685512380900	1685512380889	-7.264	-2.131	0.007	1.113	-0.886	-1.890	-2.787	6.076	-3.505	126.975227	37.295303
1685512380909	1685512380900	-7.324	-2.040	0.122	0.849	-0.877	-1.646	-2.808	6.021	-3.601	126.975227	37.295303
1685512380921	1685512380909	-7.537	-1.958	0.065	0.610	-0.842	-1.401	-3.021	5.954	-3.560	126.975227	37.295303
1685512380930	1685512380922	-7.812	-2.025	-0.096	0.402	-0.799	-1.163	-3.247	6.084	-3.551	126.975227	37.295303
1685512380940	1685512380931	-7.740	-2.172	-0.223	0.226	-0.735	-0.916	-3.603	6.199	-3.692	126.975227	37.295303
1685512380950	1685512380941	-7.683	-2.150	-0.218	0.068	-0.698	-0.681	-4.017	6.165	-3.922	126.975227	37.295303
1685512380960	1685512380953	-7.448	-2.243	-0.184	-0.031	-0.655	-0.436	-4.039	6.041	-4.089	126.975227	37.295303
1685512380969	1685512380961	-7.427	-2.133	-0.290	-0.061	-0.589	-0.167	-4.065	6.086	-4.116	126.975227	37.295303
1685512380984	1685512380970	-7.807	-2.215	-0.062	-0.076	-0.523	0.077	-3.891	6.009	-4.104	126.975227	37.295303
1685512381000	1685512380984	-8.626	-2.531	0.117	-0.083	-0.401	0.282	-3.907	6.127	-4.226	126.975227	37.295303
1685512381001	1685512381000	-9.828	-2.693	0.280	-0.066	-0.247	0.479	-4.302	6.045	-4.010	126.975227	37.295303
1685512381010	1685512381001	-10.918	-2.854	0.383	-0.016	-0.083	0.689	-5.112	5.722	-3.840	126.975227	37.295303
1685512381018	1685512381010	-11.700	-3.005	0.476	0.040	0.081	0.932	-6.292	5.550	-3.680	126.975227	37.295303
1685512381031	1685512381019	-11.830	-3.163	0.587	0.095	0.216	1.227	-7.324	5.361	-3.577	126.975227	37.295303
1685512381040	1685512381031	-10.865	-3.445	0.589	0.138	0.340	1.591	-8.035	5.179	-3.486	126.975227	37.295303
1685512381047	1685512381040	-9.943	-3.807	0.836	0.131	0.446	1.982	-8.045	4.966	-3.373	126.975227	37.295303
1685512381058	1685512381048	-9.560	-3.797	1.180	0.108	0.567	2.359	-6.953	4.623	-3.371	126.975227	37.295303
1685512381067	1685512381058	-9.876	-3.594	1.525	0.092	0.742	2.624	-5.818	4.161	-3.115	126.975227	37.295303
1685512381080	1685512381067	-10.812	-3.400	1.803	0.125	0.954	2.720	-5.267	4.087	-2.758	126.975227	37.295303
1685512381089	1685512381081	-11.839	-3.409	2.121	0.191	1.202	2.729	-5.325	4.159	-2.385	126.975227	37.295303
1685512381100	1685512381090	-12.933	-3.431	2.351	0.277	1.432	2.739	-6.041	4.235	-2.076	126.975227	37.295303
1685512381108	1685512381101	-13.800	-3.323	2.634	0.397	1.625	2.754	-6.764	4.056	-1.702	126.975227	37.295303
1685512381119	1685512381109	-14.236	-3.385	2.655	0.527	1.753	2.776	-7.654	3.912	-1.429	126.975227	37.295303
1685512381127	1685512381119	-14.277	-3.661	2.351	0.623	1.813	2.821	-8.207	3.821	-1.075	126.975227	37.295303
1685512381137	1685512381129	-13.882	-3.654	2.090	0.640	1.781	2.888	-8.408	3.598	-0.998	126.975227	37.295303
1685512381147	1685512381137	-13.156	-3.474	2.071	0.590	1.662	2.926	-8.191	3.132	-1.238	126.975227	37.295303
1685512381158	1685512381147	-12.383	-3.381	2.073	0.478	1.500	2.927	-7.537	2.938	-1.429	126.975227	37.295303
1685512381166	1685512381158	-11.569	-3.117	2.344	0.291	1.338	2.908	-6.565	2.907	-1.379	126.975227	37.295303
1685512381178	1685512381167	-10.635	-2.911	2.588	0.035	1.180	2.852	-5.555	2.787	-1.307	126.975227	37.295303
1685512381186	1685512381178	-9.653	-2.799	2.595	-0.244	1.018	2.755	-4.499	2.818	-0.953	126.975227	37.295303
1685512381197	1685512381187	-8.674	-2.648	2.598	-0.492	0.876	2.634	-3.381	2.840	-0.634	126.975227	37.295303
1685512381207	1685512381197	-7.863	-2.569	2.703	-0.775	0.765	2.467	-2.191	2.737	-0.529	126.975227	37.295303
1685512381218	1685512381208	-7.360	-2.816	2.765	-1.107	0.674	2.271	-1.058	2.722	-0.443	126.975227	37.295303
1685512381228	1685512381218	-7.096	-2.658	2.823	-1.381	0.645	2.103	-0.093	2.636	-0.239	126.975212	37.295303
1685512381237	1685512381228	-7.130	-2.538	2.713	-1.574	0.660	1.961	0.543	2.243	-0.067	126.975212	37.295303
1685512381247	1685512381237	-7.159	-2.756	2.593	-1.715	0.640	1.829	0.943	2.258	0.122	126.975212	37.295303
1685512381258	1685512381247	-7.094	-2.849	2.409	-1.818	0.607	1.725	1.010	2.272	0.127	126.975212	37.295303
1685512381267	1685512381258	-7.022	-3.005	2.272	-1.886	0.572	1.637	1.085	1.949	0.141	126.975212	37.295303
1685512381280	1685512381267	-6.895	-3.127	2.083	-1.917	0.517	1.566	1.245	1.755	0.093	126.975212	37.295303
1685512381289	1685512381280	-6.967	-3.134	2.023	-1.912	0.458	1.516	1.403	1.504	0.091	126.975212	37.295303
1685512381299	1685512381290	-7.099	-3.282	1.987	-1.880	0.431	1.480	1.611	1.290	0.031	126.975212	37.295303
1685512381309	1685512381299	-7.362	-3.565	1.970	-1.812	0.432	1.443	1.630	1.173	0.117	126.975212	37.295303
1685512381320	1685512381309	-7.657	-3.625	2.102	-1.693	0.452	1.412	1.556	0.950	0.175	126.975212	37.295303
1685512381329	1685512381320	-7.848	-3.790	2.131	-1.543	0.480	1.409	1.360	0.575	0.273	126.975212	37.295303
1685512381341	1685512381330	-7.858	-3.654	2.025	-1.379	0.489	1.436	1.130	0.419	0.512	126.975212	37.295303
1685512381351	1685512381341	-7.798	-3.328	1.882	-1.221	0.492	1.480	1.003	0.151	0.646	126.975212	37.295303
1685512381361	1685512381352	-7.638	-3.424	1.894	-1.059	0.485	1.542	1.056	0.180	0.637	126.975212	37.295303
1685512381369	1685512381361	-7.683	-3.407	1.803	-0.915	0.456	1.597	1.185	0.378	0.594	126.975212	37.295303
1685512381383	1685512381371	-7.827	-3.634	1.894	-0.843	0.417	1.598	1.401	0.170	0.680	126.975212	37.295303
1685512381391	1685512381383	-8.207	-4.118	1.918	-0.858	0.402	1.569	1.417	0.053	0.661	126.975212	37.295303
1685512381403	1685512381392	-8.863	-4.611	1.939	-0.886	0.398	1.553	1.331	-0.309	0.819	126.975212	37.295303
1685512381414	1685512381403	-9.457	-4.951	2.011	-0.898	0.419	1.544	1.013	-0.941	0.915	126.975212	37.295303
1685512381419	1685512381418	-10.087	-5.167	2.025	-0.904	0.448	1.549	0.402	-1.556	0.994	126.975212	37.295303
1685512381441	1685512381419	-10.618	-5.650	2.124	-0.904	0.459	1.578	-0.144	-2.021	1.111	126.975212	37.295303
1685512381442	1685512381442	-10.870	-6.057	2.253	-0.876	0.458	1.610	-0.749	-2.315	1.142	126.975212	37.295303
1685512381450	1685512381442	-10.963	-6.263	2.164	-0.795	0.441	1.633	-1.233	-2.938	1.310	126.975212	37.295303
1685512381461	1685512381451	-10.748	-6.266	1.935	-0.649	0.406	1.643	-1.437	-3.491	1.504	126.975212	37.295303
1685512381470	1685512381461	-10.669	-6.120	1.738	-0.472	0.375	1.618	-1.487	-3.845	1.477	126.975212	37.295303
1685512381483	1685512381470	-10.578	-6.079	1.410	-0.313	0.363	1.534	-1.231	-3.998	1.300	126.975212	37.295303
1685512381489	1685512381483	-11.143	-6.199	1.159	-0.210	0.345	1.383	-1.111	-4.020	1.154	126.975212	37.295303
1685512381500	1685512381490	-12.445	-6.618	1.271	-0.158	0.337	1.166	-0.989	-4.108	0.864	126.975212	37.295303
1685512381510	1685512381501	-14.269	-7.065	1.693	-0.132	0.395	0.874	-1.523	-4.374	0.654	126.975212	37.295303
1685512381522	1685512381511	-15.337	-7.408	2.076	-0.090	0.530	0.524	-2.806	-4.894	0.797	126.975212	37.295303
1685512381530	1685512381522	-14.636	-7.298	2.433	-0.012	0.579	0.193	-4.614	-5.425	1.259	126.975212	37.295303
1685512381540	1685512381530	-12.309	-6.914	2.444	0.094	0.411	-0.026	-5.672	-5.818	1.695	126.975212	37.295303
1685512381550	1685512381540	-9.893	-6.270	2.176	0.257	0.138	-0.126	-4.966	-5.729	2.114	126.975212	37.295303
1685512381561	1685512381550	-8.552	-5.861	1.901	0.430	-0.083	-0.244	-2.636	-5.344	2.160	126.975212	37.295303
1685512381571	1685512381561	-8.447	-5.535	1.920	0.531	-0.140	-0.473	-0.220	-4.688	1.901	126.975212	37.295303
1685512381583	1685512381571	-9.438	-5.413	1.913	0.560	-0.046	-0.834	1.113	-4.254	1.611	126.975212	37.295303
1685512381591	1685512381583	-11.059	-5.535	1.944	0.553	0.110	-1.289	1.211	-3.886	1.609	126.975212	37.295303
1685512381602	1685512381592	-12.412	-5.456	1.887	0.580	0.242	-1.721	0.206	-3.685	1.587	126.975212	37.295303
1685512381615	1685512381602	-13.314	-5.404	1.614	0.673	0.290	-2.012	-1.444	-3.649	1.618	126.975212	37.295303
1685512381620	1685512381615	-13.544	-5.373	1.190	0.834	0.228	-2.143	-2.820	-3.455	1.571	126.975212	37.295303
1685512381644	1685512381621	-13.501	-5.138	0.754	1.040	0.095	-2.177	-3.768	-3.191	1.312	126.975212	37.295303
1685512381644	1685512381644	-13.417	-5.160	0.479	1.223	-0.044	-2.197	-4.041	-2.978	0.891	126.975212	37.295303
1685512381650	1685512381644	-13.429	-5.042	0.314	1.377	-0.153	-2.232	-4.058	-2.521	0.436	126.975212	37.295303
1685512381660	1685512381651	-13.405	-4.808	0.340	1.531	-0.197	-2.277	-4.029	-2.361	0.127	126.975212	37.295303
1685512381670	1685512381661	-13.226	-4.446	0.146	1.681	-0.209	-2.321	-4.120	-1.999	-0.103	126.975212	37.295303
1685512381683	1685512381671	-12.842	-4.020	0.244	1.814	-0.231	-2.345	-4.154	-1.599	-0.129	126.975212	37.295303
1685512381690	1685512381684	-12.273	-3.668	0.177	1.903	-0.263	-2.358	-4.061	-1.013	-0.405	126.975212	37.295303
1685512381701	1685512381690	-11.602	-3.383	0.153	1.917	-0.321	-2.382	-3.752	-0.405	-0.383	126.975212	37.295303
1685512381711	1685512381703	-10.872	-3.036	0.096	1.851	-0.391	-2.425	-3.290	0.187	-0.565	126.975212	37.295303
1685512381721	1685512381712	-10.238	-2.806	0.096	1.697	-0.451	-2.490	-2.696	0.630	-0.673	126.975212	37.295303
1685512381732	1685512381721	-9.749	-2.655	0.043	1.491	-0.507	-2.567	-2.090	1.214	-0.862	126.975212	37.295303
1685512381742	1685512381733	-9.251	-2.727	-0.022	1.258	-0.550	-2.657	-1.556	1.626	-0.965	126.975212	37.295303
1685512381752	1685512381742	-8.827	-2.710	-0.115	1.027	-0.577	-2.750	-1.190	1.980	-1.128	126.975212	37.295303
1685512381764	1685512381752	-8.619	-2.808	-0.239	0.827	-0.585	-2.847	-0.826	2.119	-1.300	126.975212	37.295303
1685512381772	1685512381765	-8.315	-2.928	-0.453	0.668	-0.572	-2.939	-0.546	2.351	-1.492	126.975212	37.295303
1685512381783	1685512381772	-8.061	-3.182	-1.235	0.567	-0.545	-3.021	-0.493	2.476	-1.707	126.975212	37.295303
1685512381791	1685512381783	-8.135	-3.469	-0.357	0.527	-0.500	-3.087	-0.373	2.605	-2.011	126.975212	37.295303
1685512381802	1685512381792	-8.140	-2.471	-0.271	0.527	-0.419	-3.134	-0.280	2.557	-2.861	126.975212	37.295303
1685512381818	1685512381804	-8.078	-2.919	-0.103	0.480	-0.417	-3.169	-0.563	2.521	-2.059	126.975212	37.295303
1685512381822	1685512381820	-8.159	-3.654	0.180	0.623	-0.484	-3.129	-0.747	3.721	-2.030	126.975212	37.295303
1685512381842	1685512381823	-8.437	-2.614	0.086	1.090	-0.467	-2.999	-0.891	3.496	-1.923	126.975212	37.295303
1685512381843	1685512381842	-8.447	-2.040	-0.072	1.528	-0.436	-2.925	-1.185	2.971	-1.714	126.975212	37.295303
1685512381850	1685512381843	-8.468	-1.901	-0.156	1.804	-0.465	-2.819	-1.635	4.164	-1.889	126.975212	37.295303
1685512381861	1685512381851	-8.370	-1.784	-0.220	1.844	-0.490	-2.674	-1.779	4.843	-2.138	126.975212	37.295303
1685512381875	1685512381861	-8.284	-1.930	-0.256	1.646	-0.520	-2.558	-1.961	5.095	-2.354	126.975212	37.295303
1685512381885	1685512381875	-8.248	-2.071	-0.139	1.374	-0.556	-2.440	-2.021	5.310	-2.559	126.975212	37.295303
1685512381890	1685512381885	-8.344	-2.179	-0.244	1.117	-0.568	-2.271	-2.097	5.262	-2.729	126.975212	37.295303
1685512381901	1685512381892	-8.349	-2.114	-0.266	0.880	-0.566	-2.065	-2.224	5.217	-2.732	126.975212	37.295303
1685512381911	1685512381901	-8.401	-2.215	-0.400	0.646	-0.553	-1.856	-2.514	5.219	-2.966	126.975212	37.295303
1685512381920	1685512381911	-8.492	-2.277	-0.441	0.429	-0.536	-1.653	-2.634	5.349	-3.055	126.975212	37.295303
1685512381931	1685512381921	-8.696	-2.260	-0.479	0.236	-0.511	-1.438	-2.825	5.322	-3.263	126.975212	37.295303
1685512381942	1685512381931	-8.724	-2.294	-0.529	0.061	-0.490	-1.206	-3.057	5.339	-3.364	126.975212	37.295303
1685512381950	1685512381942	-8.861	-2.519	-0.656	-0.083	-0.468	-0.962	-3.385	5.428	-3.448	126.975212	37.295303
1685512381962	1685512381951	-8.973	-2.701	-0.666	-0.189	-0.440	-0.724	-3.503	5.444	-3.522	126.975212	37.295303
1685512381972	1685512381962	-9.141	-2.816	-0.620	-0.249	-0.398	-0.507	-3.716	5.267	-3.658	126.975212	37.295303
1685512381982	1685512381972	-9.313	-2.811	-0.773	-0.268	-0.340	-0.310	-3.867	5.112	-3.666	126.975212	37.295303
1685512381991	1685512381982	-9.742	-2.818	-0.953	-0.293	-0.283	-0.133	-4.053	5.016	-3.608	126.975212	37.295303
1685512382003	1685512381992	-10.460	-2.880	-1.046	-0.345	-0.241	0.038	-4.223	5.025	-3.740	126.975212	37.295303
1685512382016	1685512382003	-11.325	-3.120	-1.077	-0.357	-0.144	0.226	-4.628	5.013	-3.891	126.975212	37.295303
1685512382021	1685512382017	-12.064	-3.220	-1.070	-0.340	-0.009	0.418	-5.294	4.930	-3.943	126.975212	37.295303
1685512382043	1685512382021	-12.438	-3.426	-1.288	-0.369	0.110	0.580	-6.076	4.657	-3.922	126.975212	37.295303
1685512382044	1685512382043	-12.462	-3.689	-1.070	-0.386	0.162	0.739	-6.788	4.544	-3.891	126.975212	37.295303
1685512382056	1685512382044	-11.784	-3.701	-0.651	-0.286	0.246	0.993	-7.113	4.319	-4.075	126.975212	37.295303
1685512382060	1685512382056	-10.422	-3.560	-0.323	-0.159	0.320	1.321	-7.075	4.025	-3.819	126.975212	37.295303
1685512382070	1685512382065	-9.275	-3.919	0.139	-0.116	0.312	1.597	-6.314	3.967	-3.364	126.975212	37.295303
1685512382081	1685512382070	-8.899	-4.487	0.733	-0.101	0.367	1.802	-4.841	4.039	-3.005	126.975212	37.295303
1685512382089	1685512382081	-9.203	-4.499	1.156	-0.015	0.563	1.935	-3.553	3.584	-2.514	126.975212	37.295303
1685512382099	1685512382090	-10.084	-4.202	1.427	0.162	0.778	1.932	-3.045	2.926	-1.894	126.975212	37.295303
1685512382108	1685512382099	-11.358	-3.345	1.429	0.470	0.985	1.839	-3.177	2.787	-1.432	126.975212	37.295303
1685512382119	1685512382108	-12.608	-2.428	1.367	0.848	1.180	1.756	-3.915	2.976	-1.130	126.975212	37.295303
1685512382128	1685512382119	-13.247	-2.054	1.199	1.095	1.312	1.736	-5.035	3.706	-1.099	126.975212	37.295303
1685512382138	1685512382128	-13.192	-2.169	1.123	1.196	1.324	1.778	-6.132	4.489	-1.144	126.975212	37.295303
1685512382148	1685512382139	-12.637	-2.303	0.994	1.153	1.235	1.868	-6.606	4.707	-1.300	126.975212	37.295303
1685512382158	1685512382148	-11.942	-2.385	0.838	0.997	1.065	2.011	-6.412	4.458	-1.369	126.975212	37.295303
1685512382168	1685512382158	-11.358	-2.373	0.757	0.795	0.888	2.139	-5.703	4.166	-1.489	126.975212	37.295303
1685512382180	1685512382168	-10.793	-2.416	0.816	0.528	0.755	2.206	-4.853	3.919	-1.633	126.975212	37.295303
1685512382188	1685512382180	-10.135	-2.464	0.931	0.181	0.634	2.203	-4.116	3.759	-1.700	126.975212	37.295303
1685512382198	1685512382188	-9.433	-2.375	1.207	-0.193	0.516	2.164	-3.397	3.541	-1.618	126.975212	37.295303
1685512382208	1685512382198	-8.559	-2.320	1.255	-0.575	0.424	2.112	-2.567	3.290	-1.458	126.975212	37.295303
1685512382218	1685512382208	-7.987	-2.574	1.374	-0.921	0.352	2.042	-1.755	3.251	-1.142	126.975212	37.295303
1685512382231	1685512382218	-7.432	-2.739	1.396	-1.197	0.349	1.946	-0.754	3.156	-1.030	126.975197	37.295300
1685512382240	1685512382231	-7.104	-2.966	1.544	-1.403	0.354	1.841	-0.065	2.761	-0.833	126.975197	37.295300
1685512382248	1685512382240	-6.898	-3.148	1.657	-1.596	0.348	1.742	0.599	2.466	-0.721	126.975197	37.295300
1685512382259	1685512382248	-6.859	-3.390	1.765	-1.712	0.352	1.691	1.030	2.119	-0.472	126.975197	37.295300
1685512382268	1685512382259	-6.924	-3.414	1.841	-1.717	0.368	1.671	1.348	1.803	-0.227	126.975197	37.295300
1685512382280	1685512382269	-6.924	-3.278	1.796	-1.624	0.363	1.643	1.458	1.475	-0.029	126.975197	37.295300
1685512382291	1685512382281	-7.082	-3.206	1.719	-1.484	0.356	1.620	1.482	1.341	0.158	126.975197	37.295300
1685512382301	1685512382291	-7.123	-3.112	1.575	-1.362	0.341	1.620	1.563	1.365	0.220	126.975197	37.295300
1685512382311	1685512382302	-7.283	-2.986	1.513	-1.246	0.303	1.638	1.494	1.310	0.251	126.975197	37.295300
1685512382320	1685512382311	-7.403	-3.251	1.513	-1.130	0.270	1.669	1.523	1.295	0.189	126.975197	37.295300
1685512382330	1685512382321	-7.604	-3.390	1.487	-1.032	0.243	1.682	1.451	1.271	0.223	126.975197	37.295300
1685512382340	1685512382331	-7.827	-3.718	1.556	-0.986	0.209	1.665	1.391	0.900	0.280	126.975197	37.295300
1685512382352	1685512382341	-8.121	-3.859	1.621	-0.942	0.182	1.640	1.269	0.611	0.323	126.975197	37.295300
1685512382363	1685512382352	-8.313	-3.917	1.731	-0.878	0.181	1.607	1.106	0.158	0.445	126.975197	37.295300
1685512382372	1685512382364	-8.619	-3.898	1.702	-0.814	0.192	1.578	0.883	-0.132	0.567	126.975197	37.295300
1685512382384	1685512382372	-8.722	-4.096	1.693	-0.776	0.203	1.561	0.752	-0.323	0.725	126.975197	37.295300
1685512382392	1685512382385	-8.796	-4.274	1.774	-0.795	0.195	1.550	0.510	-0.455	0.747	126.975197	37.295300
1685512382402	1685512382393	-8.832	-4.329	1.595	-0.859	0.182	1.534	0.453	-0.769	0.766	126.975197	37.295300
1685512382422	1685512382402	-9.052	-4.432	1.501	-0.946	0.159	1.503	0.426	-1.077	0.876	126.975197	37.295300
1685512382423	1685512382422	-9.589	-4.465	1.554	-1.025	0.158	1.448	0.424	-1.228	0.711	126.975197	37.295300
1685512382444	1685512382423	-10.130	-4.609	1.566	-1.079	0.170	1.372	0.237	-1.422	0.630	126.975197	37.295300
1685512382445	1685512382445	-10.546	-4.781	1.669	-1.119	0.173	1.288	-0.273	-1.530	0.690	126.975197	37.295300
1685512382450	1685512382446	-10.827	-5.121	1.803	-1.140	0.166	1.199	-0.792	-1.745	0.716	126.975197	37.295300
1685512382463	1685512382451	-10.812	-5.320	1.767	-1.130	0.153	1.126	-1.190	-1.973	0.836	126.975197	37.295300
1685512382471	1685512382464	-10.824	-5.437	1.724	-1.060	0.142	1.073	-1.437	-2.418	1.015	126.975197	37.295300
1685512382487	1685512382471	-10.882	-5.679	1.669	-0.943	0.147	1.016	-1.391	-2.713	1.025	126.975197	37.295300
1685512382492	1685512382487	-11.138	-5.849	1.681	-0.806	0.161	0.938	-1.374	-2.923	1.022	126.975197	37.295300
1685512382502	1685512382492	-11.794	-6.053	1.494	-0.662	0.193	0.830	-1.405	-3.256	1.003	126.975197	37.295300
1685512382512	1685512382502	-12.603	-6.273	1.437	-0.550	0.224	0.684	-1.633	-3.527	1.058	126.975197	37.295300
1685512382522	1685512382512	-13.424	-6.412	1.453	-0.470	0.253	0.519	-2.274	-3.790	0.898	126.975197	37.295300
1685512382531	1685512382523	-13.666	-6.342	1.259	-0.398	0.294	0.356	-3.067	-4.073	0.874	126.975197	37.295300
1685512382543	1685512382532	-13.264	-6.560	1.283	-0.345	0.294	0.213	-3.876	-4.259	0.924	126.975197	37.295300
1685512382551	1685512382543	-12.560	-6.536	1.966	-0.288	0.249	0.112	-4.108	-4.221	0.769	126.975197	37.295300
1685512382562	1685512382551	-11.303	-6.304	2.203	-0.215	0.186	0.016	-3.699	-4.458	0.826	126.975197	37.295300
1685512382573	1685512382562	-10.156	-6.273	2.224	-0.123	0.090	-0.142	-2.993	-4.444	1.542	126.975197	37.295300
1685512382585	1685512382573	-9.603	-5.892	2.025	0.112	0.009	-0.254	-1.733	-4.211	1.800	126.975197	37.295300
1685512382592	1685512382585	-9.522	-5.605	1.927	0.340	-0.033	-0.376	-0.589	-4.168	1.832	126.975197	37.295300
1685512382605	1685512382593	-10.175	-5.583	1.856	0.474	-0.059	-0.602	-0.041	-3.764	1.633	126.975197	37.295300
1685512382613	1685512382605	-11.392	-5.521	1.580	0.589	-0.043	-0.885	0.029	-3.438	1.523	126.975197	37.295300
1685512382627	1685512382613	-12.464	-5.535	1.348	0.721	0.004	-1.141	-0.634	-3.366	1.437	126.975197	37.295300
1685512382646	1685512382627	-13.288	-5.394	1.156	0.883	0.006	-1.316	-1.875	-3.213	1.142	126.975197	37.295300
1685512382646	1685512382646	-13.712	-5.179	0.936	1.067	-0.056	-1.401	-2.971	-3.132	0.893	126.975197	37.295300
1685512382651	1685512382647	-13.807	-4.853	0.680	1.261	-0.203	-1.410	-3.826	-2.871	0.682	126.975197	37.295300
1685512382664	1685512382652	-13.499	-4.408	0.515	1.412	-0.396	-1.389	-4.288	-2.528	0.429	126.975197	37.295300
1685512382671	1685512382664	-13.089	-4.130	0.500	1.462	-0.564	-1.368	-4.422	-2.076	0.117	126.975197	37.295300
1685512382684	1685512382672	-12.625	-3.867	0.589	1.390	-0.695	-1.381	-4.156	-1.508	-0.122	126.975197	37.295300
1685512382691	1685512382684	-12.031	-3.742	0.792	1.224	-0.779	-1.439	-3.795	-1.101	-0.242	126.975197	37.295300
1685512382702	1685512382692	-11.382	-3.596	0.725	1.014	-0.841	-1.517	-3.373	-0.733	-0.249	126.975197	37.295300
1685512382712	1685512382704	-10.599	-3.261	0.867	0.798	-0.897	-1.610	-2.837	-0.474	-0.168	126.975197	37.295300
1685512382723	1685512382714	-10.029	-3.062	0.883	0.596	-0.924	-1.718	-2.241	-0.213	-0.335	126.975197	37.295300
1685512382731	1685512382723	-9.448	-3.072	0.900	0.392	-0.926	-1.846	-1.525	0.259	-0.302	126.975197	37.295300
1685512382742	1685512382732	-9.031	-3.201	0.809	0.188	-0.916	-2.005	-1.027	0.603	-0.390	126.975197	37.295300
1685512382752	1685512382743	-8.655	-3.242	0.867	0.051	-0.882	-2.172	-0.534	0.771	-0.481	126.975197	37.295300
1685512382763	1685512382752	-8.310	-3.244	0.915	0.009	-0.822	-2.330	-0.201	0.800	-0.654	126.975197	37.295300
1685512382774	1685512382764	-7.999	-3.247	0.804	0.055	-0.757	-2.474	0.069	0.948	-0.675	126.975197	37.295300
1685512382787	1685512382774	-7.748	-3.213	0.893	0.191	-0.694	-2.594	0.302	1.149	-0.699	126.975197	37.295300
1685512382792	1685512382787	-7.803	-3.012	0.711	0.431	-0.615	-2.684	0.491	1.358	-0.876	126.975197	37.295300
1685512382805	1685512382794	-7.815	-2.828	0.752	0.739	-0.528	-2.738	0.608	1.607	-0.855	126.975197	37.295300
1685512382813	1685512382806	-7.851	-2.916	0.661	1.009	-0.467	-2.757	0.381	2.064	-1.123	126.975197	37.295300
1685512382829	1685512382815	-7.731	-3.139	0.493	1.162	-0.442	-2.773	0.247	2.416	-1.147	126.975197	37.295300
1685512382831	1685512382831	-7.877	-3.203	0.321	1.240	-0.421	-2.790	0.055	2.528	-1.329	126.975197	37.295300
1685512382862	1685512382834	-8.042	-3.282	0.244	1.330	-0.375	-2.793	0.012	2.497	-1.597	126.975197	37.295300
1685512382863	1685512382862	-8.090	-3.122	0.208	1.410	-0.365	-2.757	-0.261	2.579	-1.846	126.975197	37.295300
1685512382863	1685512382863	-8.030	-3.098	0.115	1.425	-0.375	-2.671	-0.565	2.646	-2.006	126.975197	37.295300
1685512382873	1685512382863	-8.045	-2.950	0.101	1.394	-0.409	-2.552	-0.792	2.983	-2.157	126.975197	37.295300
1685512382884	1685512382873	-8.088	-2.698	0.024	1.385	-0.453	-2.418	-0.845	3.110	-2.325	126.975197	37.295300
1685512382895	1685512382884	-8.124	-2.547	-0.079	1.403	-0.487	-2.244	-1.008	3.385	-2.442	126.975197	37.295300
1685512382903	1685512382896	-8.155	-2.461	0.067	1.400	-0.530	-2.046	-1.199	3.754	-2.626	126.975197	37.295300
1685512382912	1685512382903	-8.107	-2.342	0.062	1.370	-0.557	-1.857	-1.396	4.020	-2.856	126.975197	37.295300
1685512382922	1685512382912	-8.135	-2.152	0.103	1.333	-0.589	-1.690	-1.561	4.192	-2.825	126.975197	37.295300
1685512382932	1685512382922	-8.222	-2.128	0.127	1.261	-0.617	-1.526	-1.683	4.408	-2.983	126.975197	37.295300
1685512382943	1685512382932	-8.475	-2.138	0.122	1.167	-0.628	-1.333	-1.817	4.652	-3.045	126.975197	37.295300
1685512382952	1685512382943	-8.717	-2.088	0.060	1.045	-0.623	-1.141	-2.040	4.736	-3.158	126.975197	37.295300
1685512382963	1685512382952	-8.751	-2.088	0.299	0.891	-0.615	-0.986	-2.397	4.764	-3.270	126.975197	37.295300
1685512382972	1685512382964	-8.878	-1.992	0.457	0.766	-0.608	-0.823	-2.749	4.851	-3.452	126.975197	37.295300
1685512382984	1685512382972	-9.033	-1.877	0.622	0.673	-0.573	-0.616	-2.863	4.875	-3.302	126.975197	37.295300
1685512382992	1685512382985	-9.141	-2.064	0.745	0.563	-0.541	-0.409	-3.086	4.994	-3.251	126.975197	37.295300
1685512383002	1685512382992	-9.177	-2.148	0.718	0.474	-0.494	-0.243	-3.299	5.119	-3.158	126.975197	37.295300
1685512383013	1685512383002	-9.495	-1.925	0.522	0.403	-0.409	-0.073	-3.443	4.922	-3.103	126.975197	37.295300
1685512383023	1685512383013	-9.929	-1.896	0.266	0.260	-0.325	0.099	-3.484	4.822	-3.172	126.975197	37.295300
1685512383039	1685512383024	-10.779	-2.054	0.079	0.100	-0.222	0.272	-3.792	5.016	-3.405	126.975197	37.295300
1685512383043	1685512383039	-11.523	-2.148	-0.096	-0.075	-0.081	0.434	-4.192	5.006	-3.677	126.975197	37.295300
1685512383067	1685512383047	-12.105	-2.421	-0.244	-0.250	0.064	0.600	-4.982	4.800	-3.862	126.975197	37.295300
1685512383067	1685512383067	-12.292	-2.737	-0.136	-0.415	0.171	0.805	-5.636	4.647	-4.003	126.975197	37.295300
1685512383071	1685512383067	-11.973	-2.962	0.237	-0.557	0.226	1.063	-6.175	4.348	-4.130	126.975197	37.295300
1685512383083	1685512383073	-11.054	-3.199	0.723	-0.672	0.257	1.324	-6.302	4.001	-3.984	126.975197	37.295300
1685512383090	1685512383084	-9.919	-3.534	1.116	-0.737	0.274	1.559	-5.902	3.733	-3.560	126.975197	37.295300
1685512383100	1685512383091	-9.002	-3.668	1.516	-0.727	0.312	1.778	-4.884	3.440	-3.014	126.975197	37.295300
1685512383110	1685512383101	-8.732	-3.685	1.602	-0.615	0.409	1.934	-3.613	3.021	-2.543	126.975197	37.295300
1685512383120	1685512383110	-9.079	-3.524	1.733	-0.426	0.586	1.996	-2.595	2.818	-2.088	126.975197	37.295300
1685512383130	1685512383120	-9.907	-3.338	1.851	-0.200	0.822	1.993	-2.184	2.696	-1.935	126.975197	37.295300
1685512383141	1685512383130	-10.985	-3.158	2.023	-0.002	1.041	1.949	-2.385	2.739	-1.738	126.975197	37.295300
1685512383150	1685512383141	-11.784	-3.203	2.193	0.166	1.230	1.910	-3.062	2.799	-1.551	126.975197	37.295300
1685512383160	1685512383150	-12.107	-3.347	2.162	0.334	1.355	1.906	-3.986	2.844	-1.307	126.975197	37.295300
1685512383170	1685512383160	-11.748	-3.211	2.014	0.489	1.356	1.928	-4.616	2.643	-1.053	126.975197	37.295300
1685512383181	1685512383170	-11.202	-3.079	1.697	0.605	1.267	1.962	-4.803	2.365	-1.013	126.975197	37.295300
1685512383190	1685512383181	-10.716	-2.763	1.537	0.699	1.168	2.016	-4.290	2.344	-1.089	126.975197	37.295300
1685512383201	1685512383190	-10.525	-2.636	1.468	0.767	1.086	2.061	-3.598	2.310	-1.343	126.975197	37.295300
1685512383210	1685512383201	-10.132	-2.480	1.554	0.760	1.009	2.057	-2.957	2.433	-1.446	126.975197	37.295300
1685512383220	1685512383210	-9.589	-2.169	1.614	0.641	0.922	2.002	-2.641	2.394	-1.472	126.975197	37.295300
1685512383230	1685512383220	-8.851	-1.937	1.772	0.384	0.811	1.929	-2.105	2.344	-1.341	126.975197	37.295300
1685512383246	1685512383230	-8.135	-1.935	1.954	-0.007	0.688	1.855	-1.451	2.495	-1.240	126.975189	37.295292
1685512383250	1685512383246	-7.508	-2.093	2.081	-0.432	0.589	1.773	-0.603	2.557	-1.034	126.975189	37.295292
1685512383261	1685512383250	-7.017	-2.306	2.076	-0.817	0.518	1.684	0.213	2.406	-0.795	126.975189	37.295292
1685512383270	1685512383261	-6.543	-2.610	2.085	-1.141	0.461	1.583	0.931	2.112	-0.599	126.975189	37.295292
1685512383281	1685512383270	-6.165	-3.005	2.076	-1.393	0.421	1.486	1.506	1.776	-0.527	126.975189	37.295292
1685512383290	1685512383282	-5.940	-3.105	1.946	-1.561	0.408	1.393	2.064	1.355	-0.421	126.975189	37.295292
1685512383300	1685512383291	-5.986	-3.089	1.743	-1.635	0.424	1.311	2.504	0.876	-0.350	126.975189	37.295292
1685512383311	1685512383301	-6.055	-3.124	1.647	-1.649	0.453	1.239	2.799	0.682	-0.373	126.975189	37.295292
1685512383323	1685512383311	-6.321	-3.409	1.767	-1.636	0.481	1.179	2.806	0.630	-0.488	126.975189	37.295292
1685512383332	1685512383323	-6.567	-3.735	1.882	-1.586	0.503	1.130	2.792	0.520	-0.484	126.975189	37.295292
1685512383342	1685512383332	-6.886	-3.972	2.071	-1.466	0.534	1.096	2.579	0.165	-0.263	126.975189	37.295292
1685512383352	1685512383343	-7.051	-4.010	2.318	-1.286	0.568	1.076	2.387	-0.235	-0.036	126.975189	37.295292
1685512383363	1685512383352	-6.924	-4.175	2.456	-1.090	0.567	1.085	2.112	-0.536	0.239	126.975189	37.295292
1685512383372	1685512383363	-6.838	-4.298	2.459	-0.872	0.540	1.141	1.992	-0.649	0.579	126.975189	37.295292
1685512383387	1685512383372	-6.883	-4.092	2.368	-0.612	0.520	1.222	2.164	-0.895	0.807	126.975189	37.295292
1685512383393	1685512383387	-6.989	-3.888	2.263	-0.345	0.513	1.291	2.296	-1.106	0.886	126.975189	37.295292
1685512383404	1685512383393	-7.319	-3.754	2.308	-0.123	0.522	1.333	2.298	-1.003	0.862	126.975189	37.295292
1685512383414	1685512383405	-7.709	-3.725	2.354	0.001	0.536	1.357	2.248	-0.936	0.826	126.975189	37.295292
1685512383424	1685512383414	-8.035	-3.706	2.332	0.037	0.547	1.381	1.956	-0.900	0.915	126.975189	37.295292
1685512383440	1685512383424	-8.408	-3.740	2.265	0.020	0.542	1.400	1.609	-0.996	1.008	126.975189	37.295292
1685512383443	1685512383440	-8.854	-3.874	2.112	-0.045	0.517	1.400	1.329	-1.106	1.037	126.975189	37.295292
1685512383454	1685512383444	-9.481	-4.307	2.076	-0.161	0.491	1.376	0.996	-1.271	1.020	126.975189	37.295292
1685512383463	1685512383454	-10.259	-4.642	2.097	-0.290	0.479	1.330	0.591	-1.537	0.917	126.975189	37.295292
1685512383473	1685512383463	-11.042	-4.822	2.248	-0.391	0.489	1.266	0.000	-2.095	0.924	126.975189	37.295292
1685512383486	1685512383473	-11.341	-5.083	2.298	-0.441	0.498	1.201	-0.747	-2.540	0.994	126.975189	37.295292
1685512383493	1685512383486	-11.291	-5.136	2.296	-0.409	0.467	1.155	-1.499	-2.837	1.199	126.975189	37.295292
1685512383505	1685512383493	-11.016	-5.255	2.258	-0.340	0.400	1.122	-1.769	-3.208	1.305	126.975189	37.295292
1685512383513	1685512383505	-10.748	-5.236	2.181	-0.249	0.330	1.075	-1.690	-3.378	1.360	126.975189	37.295292
1685512383523	1685512383514	-10.882	-5.265	1.918	-0.181	0.298	0.969	-1.396	-3.594	1.362	126.975189	37.295292
1685512383533	1685512383523	-11.624	-5.296	1.695	-0.160	0.313	0.782	-1.104	-3.694	1.329	126.975189	37.295292
1685512383543	1685512383533	-12.735	-5.444	1.839	-0.176	0.363	0.545	-1.223	-3.797	1.089	126.975189	37.295292
1685512383554	1685512383543	-13.649	-5.602	1.966	-0.203	0.436	0.282	-1.951	-3.910	0.903	126.975189	37.295292
1685512383566	1685512383554	-13.870	-5.866	2.078	-0.221	0.480	0.018	-3.053	-4.106	1.080	126.975189	37.295292
1685512383575	1685512383567	-13.408	-5.990	2.260	-0.192	0.412	-0.187	-3.960	-4.293	1.257	126.975189	37.295292
1685512383585	1685512383577	-12.352	-5.837	2.547	-0.086	0.292	-0.315	-4.178	-4.556	1.413	126.975189	37.295292
1685512383595	1685512383585	-11.102	-5.619	2.543	0.068	0.194	-0.420	-3.716	-4.657	1.647	126.975189	37.295292
1685512383604	1685512383595	-9.941	-5.181	2.339	0.261	0.098	-0.542	-2.660	-4.475	1.961	126.975189	37.295292
1685512383614	1685512383605	-9.246	-4.774	2.191	0.446	0.026	-0.684	-1.415	-4.214	1.975	126.975189	37.295292
1685512383624	1685512383614	-9.400	-4.511	1.877	0.586	0.006	-0.853	-0.261	-3.735	1.776	126.975189	37.295292
1685512383644	1685512383626	-9.783	-4.669	1.381	0.674	0.024	-1.079	0.421	-3.256	1.623	126.975189	37.295292
1685512383645	1685512383645	-10.827	-3.924	1.992	0.728	0.066	-1.333	0.256	-2.923	1.302	126.975189	37.295292
1685512383654	1685512383645	-11.729	-4.458	1.963	0.728	0.094	-1.561	-0.146	-2.959	0.795	126.975189	37.295292
1685512383663	1685512383654	-12.383	-5.119	1.743	0.731	0.034	-1.736	-1.211	-2.105	1.401	126.975189	37.295292
1685512383673	1685512383663	-12.682	-4.099	1.314	0.983	-0.020	-1.806	-2.143	-2.492	1.367	126.975189	37.295292
1685512383688	1685512383673	-12.474	-4.027	0.769	1.125	-0.095	-1.894	-2.832	-2.990	1.135	126.975189	37.295292
1685512383692	1685512383688	-12.517	-3.994	0.663	1.163	-0.228	-1.919	-3.172	-1.805	0.682	126.975189	37.295292
1685512383704	1685512383693	-12.706	-3.974	0.625	1.100	-0.316	-1.928	-3.010	-1.561	0.101	126.975189	37.295292
1685512383713	1685512383704	-12.931	-4.001	0.723	0.969	-0.358	-1.955	-3.112	-1.319	-0.065	126.975189	37.295292
1685512383723	1685512383714	-13.027	-3.934	0.781	0.898	-0.380	-1.961	-3.347	-1.161	-0.151	126.975189	37.295292
1685512383733	1685512383724	-12.663	-3.862	0.769	0.849	-0.393	-1.958	-3.632	-1.015	-0.113	126.975189	37.295292
1685512383744	1685512383734	-11.935	-3.711	0.709	0.809	-0.436	-1.950	-3.790	-0.773	-0.120	126.975189	37.295292
1685512383753	1685512383744	-11.006	-3.603	0.632	0.742	-0.489	-1.944	-3.493	-0.529	-0.194	126.975189	37.295292
1685512383765	1685512383753	-10.120	-3.522	0.702	0.644	-0.542	-1.939	-2.837	-0.208	-0.321	126.975189	37.295292
1685512383774	1685512383765	-9.450	-3.436	0.527	0.550	-0.575	-1.955	-1.990	0.081	-0.476	126.975189	37.295292
1685512383785	1685512383775	-8.823	-3.448	0.524	0.479	-0.575	-2.001	-1.176	0.314	-0.472	126.975189	37.295292
1685512383795	1685512383785	-8.301	-3.369	0.469	0.428	-0.562	-2.064	-0.589	0.567	-0.721	126.975189	37.295292
1685512383805	1685512383795	-7.994	-3.311	0.390	0.397	-0.547	-2.145	-0.050	0.725	-0.792	126.975189	37.295292
1685512383815	1685512383805	-7.764	-3.426	0.290	0.381	-0.530	-2.241	0.364	0.996	-0.922	126.975189	37.295292
1685512383824	1685512383815	-7.606	-3.517	0.038	0.396	-0.498	-2.330	0.577	1.216	-1.061	126.975189	37.295292
1685512383835	1685512383825	-7.566	-3.311	-0.053	0.440	-0.468	-2.419	0.685	1.305	-1.228	126.975189	37.295292
1685512383863	1685512383836	-7.575	-3.168	-0.098	0.489	-0.448	-2.490	0.735	1.384	-1.535	126.975189	37.295292
1685512383865	1685512383863	-7.630	-3.330	-0.105	0.557	-0.445	-2.538	0.646	1.784	-1.688	126.975189	37.295292
1685512383866	1685512383865	-7.858	-3.349	-0.146	0.641	-0.443	-2.567	0.500	2.121	-1.796	126.975189	37.295292
1685512383874	1685512383866	-8.116	-3.251	-0.156	0.754	-0.467	-2.605	0.302	2.152	-1.867	126.975189	37.295292
1685512383885	1685512383875	-8.298	-2.895	-0.306	0.914	-0.489	-2.641	-0.074	2.322	-1.980	126.975189	37.295292
1685512383896	1685512383885	-8.404	-2.555	-0.275	1.034	-0.520	-2.644	-0.474	2.591	-2.047	126.975189	37.295292
1685512383904	1685512383896	-8.535	-2.516	-0.211	1.036	-0.577	-2.606	-0.776	3.081	-2.253	126.975189	37.295292
1685512383917	1685512383904	-8.557	-2.464	-0.208	0.942	-0.608	-2.525	-1.039	3.589	-2.313	126.975189	37.295292
1685512383927	1685512383917	-8.569	-2.306	-0.330	0.825	-0.624	-2.436	-1.302	3.757	-2.322	126.975189	37.295292
1685512383933	1685512383927	-8.660	-2.217	-0.256	0.713	-0.639	-2.334	-1.472	3.946	-2.406	126.975189	37.295292
1685512383944	1685512383934	-8.961	-2.064	-0.278	0.635	-0.629	-2.172	-1.630	4.235	-2.610	126.975189	37.295292
1685512383954	1685512383945	-9.148	-2.155	-0.335	0.568	-0.623	-1.973	-1.884	4.463	-2.619	126.975189	37.295292
1685512383964	1685512383954	-9.522	-2.236	-0.309	0.470	-0.604	-1.806	-2.308	4.717	-2.703	126.975189	37.295292
1685512383974	1685512383964	-9.639	-2.356	-0.441	0.345	-0.575	-1.662	-2.619	4.721	-2.825	126.975189	37.295292
1685512383986	1685512383974	-9.807	-2.464	-0.273	0.214	-0.566	-1.492	-3.100	4.721	-2.854	126.975189	37.295292
1685512383994	1685512383986	-9.795	-2.473	-0.254	0.078	-0.550	-1.301	-3.311	4.671	-3.024	126.975189	37.295292
1685512384005	1685512383994	-9.797	-2.394	-0.256	-0.049	-0.540	-1.107	-3.551	4.618	-2.883	126.975189	37.295292
1685512384015	1685512384005	-9.792	-2.459	-0.127	-0.148	-0.517	-0.897	-3.610	4.666	-2.883	126.975189	37.295292
1685512384027	1685512384015	-9.663	-2.286	-0.180	-0.211	-0.463	-0.665	-3.625	4.757	-2.875	126.975189	37.295292
