1685512323971	1685512323971	-6.445	-2.093	2.509	-0.451	-0.353	-0.326	2.734	1.453	-1.432	126.975426	37.295807
1685512323971	1685512323971	-6.816	-2.356	2.770	-0.665	-0.238	-0.230	2.286	1.453	-1.480	126.975426	37.295807
1685512323971	1685512323971	-7.355	-2.667	2.909	-0.870	-0.121	-0.126	1.820	1.420	-1.417	126.975426	37.295807
1685512323977	1685512323971	-8.080	-2.456	3.182	-0.943	0.021	-0.004	1.432	1.202	-1.154	126.975426	37.295807
1685512323986	1685512323977	-8.636	-2.428	3.357	-0.834	0.181	0.144	0.881	0.943	-0.989	126.975426	37.295807
1685512323998	1685512323986	-9.129	-2.581	3.467	-0.722	0.270	0.310	0.156	1.185	-0.687	126.975426	37.295807
1685512324006	1685512323998	-9.445	-2.658	3.361	-0.633	0.367	0.497	-0.383	1.235	-0.462	126.975426	37.295807
1685512324017	1685512324006	-9.534	-2.567	3.196	-0.571	0.473	0.679	-0.857	1.085	-0.309	126.975426	37.295807
1685512324026	1685512324017	-9.541	-2.583	2.832	-0.596	0.551	0.841	-1.140	0.989	-0.354	126.975426	37.295807
1685512324038	1685512324026	-9.720	-2.658	2.447	-0.745	0.621	0.977	-1.190	1.046	-0.467	126.975426	37.295807
1685512324047	1685512324038	-10.250	-2.739	2.028	-1.018	0.694	1.081	-1.137	0.972	-0.749	126.975426	37.295807
1685512324056	1685512324047	-10.836	-2.614	1.595	-1.392	0.787	1.163	-1.271	0.852	-1.073	126.975426	37.295807
1685512324066	1685512324056	-11.224	-2.586	1.252	-1.840	0.904	1.250	-1.731	0.709	-1.386	126.975426	37.295807
1685512324078	1685512324066	-11.542	-2.715	1.101	-2.377	1.018	1.348	-2.260	0.785	-1.717	126.975426	37.295807
1685512324087	1685512324078	-11.370	-2.909	0.996	-2.970	1.134	1.454	-2.569	0.761	-1.906	126.975426	37.295807
1685512324097	1685512324087	-10.793	-3.005	1.063	-3.536	1.247	1.582	-2.818	0.594	-1.906	126.975426	37.295807
1685512324106	1685512324098	-10.159	-3.089	1.065	-4.034	1.329	1.731	-2.550	0.350	-1.774	126.975426	37.295807
1685512324116	1685512324106	-10.034	-3.103	1.223	-4.457	1.362	1.872	-1.903	0.218	-1.528	126.975426	37.295807
1685512324126	1685512324117	-10.508	-3.096	1.425	-4.782	1.395	1.966	-1.164	0.065	-1.228	126.975426	37.295807
1685512324137	1685512324126	-11.665	-3.419	1.638	-5.002	1.461	2.000	-0.970	-0.002	-0.860	126.975426	37.295807
1685512324146	1685512324138	-13.142	-3.788	1.970	-5.081	1.581	1.995	-1.348	-0.091	-0.359	126.975426	37.295807
1685512324157	1685512324146	-14.315	-4.173	2.155	-4.954	1.763	1.993	-2.421	-0.517	0.134	126.975426	37.295807
1685512324166	1685512324157	-15.079	-4.733	2.291	-4.660	1.917	2.009	-3.814	-1.015	0.788	126.975426	37.295807
1685512324176	1685512324166	-15.244	-5.181	2.306	-4.205	2.001	2.055	-4.922	-1.520	1.243	126.975426	37.295807
1685512324186	1685512324177	-14.875	-5.243	2.229	-3.603	2.020	2.169	-5.619	-2.236	1.678	126.975426	37.295807
1685512324199	1685512324186	-14.066	-5.282	1.994	-2.948	1.972	2.353	-5.727	-2.859	1.985	126.975426	37.295807
1685512324206	1685512324199	-13.041	-5.236	1.645	-2.294	1.869	2.556	-5.306	-3.122	2.181	126.975426	37.295807
1685512324217	1685512324206	-11.911	-4.750	1.420	-1.660	1.747	2.700	-4.451	-3.388	2.195	126.975426	37.295807
1685512324226	1685512324217	-10.989	-4.336	1.697	-1.093	1.607	2.739	-3.378	-3.646	2.109	126.975426	37.295807
1685512324237	1685512324226	-9.946	-4.247	1.908	-0.626	1.447	2.694	-2.224	-3.378	2.040	126.975426	37.295807
1685512324246	1685512324237	-8.976	-3.472	1.844	-0.233	1.261	2.575	-1.279	-3.237	2.485	126.975426	37.295807
1685512324261	1685512324246	-8.147	-2.938	2.095	0.094	1.013	2.376	-0.223	-3.414	2.844	126.975426	37.295795
1685512324267	1685512324261	-7.398	-2.552	2.258	0.314	0.929	2.143	0.752	-2.892	2.904	126.975426	37.295795
1685512324277	1685512324267	-6.986	-2.263	2.380	0.369	0.883	1.873	1.580	-2.588	3.254	126.975426	37.295795
1685512324287	1685512324277	-6.689	-2.167	2.595	0.271	0.794	1.570	2.322	-2.428	3.515	126.975426	37.295795
1685512324298	1685512324287	-6.479	-2.140	2.600	0.105	0.737	1.284	2.725	-2.298	3.713	126.975426	37.295795
1685512324307	1685512324298	-6.359	-2.191	2.413	-0.125	0.665	1.041	3.010	-2.351	4.005	126.975426	37.295795
1685512324318	1685512324307	-6.251	-2.363	2.306	-0.421	0.579	0.848	3.206	-2.447	4.082	126.975426	37.295795
1685512324327	1685512324318	-6.342	-2.466	2.057	-0.704	0.529	0.729	3.311	-2.610	3.967	126.975426	37.295795
1685512324337	1685512324327	-6.464	-2.456	1.800	-0.933	0.467	0.666	3.407	-2.863	3.907	126.975426	37.295795
1685512324347	1685512324337	-6.594	-2.540	1.693	-1.175	0.370	0.611	3.302	-3.055	3.711	126.975426	37.295795
1685512324357	1685512324347	-6.723	-2.801	1.647	-1.423	0.264	0.564	3.170	-3.117	3.488	126.975426	37.295795
1685512324368	1685512324357	-6.996	-2.938	1.640	-1.637	0.176	0.525	3.029	-3.280	3.409	126.975426	37.295795
1685512324378	1685512324368	-7.357	-2.954	1.623	-1.796	0.120	0.492	2.892	-3.620	3.378	126.975426	37.295795
1685512324387	1685512324378	-7.640	-3.187	1.858	-1.911	0.083	0.472	2.610	-3.836	3.373	126.975426	37.295795
1685512324400	1685512324387	-7.819	-3.630	2.069	-2.000	0.056	0.473	2.243	-3.931	3.352	126.975426	37.295795
1685512324409	1685512324401	-8.109	-3.931	2.289	-2.039	0.053	0.486	1.954	-4.250	3.572	126.975426	37.295795
1685512324417	1685512324409	-8.384	-3.917	2.246	-1.989	0.093	0.502	1.767	-4.764	3.768	126.975426	37.295795
1685512324427	1685512324418	-8.466	-3.862	2.126	-1.881	0.139	0.535	1.470	-5.155	3.970	126.975426	37.295795
1685512324441	1685512324427	-8.480	-3.962	1.954	-1.752	0.167	0.597	1.188	-5.215	3.910	126.975426	37.295795
1685512324449	1685512324441	-8.550	-4.154	1.915	-1.638	0.164	0.668	1.097	-5.241	3.778	126.975426	37.295795
1685512324458	1685512324449	-8.794	-4.314	1.968	-1.530	0.158	0.712	1.073	-5.428	3.598	126.975426	37.295795
1685512324469	1685512324458	-9.124	-4.389	1.896	-1.407	0.192	0.721	0.994	-5.698	3.536	126.975426	37.295795
1685512324477	1685512324469	-9.498	-4.274	1.939	-1.263	0.246	0.709	0.745	-5.914	3.560	126.975426	37.295795
1685512324487	1685512324478	-9.898	-4.410	2.081	-1.125	0.302	0.699	0.412	-6.038	3.457	126.975426	37.295795
1685512324501	1685512324487	-10.254	-4.575	2.203	-0.999	0.342	0.688	0.038	-5.954	3.467	126.975426	37.295795
1685512324507	1685512324501	-10.546	-4.738	2.301	-0.869	0.367	0.662	-0.357	-6.103	3.577	126.975426	37.295795
1685512324518	1685512324507	-10.726	-4.788	2.332	-0.740	0.374	0.624	-0.716	-6.294	3.682	126.975426	37.295795
1685512324529	1685512324518	-10.918	-4.829	2.243	-0.616	0.367	0.596	-1.020	-6.515	3.783	126.975426	37.295795
1685512324537	1685512324529	-11.054	-4.786	2.097	-0.503	0.352	0.586	-1.211	-6.622	3.831	126.975426	37.295795
1685512324547	1685512324538	-11.492	-4.908	2.049	-0.424	0.337	0.572	-1.420	-6.728	3.766	126.975426	37.295795
1685512324559	1685512324547	-12.304	-5.073	2.212	-0.386	0.349	0.530	-1.573	-6.749	3.644	126.975426	37.295795
1685512324568	1685512324559	-13.300	-5.164	2.433	-0.353	0.418	0.451	-2.028	-6.931	3.620	126.975426	37.295795
1685512324578	1685512324570	-13.740	-5.274	2.579	-0.283	0.513	0.348	-2.856	-7.151	3.807	126.975426	37.295795
1685512324587	1685512324578	-13.712	-5.346	2.782	-0.188	0.522	0.270	-3.871	-7.298	4.063	126.975426	37.295795
1685512324599	1685512324587	-12.735	-5.394	2.885	-0.077	0.408	0.238	-4.326	-7.441	4.247	126.975426	37.295795
1685512324607	1685512324600	-11.461	-5.183	2.835	0.048	0.224	0.228	-4.312	-7.542	4.496	126.975426	37.295795
1685512324618	1685512324607	-10.293	-4.994	2.555	0.172	0.001	0.193	-3.347	-7.614	4.635	126.975426	37.295795
1685512324627	1685512324618	-9.531	-4.863	2.365	0.258	-0.209	0.104	-2.083	-7.424	4.609	126.975426	37.295795
1685512324637	1685512324627	-9.589	-4.865	2.217	0.298	-0.319	-0.044	-0.919	-7.250	4.334	126.975426	37.295795
1685512324647	1685512324637	-10.321	-4.853	2.109	0.324	-0.323	-0.266	-0.156	-7.123	4.128	126.975426	37.295795
1685512324658	1685512324647	-11.305	-4.920	1.968	0.371	-0.276	-0.558	-0.206	-7.118	3.960	126.975426	37.295795
1685512324668	1685512324658	-12.213	-4.930	1.966	0.446	-0.241	-0.855	-0.929	-7.075	3.828	126.975426	37.295795
1685512324678	1685512324668	-12.912	-4.961	1.755	0.547	-0.268	-1.100	-1.896	-7.082	3.668	126.975426	37.295795
1685512324689	1685512324679	-13.261	-4.772	1.468	0.676	-0.365	-1.291	-2.782	-7.003	3.654	126.975426	37.295795
1685512324700	1685512324689	-13.386	-4.683	1.238	0.790	-0.503	-1.445	-3.452	-6.922	3.428	126.975426	37.295795
1685512324707	1685512324700	-13.300	-4.537	1.008	0.865	-0.665	-1.544	-3.766	-6.572	3.115	126.975426	37.295795
1685512324717	1685512324707	-13.254	-4.468	0.984	0.918	-0.794	-1.598	-3.864	-6.364	2.856	126.975426	37.295795
1685512324730	1685512324718	-13.034	-4.192	0.876	0.957	-0.891	-1.643	-3.737	-6.024	2.567	126.975426	37.295795
1685512324739	1685512324730	-12.713	-3.962	0.910	0.972	-0.977	-1.695	-3.663	-5.820	2.492	126.975426	37.295795
1685512324747	1685512324739	-12.062	-3.699	0.876	0.955	-1.058	-1.756	-3.405	-5.356	2.306	126.975426	37.295795
1685512324758	1685512324747	-11.327	-3.414	0.893	0.896	-1.158	-1.833	-3.055	-4.968	2.263	126.975426	37.295795
1685512324769	1685512324758	-10.482	-3.208	0.833	0.788	-1.269	-1.932	-2.370	-4.484	2.116	126.975426	37.295795
1685512324778	1685512324770	-9.754	-3.153	0.776	0.646	-1.365	-2.048	-1.611	-4.049	2.049	126.975426	37.295795
1685512324787	1685512324778	-9.213	-3.072	0.682	0.480	-1.423	-2.180	-0.740	-3.627	1.858	126.975426	37.295795
1685512324802	1685512324788	-8.928	-3.048	0.613	0.309	-1.449	-2.326	0.005	-3.366	1.669	126.975426	37.295795
1685512324811	1685512324802	-8.665	-3.062	0.611	0.149	-1.454	-2.484	0.560	-3.067	1.437	126.975426	37.295795
1685512324818	1685512324811	-8.693	-2.969	0.618	0.022	-1.437	-2.645	0.852	-2.813	1.226	126.975426	37.295795
1685512324831	1685512324818	-8.588	-2.971	0.661	-0.050	-1.411	-2.794	1.113	-2.535	1.051	126.975426	37.295795
1685512324840	1685512324832	-8.538	-2.935	0.666	-0.070	-1.387	-2.919	1.075	-2.236	0.946	126.975426	37.295795
1685512324852	1685512324841	-8.382	-2.904	0.534	-0.054	-1.367	-3.012	1.161	-1.966	0.852	126.975426	37.295795
1685512324862	1685512324854	-8.315	-2.933	0.484	-0.009	-1.350	-3.070	1.180	-1.645	0.723	126.975426	37.295795
1685512324874	1685512324862	-8.145	-2.761	0.443	0.062	-1.330	-3.091	1.290	-1.322	0.460	126.975426	37.295795
1685512324882	1685512324875	-7.977	-2.696	0.278	0.155	-1.315	-3.079	1.302	-1.053	0.278	126.975426	37.295795
1685512324894	1685512324882	-7.726	-2.502	0.275	0.253	-1.294	-3.035	1.393	-0.524	0.084	126.975426	37.295795
1685512324905	1685512324894	-7.599	-2.461	0.148	0.335	-1.262	-2.966	1.482	-0.168	-0.204	126.975426	37.295795
1685512324911	1685512324906	-7.484	-2.337	0.180	0.398	-1.219	-2.882	1.640	0.326	-0.335	126.975426	37.295795
1685512324925	1685512324916	-7.343	-2.200	0.101	0.447	-1.166	-2.784	1.671	0.639	-0.589	126.975426	37.295795
1685512324931	1685512324925	-7.317	-2.136	0.089	0.473	-1.098	-2.668	1.674	1.046	-0.687	126.975426	37.295795
1685512324945	1685512324933	-7.195	-2.176	0.093	0.479	-1.019	-2.534	1.721	1.401	-0.867	126.975426	37.295795
1685512324952	1685512324946	-7.199	-2.188	0.235	0.474	-0.925	-2.379	1.626	1.724	-1.008	126.975426	37.295795
1685512324983	1685512324952	-7.163	-2.217	0.376	0.464	-0.820	-2.203	1.647	1.882	-1.101	126.975426	37.295795
1685512324984	1685512324983	-7.163	-2.253	0.479	0.462	-0.733	-2.000	1.532	2.073	-1.061	126.975426	37.295795
1685512324985	1685512324985	-7.400	-2.282	0.500	0.463	-0.646	-1.775	1.460	2.229	-1.010	126.975426	37.295795
1685512324990	1685512324985	-7.659	-2.109	0.563	0.459	-0.550	-1.543	1.360	2.358	-0.991	126.975426	37.295795
1685512325004	1685512324990	-7.848	-2.085	0.584	0.443	-0.452	-1.311	1.030	2.473	-1.046	126.975426	37.295795
1685512325012	1685512325004	-7.946	-2.203	0.493	0.418	-0.371	-1.069	0.680	2.780	-1.061	126.975426	37.295795
1685512325020	1685512325012	-7.934	-2.224	0.429	0.382	-0.303	-0.805	0.426	2.895	-1.092	126.975426	37.295795
1685512325031	1685512325021	-8.045	-2.296	0.426	0.334	-0.246	-0.539	0.261	2.866	-1.240	126.975426	37.295795
1685512325042	1685512325031	-8.200	-2.198	0.381	0.265	-0.198	-0.292	0.232	2.899	-1.346	126.975426	37.295795
1685512325051	1685512325043	-8.322	-2.023	0.354	0.184	-0.131	-0.066	0.089	2.866	-1.384	126.975426	37.295795
1685512325060	1685512325051	-8.437	-1.946	0.378	0.100	-0.065	0.156	-0.081	2.983	-1.460	126.975426	37.295795
1685512325070	1685512325061	-8.665	-1.949	0.429	0.010	-0.022	0.373	-0.211	3.158	-1.508	126.975426	37.295795
1685512325080	1685512325071	-9.165	-2.152	0.455	-0.105	0.006	0.577	-0.318	3.223	-1.494	126.975426	37.295795
1685512325090	1685512325080	-10.080	-2.440	0.543	-0.253	0.081	0.753	-0.529	3.189	-1.446	126.975426	37.295795
1685512325104	1685512325091	-11.042	-2.502	0.445	-0.417	0.222	0.896	-0.998	2.940	-1.413	126.975426	37.295795
1685512325113	1685512325105	-12.062	-2.782	0.302	-0.571	0.373	1.041	-1.875	2.598	-1.305	126.975426	37.295795
1685512325119	1685512325113	-12.577	-3.091	0.048	-0.706	0.481	1.242	-2.775	2.452	-1.355	126.975426	37.295795
1685512325128	1685512325119	-12.340	-3.242	-0.105	-0.834	0.517	1.521	-3.728	2.078	-1.427	126.975426	37.295795
1685512325138	1685512325128	-11.439	-3.275	-0.067	-0.966	0.474	1.845	-4.187	1.697	-1.621	126.975426	37.295795
1685512325148	1685512325138	-10.659	-3.326	0.108	-1.103	0.374	2.165	-3.869	1.432	-1.693	126.975426	37.295795
1685512325159	1685512325148	-10.388	-3.551	0.366	-1.230	0.296	2.435	-2.878	1.255	-1.568	126.975426	37.295795
1685512325168	1685512325159	-10.810	-3.867	0.848	-1.341	0.340	2.616	-1.994	1.034	-1.312	126.975426	37.295795
1685512325178	1685512325168	-11.899	-4.164	1.231	-1.422	0.528	2.693	-1.616	0.613	-0.977	126.975426	37.295795
1685512325188	1685512325178	-13.029	-4.446	1.575	-1.433	0.767	2.705	-1.915	0.062	-0.402	126.975426	37.295795
1685512325199	1685512325188	-13.664	-4.614	1.695	-1.337	0.991	2.718	-2.907	-0.433	0.069	126.975426	37.295795
1685512325208	1685512325200	-13.874	-4.683	1.812	-1.161	1.133	2.755	-3.931	-0.946	0.536	126.975426	37.295795
1685512325219	1685512325209	-13.676	-4.767	1.767	-0.935	1.172	2.809	-4.465	-1.348	0.792	126.975426	37.295795
1685512325228	1685512325219	-13.125	-4.669	1.633	-0.685	1.170	2.874	-4.571	-1.688	1.065	126.975426	37.295795
1685512325238	1685512325228	-12.510	-4.609	1.393	-0.437	1.153	2.943	-4.290	-2.002	1.142	126.975426	37.295795
1685512325248	1685512325238	-11.796	-4.403	1.195	-0.213	1.134	2.992	-3.651	-2.198	1.149	126.975426	37.295795
1685512325258	1685512325248	-10.922	-4.173	1.089	-0.042	1.106	2.998	-2.969	-2.389	1.018	126.975426	37.295795
1685512325268	1685512325258	-9.907	-3.996	1.168	0.060	1.041	2.958	-2.188	-2.468	0.931	126.975426	37.295795
1685512325279	1685512325268	-8.914	-3.828	1.362	0.093	0.937	2.883	-1.259	-2.528	0.934	126.975426	37.295795
1685512325288	1685512325279	-7.932	-3.697	1.480	0.067	0.827	2.772	-0.199	-2.636	1.113	126.975433	37.295784
1685512325299	1685512325288	-7.274	-3.503	1.542	0.004	0.729	2.623	0.828	-2.749	1.396	126.975433	37.295784
1685512325308	1685512325299	-6.766	-3.464	1.717	-0.061	0.688	2.441	1.839	-2.916	1.602	126.975433	37.295784
1685512325318	1685512325308	-6.670	-3.316	1.774	-0.104	0.698	2.243	2.512	-2.952	1.729	126.975433	37.295784
1685512325328	1685512325318	-6.771	-3.127	1.748	-0.127	0.732	2.044	3.029	-3.177	1.978	126.975433	37.295784
1685512325340	1685512325328	-6.955	-3.242	1.822	-0.180	0.767	1.861	3.127	-3.227	2.097	126.975433	37.295784
1685512325349	1685512325340	-7.329	-3.412	1.856	-0.286	0.773	1.710	3.024	-3.239	2.143	126.975433	37.295784
1685512325359	1685512325349	-7.523	-3.541	1.745	-0.428	0.744	1.589	2.832	-3.536	2.291	126.975433	37.295784
1685512325369	1685512325359	-7.657	-3.606	1.571	-0.577	0.681	1.499	2.447	-3.893	2.406	126.975433	37.295784
1685512325380	1685512325369	-7.649	-3.761	1.559	-0.713	0.582	1.439	2.241	-4.164	2.361	126.975433	37.295784
1685512325389	1685512325380	-7.867	-3.838	1.415	-0.838	0.470	1.400	2.093	-4.379	2.248	126.975433	37.295784
1685512325402	1685512325390	-8.071	-3.718	1.314	-0.936	0.380	1.365	2.088	-4.645	2.270	126.975433	37.295784
1685512325410	1685512325403	-8.384	-3.864	1.281	-1.036	0.315	1.316	1.856	-4.836	2.150	126.975433	37.295784
1685512325421	1685512325410	-8.633	-4.003	1.255	-1.158	0.243	1.264	1.640	-4.827	2.061	126.975433	37.295784
1685512325430	1685512325421	-8.935	-4.113	1.300	-1.282	0.173	1.216	1.310	-5.107	2.037	126.975433	37.295784
1685512325441	1685512325431	-9.167	-4.161	1.190	-1.382	0.119	1.161	1.051	-5.318	2.004	126.975433	37.295784
1685512325452	1685512325441	-9.191	-4.199	1.168	-1.456	0.067	1.103	0.740	-5.514	2.030	126.975433	37.295784
1685512325464	1685512325452	-9.076	-4.295	1.152	-1.532	-0.001	1.051	0.498	-5.631	1.891	126.975433	37.295784
1685512325473	1685512325464	-8.899	-4.384	1.077	-1.631	-0.071	0.996	0.469	-5.722	1.829	126.975433	37.295784
1685512325483	1685512325473	-9.000	-4.434	0.946	-1.739	-0.109	0.926	0.582	-5.854	1.762	126.975433	37.295784
1685512325493	1685512325483	-9.096	-4.654	0.936	-1.837	-0.116	0.836	0.757	-5.983	1.626	126.975433	37.295784
1685512325505	1685512325495	-9.376	-4.865	0.974	-1.916	-0.098	0.735	0.656	-6.050	1.437	126.975433	37.295784
1685512325512	1685512325506	-9.711	-5.001	0.989	-1.947	-0.062	0.630	0.558	-6.294	1.365	126.975433	37.295784
1685512325525	1685512325512	-10.058	-5.119	1.092	-1.925	-0.021	0.523	0.278	-6.527	1.346	126.975433	37.295784
1685512325533	1685512325526	-10.159	-5.306	1.183	-1.863	-0.002	0.429	-0.057	-6.687	1.305	126.975433	37.295784
1685512325551	1685512325534	-10.084	-5.483	1.362	-1.762	-0.011	0.359	-0.407	-6.821	1.369	126.975433	37.295784
1685512325552	1685512325552	-9.974	-5.624	1.410	-1.619	-0.020	0.315	-0.512	-7.041	1.420	126.975433	37.295784
1685512325583	1685512325552	-9.637	-5.710	1.554	-1.439	-0.020	0.288	-0.443	-7.252	1.571	126.975433	37.295784
1685512325584	1685512325583	-9.402	-5.586	1.542	-1.223	-0.007	0.270	-0.338	-7.427	1.587	126.975433	37.295784
1685512325585	1685512325584	-9.218	-5.368	1.437	-0.985	0.022	0.250	-0.007	-7.544	1.705	126.975433	37.295784
1685512325590	1685512325585	-9.074	-5.296	1.264	-0.757	0.062	0.221	0.220	-7.446	1.669	126.975433	37.295784
1685512325604	1685512325591	-9.421	-5.291	1.147	-0.571	0.104	0.167	0.400	-7.254	1.547	126.975433	37.295784
1685512325612	1685512325604	-10.106	-5.492	1.147	-0.442	0.164	0.083	0.539	-7.209	1.365	126.975433	37.295784
1685512325621	1685512325612	-10.918	-5.657	1.317	-0.357	0.255	-0.028	0.189	-7.216	1.247	126.975433	37.295784
1685512325631	1685512325621	-11.672	-5.729	1.381	-0.276	0.365	-0.140	-0.496	-7.427	1.255	126.975433	37.295784
1685512325642	1685512325631	-12.057	-5.811	1.760	-0.189	0.431	-0.211	-1.307	-7.592	1.441	126.975433	37.295784
1685512325651	1685512325642	-11.727	-5.890	2.088	-0.083	0.435	-0.227	-2.059	-7.649	1.535	126.975433	37.295784
1685512325660	1685512325652	-10.764	-5.806	2.093	0.066	0.395	-0.203	-2.442	-7.712	1.951	126.975433	37.295784
1685512325672	1685512325661	-9.761	-5.823	2.057	0.280	0.292	-0.156	-2.107	-7.764	2.327	126.975433	37.295784
1685512325683	1685512325672	-9.622	-6.029	2.061	0.522	0.170	-0.125	-1.142	-7.664	2.363	126.975433	37.295784
1685512325693	1685512325684	-10.360	-6.223	2.059	0.755	0.161	-0.181	-0.136	-7.666	2.361	126.975433	37.295784
1685512325706	1685512325693	-11.712	-6.139	1.992	1.001	0.293	-0.359	0.002	-7.858	2.392	126.975433	37.295784
1685512325713	1685512325707	-12.945	-5.957	1.875	1.264	0.437	-0.580	-0.730	-8.030	2.421	126.975433	37.295784
1685512325724	1685512325714	-13.779	-5.909	1.709	1.519	0.475	-0.750	-2.078	-7.910	2.397	126.975433	37.295784
1685512325733	1685512325724	-14.076	-5.792	1.453	1.752	0.400	-0.859	-3.302	-7.649	2.361	126.975433	37.295784
1685512325751	1685512325734	-14.052	-5.526	1.228	1.943	0.238	-0.960	-4.128	-7.537	2.253	126.975433	37.295784
1685512325752	1685512325751	-13.872	-5.523	0.939	2.045	0.033	-1.089	-4.413	-7.326	2.064	126.975433	37.295784
1685512325783	1685512325752	-13.671	-5.389	0.845	2.042	-0.156	-1.225	-4.377	-6.955	1.889	126.975433	37.295784
1685512325784	1685512325783	-13.470	-5.140	0.836	1.978	-0.299	-1.366	-4.183	-6.833	1.630	126.975433	37.295784
1685512325785	1685512325784	-13.305	-4.719	0.838	1.902	-0.406	-1.525	-3.965	-6.567	1.549	126.975433	37.295784
1685512325791	1685512325785	-12.852	-4.302	0.898	1.823	-0.503	-1.695	-3.745	-6.155	1.530	126.975433	37.295784
1685512325804	1685512325791	-12.105	-4.005	0.955	1.723	-0.616	-1.864	-3.563	-5.590	1.513	126.975433	37.295784
1685512325812	1685512325804	-11.387	-3.814	0.972	1.581	-0.737	-2.042	-3.093	-4.994	1.539	126.975433	37.295784
1685512325826	1685512325813	-10.611	-3.711	0.965	1.400	-0.834	-2.241	-2.332	-4.506	1.547	126.975433	37.295784
1685512325833	1685512325827	-9.989	-3.677	0.986	1.207	-0.902	-2.453	-1.602	-4.085	1.489	126.975433	37.295784
1685512325842	1685512325834	-9.546	-3.541	0.898	1.027	-0.944	-2.662	-0.816	-3.778	1.413	126.975433	37.295784
1685512325852	1685512325842	-9.311	-3.462	0.845	0.864	-0.959	-2.870	-0.192	-3.474	1.336	126.975433	37.295784
1685512325862	1685512325852	-9.215	-3.395	0.816	0.724	-0.958	-3.070	0.242	-3.100	1.161	126.975433	37.295784
1685512325872	1685512325862	-9.292	-3.433	0.713	0.618	-0.947	-3.261	0.462	-2.739	1.008	126.975433	37.295784
1685512325883	1685512325872	-9.278	-3.354	0.594	0.550	-0.936	-3.427	0.534	-2.370	0.881	126.975433	37.295784
1685512325892	1685512325883	-9.301	-3.357	0.500	0.525	-0.929	-3.556	0.419	-2.093	0.678	126.975433	37.295784
1685512325904	1685512325892	-9.187	-3.170	0.555	0.553	-0.922	-3.646	0.381	-1.681	0.460	126.975433	37.295784
1685512325912	1685512325906	-8.947	-3.124	0.467	0.638	-0.922	-3.691	0.283	-1.310	0.256	126.975433	37.295784
1685512325922	1685512325912	-8.689	-3.057	0.412	0.760	-0.925	-3.697	0.321	-0.809	0.220	126.975433	37.295784
1685512325933	1685512325922	-8.574	-3.007	0.467	0.887	-0.914	-3.670	0.453	-0.383	0.019	126.975433	37.295784
1685512325947	1685512325933	-8.420	-2.806	0.450	1.004	-0.893	-3.621	0.613	-0.007	-0.132	126.975433	37.295784
1685512325951	1685512325948	-8.322	-2.677	0.316	1.107	-0.865	-3.548	0.603	0.373	-0.189	126.975433	37.295784
1685512325963	1685512325951	-8.387	-2.576	0.292	1.189	-0.837	-3.448	0.625	0.891	-0.321	126.975433	37.295784
1685512325982	1685512325964	-8.459	-2.452	0.321	1.235	-0.801	-3.316	0.575	1.338	-0.579	126.975433	37.295784
1685512325982	1685512325982	-8.559	-2.337	0.304	1.242	-0.772	-3.157	0.395	1.664	-0.697	126.975433	37.295784
1685512325994	1685512325982	-8.464	-2.243	0.271	1.229	-0.750	-2.974	0.204	2.004	-0.766	126.975433	37.295784
1685512326004	1685512325994	-8.416	-2.128	0.259	1.202	-0.749	-2.756	-0.010	2.313	-0.876	126.975433	37.295784
1685512326012	1685512326005	-8.329	-2.148	0.280	1.153	-0.760	-2.509	-0.029	2.588	-1.008	126.975433	37.295784
1685512326021	1685512326012	-8.406	-2.090	0.309	1.074	-0.767	-2.252	-0.096	2.871	-1.118	126.975433	37.295784
1685512326032	1685512326022	-8.588	-2.126	0.369	0.981	-0.739	-1.994	-0.148	3.041	-1.223	126.975433	37.295784
1685512326042	1685512326032	-8.756	-2.040	0.347	0.882	-0.695	-1.735	-0.304	3.196	-1.274	126.975433	37.295784
1685512326052	1685512326042	-8.906	-2.028	0.235	0.775	-0.665	-1.470	-0.582	3.278	-1.312	126.975433	37.295784
1685512326064	1685512326052	-8.875	-1.951	0.132	0.663	-0.650	-1.194	-0.836	3.460	-1.425	126.975433	37.295784
1685512326071	1685512326065	-8.818	-1.841	-0.041	0.544	-0.643	-0.919	-1.058	3.548	-1.618	126.975433	37.295784
1685512326081	1685512326073	-8.581	-1.915	-0.180	0.403	-0.651	-0.652	-1.085	3.677	-1.796	126.975433	37.295784
1685512326092	1685512326083	-8.655	-1.834	-0.347	0.228	-0.661	-0.409	-1.073	3.828	-2.042	126.975433	37.295784
1685512326103	1685512326093	-8.830	-1.724	-0.551	0.013	-0.655	-0.193	-0.860	3.766	-2.231	126.975433	37.295784
1685512326112	1685512326105	-9.304	-1.884	-0.570	-0.225	-0.616	0.005	-0.948	3.850	-2.449	126.975433	37.295784
1685512326122	1685512326112	-10.166	-2.234	-0.594	-0.486	-0.531	0.197	-1.128	3.953	-2.689	126.975433	37.295784
1685512326130	1685512326123	-10.925	-2.526	-0.687	-0.766	-0.401	0.393	-1.595	3.776	-2.732	126.975433	37.295784
1685512326148	1685512326131	-11.420	-2.863	-0.764	-1.016	-0.266	0.611	-2.433	3.395	-2.749	126.975433	37.295784
1685512326150	1685512326148	-11.190	-2.983	-0.570	-1.192	-0.164	0.881	-3.141	3.048	-2.799	126.975433	37.295784
1685512326163	1685512326150	-10.362	-3.062	-0.309	-1.302	-0.110	1.216	-3.613	2.686	-2.844	126.975433	37.295784
1685512326174	1685512326163	-9.210	-3.232	-0.012	-1.374	-0.119	1.578	-3.338	2.521	-2.598	126.975433	37.295784
1685512326181	1685512326174	-8.387	-3.534	0.364	-1.415	-0.127	1.901	-2.444	2.373	-2.272	126.975433	37.295784
1685512326189	1685512326181	-8.267	-3.850	0.869	-1.427	-0.038	2.136	-1.209	2.105	-1.911	126.975433	37.295784
1685512326200	1685512326190	-9.244	-4.228	1.137	-1.398	0.175	2.266	-0.287	1.676	-1.470	126.975433	37.295784
1685512326209	1685512326201	-10.738	-4.247	1.358	-1.291	0.479	2.302	-0.048	1.195	-0.888	126.975433	37.295784
1685512326219	1685512326211	-12.050	-4.350	1.262	-1.089	0.793	2.310	-0.919	0.670	-0.546	126.975433	37.295784
1685512326229	1685512326220	-12.991	-4.245	1.034	-0.820	1.038	2.363	-2.284	0.462	-0.213	126.975433	37.295784
1685512326240	1685512326230	-13.278	-3.924	0.745	-0.519	1.170	2.469	-3.491	0.196	-0.201	126.975433	37.295784
1685512326249	1685512326241	-13.125	-3.766	0.357	-0.231	1.196	2.610	-4.312	0.110	-0.304	126.975433	37.295784
1685512326259	1685512326250	-12.711	-3.654	0.060	0.001	1.133	2.765	-4.480	0.223	-0.469	126.975433	37.295784
1685512326269	1685512326260	-12.052	-3.689	-0.117	0.158	1.049	2.909	-4.195	0.127	-0.730	126.975433	37.295784
1685512326279	1685512326270	-11.550	-3.620	-0.156	0.244	0.993	3.021	-3.675	0.017	-0.936	126.975433	37.295784
1685512326289	1685512326280	-10.946	-3.694	0.069	0.263	0.940	3.084	-2.904	-0.283	-1.022	126.975433	37.295784
1685512326303	1685512326290	-10.278	-3.826	0.555	0.217	0.886	3.103	-2.294	-0.493	-0.977	126.975441	37.295773
1685512326309	1685512326303	-9.651	-3.859	0.903	0.123	0.826	3.093	-1.592	-0.857	-0.673	126.975441	37.295773
1685512326326	1685512326310	-8.854	-3.618	1.183	0.002	0.779	3.042	-0.833	-1.281	-0.108	126.975441	37.295773
1685512326330	1685512326326	-8.219	-3.393	1.405	-0.126	0.753	2.946	-0.113	-1.669	0.326	126.975441	37.295773
1685512326340	1685512326330	-7.630	-3.177	1.595	-0.264	0.726	2.831	0.737	-1.659	0.666	126.975441	37.295773
1685512326350	1685512326341	-7.365	-3.330	1.719	-0.400	0.728	2.712	1.429	-1.717	0.965	126.975441	37.295773
1685512326361	1685512326350	-7.276	-3.448	1.769	-0.502	0.775	2.591	2.064	-1.774	1.228	126.975441	37.295773
1685512326369	1685512326361	-7.468	-3.663	1.755	-0.573	0.844	2.457	2.368	-2.191	1.427	126.975441	37.295773
1685512326380	1685512326370	-7.784	-3.824	1.683	-0.627	0.919	2.309	2.485	-2.559	1.559	126.975441	37.295773
1685512326389	1685512326380	-8.100	-3.831	1.693	-0.645	0.979	2.180	2.315	-3.062	1.650	126.975441	37.295773
1685512326401	1685512326390	-8.234	-3.898	1.559	-0.638	0.993	2.094	2.011	-3.402	1.652	126.975441	37.295773
1685512326410	1685512326401	-8.370	-3.905	1.494	-0.643	0.927	2.051	1.700	-3.644	1.769	126.975441	37.295773
1685512326422	1685512326410	-8.516	-3.946	1.298	-0.661	0.849	2.023	1.568	-3.898	1.721	126.975441	37.295773
1685512326430	1685512326422	-8.782	-3.934	1.252	-0.690	0.778	1.994	1.427	-4.080	1.738	126.975441	37.295773
1685512326440	1685512326430	-8.959	-4.113	1.159	-0.748	0.693	1.960	1.279	-4.216	1.580	126.975441	37.295773
1685512326452	1685512326440	-9.191	-4.171	1.293	-0.833	0.621	1.924	1.006	-4.372	1.595	126.975441	37.295773
1685512326462	1685512326452	-9.512	-4.199	1.343	-0.936	0.558	1.894	0.821	-4.635	1.525	126.975441	37.295773
1685512326472	1685512326463	-9.670	-4.238	1.391	-1.042	0.495	1.864	0.582	-4.827	1.690	126.975441	37.295773
1685512326484	1685512326472	-9.747	-4.365	1.386	-1.152	0.437	1.830	0.251	-4.951	1.755	126.975441	37.295773
1685512326493	1685512326484	-9.756	-4.362	1.231	-1.262	0.389	1.797	0.081	-5.133	1.824	126.975441	37.295773
1685512326505	1685512326493	-9.620	-4.439	1.221	-1.379	0.334	1.757	-0.007	-5.394	1.834	126.975441	37.295773
1685512326513	1685512326505	-9.656	-4.580	1.104	-1.521	0.272	1.704	-0.036	-5.552	1.690	126.975441	37.295773
1685512326524	1685512326513	-9.907	-4.752	1.283	-1.659	0.233	1.635	0.081	-5.760	1.686	126.975441	37.295773
1685512326534	1685512326525	-10.355	-4.954	1.324	-1.776	0.230	1.533	0.022	-6.069	1.566	126.975441	37.295773
1685512326553	1685512326535	-10.760	-5.282	1.537	-1.846	0.237	1.418	-0.249	-6.376	1.738	126.975441	37.295773
1685512326554	1685512326553	-10.939	-5.581	1.583	-1.869	0.258	1.307	-0.723	-6.728	1.769	126.975441	37.295773
1685512326564	1685512326554	-11.044	-5.799	1.602	-1.874	0.266	1.202	-1.154	-7.199	1.970	126.975441	37.295773
1685512326584	1685512326564	-10.961	-6.017	1.630	-1.830	0.250	1.122	-1.365	-7.647	2.004	126.975441	37.295773
1685512326585	1685512326585	-10.681	-6.081	1.666	-1.706	0.232	1.071	-1.494	-7.975	2.009	126.975441	37.295773
1685512326592	1685512326586	-10.396	-6.120	1.659	-1.516	0.203	1.035	-1.437	-8.308	2.021	126.975441	37.295773
1685512326604	1685512326594	-10.266	-5.911	1.645	-1.304	0.167	0.977	-1.180	-8.480	2.040	126.975441	37.295773
1685512326613	1685512326606	-10.362	-5.760	1.549	-1.095	0.160	0.887	-0.922	-8.622	2.014	126.975441	37.295773
1685512326622	1685512326613	-10.958	-5.914	1.396	-0.919	0.170	0.768	-0.819	-8.511	1.982	126.975441	37.295773
1685512326632	1685512326622	-11.645	-6.215	1.611	-0.801	0.204	0.619	-0.943	-8.464	1.870	126.975441	37.295773
1685512326642	1685512326632	-12.431	-6.390	1.858	-0.721	0.274	0.439	-1.556	-8.679	1.709	126.975441	37.295773
1685512326652	1685512326642	-12.778	-6.503	1.930	-0.616	0.345	0.259	-2.263	-9.041	1.923	126.975441	37.295773
1685512326663	1685512326652	-12.558	-6.630	2.203	-0.494	0.329	0.126	-3.062	-9.258	2.174	126.975441	37.295773
1685512326672	1685512326664	-11.768	-6.608	2.425	-0.368	0.250	0.050	-3.417	-9.397	2.260	126.975441	37.295773
1685512326683	1685512326673	-10.405	-6.208	2.342	-0.216	0.164	-0.002	-3.201	-9.538	2.550	126.975441	37.295773
1685512326694	1685512326683	-9.187	-5.655	2.028	-0.033	0.039	-0.064	-2.413	-9.522	2.787	126.975441	37.295773
1685512326706	1685512326694	-8.456	-5.552	1.949	0.095	-0.125	-0.160	-1.051	-9.124	2.710	126.975441	37.295773
1685512326713	1685512326707	-8.404	-5.598	1.987	0.138	-0.227	-0.337	0.168	-8.564	2.399	126.975441	37.295773
1685512326726	1685512326714	-9.369	-5.641	2.073	0.150	-0.202	-0.615	0.903	-8.447	2.313	126.975441	37.295773
1685512326734	1685512326727	-10.781	-5.720	2.085	0.194	-0.092	-0.957	0.967	-8.456	2.332	126.975441	37.295773
1685512326745	1685512326734	-12.069	-5.780	1.915	0.290	0.028	-1.279	0.017	-8.447	2.404	126.975441	37.295773
1685512326758	1685512326745	-12.876	-5.794	1.568	0.409	0.081	-1.526	-1.362	-8.425	2.413	126.975441	37.295773
1685512326764	1685512326758	-13.206	-5.741	1.293	0.561	0.027	-1.671	-2.622	-8.377	2.251	126.975441	37.295773
1685512326786	1685512326786	-13.166	-5.533	1.006	0.759	-0.098	-1.715	-3.390	-8.246	1.923	126.975441	37.295773
1685512326787	1685512326787	-12.922	-5.191	0.718	0.957	-0.253	-1.707	-3.682	-8.033	1.662	126.975441	37.295773
1685512326792	1685512326787	-12.596	-4.970	0.565	1.096	-0.409	-1.710	-3.603	-7.657	1.381	126.975441	37.295773
1685512326805	1685512326793	-12.182	-4.884	0.508	1.166	-0.530	-1.753	-3.323	-7.147	1.089	126.975441	37.295773
1685512326813	1685512326806	-11.768	-4.611	0.462	1.183	-0.595	-1.820	-2.959	-6.742	0.917	126.975441	37.295773
1685512326823	1685512326816	-11.205	-4.434	0.467	1.156	-0.650	-1.908	-2.516	-6.500	0.831	126.975441	37.295773
1685512326832	1685512326823	-10.621	-4.219	0.543	1.107	-0.702	-2.018	-2.071	-6.029	0.742	126.975441	37.295773
1685512326844	1685512326832	-10.149	-4.089	0.503	1.037	-0.726	-2.144	-1.484	-5.681	0.704	126.975441	37.295773
1685512326853	1685512326844	-9.742	-4.010	0.522	0.955	-0.718	-2.288	-0.874	-5.267	0.723	126.975441	37.295773
1685512326863	1685512326853	-9.452	-3.994	0.534	0.874	-0.699	-2.439	-0.381	-4.927	0.622	126.975441	37.295773
1685512326873	1685512326864	-9.364	-3.857	0.548	0.805	-0.670	-2.593	0.043	-4.602	0.572	126.975441	37.295773
1685512326883	1685512326873	-9.146	-3.960	0.429	0.764	-0.634	-2.743	0.342	-4.369	0.527	126.975441	37.295773
1685512326894	1685512326884	-9.057	-3.986	0.397	0.764	-0.605	-2.882	0.438	-3.979	0.476	126.975441	37.295773
1685512326906	1685512326894	-9.146	-3.905	0.357	0.804	-0.575	-3.004	0.654	-3.814	0.294	126.975441	37.295773
1685512326914	1685512326906	-9.067	-3.831	0.345	0.885	-0.555	-3.102	0.733	-3.558	0.201	126.975441	37.295773
1685512326924	1685512326914	-9.158	-3.723	0.402	0.999	-0.536	-3.166	0.627	-3.184	0.101	126.975441	37.295773
1685512326933	1685512326924	-9.203	-3.577	0.278	1.130	-0.524	-3.205	0.670	-2.751	0.014	126.975441	37.295773
1685512326944	1685512326934	-9.237	-3.373	0.261	1.263	-0.520	-3.218	0.548	-2.399	0.019	126.975441	37.295773
1685512326952	1685512326944	-9.254	-3.110	0.026	1.378	-0.524	-3.211	0.453	-1.946	-0.170	126.975441	37.295773
1685512326986	1685512326952	-9.110	-2.899	-0.048	1.454	-0.545	-3.184	0.359	-1.439	-0.259	126.975441	37.295773
1685512326987	1685512326987	-8.933	-2.851	-0.122	1.483	-0.586	-3.137	0.271	-0.867	-0.572	126.975441	37.295773
1685512326988	1685512326987	-8.808	-2.691	-0.187	1.469	-0.626	-3.074	0.330	-0.352	-0.728	126.975441	37.295773
1685512326993	1685512326988	-8.689	-2.634	-0.160	1.417	-0.652	-2.997	0.407	0.019	-0.900	126.975441	37.295773
1685512327004	1685512326993	-8.782	-2.581	-0.132	1.345	-0.667	-2.904	0.443	0.433	-1.041	126.975441	37.295773
1685512327014	1685512327005	-8.837	-2.444	-0.029	1.258	-0.668	-2.795	0.462	0.754	-1.097	126.975441	37.295773
1685512327024	1685512327014	-8.906	-2.471	0.053	1.152	-0.657	-2.672	0.268	1.044	-1.140	126.975441	37.295773
1685512327033	1685512327025	-9.098	-2.433	0.045	1.042	-0.638	-2.538	0.108	1.415	-1.111	126.975441	37.295773
1685512327043	1685512327033	-9.134	-2.373	0.036	0.943	-0.624	-2.379	-0.036	1.549	-1.070	126.975441	37.295773
1685512327053	1685512327044	-9.007	-2.351	-0.084	0.848	-0.608	-2.203	-0.316	1.765	-1.132	126.975441	37.295773
1685512327063	1685512327053	-8.815	-2.392	-0.283	0.740	-0.606	-2.007	-0.417	1.944	-1.178	126.975441	37.295773
1685512327073	1685512327063	-8.674	-2.392	-0.328	0.617	-0.616	-1.801	-0.357	2.090	-1.341	126.975441	37.295773
1685512327084	1685512327073	-8.799	-2.581	-0.213	0.483	-0.611	-1.596	-0.227	2.157	-1.583	126.975441	37.295773
1685512327093	1685512327084	-9.079	-2.646	-0.194	0.345	-0.575	-1.387	-0.144	2.251	-1.669	126.975441	37.295773
1685512327103	1685512327093	-9.402	-2.593	-0.053	0.219	-0.513	-1.189	-0.318	2.143	-1.592	126.975441	37.295773
1685512327112	1685512327103	-9.445	-2.526	-0.057	0.120	-0.446	-0.992	-0.649	2.157	-1.609	126.975441	37.295773
1685512327122	1685512327112	-9.438	-2.591	-0.002	0.048	-0.393	-0.782	-0.998	2.251	-1.480	126.975441	37.295773
1685512327131	1685512327123	-9.287	-2.547	0.017	-0.013	-0.349	-0.572	-1.065	2.356	-1.494	126.975441	37.295773
1685512327142	1685512327132	-9.184	-2.619	-0.105	-0.081	-0.302	-0.373	-1.058	2.294	-1.429	126.975441	37.295773
1685512327151	1685512327143	-9.553	-2.856	-0.038	-0.150	-0.241	-0.199	-0.900	2.327	-1.398	126.975441	37.295773
1685512327160	1685512327151	-10.324	-3.079	0.000	-0.211	-0.138	-0.044	-0.778	2.227	-1.499	126.975441	37.295773
1685512327171	1685512327162	-11.157	-3.105	-0.098	-0.259	0.012	0.112	-1.118	1.951	-1.403	126.975441	37.295773
1685512327181	1685512327171	-11.837	-3.074	-0.134	-0.298	0.166	0.281	-1.856	1.676	-1.324	126.975441	37.295773
1685512327190	1685512327181	-12.155	-3.048	-0.148	-0.327	0.276	0.496	-2.653	1.599	-1.377	126.975441	37.295773
1685512327202	1685512327191	-11.775	-3.134	-0.110	-0.343	0.338	0.776	-3.299	1.583	-1.367	126.975441	37.295773
1685512327210	1685512327203	-10.676	-3.196	0.134	-0.353	0.367	1.092	-3.591	1.571	-1.343	126.975441	37.295773
1685512327221	1685512327211	-9.579	-3.400	0.431	-0.364	0.352	1.400	-3.170	1.422	-1.259	126.975441	37.295773
1685512327230	1685512327221	-8.942	-3.572	0.840	-0.359	0.347	1.662	-2.009	1.250	-0.958	126.975441	37.295773
1685512327240	1685512327232	-8.938	-3.869	1.204	-0.334	0.421	1.842	-0.860	0.953	-0.622	126.975441	37.295773
1685512327250	1685512327241	-9.357	-4.154	1.441	-0.281	0.588	1.924	-0.146	0.639	-0.168	126.975441	37.295773
1685512327261	1685512327250	-10.226	-4.314	1.609	-0.169	0.794	1.929	-0.062	0.182	0.244	126.975441	37.295773
1685512327270	1685512327262	-11.195	-4.367	1.556	0.015	1.005	1.919	-0.400	-0.271	0.546	126.975441	37.295773
1685512327284	1685512327271	-11.765	-4.082	1.365	0.246	1.177	1.944	-1.188	-0.601	0.790	126.975449	37.295757
1685512327290	1685512327284	-11.971	-3.668	1.166	0.478	1.258	2.001	-2.066	-0.864	0.848	126.975449	37.295757
1685512327302	1685512327291	-11.909	-3.299	0.883	0.649	1.241	2.089	-2.576	-0.723	0.735	126.975449	37.295757
1685512327311	1685512327302	-11.461	-3.141	0.606	0.720	1.156	2.202	-2.703	-0.515	0.646	126.975449	37.295757
1685512327322	1685512327311	-10.906	-3.084	0.436	0.693	1.051	2.313	-2.579	-0.323	0.450	126.975449	37.295757
1685512327331	1685512327322	-10.410	-3.017	0.378	0.596	0.942	2.404	-2.049	-0.417	0.278	126.975449	37.295757
1685512327342	1685512327331	-9.766	-2.892	0.445	0.447	0.817	2.461	-1.441	-0.536	0.172	126.975449	37.295757
1685512327351	1685512327342	-9.055	-3.024	0.599	0.269	0.696	2.491	-0.874	-0.745	0.206	126.975449	37.295757
1685512327362	1685512327351	-8.440	-2.885	0.994	0.093	0.594	2.509	-0.187	-0.809	0.328	126.975449	37.295757
1685512327372	1685512327362	-7.887	-2.828	1.178	-0.086	0.513	2.494	0.577	-1.204	0.548	126.975449	37.295757
1685512327383	1685512327373	-7.345	-2.851	1.499	-0.272	0.452	2.417	1.235	-1.307	0.998	126.975449	37.295757
1685512327392	1685512327383	-7.070	-2.794	1.743	-0.445	0.432	2.310	1.824	-1.492	1.235	126.975449	37.295757
1685512327403	1685512327392	-6.855	-2.887	1.978	-0.622	0.451	2.202	2.392	-1.726	1.599	126.975449	37.295757
1685512327412	1685512327404	-6.876	-2.993	2.025	-0.812	0.464	2.099	2.693	-1.942	1.899	126.975449	37.295757
1685512327423	1685512327413	-7.195	-3.007	1.985	-0.979	0.474	2.012	2.923	-2.229	2.176	126.975449	37.295757
1685512327433	1685512327423	-7.415	-3.213	2.138	-1.096	0.498	1.946	2.914	-2.562	2.279	126.975449	37.295757
1685512327444	1685512327433	-7.652	-3.381	1.966	-1.153	0.489	1.917	2.600	-2.756	2.284	126.975449	37.295757
1685512327453	1685512327444	-7.824	-3.730	2.018	-1.163	0.446	1.908	2.382	-3.156	2.488	126.975449	37.295757
1685512327463	1685512327453	-8.049	-3.491	2.054	-1.074	0.417	1.922	2.143	-3.517	2.363	126.975449	37.295757
1685512327473	1685512327464	-8.147	-3.357	1.990	-1.009	0.395	1.921	1.963	-4.077	2.461	126.975449	37.295757
1685512327484	1685512327474	-8.478	-3.728	1.827	-1.057	0.370	1.917	1.729	-4.010	2.528	126.975449	37.295757
1685512327493	1685512327484	-8.655	-4.046	1.566	-1.089	0.371	1.936	1.616	-4.070	2.497	126.975449	37.295757
1685512327506	1685512327493	-9.007	-3.984	1.456	-1.101	0.354	1.947	1.271	-4.614	2.351	126.975449	37.295757
1685512327516	1685512327507	-9.433	-4.140	1.707	-1.084	0.319	1.943	1.075	-5.100	2.100	126.975449	37.295757
1685512327526	1685512327516	-9.550	-4.204	1.846	-1.060	0.290	1.963	0.704	-5.198	1.994	126.975449	37.295757
1685512327536	1685512327526	-9.531	-4.106	2.193	-1.042	0.224	1.979	0.254	-5.538	2.243	126.975449	37.295757
1685512327546	1685512327536	-9.416	-4.070	2.356	-1.092	0.184	1.961	0.124	-5.693	2.363	126.975449	37.295757
1685512327558	1685512327546	-9.330	-4.106	2.291	-1.206	0.156	1.947	0.124	-5.717	2.684	126.975449	37.295757
1685512327566	1685512327558	-9.572	-4.149	2.263	-1.316	0.125	1.927	0.218	-5.816	2.820	126.975449	37.295757
1685512327586	1685512327566	-9.809	-3.831	2.085	-1.399	0.130	1.888	0.278	-5.993	2.727	126.975449	37.295757
1685512327587	1685512327587	-9.998	-3.718	1.978	-1.476	0.140	1.831	0.007	-6.182	2.667	126.975449	37.295757
1685512327593	1685512327587	-10.388	-3.833	2.167	-1.561	0.176	1.779	-0.263	-6.033	2.456	126.975449	37.295757
1685512327607	1685512327594	-10.860	-4.029	2.145	-1.673	0.241	1.720	-0.484	-6.057	2.320	126.975449	37.295757
1685512327614	1685512327607	-11.114	-4.247	2.059	-1.756	0.283	1.631	-0.912	-6.330	2.480	126.975449	37.295757
1685512327624	1685512327615	-11.035	-4.453	1.896	-1.794	0.307	1.523	-1.427	-6.689	2.437	126.975449	37.295757
1685512327633	1685512327625	-10.827	-4.915	1.800	-1.778	0.312	1.447	-1.731	-7.082	2.327	126.975449	37.295757
1685512327644	1685512327634	-10.525	-5.090	1.690	-1.691	0.323	1.377	-1.693	-7.420	2.143	126.975449	37.295757
1685512327653	1685512327645	-10.187	-5.236	1.551	-1.534	0.310	1.283	-1.535	-8.035	2.021	126.975449	37.295757
1685512327665	1685512327653	-9.914	-5.365	1.446	-1.371	0.288	1.177	-1.274	-8.327	1.889	126.975449	37.295757
1685512327674	1685512327665	-10.111	-5.152	1.214	-1.225	0.274	1.051	-0.977	-8.595	1.729	126.975449	37.295757
1685512327685	1685512327674	-10.683	-5.236	1.243	-1.124	0.242	0.913	-0.745	-8.835	1.602	126.975449	37.295757
1685512327694	1685512327685	-11.463	-5.509	1.460	-1.035	0.238	0.751	-0.979	-8.720	1.353	126.975449	37.295757
1685512327705	1685512327694	-11.830	-5.952	1.611	-0.911	0.252	0.566	-1.585	-8.887	1.362	126.975449	37.295757
1685512327714	1685512327706	-11.849	-6.395	1.817	-0.766	0.247	0.420	-2.397	-9.237	1.561	126.975449	37.295757
1685512327725	1685512327714	-11.279	-6.780	2.231	-0.583	0.199	0.340	-2.782	-9.728	1.702	126.975449	37.295757
1685512327735	1685512327725	-10.513	-6.931	2.490	-0.343	0.166	0.288	-2.818	-10.214	1.901	126.975449	37.295757
1685512327745	1685512327735	-9.773	-6.570	2.373	-0.061	0.160	0.246	-2.260	-10.628	2.310	126.975449	37.295757
1685512327756	1685512327745	-9.716	-6.153	2.212	0.247	0.155	0.195	-1.506	-10.805	2.571	126.975449	37.295757
1685512327764	1685512327756	-10.429	-6.122	2.330	0.496	0.148	0.076	-0.776	-10.465	2.466	126.975449	37.295757
1685512327777	1685512327764	-11.389	-6.335	2.315	0.654	0.161	-0.144	-0.725	-10.068	2.332	126.975449	37.295757
1685512327783	1685512327778	-12.366	-6.141	2.296	0.754	0.151	-0.411	-1.444	-10.041	2.478	126.975449	37.295757
1685512327794	1685512327784	-13.127	-6.038	2.260	0.863	0.110	-0.656	-2.399	-10.240	2.504	126.975449	37.295757
1685512327807	1685512327794	-13.704	-6.033	2.172	0.996	0.024	-0.876	-3.359	-10.008	2.528	126.975449	37.295757
1685512327815	1685512327807	-13.848	-6.144	2.021	1.139	-0.092	-1.087	-4.096	-9.843	2.535	126.975449	37.295757
1685512327826	1685512327815	-13.779	-6.053	1.858	1.269	-0.222	-1.289	-4.640	-9.756	2.488	126.975449	37.295757
1685512327834	1685512327826	-13.657	-5.976	1.686	1.372	-0.347	-1.482	-4.736	-9.744	2.375	126.975449	37.295757
1685512327844	1685512327834	-13.489	-5.638	1.575	1.449	-0.443	-1.673	-4.630	-9.555	2.231	126.975449	37.295757
1685512327854	1685512327844	-13.182	-5.203	1.456	1.498	-0.503	-1.873	-4.456	-9.337	2.076	126.975449	37.295757
1685512327865	1685512327854	-12.526	-4.812	1.310	1.493	-0.552	-2.084	-4.231	-8.839	1.970	126.975449	37.295757
1685512327874	1685512327865	-11.935	-4.496	1.312	1.420	-0.599	-2.286	-3.864	-8.222	1.851	126.975449	37.295757
1685512327884	1685512327874	-11.353	-4.243	1.245	1.279	-0.639	-2.487	-3.146	-7.633	1.697	126.975449	37.295757
1685512327894	1685512327884	-10.831	-3.962	1.235	1.090	-0.678	-2.701	-2.483	-7.072	1.681	126.975449	37.295757
1685512327906	1685512327894	-10.458	-3.634	1.168	0.900	-0.707	-2.921	-1.844	-6.603	1.587	126.975449	37.295757
1685512327915	1685512327907	-10.171	-3.412	0.977	0.710	-0.722	-3.147	-1.259	-6.060	1.537	126.975449	37.295757
1685512327926	1685512327915	-10.008	-3.323	0.948	0.538	-0.734	-3.363	-0.826	-5.449	1.420	126.975449	37.295757
1685512327935	1685512327927	-9.905	-3.364	0.776	0.381	-0.749	-3.561	-0.481	-4.891	1.164	126.975449	37.295757
1685512327945	1685512327935	-9.821	-3.512	0.759	0.260	-0.748	-3.748	-0.275	-4.508	1.077	126.975449	37.295757
1685512327956	1685512327945	-9.783	-3.754	0.627	0.194	-0.737	-3.900	-0.134	-4.166	0.828	126.975449	37.295757
1685512327965	1685512327957	-9.761	-3.692	0.611	0.209	-0.724	-4.002	-0.029	-3.984	0.747	126.975449	37.295757
1685512327986	1685512327966	-9.728	-3.314	0.479	0.335	-0.700	-4.055	0.019	-3.804	0.536	126.975449	37.295757
1685512327987	1685512327986	-9.675	-3.172	0.376	0.518	-0.663	-4.076	0.036	-3.390	0.457	126.975449	37.295757
1685512327996	1685512327987	-9.536	-3.019	0.347	0.702	-0.646	-4.071	0.043	-2.576	0.247	126.975449	37.295757
1685512328006	1685512327996	-9.414	-2.758	0.318	0.861	-0.637	-4.050	0.062	-2.078	0.081	126.975449	37.295757
1685512328015	1685512328006	-9.316	-2.531	0.302	0.951	-0.635	-4.019	0.132	-1.453	-0.031	126.975449	37.295757
1685512328024	1685512328015	-9.491	-2.449	0.278	1.004	-0.633	-3.963	0.196	-0.883	-0.122	126.975449	37.295757
1685512328034	1685512328024	-9.708	-2.282	0.237	1.052	-0.596	-3.869	0.199	-0.237	-0.227	126.975449	37.295757
1685512328045	1685512328034	-9.984	-2.184	0.148	1.062	-0.567	-3.751	-0.065	0.175	-0.326	126.975449	37.295757
1685512328054	1685512328046	-10.001	-2.121	-0.160	1.009	-0.569	-3.615	-0.407	0.733	-0.462	126.975449	37.295757
1685512328064	1685512328054	-9.962	-1.935	-0.175	0.896	-0.579	-3.451	-0.790	1.132	-0.625	126.975449	37.295757
1685512328074	1685512328064	-9.799	-1.784	-0.079	0.738	-0.599	-3.251	-0.962	1.573	-1.034	126.975449	37.295757
1685512328084	1685512328074	-9.697	-1.700	-0.132	0.579	-0.633	-3.012	-1.027	1.987	-1.111	126.975449	37.295757
1685512328094	1685512328084	-9.512	-1.621	-0.237	0.425	-0.661	-2.766	-1.006	2.430	-1.099	126.975449	37.295757
1685512328105	1685512328094	-9.412	-1.585	-0.199	0.274	-0.661	-2.533	-1.015	2.725	-1.214	126.975449	37.295757
1685512328113	1685512328106	-9.287	-1.736	-0.359	0.117	-0.645	-2.307	-0.962	3.036	-1.393	126.975449	37.295757
1685512328123	1685512328113	-9.045	-2.085	-0.441	-0.033	-0.617	-2.073	-0.958	3.232	-1.403	126.975449	37.295757
1685512328133	1685512328123	-8.842	-2.301	-0.505	-0.132	-0.571	-1.819	-0.967	3.292	-1.626	126.975449	37.295757
1685512328142	1685512328133	-8.598	-2.806	-0.620	-0.184	-0.522	-1.549	-0.776	3.021	-1.724	126.975449	37.295757
1685512328152	1685512328142	-8.559	-3.005	-0.402	-0.175	-0.467	-1.258	-0.651	2.926	-1.810	126.975449	37.295757
1685512328163	1685512328153	-8.473	-2.789	-0.218	-0.108	-0.384	-0.931	-0.445	2.483	-1.927	126.975449	37.295757
1685512328172	1685512328163	-8.365	-2.705	-0.242	-0.035	-0.327	-0.623	-0.443	2.339	-1.707	126.975449	37.295757
1685512328182	1685512328172	-8.669	-2.547	-0.199	0.123	-0.298	-0.334	-0.369	2.571	-1.516	126.975449	37.295757
1685512328191	1685512328182	-9.167	-2.172	-0.316	0.315	-0.193	-0.035	-0.261	2.658	-1.535	126.975449	37.295757
1685512328203	1685512328192	-9.756	-1.980	-0.318	0.456	-0.057	0.253	-0.551	2.794	-1.492	126.975449	37.295757
1685512328211	1685512328203	-10.345	-1.779	-0.254	0.549	0.054	0.519	-1.020	3.124	-1.614	126.975449	37.295757
1685512328223	1685512328211	-10.487	-1.875	-0.239	0.593	0.156	0.784	-1.563	3.244	-1.616	126.975449	37.295757
1685512328232	1685512328223	-10.293	-2.109	-0.144	0.589	0.226	1.089	-2.083	3.340	-1.547	126.975449	37.295757
1685512328242	1685512328232	-9.735	-2.318	0.266	0.535	0.297	1.428	-2.145	3.117	-1.508	126.975449	37.295757
1685512328251	1685512328242	-9.014	-2.574	0.666	0.415	0.362	1.741	-1.889	2.772	-1.425	126.975456	37.295746
1685512328262	1685512328251	-8.581	-2.962	1.075	0.272	0.425	2.006	-1.264	2.449	-1.015	126.975456	37.295746
1685512328272	1685512328262	-8.736	-3.235	1.755	0.143	0.535	2.222	-0.457	2.040	-0.603	126.975456	37.295746
1685512328284	1685512328272	-9.373	-3.381	2.145	0.044	0.711	2.362	0.069	1.477	-0.170	126.975456	37.295746
1685512328291	1685512328284	-10.285	-3.354	2.236	0.023	0.886	2.432	0.017	1.008	0.548	126.975456	37.295746
1685512328303	1685512328292	-11.150	-3.067	1.942	0.105	1.023	2.481	-0.479	0.589	1.032	126.975456	37.295746
1685512328312	1685512328303	-11.894	-2.780	1.690	0.271	1.135	2.555	-1.279	0.376	1.209	126.975456	37.295746
1685512328322	1685512328312	-12.447	-2.473	1.396	0.508	1.212	2.679	-2.052	0.460	0.994	126.975456	37.295746
1685512328332	1685512328322	-12.761	-2.516	1.154	0.693	1.260	2.805	-2.691	0.488	0.848	126.975456	37.295746
1685512328343	1685512328332	-12.910	-2.701	1.085	0.724	1.283	2.889	-3.158	0.567	0.639	126.975456	37.295746
1685512328352	1685512328343	-13.015	-2.926	0.939	0.637	1.289	2.942	-3.383	0.259	0.493	126.975456	37.295746
1685512328362	1685512328352	-13.015	-2.926	0.939	0.492	1.241	2.998	-3.448	-0.201	0.527	126.975456	37.295746
1685512328372	1685512328363	-11.789	-3.057	0.687	0.320	1.123	3.074	-3.469	-0.737	0.498	126.975456	37.295746
1685512328383	1685512328372	-11.789	-3.057	0.687	0.092	0.959	3.159	-3.409	-0.998	0.596	126.975456	37.295746
1685512328393	1685512328383	-9.615	-3.189	0.895	0.092	0.959	3.159	-2.126	-1.427	0.448	126.975456	37.295746
1685512328405	1685512328393	-9.615	-3.132	1.420	-0.465	0.721	3.201	-2.076	-1.733	0.539	126.975456	37.295746
1685512328412	1685512328406	-9.033	-3.191	1.592	-0.693	0.684	3.089	0.134	-2.172	0.840	126.975456	37.295746
1685512328422	1685512328413	-8.543	-2.890	1.592	-0.849	0.683	2.948	0.160	-2.428	1.439	126.975456	37.295746
1685512328432	1685512328422	-8.416	-2.890	1.992	-0.849	0.683	2.948	0.761	-2.851	1.695	126.975456	37.295746
1685512328442	1685512328432	-8.289	-3.364	2.358	-1.104	0.666	2.698	1.257	-2.780	1.750	126.975456	37.295746
1685512328452	1685512328442	-8.215	-3.754	2.648	-1.104	0.666	2.698	1.381	-3.072	2.217	126.975456	37.295746
1685512328466	1685512328452	-8.004	-3.598	2.574	-1.086	0.661	2.593	1.499	-3.812	2.646	126.975456	37.295746
1685512328474	1685512328467	-7.788	-3.776	2.459	-1.012	0.689	2.462	1.556	-4.470	2.995	126.975456	37.295746
1685512328482	1685512328474	-7.994	-3.634	2.239	-0.882	0.689	2.377	1.743	-4.573	2.976	126.975456	37.295746
1685512328493	1685512328482	-8.188	-3.426	1.894	-0.749	0.750	2.364	1.925	-5.018	2.921	126.975456	37.295746
1685512328504	1685512328493	-8.294	-3.342	1.733	-0.661	0.770	2.326	1.686	-5.088	2.751	126.975456	37.295746
1685512328513	1685512328504	-8.569	-3.347	1.630	-0.721	0.775	2.181	1.463	-5.052	2.435	126.975456	37.295746
1685512328525	1685512328513	-8.878	-3.417	1.448	-0.721	0.775	2.181	1.329	-5.126	2.303	126.975456	37.295746
1685512328533	1685512328525	-9.230	-3.460	1.590	-0.810	0.759	2.120	1.020	-5.291	2.229	126.975456	37.295746
1685512328545	1685512328533	-9.483	-3.627	1.575	-0.907	0.712	2.046	0.685	-5.480	2.066	126.975456	37.295746
1685512328554	1685512328545	-9.701	-3.737	1.748	-0.998	0.644	1.968	0.297	-5.677	2.234	126.975456	37.295746
1685512328565	1685512328554	-9.881	-4.041	1.930	-1.117	0.577	1.908	0.017	-5.954	2.231	126.975456	37.295746
1685512328577	1685512328566	-9.917	-4.142	2.083	-1.257	0.498	1.869	-0.232	-6.194	2.413	126.975456	37.295746
1685512328585	1685512328578	-9.799	-4.204	1.937	-1.377	0.417	1.833	-0.448	-6.632	2.600	126.975456	37.295746
1685512328594	1685512328585	-9.426	-4.393	1.841	-1.480	0.324	1.792	-0.524	-6.879	2.751	126.975456	37.295746
1685512328607	1685512328594	-9.301	-4.463	1.733	-1.554	0.249	1.748	-0.453	-7.094	2.593	126.975456	37.295746
1685512328615	1685512328607	-9.476	-4.506	1.702	-1.748	0.215	1.578	-0.134	-7.458	2.473	126.975456	37.295746
1685512328624	1685512328615	-9.795	-4.556	1.726	-1.748	0.215	1.578	-0.055	-7.666	2.337	126.975456	37.295746
1685512328635	1685512328624	-10.197	-4.719	1.755	-1.822	0.216	1.461	-0.283	-7.867	2.260	126.975456	37.295746
1685512328645	1685512328635	-10.319	-4.755	1.748	-1.823	0.232	1.355	-0.646	-8.045	2.246	126.975456	37.295746
1685512328655	1685512328645	-10.592	-4.961	1.879	-1.780	0.270	1.258	-1.101	-8.349	2.227	126.975456	37.295746
1685512328665	1685512328655	-10.628	-5.174	1.949	-1.693	0.305	1.175	-1.274	-8.514	2.174	126.975456	37.295746
1685512328675	1685512328665	-10.599	-5.325	2.035	-1.575	0.345	1.096	-1.602	-8.854	2.258	126.975456	37.295746
1685512328687	1685512328675	-10.551	-5.499	2.028	-1.425	0.384	1.016	-1.681	-9.167	2.291	126.975456	37.295746
1685512328697	1685512328687	-10.570	-5.672	1.939	-1.253	0.424	0.946	-1.697	-9.421	2.344	126.975456	37.295746
1685512328708	1685512328697	-10.805	-5.600	1.860	-1.065	0.461	0.870	-1.693	-9.689	2.313	126.975456	37.295746
1685512328716	1685512328708	-11.416	-5.705	1.796	-0.726	0.553	0.645	-1.753	-9.950	2.210	126.975456	37.295746
1685512328727	1685512328716	-12.136	-5.969	1.836	-0.726	0.553	0.645	-2.025	-9.957	2.124	126.975456	37.295746
1685512328736	1685512328727	-12.670	-6.196	1.800	-0.573	0.608	0.492	-2.672	-10.132	2.081	126.975456	37.295746
1685512328747	1685512328736	-12.704	-6.457	1.906	-0.406	0.629	0.342	-3.417	-10.444	2.133	126.975456	37.295746
1685512328761	1685512328748	-12.402	-6.515	2.236	-0.227	0.558	0.227	-3.977	-10.716	2.124	126.975456	37.295746
1685512328767	1685512328762	-11.641	-6.615	2.569	-0.065	0.421	0.142	-4.027	-11.009	2.265	126.975456	37.295746
1685512328787	1685512328787	-10.645	-6.388	2.555	0.119	0.280	0.065	-3.737	-11.085	2.634	126.975456	37.295746
1685512328788	1685512328787	-9.993	-6.021	2.617	0.301	0.140	-0.039	-2.983	-11.198	3.000	126.975456	37.295746
1685512328795	1685512328788	-9.768	-5.804	2.547	0.442	0.031	-0.183	-1.992	-10.977	3.019	126.975456	37.295746
1685512328806	1685512328796	-10.065	-5.830	2.600	0.544	-0.033	-0.391	-1.341	-10.606	3.105	126.975456	37.295746
1685512328816	1685512328806	-10.805	-5.816	2.600	0.723	-0.033	-0.997	-1.106	-10.369	3.057	126.975456	37.295746
1685512328828	1685512328816	-11.794	-5.739	2.512	0.723	-0.033	-0.997	-1.386	-10.360	3.134	126.975456	37.295746
1685512328834	1685512328828	-12.488	-5.825	2.306	0.826	-0.044	-1.279	-2.076	-10.245	3.165	126.975456	37.295746
1685512328845	1685512328834	-13.096	-5.784	2.052	0.969	-0.098	-1.494	-3.026	-10.087	3.103	126.975456	37.295746
1685512328855	1685512328845	-13.506	-5.528	1.647	1.147	-0.193	-1.663	-3.661	-10.044	2.931	126.975456	37.295746
1685512328865	1685512328855	-13.860	-5.368	1.444	1.321	-0.293	-1.795	-4.211	-9.878	2.705	126.975456	37.295746
1685512328875	1685512328865	-14.047	-5.076	1.159	1.469	-0.397	-1.906	-4.554	-9.467	2.330	126.975456	37.295746
1685512328886	1685512328876	-13.982	-4.906	1.044	1.569	-0.506	-2.027	-4.836	-9.134	2.150	126.975456	37.295746
1685512328895	1685512328887	-13.503	-4.527	0.871	1.636	-0.602	-2.140	-4.951	-8.660	1.884	126.975456	37.295746
1685512328908	1685512328896	-12.811	-4.175	0.766	1.654	-0.706	-2.242	-4.812	-8.294	1.776	126.975456	37.295746
1685512328916	1685512328908	-12.096	-3.836	0.766	1.509	-0.878	-2.469	-4.252	-7.683	1.602	126.975456	37.295746
1685512328926	1685512328917	-11.432	-3.498	0.682	1.509	-0.878	-2.469	-3.493	-7.135	1.484	126.975456	37.295746
1685512328938	1685512328926	-10.769	-3.261	0.551	1.332	-0.946	-2.604	-2.693	-6.527	1.441	126.975456	37.295746
1685512328949	1685512328938	-10.350	-3.079	0.560	1.118	-0.999	-2.751	-1.968	-5.971	1.317	126.975456	37.295746
