1685512374020	1685512374020	-11.210	-4.518	0.453	-0.629	0.919	2.574	-7.535	4.180	-4.987	126.975327	37.295345
1685512374027	1685512374020	-12.270	-4.525	0.642	-0.622	1.239	2.654	-8.734	4.044	-4.606	126.975327	37.295345
1685512374036	1685512374027	-12.926	-4.468	0.781	-0.478	1.495	2.816	-9.943	3.974	-4.281	126.975327	37.295345
1685512374046	1685512374036	-13.405	-4.549	0.867	-0.257	1.669	3.031	-10.748	3.960	-4.027	126.975327	37.295345
1685512374057	1685512374047	-13.803	-4.489	0.927	-0.037	1.824	3.230	-11.097	3.991	-3.824	126.975327	37.295345
1685512374069	1685512374057	-14.281	-4.511	0.960	0.115	1.999	3.401	-11.243	3.862	-3.682	126.975327	37.295345
1685512374077	1685512374069	-14.562	-4.769	0.788	0.159	2.156	3.575	-11.289	3.847	-3.577	126.975327	37.295345
1685512374086	1685512374077	-14.636	-4.992	0.713	0.139	2.265	3.762	-11.396	3.728	-3.498	126.975327	37.295345
1685512374096	1685512374087	-14.459	-5.059	0.668	0.087	2.313	3.935	-11.210	3.328	-3.606	126.975327	37.295345
1685512374106	1685512374096	-14.032	-5.030	0.702	0.033	2.308	4.068	-10.963	2.995	-3.625	126.975327	37.295345
1685512374116	1685512374106	-13.317	-4.875	0.979	-0.009	2.265	4.151	-10.376	2.770	-3.587	126.975327	37.295345
1685512374127	1685512374117	-12.577	-4.551	1.331	-0.035	2.213	4.184	-9.536	2.624	-3.457	126.975327	37.295345
1685512374136	1685512374128	-11.806	-4.305	1.642	-0.046	2.167	4.170	-8.413	2.583	-3.072	126.975327	37.295345
1685512374146	1685512374137	-11.270	-4.144	1.992	-0.046	2.129	4.116	-7.278	2.696	-2.605	126.975327	37.295345
1685512374156	1685512374147	-10.649	-3.984	2.248	-0.029	2.098	4.029	-6.050	2.667	-2.145	126.975327	37.295345
1685512374167	1685512374157	-10.111	-3.879	2.272	0.002	2.076	3.911	-5.224	2.636	-1.693	126.975327	37.295345
1685512374177	1685512374168	-9.780	-3.764	2.330	0.043	2.055	3.759	-4.226	2.521	-1.290	126.975327	37.295345
1685512374187	1685512374177	-9.553	-3.618	2.296	0.066	2.023	3.570	-3.397	2.394	-1.144	126.975327	37.295345
1685512374196	1685512374188	-9.392	-3.505	2.322	0.045	1.980	3.361	-2.708	2.195	-0.919	126.975327	37.295345
1685512374206	1685512374197	-9.182	-3.400	2.248	-0.021	1.914	3.152	-2.263	2.136	-0.840	126.975327	37.295345
1685512374216	1685512374207	-9.088	-3.359	2.191	-0.117	1.823	2.957	-1.803	1.946	-0.639	126.975327	37.295345
1685512374226	1685512374217	-8.866	-3.326	2.121	-0.233	1.701	2.779	-1.413	1.858	-0.596	126.975327	37.295345
1685512374236	1685512374227	-8.600	-3.452	2.126	-0.376	1.560	2.623	-1.097	1.647	-0.488	126.975327	37.295345
1685512374251	1685512374237	-8.447	-3.620	2.143	-0.536	1.411	2.481	-0.692	1.460	-0.409	126.975311	37.295338
1685512374256	1685512374251	-8.255	-3.824	2.181	-0.688	1.273	2.349	-0.266	1.128	-0.259	126.975311	37.295338
1685512374268	1685512374257	-8.181	-3.859	2.272	-0.814	1.148	2.224	0.029	0.764	-0.098	126.975311	37.295338
1685512374277	1685512374268	-8.021	-3.917	2.368	-0.919	1.026	2.101	0.362	0.354	0.091	126.975311	37.295338
1685512374287	1685512374277	-7.977	-4.032	2.416	-1.027	0.893	1.977	0.541	0.158	0.302	126.975311	37.295338
1685512374297	1685512374287	-7.870	-4.161	2.512	-1.136	0.767	1.845	0.814	-0.086	0.534	126.975311	37.295338
1685512374308	1685512374297	-7.738	-4.216	2.471	-1.224	0.659	1.702	0.936	-0.342	0.680	126.975311	37.295338
1685512374317	1685512374308	-7.592	-4.271	2.411	-1.297	0.553	1.556	1.118	-0.611	0.869	126.975311	37.295338
1685512374327	1685512374317	-7.518	-4.439	2.306	-1.366	0.461	1.412	1.310	-0.783	0.905	126.975311	37.295338
1685512374338	1685512374327	-7.769	-4.599	2.332	-1.421	0.400	1.263	1.506	-0.943	0.915	126.975311	37.295338
1685512374347	1685512374338	-8.114	-4.724	2.373	-1.444	0.376	1.108	1.607	-1.166	0.843	126.975311	37.295338
1685512374358	1685512374347	-8.507	-4.858	2.308	-1.438	0.365	0.955	1.377	-1.372	0.905	126.975311	37.295338
1685512374370	1685512374359	-8.921	-4.901	2.236	-1.403	0.346	0.815	1.046	-1.525	0.977	126.975311	37.295338
1685512374380	1685512374370	-9.246	-5.212	2.229	-1.362	0.294	0.688	0.661	-1.669	0.941	126.975311	37.295338
1685512374387	1685512374380	-9.467	-5.701	2.289	-1.359	0.195	0.577	0.249	-1.707	0.898	126.975311	37.295338
1685512374398	1685512374387	-9.807	-5.906	2.184	-1.310	0.104	0.476	-0.067	-2.023	0.934	126.975311	37.295338
1685512374409	1685512374398	-10.099	-5.732	1.867	-1.159	0.045	0.393	-0.287	-2.500	1.013	126.975311	37.295338
1685512374417	1685512374409	-10.475	-5.698	1.611	-0.930	-0.001	0.338	-0.622	-2.705	0.941	126.975311	37.295338
1685512374428	1685512374417	-11.128	-5.909	1.587	-0.723	-0.053	0.290	-0.903	-2.552	0.666	126.975311	37.295338
1685512374438	1685512374429	-12.254	-6.134	1.755	-0.579	-0.043	0.194	-1.269	-2.538	0.438	126.975311	37.295338
1685512374447	1685512374439	-13.657	-6.507	2.184	-0.452	0.050	0.046	-1.913	-2.768	0.433	126.975311	37.295338
1685512374458	1685512374447	-14.590	-6.448	2.526	-0.298	0.159	-0.111	-3.033	-3.005	0.615	126.975311	37.295338
1685512374469	1685512374458	-14.669	-6.450	2.701	-0.116	0.203	-0.238	-4.434	-3.378	1.061	126.975311	37.295338
1685512374477	1685512374469	-13.812	-6.268	2.519	0.059	0.090	-0.318	-5.370	-3.304	1.427	126.975311	37.295338
1685512374488	1685512374477	-12.852	-5.851	2.136	0.233	-0.123	-0.375	-5.454	-3.285	1.626	126.975311	37.295338
1685512374498	1685512374488	-12.780	-5.643	1.791	0.362	-0.342	-0.483	-4.606	-3.069	1.451	126.975311	37.295338
1685512374509	1685512374498	-13.611	-5.588	1.626	0.421	-0.440	-0.696	-3.658	-2.624	1.049	126.975311	37.295338
1685512374517	1685512374509	-14.641	-5.519	1.475	0.446	-0.398	-0.993	-3.608	-2.373	0.658	126.975311	37.295338
1685512374527	1685512374517	-15.780	-5.167	1.231	0.476	-0.359	-1.306	-4.465	-2.265	0.443	126.975311	37.295338
1685512374537	1685512374528	-16.712	-4.891	0.819	0.524	-0.401	-1.591	-5.533	-2.109	0.242	126.975311	37.295338
1685512374548	1685512374537	-17.162	-4.575	0.357	0.552	-0.535	-1.852	-6.723	-1.645	-0.050	126.975311	37.295338
1685512374558	1685512374549	-17.013	-4.420	-0.041	0.502	-0.761	-2.117	-7.717	-1.233	-0.517	126.975311	37.295338
1685512374569	1685512374559	-16.403	-4.468	-0.383	0.369	-1.038	-2.380	-8.243	-0.759	-1.049	126.975311	37.295338
1685512374578	1685512374569	-16.046	-4.271	-0.515	0.228	-1.295	-2.619	-8.198	-0.405	-1.542	126.975311	37.295338
1685512374588	1685512374578	-15.668	-4.051	-0.752	0.123	-1.500	-2.842	-7.690	-0.268	-1.980	126.975311	37.295338
1685512374597	1685512374588	-15.306	-4.008	-0.761	0.009	-1.686	-3.082	-7.482	0.170	-2.246	126.975311	37.295338
1685512374611	1685512374597	-15.091	-3.797	-0.769	-0.083	-1.804	-3.329	-7.245	0.606	-2.602	126.975311	37.295338
1685512374617	1685512374611	-14.727	-3.503	-0.821	-0.158	-1.868	-3.563	-7.063	0.905	-2.753	126.975311	37.295338
1685512374628	1685512374617	-13.886	-3.206	-0.778	-0.224	-1.933	-3.780	-7.053	1.389	-2.902	126.975311	37.295338
1685512374638	1685512374630	-13.063	-3.057	-0.606	-0.292	-1.994	-3.973	-6.943	1.999	-3.108	126.975311	37.295338
1685512374647	1685512374638	-12.146	-3.007	-0.596	-0.376	-2.031	-4.128	-6.335	2.562	-3.187	126.975311	37.295338
1685512374659	1685512374647	-11.483	-3.187	-0.340	-0.470	-2.024	-4.247	-5.796	3.012	-3.146	126.975311	37.295338
1685512374670	1685512374659	-10.877	-3.321	-0.160	-0.542	-1.945	-4.337	-5.188	3.364	-3.256	126.975311	37.295338
1685512374679	1685512374670	-10.508	-3.467	-0.010	-0.575	-1.812	-4.401	-4.858	3.486	-3.108	126.975311	37.295338
1685512374687	1685512374681	-10.350	-3.548	0.192	-0.553	-1.626	-4.441	-4.602	3.646	-3.017	126.975311	37.295338
1685512374697	1685512374688	-10.336	-3.503	0.211	-0.473	-1.431	-4.464	-4.673	3.840	-2.947	126.975311	37.295338
1685512374709	1685512374698	-10.180	-3.316	0.117	-0.347	-1.257	-4.467	-4.817	3.974	-2.789	126.975311	37.295338
1685512374717	1685512374710	-9.811	-3.112	-0.117	-0.198	-1.115	-4.439	-5.186	4.274	-2.808	126.975311	37.295338
1685512374729	1685512374717	-9.194	-3.048	-0.184	-0.045	-1.036	-4.363	-5.423	4.693	-2.938	126.975311	37.295338
1685512374740	1685512374729	-8.691	-2.758	-0.383	0.104	-0.987	-4.248	-5.447	5.104	-3.208	126.975311	37.295338
1685512374748	1685512374740	-8.090	-2.641	-0.512	0.260	-0.935	-4.123	-5.224	5.351	-3.314	126.975311	37.295338
1685512374757	1685512374748	-7.772	-2.602	-0.453	0.418	-0.870	-3.999	-5.152	5.813	-3.563	126.975311	37.295338
1685512374770	1685512374759	-7.592	-2.509	-0.443	0.569	-0.798	-3.875	-4.899	6.048	-3.740	126.975311	37.295338
1685512374777	1685512374770	-7.678	-2.265	-0.448	0.712	-0.723	-3.756	-4.958	6.194	-3.745	126.975311	37.295338
1685512374789	1685512374778	-7.640	-1.891	-0.498	0.847	-0.634	-3.642	-5.148	6.371	-3.804	126.975311	37.295338
1685512374798	1685512374790	-7.405	-1.578	-0.582	0.954	-0.584	-3.509	-5.629	6.680	-3.898	126.975311	37.295338
1685512374807	1685512374798	-7.080	-1.238	-0.558	1.008	-0.591	-3.330	-5.904	7.089	-4.027	126.975311	37.295338
1685512374817	1685512374808	-6.732	-1.037	-0.591	1.013	-0.618	-3.114	-6.041	7.424	-4.216	126.975311	37.295338
1685512374828	1685512374818	-6.297	-1.140	-0.577	0.981	-0.640	-2.893	-6.005	7.769	-4.281	126.975311	37.295338
1685512374837	1685512374828	-6.175	-1.104	-0.472	0.926	-0.648	-2.673	-5.959	7.961	-4.410	126.975311	37.295338
1685512374849	1685512374838	-6.208	-1.065	-0.326	0.865	-0.612	-2.461	-5.808	7.839	-4.489	126.975311	37.295338
1685512374859	1685512374849	-6.524	-1.214	-0.062	0.808	-0.542	-2.252	-5.952	7.846	-4.468	126.975311	37.295338
1685512374869	1685512374860	-6.653	-1.516	0.103	0.768	-0.441	-2.033	-6.230	7.853	-4.401	126.975311	37.295338
1685512374879	1685512374869	-6.850	-1.726	0.146	0.749	-0.354	-1.789	-6.814	7.659	-4.221	126.975311	37.295338
1685512374888	1685512374880	-6.902	-1.760	0.177	0.757	-0.282	-1.522	-7.101	7.326	-4.108	126.975311	37.295338
1685512374898	1685512374888	-6.857	-1.650	0.115	0.794	-0.222	-1.242	-7.489	7.070	-4.137	126.975311	37.295338
1685512374909	1685512374898	-6.871	-1.578	-0.024	0.850	-0.167	-0.949	-7.673	6.998	-4.164	126.975311	37.295338
1685512374918	1685512374910	-6.943	-1.580	-0.359	0.894	-0.111	-0.645	-7.745	7.063	-4.293	126.975311	37.295338
1685512374932	1685512374918	-7.690	-1.599	-0.675	0.891	-0.060	-0.337	-7.851	7.087	-4.506	126.975311	37.295338
1685512374939	1685512374932	-8.950	-2.047	-0.737	0.828	0.035	-0.033	-7.994	7.029	-4.932	126.975311	37.295338
1685512374949	1685512374939	-10.309	-2.512	-0.697	0.698	0.211	0.279	-8.768	6.974	-5.308	126.975311	37.295338
1685512374959	1685512374949	-11.068	-3.103	-0.582	0.545	0.419	0.629	-10.027	6.483	-5.449	126.975311	37.295338
1685512374971	1685512374959	-10.724	-3.634	-0.393	0.402	0.522	1.070	-11.358	5.993	-5.464	126.975311	37.295338
1685512374978	1685512374971	-9.620	-4.171	-0.371	0.239	0.487	1.585	-12.036	5.377	-5.404	126.975311	37.295338
1685512374988	1685512374978	-8.677	-4.786	-0.232	0.064	0.411	2.094	-11.588	4.839	-5.250	126.975311	37.295338
1685512374999	1685512374988	-8.619	-5.373	0.101	-0.119	0.428	2.508	-10.278	4.302	-5.260	126.975311	37.295338
1685512375008	1685512374999	-9.553	-5.516	0.579	-0.319	0.626	2.762	-9.196	3.692	-5.126	126.975311	37.295338
1685512375019	1685512375008	-10.867	-5.473	1.061	-0.464	0.960	2.872	-8.880	3.122	-4.784	126.975311	37.295338
1685512375030	1685512375019	-12.213	-5.399	1.379	-0.457	1.327	2.942	-9.550	2.998	-4.278	126.975311	37.295338
1685512375038	1685512375030	-13.135	-5.210	1.465	-0.283	1.652	3.060	-10.573	3.060	-3.757	126.975311	37.295338
1685512375049	1685512375038	-13.733	-4.930	1.310	0.004	1.914	3.229	-11.605	3.144	-3.393	126.975311	37.295338
1685512375058	1685512375049	-14.114	-4.626	1.164	0.307	2.116	3.395	-12.153	3.321	-3.266	126.975311	37.295338
1685512375069	1685512375058	-14.327	-4.436	0.979	0.530	2.274	3.523	-12.421	3.567	-3.402	126.975311	37.295338
1685512375079	1685512375069	-14.499	-4.475	0.771	0.618	2.392	3.627	-12.416	3.804	-3.541	126.975311	37.295338
1685512375089	1685512375079	-14.368	-4.745	0.591	0.573	2.465	3.729	-12.227	3.903	-3.728	126.975311	37.295338
1685512375098	1685512375089	-14.155	-4.949	0.558	0.442	2.500	3.830	-11.945	3.740	-3.931	126.975311	37.295338
1685512375108	1685512375098	-13.733	-4.908	0.603	0.287	2.498	3.911	-11.435	3.352	-4.092	126.975311	37.295338
1685512375118	1685512375108	-13.185	-4.817	0.910	0.153	2.468	3.962	-10.755	2.993	-4.077	126.975311	37.295338
1685512375128	1685512375118	-12.601	-4.647	1.300	0.048	2.424	3.989	-9.953	2.895	-3.972	126.975311	37.295338
1685512375137	1685512375128	-11.966	-4.393	1.731	-0.029	2.387	3.989	-8.988	2.820	-3.577	126.975311	37.295338
1685512375149	1685512375137	-11.310	-4.132	2.059	-0.078	2.340	3.961	-7.994	2.813	-3.084	126.975311	37.295338
1685512375157	1685512375149	-10.827	-4.020	2.342	-0.104	2.291	3.903	-6.962	2.875	-2.535	126.975311	37.295338
1685512375169	1685512375158	-10.317	-3.886	2.504	-0.114	2.242	3.819	-5.923	2.933	-2.081	126.975311	37.295338
1685512375177	1685512375169	-9.948	-3.814	2.756	-0.120	2.202	3.710	-5.040	2.811	-1.650	126.975311	37.295338
1685512375188	1685512375178	-9.634	-3.845	2.914	-0.131	2.158	3.572	-4.219	2.746	-1.360	126.975311	37.295338
1685512375201	1685512375188	-9.452	-3.766	3.203	-0.151	2.092	3.409	-3.491	2.567	-0.948	126.975296	37.295338
1685512375209	1685512375201	-9.196	-3.579	3.189	-0.182	2.004	3.234	-2.907	2.327	-0.654	126.975296	37.295338
1685512375218	1685512375209	-8.973	-3.247	3.256	-0.243	1.884	3.059	-2.444	2.176	-0.211	126.975296	37.295338
1685512375228	1685512375218	-8.617	-3.050	3.342	-0.385	1.725	2.878	-1.932	2.138	-0.072	126.975296	37.295338
1685512375239	1685512375228	-8.404	-3.460	3.527	-0.637	1.522	2.693	-1.456	2.231	0.160	126.975296	37.295338
1685512375250	1685512375239	-8.334	-4.029	3.850	-0.940	1.305	2.490	-0.912	2.241	0.383	126.975296	37.295338
1685512375260	1685512375250	-8.408	-4.594	4.264	-1.212	1.131	2.257	-0.515	1.640	0.721	126.975296	37.295338
1685512375272	1685512375260	-8.334	-5.191	4.757	-1.480	0.938	2.010	-0.285	0.898	1.195	126.975296	37.295338
1685512375280	1685512375272	-8.277	-5.638	4.803	-1.703	0.726	1.781	-0.220	0.180	1.760	126.975296	37.295338
1685512375290	1685512375280	-8.035	-6.146	4.752	-1.875	0.513	1.578	-0.029	-0.543	2.401	126.975296	37.295338
1685512375300	1685512375290	-7.750	-6.570	4.609	-2.028	0.297	1.393	0.144	-1.125	2.612	126.975296	37.295338
1685512375310	1685512375300	-7.456	-6.835	4.539	-2.125	0.104	1.221	0.453	-1.707	2.665	126.975296	37.295338
1685512375321	1685512375311	-7.185	-7.142	4.506	-2.121	-0.077	1.064	0.804	-2.207	2.634	126.975296	37.295338
1685512375332	1685512375322	-7.223	-7.305	4.472	-1.999	-0.227	0.924	1.154	-2.538	2.667	126.975296	37.295338
1685512375340	1685512375332	-7.432	-7.661	4.432	-1.784	-0.305	0.768	1.468	-2.897	2.717	126.975296	37.295338
1685512375350	1685512375340	-7.887	-8.004	4.319	-1.525	-0.329	0.590	1.465	-3.105	2.749	126.975296	37.295338
1685512375362	1685512375350	-8.432	-8.071	4.113	-1.218	-0.314	0.391	1.286	-3.503	2.761	126.975296	37.295338
1685512375374	1685512375362	-8.674	-7.980	3.893	-0.887	-0.313	0.191	0.848	-3.869	2.679	126.975296	37.295338
1685512375380	1685512375374	-8.796	-8.212	3.666	-0.594	-0.385	0.017	0.314	-3.950	2.495	126.975296	37.295338
1685512375393	1685512375387	-9.057	-8.356	3.419	-0.382	-0.495	-0.138	0.074	-3.862	2.284	126.975296	37.295338
1685512375407	1685512375393	-9.438	-8.262	2.986	-0.222	-0.550	-0.287	-0.053	-4.085	2.047	126.975296	37.295338
1685512375410	1685512375407	-10.010	-8.224	2.308	-0.094	-0.567	-0.429	-0.326	-4.211	1.774	126.975296	37.295338
1685512375421	1685512375411	-10.968	-8.751	1.803	-0.061	-0.602	-0.574	-0.730	-4.087	1.300	126.975296	37.295338
1685512375431	1685512375421	-12.543	-9.474	1.492	-0.106	-0.605	-0.734	-1.326	-4.013	0.579	126.975296	37.295338
1685512375440	1685512375431	-14.430	-10.116	1.195	-0.123	-0.484	-0.915	-2.320	-4.489	0.026	126.975296	37.295338
1685512375452	1685512375441	-15.560	-10.642	1.240	-0.011	-0.326	-1.103	-3.938	-5.148	-0.330	126.975296	37.295338
1685512375461	1685512375452	-15.141	-11.030	1.144	0.156	-0.348	-1.268	-5.873	-5.708	-0.663	126.975296	37.295338
1685512375472	1685512375461	-13.369	-10.805	0.721	0.374	-0.550	-1.396	-7.061	-6.141	-0.646	126.975296	37.295338
1685512375481	1685512375472	-11.643	-10.515	-0.005	0.626	-0.866	-1.522	-6.711	-6.414	-0.783	126.975296	37.295338
1685512375491	1685512375481	-11.449	-10.642	-0.759	0.865	-1.155	-1.739	-5.009	-6.091	-1.264	126.975296	37.295338
1685512375501	1685512375492	-12.883	-11.190	-1.173	1.041	-1.216	-2.068	-3.381	-5.674	-2.102	126.975296	37.295338
1685512375513	1685512375502	-15.129	-12.062	-1.568	1.158	-1.030	-2.483	-3.285	-5.691	-2.978	126.975296	37.295338
1685512375522	1685512375515	-17.176	-12.541	-2.088	1.304	-0.749	-2.941	-4.853	-6.096	-3.543	126.975296	37.295338
1685512375534	1685512375523	-18.443	-12.728	-2.777	1.543	-0.594	-3.372	-7.252	-6.797	-4.082	126.975296	37.295338
1685512375543	1685512375534	-18.778	-12.366	-3.316	1.906	-0.629	-3.703	-9.495	-7.063	-4.743	126.975296	37.295338
1685512375553	1685512375543	-18.378	-11.971	-3.905	2.352	-0.760	-3.905	-10.946	-7.056	-5.550	126.975296	37.295338
1685512375563	1685512375554	-17.825	-11.641	-4.195	2.718	-0.920	-4.029	-11.538	-6.455	-6.261	126.975296	37.295338
1685512375575	1685512375564	-17.439	-11.451	-4.429	2.894	-1.047	-4.169	-11.370	-5.873	-7.027	126.975296	37.295338
1685512375582	1685512375576	-17.016	-11.483	-4.882	2.858	-1.109	-4.377	-11.123	-5.334	-7.570	126.975296	37.295338
1685512375596	1685512375582	-16.877	-11.274	-4.429	2.695	-1.140	-4.660	-11.011	-4.990	-8.035	126.975296	37.295338
1685512375635	1685512375596	-16.477	-11.147	-4.013	2.560	-1.069	-4.964	-11.016	-4.808	-8.820	126.975296	37.295338
1685512375635	1685512375635	-16.087	-11.315	-3.460	2.464	-0.957	-5.255	-11.128	-4.484	-8.543	126.975296	37.295338
1685512375636	1685512375635	-15.627	-11.461	-3.053	2.346	-0.823	-5.533	-11.155	-4.173	-8.384	126.975296	37.295338
1685512375636	1685512375636	-15.227	-11.188	-3.072	2.194	-0.656	-5.784	-11.135	-4.197	-8.033	126.975296	37.295338
1685512375640	1685512375636	-14.629	-10.271	-3.297	2.077	-0.506	-6.006	-11.157	-4.178	-7.853	126.975296	37.295338
1685512375652	1685512375640	-13.855	-9.421	-3.156	2.048	-0.378	-6.202	-11.167	-3.778	-8.042	126.975296	37.295338
1685512375661	1685512375652	-12.965	-8.538	-3.405	2.104	-0.233	-6.326	-11.140	-2.715	-8.478	126.975296	37.295338
1685512375672	1685512375661	-12.081	-7.341	-3.594	2.165	-0.100	-6.388	-10.760	-1.788	-8.471	126.975296	37.295338
1685512375681	1685512375672	-10.994	-6.462	-3.606	2.195	-0.001	-6.415	-10.415	-0.833	-8.904	126.975296	37.295338
1685512375692	1685512375681	-9.804	-5.476	-3.474	2.214	0.076	-6.406	-9.981	0.388	-9.246	126.975296	37.295338
1685512375701	1685512375692	-8.756	-4.769	-3.498	2.222	0.158	-6.357	-9.488	1.255	-9.462	126.975296	37.295338
1685512375712	1685512375701	-8.756	-4.769	-3.498	2.226	0.288	-6.281	-8.689	2.205	-9.467	126.975296	37.295338
1685512375723	1685512375712	-7.515	-3.100	-3.505	2.187	0.459	-6.209	-8.210	2.811	-9.692	126.975296	37.295338
1685512375733	1685512375725	-7.515	-3.100	-3.505	2.043	0.602	-6.144	-8.619	2.705	-9.843	126.975296	37.295338
1685512375743	1685512375733	-7.151	-2.571	-3.074	2.043	0.602	-6.144	-7.810	4.228	-10.010	126.975296	37.295338
1685512375755	1685512375743	-6.330	-2.303	-2.540	1.754	0.977	-5.913	-8.215	4.065	-10.161	126.975296	37.295338
1685512375764	1685512375755	-6.330	-2.303	-2.540	1.736	1.195	-5.719	-8.246	4.401	-9.881	126.975296	37.295338
1685512375775	1685512375764	-5.823	-1.496	-1.671	1.759	1.405	-5.514	-7.762	4.475	-9.479	126.975296	37.295338
1685512375782	1685512375775	-5.823	-1.496	-1.671	1.803	1.621	-5.323	-8.090	4.240	-9.627	126.975296	37.295338
1685512375795	1685512375783	-5.835	-1.413	-0.702	1.884	1.839	-5.136	-7.812	4.841	-8.885	126.975296	37.295338
1685512375817	1685512375796	-6.057	-1.460	-0.053	2.017	2.015	-4.928	-8.045	4.573	-9.045	126.975296	37.295338
1685512375818	1685512375817	-6.491	-1.094	0.682	2.017	2.015	-4.928	-8.210	4.424	-8.215	126.975296	37.295338
1685512375821	1685512375818	-6.891	-0.429	1.331	2.470	2.343	-4.412	-8.559	4.104	-7.728	126.975296	37.295338
1685512375834	1685512375822	-7.281	0.417	1.161	2.820	2.437	-4.088	-9.105	4.187	-7.154	126.975296	37.295338
1685512375843	1685512375834	-7.262	0.462	1.161	2.820	2.437	-4.088	-9.548	4.511	-6.711	126.975296	37.295338
1685512375854	1685512375843	-6.864	-0.110	1.293	3.587	2.545	-3.238	-9.936	5.052	-7.063	126.975296	37.295338
1685512375861	1685512375854	-6.663	-0.110	1.652	3.587	2.545	-3.238	-9.895	4.755	-7.252	126.975296	37.295338
1685512375874	1685512375862	-7.063	3.522	1.690	4.353	2.754	-2.365	-9.414	3.792	-7.333	126.975296	37.295338
1685512375882	1685512375874	-7.587	2.904	-0.716	4.652	2.855	-1.894	-9.110	3.397	-7.171	126.975296	37.295338
1685512375892	1685512375883	-8.159	2.904	-0.716	4.799	2.942	-1.373	-9.342	6.586	-7.341	126.975296	37.295338
1685512375903	1685512375892	-11.571	6.670	5.971	4.799	2.942	-1.373	-9.618	5.409	-9.977	126.975296	37.295338
1685512375913	1685512375903	-13.788	13.307	14.423	5.448	3.092	-0.604	-9.996	5.030	-10.111	126.975296	37.295338
1685512375923	1685512375915	-10.851	4.233	18.304	5.350	2.244	0.718	-13.156	8.320	-3.563	126.975296	37.295338
1685512375936	1685512375925	-9.146	-1.726	22.491	3.883	0.519	1.702	-15.086	14.427	4.769	126.975296	37.295338
1685512375944	1685512375936	-8.595	-6.495	21.002	2.568	0.231	1.161	-11.923	4.839	8.581	126.975296	37.295338
1685512375955	1685512375944	-9.488	-9.210	16.336	1.443	0.130	0.827	-10.159	-1.480	12.747	126.975296	37.295338
1685512375964	1685512375956	-9.673	-7.702	9.732	0.968	0.055	1.748	-9.582	-6.515	11.250	126.975296	37.295338
1685512375972	1685512375964	-8.538	-5.514	5.897	0.817	-0.101	2.619	-10.465	-9.349	6.584	126.975296	37.295338
1685512375993	1685512375973	-7.125	-6.381	4.750	1.031	-0.936	3.179	-10.647	-7.918	-0.019	126.975296	37.295338
1685512375993	1685512375993	-6.816	-5.389	5.590	1.031	-0.936	3.179	-9.529	-5.782	-3.852	126.975296	37.295338
1685512376003	1685512375993	-7.142	-3.275	5.490	1.516	-0.882	3.161	-8.226	-6.723	-4.985	126.975296	37.295338
1685512376011	1685512376003	-7.338	-3.512	5.813	1.857	-0.558	3.067	-8.009	-5.789	-4.132	126.975296	37.295338
1685512376020	1685512376011	-7.329	-5.449	6.041	1.704	-0.115	3.090	-8.447	-3.792	-4.214	126.975296	37.295338
1685512376030	1685512376020	-7.283	-6.488	6.701	1.249	0.287	3.115	-8.708	-4.156	-3.874	126.975296	37.295338
1685512376039	1685512376030	-7.063	-6.273	7.266	0.899	0.569	3.078	-8.729	-6.215	-3.632	126.975296	37.295338
1685512376052	1685512376039	-6.515	-5.787	7.001	0.682	0.754	3.156	-8.681	-7.331	-2.964	126.975296	37.295338
1685512376060	1685512376052	-5.839	-4.834	6.199	0.498	0.872	3.360	-8.432	-7.161	-2.399	126.975296	37.295338
1685512376071	1685512376061	-5.160	-4.214	5.217	0.188	0.986	3.459	-7.841	-6.699	-2.670	126.975296	37.295338
1685512376080	1685512376071	-4.781	-4.355	4.427	-1.086	1.236	3.506	-7.106	-5.751	-3.479	126.975296	37.295338
1685512376090	1685512376080	-4.535	-4.247	3.814	-1.086	1.236	3.506	-6.369	-5.107	-4.470	126.975296	37.295338
1685512376100	1685512376090	-4.484	-3.618	3.227	-1.718	1.348	3.534	-5.887	-5.088	-5.286	126.975296	37.295338
1685512376111	1685512376100	-4.470	-3.151	2.722	-2.318	1.407	3.527	-5.555	-4.853	-5.918	126.975296	37.295338
1685512376119	1685512376111	-4.527	-3.069	2.018	-2.968	1.434	3.534	-5.392	-4.020	-6.527	126.975296	37.295338
1685512376129	1685512376119	-4.604	-3.261	1.547	-3.669	1.445	3.576	-5.248	-3.297	-7.051	126.975296	37.295338
1685512376139	1685512376129	-4.700	-3.795	1.362	-4.382	1.421	3.644	-5.150	-2.871	-7.764	126.975296	37.295338
1685512376149	1685512376139	-4.772	-4.786	1.676	-5.014	1.359	3.726	-5.088	-2.720	-8.231	126.975296	37.295338
1685512376159	1685512376149	-4.786	-6.383	2.093	-5.432	1.277	3.824	-5.018	-2.813	-8.389	126.975296	37.295338
1685512376171	1685512376159	-4.925	-7.219	2.938	-5.495	1.211	3.935	-4.911	-3.306	-8.016	126.975296	37.295338
1685512376179	1685512376171	-5.152	-7.214	3.505	-4.106	1.210	4.238	-4.736	-4.379	-7.506	126.975296	37.295338
1685512376189	1685512376179	-5.212	-6.948	3.610	-4.106	1.210	4.238	-4.671	-4.697	-6.534	126.975296	37.295338
1685512376200	1685512376189	-5.205	-6.316	3.292	-3.139	1.200	4.413	-4.623	-4.250	-5.825	126.975281	37.295330
1685512376209	1685512376200	-5.107	-5.557	2.667	-2.270	1.253	4.528	-4.487	-3.699	-5.612	126.975281	37.295330
1685512376219	1685512376209	-4.990	-4.906	1.786	-1.662	1.304	4.566	-4.221	-2.818	-5.813	126.975281	37.295330
1685512376231	1685512376219	-4.851	-4.705	1.111	-1.361	1.330	4.550	-3.847	-1.903	-6.342	126.975281	37.295330
1685512376240	1685512376231	-4.894	-4.764	0.711	-1.341	1.373	4.491	-3.443	-1.166	-7.144	126.975281	37.295330
1685512376251	1685512376240	-5.131	-5.042	0.680	-1.539	1.443	4.385	-3.017	-0.922	-7.748	126.975281	37.295330
1685512376261	1685512376251	-5.526	-5.634	0.891	-1.868	1.513	4.247	-2.739	-0.950	-8.061	126.975281	37.295330
1685512376272	1685512376261	-6.184	-6.294	1.274	-2.198	1.588	4.111	-2.710	-1.197	-8.009	126.975281	37.295330
1685512376281	1685512376272	-6.879	-6.981	1.911	-2.652	1.753	3.859	-2.811	-1.736	-7.688	126.975281	37.295330
1685512376292	1685512376281	-7.415	-7.855	2.162	-2.652	1.753	3.859	-3.172	-2.327	-7.171	126.975281	37.295330
1685512376302	1685512376292	-8.004	-7.750	2.011	-2.762	1.798	3.719	-3.534	-2.907	-6.357	126.975281	37.295330
1685512376311	1685512376302	-8.554	-6.898	1.769	-2.695	1.836	3.587	-3.800	-3.706	-5.952	126.975281	37.295330
1685512376322	1685512376312	-8.839	-6.737	1.401	-2.578	1.790	3.482	-4.029	-3.505	-5.880	126.975281	37.295330
1685512376334	1685512376323	-8.947	-6.974	0.910	-2.513	1.665	3.390	-4.341	-2.602	-5.971	126.975281	37.295330
1685512376343	1685512376334	-9.335	-7.163	0.699	-2.528	1.588	3.240	-4.312	-2.392	-6.132	126.975281	37.295330
1685512376354	1685512376345	-9.811	-7.446	0.725	-2.610	1.605	2.992	-4.173	-2.602	-6.455	126.975281	37.295330
1685512376364	1685512376354	-10.376	-7.535	0.996	-2.721	1.657	2.724	-4.278	-2.765	-6.457	126.975281	37.295330
1685512376376	1685512376364	-10.879	-8.282	1.391	-2.850	1.717	2.503	-4.535	-3.021	-6.251	126.975281	37.295330
1685512376384	1685512376376	-11.349	-9.012	1.700	-2.882	1.922	2.228	-4.817	-3.062	-5.729	126.975281	37.295330
1685512376395	1685512376384	-11.808	-9.158	2.097	-2.882	1.922	2.228	-5.140	-3.771	-5.152	126.975281	37.295330
1685512376409	1685512376395	-11.947	-8.775	2.354	-2.556	2.043	2.172	-5.339	-4.439	-4.551	126.975281	37.295330
1685512376412	1685512376409	-11.933	-7.786	2.227	-2.033	2.156	2.159	-5.624	-4.551	-3.955	126.975281	37.295330
1685512376422	1685512376412	-11.993	-7.147	2.138	-1.484	2.244	2.167	-5.519	-4.152	-3.426	126.975281	37.295330
1685512376432	1685512376422	-12.696	-6.991	2.545	-1.111	2.282	2.118	-5.306	-3.187	-3.342	126.975281	37.295330
1685512376442	1685512376433	-14.047	-6.807	3.436	-0.911	2.423	1.963	-5.100	-2.626	-3.168	126.975281	37.295330
1685512376452	1685512376442	-15.201	-6.565	4.204	-0.734	2.716	1.750	-5.634	-2.543	-2.593	126.975281	37.295330
1685512376462	1685512376452	-15.938	-6.268	4.798	-0.507	2.963	1.569	-6.754	-2.461	-1.465	126.975281	37.295330
1685512376475	1685512376462	-15.728	-6.366	5.100	-0.337	2.950	1.434	-7.724	-2.306	-0.488	126.975281	37.295330
1685512376482	1685512376475	-14.734	-6.493	4.875	-0.115	2.265	1.236	-8.241	-2.114	0.373	126.975281	37.295330
1685512376492	1685512376482	-13.539	-6.931	4.324	-0.115	2.265	1.236	-7.843	-2.310	0.919	126.975281	37.295330
1685512376504	1685512376492	-13.151	-6.998	3.977	0.053	1.797	1.141	-6.680	-2.550	0.917	126.975281	37.295330
1685512376513	1685512376504	-13.901	-6.953	4.137	0.271	1.491	0.993	-5.375	-3.065	0.517	126.975281	37.295330
1685512376524	1685512376513	-15.146	-6.766	4.130	0.524	1.352	0.800	-4.877	-3.227	0.316	126.975281	37.295330
1685512376536	1685512376525	-16.154	-6.527	4.020	0.784	1.223	0.605	-5.535	-3.273	0.589	126.975281	37.295330
1685512376544	1685512376536	-16.714	-6.414	3.625	0.991	0.974	0.402	-6.704	-3.172	0.678	126.975281	37.295330
1685512376555	1685512376545	-16.805	-6.053	3.005	1.131	0.602	0.175	-7.649	-3.012	0.642	126.975281	37.295330
1685512376565	1685512376555	-16.484	-5.693	2.567	1.184	0.171	-0.079	-8.159	-2.974	0.302	126.975281	37.295330
1685512376576	1685512376565	-16.046	-5.344	2.344	1.125	-0.270	-0.340	-8.226	-2.658	-0.306	126.975281	37.295330
1685512376584	1685512376576	-15.562	-4.772	2.354	0.739	-1.021	-0.833	-7.903	-2.332	-0.769	126.975281	37.295330
1685512376599	1685512376584	-15.007	-4.245	2.409	0.739	-1.021	-0.833	-7.484	-1.990	-1.053	126.975281	37.295330
1685512376603	1685512376599	-14.178	-3.752	2.605	0.359	-1.356	-1.102	-7.070	-1.367	-1.166	126.975281	37.295330
1685512376615	1685512376603	-13.221	-3.388	2.629	-0.108	-1.644	-1.382	-6.574	-0.802	-1.211	126.975281	37.295330
1685512376632	1685512376615	-12.275	-3.069	2.571	-0.588	-1.875	-1.684	-5.842	-0.220	-1.154	126.975281	37.295330
1685512376633	1685512376633	-11.346	-2.957	2.440	-1.051	-2.056	-2.011	-4.985	0.247	-1.250	126.975281	37.295330
1685512376642	1685512376633	-10.642	-2.818	2.301	-1.475	-2.167	-2.346	-4.175	0.728	-1.439	126.975281	37.295330
1685512376653	1685512376643	-10.106	-2.916	2.078	-1.845	-2.194	-2.672	-3.409	1.044	-1.695	126.975281	37.295330
1685512376665	1685512376654	-9.649	-3.175	1.796	-2.155	-2.161	-2.979	-2.892	1.427	-1.942	126.975281	37.295330
1685512376675	1685512376665	-9.361	-3.388	1.731	-2.357	-2.076	-3.250	-2.567	1.614	-2.253	126.975281	37.295330
1685512376682	1685512376675	-8.995	-3.654	1.549	-2.335	-1.842	-3.627	-2.368	1.700	-2.600	126.975281	37.295330
1685512376692	1685512376683	-8.708	-3.826	1.444	-2.335	-1.842	-3.627	-2.310	1.791	-2.691	126.975281	37.295330
1685512376702	1685512376692	-8.396	-3.910	1.381	-2.118	-1.719	-3.737	-2.248	1.915	-2.875	126.975281	37.295330
1685512376715	1685512376702	-8.076	-4.005	1.408	-1.803	-1.588	-3.802	-2.219	2.052	-2.971	126.975281	37.295330
1685512376724	1685512376718	-7.824	-3.812	1.298	-1.398	-1.456	-3.814	-2.210	2.296	-3.014	126.975281	37.295330
1685512376735	1685512376725	-7.525	-3.759	1.061	-0.932	-1.326	-3.769	-2.200	2.509	-2.969	126.975281	37.295330
1685512376745	1685512376735	-7.245	-3.730	0.919	-0.464	-1.222	-3.691	-2.301	3.010	-3.067	126.975281	37.295330
1685512376755	1685512376745	-7.084	-3.421	0.742	-0.017	-1.125	-3.603	-2.289	3.282	-3.311	126.975281	37.295330
1685512376765	1685512376755	-6.998	-3.182	0.637	0.393	-1.038	-3.503	-2.325	3.519	-3.481	126.975281	37.295330
1685512376777	1685512376765	-6.910	-2.911	0.498	0.757	-0.954	-3.383	-2.478	4.001	-3.709	126.975281	37.295330
1685512376784	1685512376777	-6.907	-2.562	0.304	1.294	-0.837	-3.100	-2.701	4.379	-3.891	126.975281	37.295330
1685512376801	1685512376784	-6.895	-2.370	0.364	1.294	-0.837	-3.100	-2.914	4.755	-4.128	126.975281	37.295330
1685512376802	1685512376802	-6.864	-2.071	0.409	1.454	-0.814	-2.944	-3.247	5.174	-4.480	126.975281	37.295330
1685512376824	1685512376802	-6.907	-1.997	0.436	1.548	-0.798	-2.777	-3.457	5.404	-4.523	126.975281	37.295330
1685512376824	1685512376824	-6.955	-1.810	0.431	1.582	-0.787	-2.602	-3.697	5.727	-4.618	126.975281	37.295330
1685512376836	1685512376824	-7.058	-1.726	0.438	1.574	-0.768	-2.428	-3.998	5.806	-4.736	126.975281	37.295330
1685512376842	1685512376836	-7.161	-1.578	0.455	1.526	-0.748	-2.249	-4.290	5.983	-4.887	126.975281	37.295330
1685512376854	1685512376842	-7.405	-1.482	0.362	1.440	-0.740	-2.059	-4.623	6.045	-5.021	126.975281	37.295330
1685512376866	1685512376855	-7.719	-1.379	0.235	1.316	-0.732	-1.857	-4.963	6.158	-5.155	126.975281	37.295330
1685512376875	1685512376867	-7.997	-1.341	0.292	1.159	-0.716	-1.646	-5.389	6.218	-5.361	126.975281	37.295330
1685512376882	1685512376875	-8.217	-1.389	0.177	0.783	-0.705	-1.174	-5.887	6.282	-5.605	126.975281	37.295330
1685512376895	1685512376884	-8.442	-1.530	0.151	0.783	-0.705	-1.174	-6.333	6.280	-5.648	126.975281	37.295330
1685512376903	1685512376896	-8.425	-1.458	0.101	0.597	-0.705	-0.915	-6.699	6.201	-5.839	126.975281	37.295330
1685512376913	1685512376903	-8.454	-1.501	-0.141	0.409	-0.704	-0.649	-7.041	6.033	-5.930	126.975281	37.295330
1685512376924	1685512376914	-8.622	-1.391	-0.429	0.209	-0.716	-0.378	-7.149	6.079	-6.041	126.975281	37.295330
1685512376933	1685512376924	-9.098	-1.348	-0.769	-0.017	-0.713	-0.106	-7.259	6.019	-6.316	126.975281	37.295330
1685512376944	1685512376934	-9.981	-1.523	-1.049	-0.275	-0.682	0.167	-7.501	6.122	-6.630	126.975281	37.295330
1685512376958	1685512376945	-11.152	-1.978	-1.188	-0.564	-0.574	0.440	-8.030	6.167	-6.974	126.975281	37.295330
1685512376965	1685512376958	-12.134	-2.567	-1.161	-0.853	-0.393	0.712	-8.942	6.007	-7.242	126.975281	37.295330
1685512376977	1685512376966	-12.383	-3.067	-1.089	-1.109	-0.227	1.015	-10.116	5.581	-7.343	126.975281	37.295330
1685512377006	1685512376978	-11.607	-3.388	-0.869	-1.333	-0.197	1.379	-11.066	5.042	-7.252	126.975281	37.295330
1685512377006	1685512377006	-10.300	-3.584	-0.627	-1.516	-0.286	1.791	-11.258	4.592	-7.106	126.975281	37.295330
1685512377006	1685512377006	-9.215	-3.577	-0.407	-1.654	-0.370	2.189	-10.376	4.341	-6.776	126.975281	37.295330
1685512377014	1685512377006	-9.019	-3.476	-0.045	-1.765	-0.336	2.480	-8.959	4.204	-6.431	126.975281	37.295330
1685512377021	1685512377014	-9.613	-3.759	0.347	-1.869	-0.160	2.634	-7.724	4.274	-6.086	126.975281	37.295330
1685512377033	1685512377023	-10.812	-3.941	0.843	-1.928	0.111	2.688	-7.350	4.434	-5.590	126.975281	37.295330
1685512377041	1685512377033	-12.368	-3.970	1.013	-1.879	0.443	2.684	-7.724	4.214	-5.037	126.975281	37.295330
1685512377051	1685512377043	-13.654	-4.147	0.989	-1.674	0.767	2.678	-8.724	4.075	-4.401	126.975281	37.295330
1685512377060	1685512377052	-14.562	-4.125	0.725	-1.345	1.001	2.707	-10.044	4.085	-4.070	126.975281	37.295330
1685512377074	1685512377061	-14.930	-4.336	0.491	-0.979	1.126	2.779	-11.076	3.924	-3.941	126.975281	37.295330
1685512377081	1685512377075	-14.710	-4.420	0.148	-0.632	1.167	2.908	-11.717	3.938	-4.068	126.975281	37.295330
1685512377092	1685512377082	-13.994	-4.609	-0.347	-0.336	1.155	3.112	-11.808	3.692	-4.190	126.975281	37.295330
1685512377101	1685512377092	-13.178	-4.676	-0.555	-0.112	1.097	3.341	-11.243	3.527	-4.427	126.975281	37.295330
1685512377110	1685512377101	-12.435	-4.630	-0.800	0.028	1.027	3.511	-10.288	3.261	-4.867	126.975281	37.295330
1685512377120	1685512377111	-11.815	-4.472	-0.682	0.092	0.987	3.594	-9.131	3.057	-5.018	126.975281	37.295330
1685512377132	1685512377120	-11.102	-4.204	-0.443	0.097	0.969	3.615	-8.104	2.969	-5.227	126.975281	37.295330
1685512377140	1685512377132	-10.197	-4.020	-0.096	0.064	0.933	3.597	-7.140	2.945	-5.069	126.975281	37.295330
1685512377150	1685512377140	-9.378	-3.850	0.441	0.011	0.891	3.543	-6.148	3.053	-4.793	126.975281	37.295330
1685512377160	1685512377150	-8.722	-3.761	0.891	-0.053	0.861	3.448	-4.887	3.012	-4.393	126.975281	37.295330
1685512377171	1685512377160	-8.143	-3.718	1.317	-0.108	0.881	3.308	-3.840	3.026	-3.819	126.975281	37.295330
1685512377180	1685512377172	-7.915	-3.658	1.571	-0.126	0.944	3.139	-2.887	2.902	-3.311	126.975281	37.295330
1685512377191	1685512377180	-7.927	-3.795	1.788	-0.099	1.059	2.955	-2.078	2.772	-2.830	126.975281	37.295330
1685512377200	1685512377191	-8.064	-3.903	1.860	-0.053	1.183	2.778	-1.563	2.605	-2.497	126.975281	37.295330
1685512377210	1685512377200	-8.157	-4.197	2.011	-0.022	1.273	2.616	-1.396	2.320	-2.219	126.975281	37.295330
1685512377223	1685512377210	-8.317	-4.319	2.033	-0.015	1.316	2.467	-1.276	1.992	-2.049	126.975266	37.295322
1685512377232	1685512377223	-8.550	-4.106	1.812	-0.005	1.318	2.335	-1.188	1.535	-1.820	126.975266	37.295322
1685512377240	1685512377232	-8.490	-3.792	1.561	0.010	1.288	2.222	-1.159	1.240	-1.702	126.975266	37.295322
1685512377252	1685512377241	-8.303	-3.843	1.377	-0.039	1.185	2.128	-1.214	1.283	-1.827	126.975266	37.295322
1685512377261	1685512377252	-8.119	-3.910	1.140	-0.153	1.038	2.037	-0.965	1.417	-1.954	126.975266	37.295322
1685512377272	1685512377261	-8.013	-4.003	1.077	-0.283	0.911	1.930	-0.601	1.190	-2.009	126.975266	37.295322
1685512377282	1685512377272	-7.944	-3.941	1.161	-0.404	0.806	1.809	-0.235	0.934	-2.100	126.975266	37.295322
1685512377293	1685512377282	-8.061	-3.958	1.262	-0.511	0.711	1.677	0.012	0.690	-2.025	126.975266	37.295322
1685512377302	1685512377293	-8.159	-3.982	1.448	-0.610	0.640	1.528	0.237	0.587	-1.779	126.975266	37.295322
1685512377313	1685512377303	-8.229	-3.984	1.544	-0.701	0.574	1.374	0.237	0.448	-1.532	126.975266	37.295322
1685512377323	1685512377314	-8.243	-4.003	1.446	-0.788	0.511	1.224	0.244	0.306	-1.207	126.975266	37.295322
1685512377333	1685512377323	-8.179	-4.094	1.391	-0.880	0.440	1.085	0.263	0.206	-0.982	126.975266	37.295322
1685512377343	1685512377333	-8.368	-4.164	1.262	-0.974	0.381	0.964	0.330	0.096	-0.953	126.975266	37.295322
1685512377354	1685512377343	-8.662	-4.393	1.279	-1.079	0.341	0.852	0.450	-0.050	-0.905	126.975266	37.295322
1685512377365	1685512377355	-9.088	-4.611	1.384	-1.179	0.325	0.745	0.314	-0.172	-0.931	126.975266	37.295322
1685512377377	1685512377365	-9.273	-4.925	1.437	-1.223	0.337	0.655	0.062	-0.443	-0.814	126.975266	37.295322
1685512377385	1685512377378	-9.299	-5.045	1.520	-1.211	0.351	0.591	-0.328	-0.687	-0.606	126.975266	37.295322
1685512377399	1685512377385	-9.242	-5.152	1.568	-1.146	0.345	0.562	-0.481	-1.015	-0.450	126.975266	37.295322
1685512377415	1685512377399	-9.112	-5.291	1.535	-1.035	0.332	0.560	-0.479	-1.152	-0.254	126.975266	37.295322
1685512377415	1685512377415	-8.983	-5.277	1.448	-0.896	0.329	0.566	-0.402	-1.267	-0.136	126.975266	37.295322
1685512377423	1685512377416	-8.985	-5.298	1.317	-0.744	0.345	0.560	-0.251	-1.422	-0.093	126.975266	37.295322
1685512377434	1685512377424	-9.467	-5.461	1.202	-0.593	0.378	0.539	-0.101	-1.429	-0.113	126.975266	37.295322
1685512377443	1685512377435	-10.345	-5.672	1.166	-0.450	0.429	0.498	-0.081	-1.477	-0.182	126.975266	37.295322
1685512377454	1685512377444	-11.530	-5.863	1.302	-0.299	0.523	0.431	-0.543	-1.666	-0.239	126.975266	37.295322
1685512377465	1685512377454	-12.919	-6.280	1.571	-0.143	0.639	0.334	-1.398	-1.911	-0.215	126.975266	37.295322
1685512377475	1685512377465	-14.035	-6.653	2.054	0.039	0.745	0.220	-2.562	-2.133	-0.026	126.975266	37.295322
1685512377484	1685512377476	-14.135	-6.809	2.571	0.291	0.814	0.137	-3.931	-2.579	0.302	126.975266	37.295322
1685512377496	1685512377484	-12.828	-6.491	2.607	0.619	0.768	0.134	-5.030	-2.974	0.852	126.975266	37.295322
1685512377505	1685512377497	-10.985	-6.112	2.222	0.974	0.517	0.194	-5.114	-3.146	1.439	126.975266	37.295322
1685512377516	1685512377506	-9.910	-6.041	1.762	1.247	0.136	0.228	-3.795	-2.844	1.516	126.975266	37.295322
1685512377525	1685512377516	-10.384	-6.141	1.595	1.376	-0.111	0.132	-1.937	-2.497	1.142	126.975266	37.295322
1685512377535	1685512377525	-12.227	-6.175	1.544	1.434	-0.078	-0.133	-0.852	-2.456	0.654	126.975266	37.295322
1685512377546	1685512377535	-14.380	-5.997	1.420	1.505	0.106	-0.512	-1.322	-2.583	0.426	126.975266	37.295322
1685512377557	1685512377546	-16.087	-5.576	0.982	1.588	0.232	-0.882	-3.172	-2.622	0.318	126.975266	37.295322
1685512377565	1685512377558	-16.949	-4.973	0.453	1.649	0.164	-1.163	-5.341	-2.418	0.151	126.975266	37.295322
1685512377577	1685512377565	-16.946	-4.702	0.043	1.610	-0.121	-1.377	-7.080	-1.937	-0.323	126.975266	37.295322
1685512377584	1685512377577	-16.398	-4.743	-0.208	1.459	-0.511	-1.576	-7.987	-1.243	-0.903	126.975266	37.295322
1685512377605	1685512377585	-15.763	-4.784	-0.297	1.245	-0.866	-1.779	-8.033	-0.881	-1.377	126.975266	37.295322
1685512377606	1685512377606	-15.177	-4.611	-0.254	1.040	-1.109	-1.974	-7.558	-0.792	-1.741	126.975266	37.295322
1685512377617	1685512377606	-14.648	-4.413	-0.230	0.842	-1.307	-2.167	-7.001	-0.709	-1.942	126.975266	37.295322
1685512377639	1685512377617	-14.025	-4.262	-0.136	0.651	-1.473	-2.370	-6.515	-0.383	-2.040	126.975266	37.295322
1685512377639	1685512377639	-13.436	-4.073	-0.117	0.487	-1.567	-2.580	-6.103	-0.012	-2.164	126.975266	37.295322
1685512377644	1685512377639	-12.740	-3.843	0.034	0.358	-1.611	-2.793	-5.631	0.342	-2.241	126.975266	37.295322
1685512377655	1685512377644	-12.007	-3.601	0.072	0.271	-1.641	-3.002	-5.181	0.716	-2.358	126.975266	37.295322
1685512377663	1685512377655	-11.360	-3.503	0.127	0.217	-1.647	-3.198	-4.659	1.166	-2.358	126.975266	37.295322
1685512377675	1685512377664	-10.839	-3.373	0.101	0.182	-1.622	-3.379	-4.120	1.640	-2.464	126.975266	37.295322
1685512377683	1685512377675	-10.444	-3.397	0.017	0.154	-1.565	-3.544	-3.689	1.982	-2.550	126.975266	37.295322
1685512377693	1685512377683	-10.281	-3.366	-0.029	0.143	-1.491	-3.707	-3.400	2.361	-2.708	126.975266	37.295322
1685512377704	1685512377693	-10.080	-3.390	-0.084	0.158	-1.401	-3.851	-3.309	2.641	-2.940	126.975266	37.295322
1685512377714	1685512377704	-9.989	-3.417	-0.127	0.195	-1.322	-3.966	-3.366	2.878	-3.077	126.975266	37.295322
1685512377724	1685512377714	-9.934	-3.491	-0.163	0.271	-1.244	-4.049	-3.452	3.110	-3.237	126.975266	37.295322
1685512377735	1685512377725	-9.869	-3.440	-0.249	0.386	-1.168	-4.105	-3.668	3.335	-3.378	126.975266	37.295322
1685512377744	1685512377736	-9.756	-3.309	-0.443	0.531	-1.115	-4.126	-3.931	3.500	-3.510	126.975266	37.295322
1685512377756	1685512377745	-9.730	-3.103	-0.517	0.684	-1.074	-4.112	-4.197	3.778	-3.689	126.975266	37.295322
1685512377767	1685512377756	-9.515	-2.986	-0.565	0.831	-1.047	-4.068	-4.460	4.137	-3.996	126.975266	37.295322
1685512377777	1685512377767	-9.369	-2.835	-0.503	0.962	-1.030	-4.000	-4.748	4.511	-4.166	126.975266	37.295322
1685512377784	1685512377778	-9.184	-2.749	-0.436	1.069	-1.027	-3.905	-4.884	4.793	-4.326	126.975266	37.295322
1685512377795	1685512377788	-9.220	-2.567	-0.378	1.157	-1.021	-3.791	-5.092	5.085	-4.386	126.975266	37.295322
1685512377806	1685512377795	-9.194	-2.452	-0.335	1.224	-0.996	-3.670	-5.296	5.301	-4.460	126.975266	37.295322
1685512377818	1685512377806	-9.304	-2.164	-0.412	1.262	-0.976	-3.538	-5.646	5.569	-4.520	126.975266	37.295322
1685512377838	1685512377818	-9.112	-1.994	-0.515	1.249	-0.982	-3.381	-6.029	5.770	-4.638	126.975266	37.295322
1685512377839	1685512377838	-8.873	-1.903	-0.539	1.183	-1.014	-3.191	-6.393	6.096	-4.817	126.975266	37.295322
1685512377844	1685512377839	-8.612	-1.812	-0.678	1.073	-1.048	-2.988	-6.534	6.304	-5.057	126.975266	37.295322
1685512377856	1685512377845	-8.305	-1.729	-0.773	0.931	-1.070	-2.786	-6.536	6.412	-5.179	126.975266	37.295322
1685512377864	1685512377856	-8.080	-1.635	-0.764	0.772	-1.080	-2.580	-6.524	6.512	-5.418	126.975266	37.295322
1685512377876	1685512377864	-7.927	-1.532	-0.670	0.606	-1.073	-2.368	-6.433	6.601	-5.595	126.975266	37.295322
1685512377884	1685512377876	-7.829	-1.559	-0.527	0.437	-1.053	-2.144	-6.448	6.699	-5.665	126.975266	37.295322
1685512377895	1685512377884	-7.733	-1.683	-0.565	0.285	-1.002	-1.918	-6.428	6.804	-5.610	126.975266	37.295322
1685512377904	1685512377895	-7.724	-1.717	-0.527	0.165	-0.927	-1.691	-6.536	6.785	-5.509	126.975266	37.295322
1685512377915	1685512377904	-7.719	-1.743	-0.570	0.071	-0.864	-1.451	-6.598	6.668	-5.574	126.975266	37.295322
1685512377925	1685512377916	-7.738	-1.640	-0.615	-0.001	-0.798	-1.199	-6.795	6.646	-5.562	126.975266	37.295322
1685512377934	1685512377925	-7.853	-1.587	-0.802	-0.059	-0.709	-0.938	-6.938	6.627	-5.617	126.975266	37.295322
1685512377945	1685512377936	-8.133	-1.563	-1.125	-0.112	-0.619	-0.671	-7.128	6.740	-5.667	126.975266	37.295322
1685512377956	1685512377945	-8.803	-1.630	-1.319	-0.182	-0.534	-0.384	-7.333	6.800	-5.854	126.975266	37.295322
1685512377966	1685512377957	-9.457	-1.798	-1.391	-0.274	-0.390	-0.083	-7.709	6.833	-6.170	126.975266	37.295322
1685512377977	1685512377966	-9.977	-2.126	-1.501	-0.376	-0.217	0.238	-8.435	6.776	-6.352	126.975266	37.295322
1685512377985	1685512377979	-10.197	-2.497	-1.405	-0.484	-0.072	0.602	-9.117	6.622	-6.400	126.975266	37.295322
1685512378003	1685512377985	-10.044	-2.796	-1.116	-0.596	0.024	1.015	-9.627	6.314	-6.479	126.975266	37.295322
1685512378004	1685512378003	-9.440	-3.024	-0.828	-0.698	0.104	1.449	-9.790	5.969	-6.335	126.975266	37.295322
1685512378016	1685512378004	-9.050	-3.187	-0.615	-0.782	0.176	1.864	-9.567	5.689	-6.005	126.975266	37.295322
1685512378059	1685512378016	-8.892	-3.175	-0.220	-0.852	0.277	2.228	-8.837	5.488	-5.657	126.975266	37.295322
1685512378059	1685512378059	-9.402	-3.333	0.050	-0.915	0.443	2.512	-8.279	5.349	-5.377	126.975266	37.295322
1685512378059	1685512378059	-10.163	-3.433	0.294	-0.971	0.662	2.710	-7.918	5.382	-4.906	126.975266	37.295322
1685512378059	1685512378059	-11.207	-3.692	0.491	-0.990	0.896	2.847	-8.191	5.239	-4.551	126.975266	37.295322
1685512378062	1685512378059	-12.151	-4.005	0.711	-0.922	1.136	2.971	-8.581	5.143	-4.185	126.975266	37.295322
1685512378073	1685512378064	-12.883	-4.262	0.745	-0.750	1.359	3.102	-9.304	4.875	-3.881	126.975266	37.295322
1685512378082	1685512378074	-13.446	-4.264	0.757	-0.496	1.530	3.239	-9.905	4.535	-3.548	126.975266	37.295322
1685512378093	1685512378082	-13.788	-4.269	0.637	-0.209	1.652	3.385	-10.317	4.235	-3.417	126.975266	37.295322
1685512378103	1685512378093	-13.855	-4.314	0.472	0.057	1.737	3.556	-10.508	4.156	-3.314	126.975266	37.295322
1685512378113	1685512378103	-13.551	-4.343	0.338	0.258	1.786	3.732	-10.537	4.065	-3.371	126.975266	37.295322
1685512378122	1685512378113	-13.034	-4.365	0.153	0.379	1.795	3.877	-10.204	3.881	-3.474	126.975266	37.295322
1685512378132	1685512378122	-12.246	-4.381	0.084	0.445	1.757	3.971	-9.562	3.716	-3.567	126.975266	37.295322
1685512378142	1685512378132	-11.380	-4.161	0.151	0.476	1.684	4.016	-8.667	3.517	-3.706	126.975266	37.295322
1685512378154	1685512378143	-10.491	-4.013	0.371	0.480	1.589	4.013	-7.503	3.302	-3.730	126.975266	37.295322
1685512378161	1685512378154	-9.665	-3.682	0.646	0.454	1.497	3.968	-6.268	3.306	-3.615	126.975266	37.295322
1685512378173	1685512378162	-9.060	-3.455	0.939	0.409	1.431	3.880	-5.023	3.225	-3.347	126.975266	37.295322
1685512378182	1685512378173	-8.669	-3.270	1.118	0.352	1.409	3.745	-3.826	3.290	-3.014	126.975266	37.295322
1685512378192	1685512378182	-8.526	-3.067	1.384	0.285	1.426	3.564	-2.935	3.294	-2.670	126.975266	37.295322
1685512378202	1685512378192	-8.674	-2.981	1.475	0.197	1.473	3.350	-2.217	3.206	-2.418	126.975266	37.295322
1685512378213	1685512378202	-8.918	-3.041	1.595	0.078	1.527	3.126	-1.822	3.189	-2.085	126.975266	37.295322
1685512378222	1685512378213	-9.266	-3.206	1.585	-0.073	1.553	2.913	-1.717	3.041	-1.906	126.975266	37.295322
1685512378232	1685512378222	-9.318	-3.357	1.477	-0.260	1.525	2.722	-1.724	2.758	-1.681	126.975250	37.295315
1685512378242	1685512378232	-9.316	-3.486	1.499	-0.484	1.423	2.563	-1.834	2.361	-1.561	126.975250	37.295315
1685512378252	1685512378242	-9.244	-3.821	1.245	-0.729	1.282	2.436	-1.709	2.033	-1.554	126.975250	37.295315
1685512378262	1685512378252	-9.287	-3.989	1.113	-0.958	1.140	2.334	-1.530	1.719	-1.396	126.975250	37.295315
1685512378275	1685512378262	-9.287	-4.144	1.087	-1.144	1.020	2.239	-1.288	1.204	-1.504	126.975250	37.295315
1685512378282	1685512378275	-9.462	-4.252	1.123	-1.293	0.916	2.151	-1.176	0.864	-1.484	126.975250	37.295315
1685512378293	1685512378282	-9.579	-4.487	1.199	-1.438	0.810	2.060	-1.032	0.541	-1.360	126.975250	37.295315
1685512378304	1685512378293	-9.807	-4.642	1.360	-1.539	0.724	1.956	-1.051	0.244	-1.147	126.975250	37.295315
1685512378313	1685512378304	-9.890	-4.769	1.484	-1.598	0.670	1.841	-1.073	-0.113	-0.950	126.975250	37.295315
1685512378324	1685512378314	-10.001	-4.896	1.525	-1.627	0.618	1.723	-1.197	-0.407	-0.656	126.975250	37.295315
1685512378335	1685512378324	-10.087	-4.913	1.492	-1.618	0.586	1.607	-1.190	-0.663	-0.402	126.975250	37.295315
1685512378344	1685512378335	-10.065	-4.937	1.472	-1.596	0.553	1.493	-1.219	-0.912	-0.242	126.975250	37.295315
1685512378357	1685512378345	-10.187	-5.128	1.405	-1.585	0.520	1.385	-1.233	-1.041	-0.160	126.975250	37.295315
1685512378366	1685512378357	-10.455	-5.363	1.396	-1.570	0.506	1.278	-1.137	-1.183	-0.060	126.975250	37.295315
1685512378376	1685512378366	-10.791	-5.571	1.547	-1.537	0.517	1.162	-1.207	-1.465	-0.031	126.975250	37.295315
1685512378385	1685512378378	-11.135	-5.847	1.774	-1.464	0.549	1.041	-1.422	-1.793	0.060	126.975250	37.295315
1685512378398	1685512378387	-11.145	-5.962	2.004	-1.337	0.578	0.932	-1.709	-2.088	0.311	126.975250	37.295315
1685512378409	1685512378408	-10.843	-5.942	2.093	-1.146	0.577	0.848	-2.009	-2.449	0.649	126.975250	37.295315
1685512378417	1685512378409	-10.499	-5.875	2.095	-0.926	0.529	0.786	-1.985	-2.626	0.967	126.975250	37.295315
1685512378437	1685512378417	-10.324	-5.854	1.865	-0.715	0.458	0.723	-1.645	-2.682	1.156	126.975250	37.295315
1685512378437	1685512378437	-10.901	-6.005	1.851	-0.528	0.428	0.635	-1.274	-2.672	1.228	126.975250	37.295315
1685512378444	1685512378438	-11.988	-6.141	1.935	-0.369	0.473	0.511	-1.073	-2.710	1.063	126.975250	37.295315
1685512378456	1685512378444	-13.295	-6.278	2.078	-0.224	0.571	0.357	-1.626	-2.916	1.106	126.975250	37.295315
1685512378465	1685512378456	-13.965	-6.258	2.172	-0.064	0.652	0.197	-2.693	-3.098	1.245	126.975250	37.295315
1685512378476	1685512378466	-13.815	-6.098	2.327	0.103	0.622	0.064	-3.986	-3.266	1.448	126.975250	37.295315
1685512378484	1685512378476	-12.744	-5.854	2.430	0.253	0.451	-0.020	-4.647	-3.268	1.611	126.975250	37.295315
1685512378496	1685512378485	-11.248	-5.669	2.176	0.381	0.182	-0.066	-4.492	-3.112	1.815	126.975250	37.295315
1685512378505	1685512378496	-10.171	-5.346	1.875	0.475	-0.108	-0.140	-3.419	-2.868	1.956	126.975250	37.295315
1685512378517	1685512378505	-9.778	-5.052	1.659	0.505	-0.319	-0.286	-1.923	-2.679	1.707	126.975250	37.295315
1685512378527	1685512378517	-10.106	-4.987	1.489	0.468	-0.414	-0.502	-0.850	-2.344	1.379	126.975250	37.295315
1685512378537	1685512378527	-11.214	-5.033	1.489	0.409	-0.421	-0.779	-0.467	-2.028	1.123	126.975250	37.295315
1685512378546	1685512378537	-12.555	-5.057	1.444	0.393	-0.352	-1.089	-0.816	-1.911	0.891	126.975250	37.295315
1685512378556	1685512378547	-13.611	-5.174	1.156	0.424	-0.304	-1.379	-1.946	-1.899	0.848	126.975250	37.295315
1685512378567	1685512378557	-14.370	-5.227	0.826	0.479	-0.369	-1.614	-3.328	-1.815	0.754	126.975250	37.295315
1685512378579	1685512378567	-14.710	-5.176	0.524	0.561	-0.500	-1.784	-4.427	-1.822	0.429	126.975250	37.295315
1685512378585	1685512378582	-14.856	-5.234	0.220	0.632	-0.676	-1.890	-5.250	-1.717	0.043	126.975250	37.295315
1685512378596	1685512378587	-14.923	-5.145	0.072	0.683	-0.858	-1.952	-5.660	-1.508	-0.323	126.975250	37.295315
1685512378609	1685512378596	-14.650	-4.982	0.105	0.748	-0.991	-1.998	-5.897	-1.367	-0.728	126.975250	37.295315
1685512378618	1685512378610	-14.052	-4.707	0.041	0.812	-1.115	-2.040	-6.033	-1.144	-0.960	126.975250	37.295315
1685512378637	1685512378618	-13.340	-4.379	0.060	0.863	-1.249	-2.087	-5.854	-0.814	-1.044	126.975250	37.295315
1685512378638	1685512378638	-12.783	-3.962	0.103	0.874	-1.363	-2.160	-5.353	-0.369	-1.240	126.975250	37.295315
1685512378647	1685512378638	-12.258	-3.716	0.105	0.831	-1.440	-2.281	-4.752	0.124	-1.367	126.975250	37.295315
1685512378656	1685512378647	-11.856	-3.443	0.175	0.740	-1.469	-2.442	-4.314	0.713	-1.482	126.975250	37.295315
1685512378664	1685512378657	-11.451	-3.436	0.091	0.624	-1.461	-2.623	-3.936	1.154	-1.657	126.975250	37.295315
1685512378676	1685512378667	-11.049	-3.275	0.031	0.508	-1.442	-2.803	-3.666	1.597	-1.729	126.975250	37.295315
1685512378684	1685512378676	-10.554	-3.299	-0.031	0.407	-1.420	-2.969	-3.426	1.805	-1.963	126.975250	37.295315
1685512378696	1685512378684	-10.099	-3.256	-0.038	0.330	-1.395	-3.118	-3.203	2.176	-2.164	126.975250	37.295315
1685512378706	1685512378696	-9.752	-3.270	-0.081	0.282	-1.370	-3.252	-2.926	2.397	-2.373	126.975250	37.295315
1685512378716	1685512378706	-9.550	-3.280	-0.110	0.269	-1.328	-3.370	-2.662	2.643	-2.492	126.975250	37.295315
1685512378726	1685512378716	-9.388	-3.306	-0.079	0.293	-1.279	-3.465	-2.569	2.883	-2.662	126.975250	37.295315
1685512378737	1685512378726	-9.203	-3.208	-0.168	0.353	-1.230	-3.533	-2.591	3.081	-2.792	126.975250	37.295315
1685512378747	1685512378737	-9.048	-3.211	-0.271	0.440	-1.186	-3.578	-2.686	3.282	-2.868	126.975250	37.295315
1685512378759	1685512378748	-8.849	-3.050	-0.263	0.544	-1.155	-3.598	-2.775	3.603	-3.060	126.975250	37.295315
1685512378768	1685512378760	-8.780	-2.952	-0.407	0.649	-1.133	-3.592	-2.902	3.814	-3.268	126.975250	37.295315
1685512378779	1685512378768	-8.487	-2.772	-0.464	0.740	-1.122	-3.561	-2.993	4.173	-3.369	126.975250	37.295315
1685512378788	1685512378779	-8.327	-2.607	-0.496	0.814	-1.120	-3.511	-3.254	4.472	-3.637	126.975250	37.295315
1685512378798	1685512378789	-8.073	-2.452	-0.472	0.858	-1.112	-3.447	-3.235	4.805	-3.797	126.975250	37.295315
1685512378811	1685512378798	-7.999	-2.387	-0.460	0.875	-1.092	-3.372	-3.393	5.126	-3.950	126.975250	37.295315
1685512378817	1685512378812	-7.889	-2.277	-0.575	0.875	-1.057	-3.289	-3.378	5.389	-4.017	126.975250	37.295315
1685512378841	1685512378817	-7.824	-2.078	-0.646	0.861	-1.015	-3.196	-3.551	5.555	-4.101	126.975250	37.295315
1685512378842	1685512378841	-7.721	-1.982	-0.632	0.836	-0.981	-3.079	-3.668	5.748	-4.300	126.975250	37.295315
1685512378846	1685512378842	-7.587	-1.985	-0.572	0.784	-0.951	-2.932	-3.871	6.038	-4.470	126.975250	37.295315
1685512378855	1685512378846	-7.367	-1.978	-0.520	0.716	-0.921	-2.759	-3.984	6.199	-4.535	126.975250	37.295315
1685512378866	1685512378855	-7.257	-1.930	-0.395	0.641	-0.882	-2.568	-4.099	6.263	-4.563	126.975250	37.295315
1685512378879	1685512378866	-7.116	-1.954	-0.455	0.572	-0.831	-2.369	-4.144	6.335	-4.599	126.975250	37.295315
1685512378885	1685512378879	-7.111	-1.932	-0.476	0.511	-0.768	-2.162	-4.283	6.436	-4.556	126.975250	37.295315
1685512378896	1685512378887	-7.254	-1.911	-0.488	0.451	-0.700	-1.945	-4.377	6.455	-4.688	126.975250	37.295315
1685512378906	1685512378896	-7.278	-2.025	-0.362	0.393	-0.624	-1.710	-4.630	6.517	-4.786	126.975250	37.295315
1685512378916	1685512378906	-7.412	-2.145	-0.395	0.341	-0.546	-1.461	-4.930	6.563	-4.841	126.975250	37.295315
1685512378926	1685512378917	-7.501	-2.143	-0.476	0.293	-0.474	-1.199	-5.126	6.467	-4.762	126.975250	37.295315
1685512378939	1685512378926	-7.683	-2.119	-0.539	0.249	-0.401	-0.935	-5.409	6.364	-4.836	126.975250	37.295315
1685512378946	1685512378940	-8.049	-1.961	-0.740	0.204	-0.313	-0.673	-5.619	6.376	-4.951	126.975250	37.295315
1685512378955	1685512378946	-8.669	-1.889	-0.994	0.149	-0.210	-0.409	-5.899	6.404	-5.042	126.975250	37.295315
1685512378964	1685512378956	-9.524	-1.923	-1.109	0.078	-0.097	-0.136	-6.345	6.567	-5.267	126.975250	37.295315
1685512378976	1685512378965	-10.503	-2.093	-1.245	-0.021	0.044	0.156	-7.005	6.639	-5.535	126.975250	37.295315
1685512378985	1685512378976	-11.320	-2.444	-1.475	-0.142	0.214	0.472	-7.877	6.603	-5.660	126.975250	37.295315
1685512378996	1685512378985	-11.878	-2.768	-1.422	-0.270	0.374	0.825	-8.839	6.431	-5.794	126.975250	37.295315
1685512379006	1685512378996	-11.507	-3.072	-1.250	-0.397	0.470	1.225	-9.603	6.079	-6.007	126.975250	37.295315
1685512379014	1685512379006	-10.728	-3.412	-0.915	-0.520	0.502	1.668	-10.082	5.753	-5.928	126.975250	37.295315
