1685512318951	1685512318951	-9.392	-4.063	0.982	-0.271	0.409	1.706	-0.891	0.299	-0.189	126.975388	37.295860
1685512318957	1685512318951	-9.649	-4.173	1.228	-0.138	0.639	1.814	-0.508	0.110	0.306	126.975388	37.295860
1685512318960	1685512318957	-10.180	-4.247	1.365	0.034	0.866	1.859	-0.362	-0.251	0.776	126.975388	37.295860
1685512318972	1685512318960	-10.874	-4.204	1.381	0.265	1.112	1.868	-0.555	-0.510	1.080	126.975388	37.295860
1685512318980	1685512318972	-11.435	-3.929	1.298	0.540	1.355	1.857	-1.013	-0.771	1.302	126.975388	37.295860
1685512318992	1685512318981	-11.770	-3.642	1.068	0.810	1.519	1.841	-1.650	-0.883	1.403	126.975388	37.295860
1685512319000	1685512318992	-11.540	-3.409	0.721	1.158	1.558	1.895	-2.140	-0.814	1.448	126.975388	37.295860
1685512319011	1685512319001	-10.855	-3.203	0.405	1.158	1.558	1.895	-2.433	-0.663	1.312	126.975388	37.295860
1685512319021	1685512319011	-9.960	-2.966	0.108	1.188	1.454	1.950	-2.143	-0.639	1.101	126.975388	37.295860
1685512319032	1685512319021	-9.160	-2.856	-0.007	1.114	1.299	1.980	-1.422	-0.572	0.876	126.975388	37.295860
1685512319040	1685512319032	-8.598	-2.708	0.072	0.965	1.161	1.980	-0.481	-0.529	0.697	126.975388	37.295860
1685512319051	1685512319041	-8.049	-2.677	0.340	0.775	1.059	1.954	0.350	-0.582	0.670	126.975388	37.295860
1685512319062	1685512319051	-7.676	-2.552	0.690	0.563	0.988	1.902	0.955	-0.654	0.857	126.975388	37.295860
1685512319071	1685512319063	-7.288	-2.559	1.032	0.345	0.931	1.835	1.528	-0.766	1.195	126.975388	37.295860
1685512319081	1685512319071	-6.912	-2.622	1.360	0.128	0.880	1.762	1.930	-0.836	1.638	126.975388	37.295860
1685512319093	1685512319081	-6.685	-2.789	1.568	-0.079	0.843	1.680	2.337	-0.998	2.054	126.975388	37.295860
1685512319100	1685512319093	-6.483	-3.057	1.726	-0.425	0.842	1.513	2.729	-1.247	2.473	126.975388	37.295860
1685512319111	1685512319101	-6.457	-3.096	1.769	-0.425	0.842	1.513	2.969	-1.561	2.756	126.975388	37.295860
1685512319122	1685512319111	-6.548	-3.201	1.776	-0.519	0.876	1.461	3.177	-2.025	3.026	126.975388	37.295860
1685512319131	1685512319123	-6.625	-3.290	1.707	-0.575	0.900	1.447	3.208	-2.172	3.129	126.975388	37.295860
1685512319140	1685512319131	-6.797	-3.373	1.741	-0.612	0.908	1.455	3.115	-2.440	3.235	126.975388	37.295860
1685512319152	1685512319141	-6.986	-3.464	1.607	-0.634	0.898	1.473	3.036	-2.677	3.256	126.975388	37.295860
1685512319161	1685512319152	-7.192	-3.472	1.585	-0.638	0.878	1.491	2.856	-2.911	3.381	126.975388	37.295860
1685512319171	1685512319162	-7.326	-3.539	1.630	-0.634	0.863	1.504	2.658	-3.156	3.335	126.975388	37.295860
1685512319180	1685512319171	-7.439	-3.654	1.678	-0.627	0.830	1.523	2.440	-3.333	3.409	126.975388	37.295860
1685512319192	1685512319181	-7.628	-3.728	1.765	-0.621	0.794	1.544	2.291	-3.541	3.529	126.975388	37.295860
1685512319201	1685512319192	-8.001	-3.828	1.800	-0.591	0.786	1.560	2.162	-3.814	3.656	126.975388	37.295860
1685512319212	1685512319201	-8.317	-3.917	1.963	-0.591	0.786	1.560	1.951	-4.049	3.816	126.975388	37.295860
1685512319221	1685512319212	-8.842	-4.104	1.918	-0.569	0.793	1.561	1.554	-4.329	3.934	126.975388	37.295860
1685512319231	1685512319221	-9.337	-4.070	2.025	-0.540	0.811	1.555	1.214	-4.561	4.161	126.975388	37.295860
1685512319241	1685512319231	-9.560	-4.065	1.879	-0.511	0.825	1.538	0.656	-4.927	4.195	126.975388	37.295860
1685512319261	1685512319241	-9.680	-4.061	1.810	-0.506	0.794	1.525	0.132	-5.037	4.367	126.975403	37.295849
1685512319261	1685512319261	-9.632	-4.152	1.796	-0.529	0.720	1.514	-0.124	-5.191	4.293	126.975403	37.295849
1685512319272	1685512319261	-9.538	-4.128	1.755	-0.574	0.637	1.495	-0.283	-5.341	4.293	126.975403	37.295849
1685512319282	1685512319272	-9.716	-4.231	1.714	-0.621	0.573	1.454	-0.273	-5.588	4.338	126.975403	37.295849
1685512319292	1685512319282	-10.017	-4.310	1.695	-0.668	0.549	1.385	-0.218	-5.717	4.348	126.975403	37.295849
1685512319301	1685512319292	-10.439	-4.317	1.705	-0.754	0.544	1.197	-0.438	-5.988	4.355	126.975403	37.295849
1685512319311	1685512319301	-10.841	-4.489	1.748	-0.754	0.544	1.197	-0.776	-6.199	4.369	126.975403	37.295849
1685512319321	1685512319311	-11.111	-4.626	1.729	-0.789	0.534	1.098	-1.228	-6.323	4.401	126.975403	37.295849
1685512319332	1685512319321	-11.334	-4.688	1.753	-0.808	0.506	1.003	-1.662	-6.601	4.468	126.975403	37.295849
1685512319341	1685512319332	-11.308	-4.769	1.640	-0.817	0.450	0.918	-1.970	-6.859	4.480	126.975403	37.295849
1685512319351	1685512319341	-11.085	-4.829	1.571	-0.814	0.389	0.847	-2.229	-7.037	4.532	126.975403	37.295849
1685512319361	1685512319352	-10.831	-4.822	1.496	-0.800	0.318	0.786	-2.241	-7.235	4.441	126.975403	37.295849
1685512319371	1685512319361	-10.633	-4.829	1.240	-0.786	0.247	0.724	-2.047	-7.384	4.386	126.975403	37.295849
1685512319381	1685512319371	-10.963	-4.791	1.135	-0.779	0.195	0.648	-1.824	-7.470	4.319	126.975403	37.295849
1685512319395	1685512319381	-11.583	-5.100	1.159	-0.799	0.169	0.553	-1.652	-7.563	4.065	126.975403	37.295849
1685512319402	1685512319395	-12.277	-5.442	1.393	-0.822	0.259	0.327	-2.006	-7.606	3.955	126.975403	37.295849
1685512319411	1685512319402	-12.723	-5.555	1.671	-0.822	0.259	0.327	-2.646	-7.987	3.972	126.975403	37.295849
1685512319421	1685512319412	-12.589	-5.748	1.942	-0.749	0.269	0.237	-3.361	-8.392	4.204	126.975403	37.295849
1685512319433	1685512319421	-12.019	-5.737	2.128	-0.630	0.188	0.203	-3.821	-8.547	4.482	126.975403	37.295849
1685512319442	1685512319433	-11.126	-5.521	2.033	-0.451	0.095	0.210	-3.701	-8.782	4.752	126.975403	37.295849
1685512319454	1685512319442	-10.159	-5.492	1.753	-0.250	-0.021	0.195	-3.141	-8.806	4.937	126.975403	37.295849
1685512319463	1685512319455	-9.582	-5.571	1.549	-0.093	-0.164	0.131	-2.258	-8.622	4.836	126.975403	37.295849
1685512319471	1685512319463	-9.694	-5.509	1.489	0.022	-0.254	0.018	-1.295	-8.619	4.547	126.975403	37.295849
1685512319483	1685512319471	-10.594	-5.313	1.456	0.117	-0.254	-0.160	-0.718	-8.712	4.324	126.975403	37.295849
1685512319492	1685512319483	-11.849	-5.267	1.317	0.221	-0.188	-0.398	-0.824	-8.653	4.245	126.975403	37.295849
1685512319501	1685512319493	-12.871	-5.380	1.132	0.367	-0.149	-0.865	-1.714	-8.437	4.192	126.975403	37.295849
1685512319513	1685512319502	-13.427	-5.397	0.850	0.367	-0.149	-0.865	-2.952	-8.351	4.044	126.975403	37.295849
1685512319521	1685512319513	-13.657	-5.464	0.474	0.417	-0.263	-1.041	-3.941	-8.368	3.857	126.975403	37.295849
1685512319532	1685512319522	-13.594	-5.227	0.330	0.475	-0.424	-1.174	-4.470	-8.305	3.572	126.975403	37.295849
1685512319541	1685512319532	-13.161	-5.274	0.158	0.520	-0.612	-1.260	-4.659	-8.258	3.182	126.975403	37.295849
1685512319551	1685512319542	-12.668	-5.294	0.012	0.533	-0.799	-1.332	-4.556	-7.913	3.017	126.975403	37.295849
1685512319563	1685512319552	-12.119	-5.016	0.055	0.574	-0.921	-1.401	-4.075	-7.834	2.801	126.975403	37.295849
1685512319572	1685512319564	-11.605	-4.803	0.144	0.617	-1.005	-1.476	-3.527	-7.717	2.595	126.975403	37.295849
1685512319581	1685512319573	-11.064	-4.439	0.213	0.646	-1.052	-1.582	-2.921	-7.295	2.569	126.975403	37.295849
1685512319592	1685512319582	-10.489	-4.197	0.239	0.651	-1.059	-1.725	-2.349	-6.931	2.579	126.975403	37.295849
1685512319601	1685512319593	-9.965	-3.809	0.311	0.578	-1.045	-2.055	-1.745	-6.388	2.555	126.975403	37.295849
1685512319612	1685512319601	-9.354	-3.598	0.294	0.578	-1.045	-2.055	-1.120	-5.988	2.502	126.975403	37.295849
1685512319623	1685512319613	-8.904	-3.493	0.247	0.501	-1.021	-2.226	-0.532	-5.373	2.478	126.975403	37.295849
1685512319632	1685512319623	-8.595	-3.438	0.247	0.398	-0.991	-2.393	0.124	-4.978	2.380	126.975403	37.295849
1685512319641	1685512319633	-8.363	-3.488	0.247	0.288	-0.944	-2.560	0.622	-4.650	2.241	126.975403	37.295849
1685512319652	1685512319642	-8.143	-3.536	0.244	0.197	-0.888	-2.727	0.977	-4.357	2.150	126.975403	37.295849
1685512319663	1685512319652	-8.047	-3.591	0.184	0.145	-0.839	-2.883	1.250	-4.132	2.052	126.975403	37.295849
1685512319671	1685512319663	-8.100	-3.591	0.158	0.144	-0.786	-3.019	1.496	-3.941	1.975	126.975403	37.295849
1685512319681	1685512319672	-8.217	-3.450	0.129	0.192	-0.722	-3.124	1.616	-3.716	1.834	126.975403	37.295849
1685512319695	1685512319682	-8.368	-3.390	0.069	0.280	-0.665	-3.203	1.575	-3.421	1.731	126.975403	37.295849
1685512319702	1685512319695	-8.598	-3.223	-0.048	0.524	-0.582	-3.282	1.458	-2.974	1.633	126.975403	37.295849
1685512319712	1685512319702	-8.815	-3.074	-0.115	0.524	-0.582	-3.282	1.298	-2.600	1.506	126.975403	37.295849
1685512319723	1685512319712	-8.851	-2.978	-0.177	0.637	-0.563	-3.272	1.034	-1.987	1.283	126.975403	37.295849
1685512319732	1685512319724	-8.827	-2.828	-0.309	0.729	-0.572	-3.222	0.783	-1.518	1.125	126.975403	37.295849
1685512319743	1685512319732	-8.660	-2.667	-0.388	0.790	-0.602	-3.133	0.690	-1.037	0.953	126.975403	37.295849
1685512319753	1685512319743	-8.464	-2.674	-0.453	0.811	-0.644	-3.009	0.644	-0.508	0.699	126.975403	37.295849
1685512319763	1685512319753	-8.495	-2.569	-0.405	0.794	-0.676	-2.867	0.733	-0.002	0.498	126.975403	37.295849
1685512319772	1685512319764	-8.535	-2.588	-0.402	0.753	-0.676	-2.715	0.845	0.297	0.316	126.975403	37.295849
1685512319782	1685512319773	-8.547	-2.598	-0.294	0.690	-0.650	-2.555	0.713	0.730	0.235	126.975403	37.295849
1685512319794	1685512319782	-8.612	-2.648	-0.151	0.624	-0.624	-2.384	0.606	0.905	0.153	126.975403	37.295849
1685512319802	1685512319794	-8.691	-2.708	-0.081	0.561	-0.608	-2.187	0.512	1.113	0.168	126.975403	37.295849
1685512319814	1685512319802	-8.823	-2.634	-0.038	0.511	-0.585	-1.977	0.371	1.257	0.227	126.975403	37.295849
1685512319826	1685512319815	-8.868	-2.564	-0.060	0.463	-0.535	-1.773	0.211	1.386	0.208	126.975403	37.295849
1685512319835	1685512319826	-8.983	-2.591	-0.053	0.409	-0.496	-1.571	0.022	1.585	0.184	126.975403	37.295849
1685512319845	1685512319836	-9.031	-2.595	-0.074	0.348	-0.465	-1.367	-0.091	1.803	0.084	126.975403	37.295849
1685512319856	1685512319846	-9.220	-2.500	-0.211	0.293	-0.404	-1.164	-0.239	1.844	0.043	126.975403	37.295849
1685512319866	1685512319856	-9.426	-2.528	-0.287	0.246	-0.335	-0.972	-0.330	1.923	-0.034	126.975403	37.295849
1685512319877	1685512319868	-9.582	-2.614	-0.309	0.197	-0.270	-0.784	-0.546	2.069	-0.215	126.975403	37.295849
1685512319887	1685512319878	-9.572	-2.591	-0.311	0.155	-0.214	-0.584	-0.769	2.071	-0.326	126.975403	37.295849
1685512319898	1685512319887	-9.766	-2.595	-0.326	0.114	-0.165	-0.374	-0.924	1.985	-0.369	126.975403	37.295849
1685512319906	1685512319898	-10.183	-2.598	-0.385	0.073	-0.101	-0.169	-0.910	2.002	-0.393	126.975403	37.295849
1685512319919	1685512319906	-10.752	-2.734	-0.505	0.031	-0.012	0.027	-1.082	1.954	-0.412	126.975403	37.295849
1685512319925	1685512319919	-11.619	-2.804	-0.517	-0.018	0.106	0.226	-1.470	1.899	-0.472	126.975403	37.295849
1685512319950	1685512319925	-12.404	-2.988	-0.591	-0.075	0.225	0.437	-2.009	1.700	-0.582	126.975403	37.295849
1685512319950	1685512319950	-12.917	-3.184	-0.524	-0.130	0.348	0.671	-2.847	1.571	-0.577	126.975403	37.295849
1685512319955	1685512319950	-12.967	-3.388	-0.421	-0.173	0.440	0.948	-3.615	1.350	-0.630	126.975403	37.295849
1685512319965	1685512319955	-12.371	-3.543	-0.170	-0.206	0.484	1.273	-4.092	1.085	-0.520	126.975403	37.295849
1685512319977	1685512319965	-11.274	-3.548	0.089	-0.215	0.485	1.599	-4.106	0.804	-0.373	126.975403	37.295849
1685512319983	1685512319978	-10.166	-3.661	0.352	-0.193	0.473	1.888	-3.457	0.536	-0.072	126.975403	37.295849
1685512319995	1685512319983	-9.467	-3.886	0.821	-0.138	0.498	2.109	-2.296	0.388	0.237	126.975403	37.295849
1685512320002	1685512319995	-9.266	-3.869	1.238	-0.040	0.595	2.235	-1.116	0.105	0.551	126.975403	37.295849
1685512320012	1685512320002	-9.292	-3.795	1.460	0.083	0.726	2.247	-0.340	-0.311	1.070	126.975403	37.295849
1685512320023	1685512320012	-9.936	-3.670	1.393	0.242	0.874	2.176	-0.048	-0.539	1.554	126.975403	37.295849
1685512320033	1685512320023	-10.918	-3.321	1.147	0.453	1.074	2.074	-0.019	-0.632	1.829	126.975403	37.295849
1685512320044	1685512320033	-11.722	-3.055	0.927	0.670	1.258	1.985	-0.601	-0.709	1.836	126.975403	37.295849
1685512320054	1685512320044	-12.227	-2.832	0.560	0.817	1.337	1.922	-1.528	-0.551	1.676	126.975403	37.295849
1685512320063	1685512320055	-12.251	-2.679	0.175	0.856	1.272	1.896	-2.286	-0.469	1.556	126.975403	37.295849
1685512320072	1685512320063	-11.787	-2.784	-0.096	0.770	1.095	1.913	-2.753	-0.421	1.295	126.975403	37.295849
1685512320082	1685512320073	-11.049	-2.720	-0.251	0.579	0.845	1.962	-2.739	-0.460	1.022	126.975403	37.295849
1685512320095	1685512320083	-10.436	-2.662	-0.172	0.304	0.589	2.021	-2.248	-0.723	0.831	126.975403	37.295849
1685512320102	1685512320095	-9.845	-2.643	0.089	-0.045	0.392	2.070	-1.480	-0.840	0.745	126.975403	37.295849
1685512320113	1685512320102	-9.371	-2.854	0.448	-0.448	0.268	2.104	-0.836	-0.972	0.874	126.975403	37.295849
1685512320122	1685512320113	-8.906	-2.962	0.752	-0.855	0.202	2.125	-0.213	-1.173	1.178	126.975403	37.295849
1685512320132	1685512320122	-8.310	-3.089	0.860	-1.236	0.156	2.123	0.283	-1.571	1.566	126.975403	37.295849
1685512320142	1685512320132	-7.669	-3.215	1.077	-1.565	0.103	2.090	0.771	-1.915	1.901	126.975403	37.295849
1685512320152	1685512320142	-7.192	-3.402	1.030	-1.819	0.059	2.048	1.384	-2.241	2.033	126.975403	37.295849
1685512320162	1685512320152	-7.005	-3.493	0.950	-1.988	0.060	2.011	2.040	-2.588	2.272	126.975403	37.295849
1685512320173	1685512320162	-6.955	-3.642	0.776	-2.072	0.100	1.965	2.528	-2.998	2.241	126.975403	37.295849
1685512320182	1685512320173	-7.032	-3.721	0.563	-2.098	0.148	1.906	2.720	-3.306	2.174	126.975403	37.295849
1685512320193	1685512320182	-6.998	-3.843	0.429	-2.090	0.171	1.848	2.770	-3.673	2.009	126.975403	37.295849
1685512320202	1685512320193	-6.871	-4.034	0.407	-2.065	0.161	1.806	2.689	-3.984	1.808	126.975403	37.295849
1685512320216	1685512320202	-6.891	-4.101	0.359	-2.010	0.132	1.779	2.713	-4.290	1.683	126.975410	37.295841
1685512320222	1685512320216	-7.061	-4.202	0.577	-1.923	0.115	1.753	2.828	-4.705	1.666	126.975410	37.295841
1685512320234	1685512320222	-7.326	-4.254	0.618	-1.815	0.115	1.724	2.794	-4.949	1.616	126.975410	37.295841
1685512320242	1685512320234	-7.697	-4.310	0.639	-1.697	0.132	1.687	2.607	-5.243	1.827	126.975410	37.295841
1685512320252	1685512320242	-7.944	-4.262	0.591	-1.567	0.177	1.646	2.320	-5.485	1.858	126.975410	37.295841
1685512320263	1685512320252	-8.255	-4.362	0.515	-1.442	0.199	1.619	1.923	-5.744	1.867	126.975410	37.295841
1685512320273	1685512320263	-8.497	-4.305	0.400	-1.340	0.180	1.621	1.650	-5.854	1.815	126.975410	37.295841
1685512320283	1685512320274	-8.686	-4.281	0.364	-1.271	0.161	1.632	1.310	-6.127	1.733	126.975410	37.295841
1685512320296	1685512320283	-8.839	-4.307	0.383	-1.221	0.164	1.629	1.037	-6.242	1.609	126.975410	37.295841
1685512320304	1685512320296	-8.957	-4.439	0.472	-1.199	0.153	1.616	0.819	-6.364	1.559	126.975410	37.295841
1685512320316	1685512320304	-9.194	-4.556	0.532	-1.212	0.147	1.604	0.637	-6.524	1.559	126.975410	37.295841
1685512320324	1685512320316	-9.385	-4.599	0.582	-1.238	0.166	1.575	0.472	-6.857	1.630	126.975410	37.295841
1685512320334	1685512320324	-9.543	-4.750	0.572	-1.247	0.205	1.528	0.201	-7.106	1.678	126.975410	37.295841
1685512320344	1685512320335	-9.737	-4.870	0.455	-1.253	0.230	1.484	-0.010	-7.240	1.695	126.975410	37.295841
1685512320356	1685512320344	-10.010	-4.927	0.603	-1.266	0.249	1.438	-0.187	-7.472	1.657	126.975410	37.295841
1685512320364	1685512320356	-10.238	-5.030	0.766	-1.267	0.275	1.381	-0.405	-7.683	1.513	126.975410	37.295841
1685512320374	1685512320364	-10.491	-5.337	0.840	-1.247	0.308	1.313	-0.706	-7.841	1.640	126.975410	37.295841
1685512320384	1685512320375	-10.676	-5.437	1.116	-1.207	0.342	1.241	-0.972	-8.071	1.784	126.975410	37.295841
1685512320396	1685512320385	-10.755	-5.681	1.259	-1.135	0.368	1.179	-1.262	-8.485	1.846	126.975410	37.295841
1685512320405	1685512320397	-10.597	-5.753	1.341	-1.026	0.365	1.134	-1.489	-8.712	2.114	126.975410	37.295841
1685512320416	1685512320405	-10.372	-5.768	1.329	-0.885	0.359	1.092	-1.611	-9.076	2.253	126.975410	37.295841
1685512320424	1685512320416	-10.216	-5.681	1.235	-0.731	0.346	1.040	-1.499	-9.273	2.332	126.975410	37.295841
1685512320437	1685512320425	-10.424	-5.612	1.051	-0.605	0.340	0.963	-1.312	-9.385	2.322	126.975410	37.295841
1685512320446	1685512320437	-11.133	-5.787	1.061	-0.522	0.358	0.852	-1.202	-9.409	2.234	126.975410	37.295841
1685512320457	1685512320446	-12.254	-6.196	1.245	-0.478	0.411	0.706	-1.446	-9.424	2.054	126.975410	37.295841
1685512320466	1685512320458	-13.166	-6.440	1.441	-0.443	0.507	0.536	-2.193	-9.680	2.076	126.975410	37.295841
1685512320478	1685512320466	-13.611	-6.749	1.918	-0.380	0.588	0.367	-3.345	-10.156	2.279	126.975410	37.295841
1685512320486	1685512320479	-13.209	-6.761	2.320	-0.268	0.568	0.253	-4.283	-10.453	2.502	126.975410	37.295841
1685512320499	1685512320486	-11.906	-6.718	2.394	-0.082	0.467	0.220	-4.750	-10.800	3.017	126.975410	37.295841
1685512320505	1685512320500	-10.364	-6.292	2.112	0.172	0.319	0.226	-4.367	-10.839	3.462	126.975410	37.295841
1685512320524	1685512320505	-9.273	-5.981	1.839	0.402	0.101	0.184	-3.077	-10.815	3.570	126.975410	37.295841
1685512320524	1685512320524	-9.124	-5.906	1.693	0.517	-0.079	0.039	-1.549	-10.408	3.328	126.975410	37.295841
1685512320554	1685512320525	-9.790	-5.856	1.628	0.556	-0.116	-0.224	-0.464	-10.106	3.077	126.975410	37.295841
1685512320554	1685512320554	-11.102	-5.811	1.683	0.585	-0.033	-0.589	-0.316	-10.029	2.945	126.975410	37.295841
1685512320555	1685512320554	-12.474	-5.758	1.618	0.621	0.073	-0.986	-0.972	-9.953	2.892	126.975410	37.295841
1685512320566	1685512320555	-13.264	-5.576	1.334	0.655	0.099	-1.326	-2.258	-9.843	2.971	126.975410	37.295841
1685512320576	1685512320566	-13.465	-5.466	0.879	0.665	-0.006	-1.577	-3.596	-9.704	2.935	126.975410	37.295841
1685512320588	1685512320576	-13.369	-5.375	0.668	0.641	-0.213	-1.742	-4.336	-9.395	2.684	126.975410	37.295841
1685512320599	1685512320588	-13.206	-5.327	0.500	0.618	-0.406	-1.839	-4.477	-9.134	2.253	126.975410	37.295841
1685512320605	1685512320599	-13.168	-5.224	0.450	0.589	-0.557	-1.924	-4.317	-8.878	2.045	126.975410	37.295841
1685512320615	1685512320605	-12.838	-5.152	0.431	0.558	-0.650	-2.042	-4.085	-8.653	1.863	126.975410	37.295841
1685512320625	1685512320616	-12.364	-4.956	0.421	0.556	-0.691	-2.153	-3.965	-8.329	1.774	126.975410	37.295841
1685512320635	1685512320625	-11.760	-4.762	0.414	0.580	-0.717	-2.235	-3.577	-8.100	1.719	126.975410	37.295841
1685512320645	1685512320636	-11.030	-4.496	0.347	0.622	-0.734	-2.316	-3.033	-7.697	1.662	126.975410	37.295841
1685512320656	1685512320645	-10.396	-4.175	0.436	0.667	-0.744	-2.429	-2.363	-7.286	1.602	126.975410	37.295841
1685512320665	1685512320657	-9.936	-4.075	0.364	0.699	-0.735	-2.561	-1.568	-6.795	1.482	126.975410	37.295841
1685512320677	1685512320665	-9.639	-3.936	0.297	0.713	-0.702	-2.696	-0.871	-6.237	1.513	126.975410	37.295841
1685512320686	1685512320677	-9.404	-3.785	0.247	0.709	-0.667	-2.841	-0.342	-5.832	1.374	126.975410	37.295841
1685512320697	1685512320687	-9.234	-3.773	0.352	0.699	-0.630	-2.983	-0.005	-5.480	1.262	126.975410	37.295841
1685512320707	1685512320697	-9.251	-3.742	0.283	0.709	-0.601	-3.113	0.278	-5.021	1.152	126.975410	37.295841
1685512320720	1685512320707	-9.079	-3.718	0.283	0.738	-0.575	-3.220	0.481	-4.743	1.209	126.975410	37.295841
1685512320725	1685512320721	-9.009	-3.630	0.153	0.787	-0.564	-3.312	0.500	-4.341	1.075	126.975410	37.295841
1685512320749	1685512320726	-9.081	-3.589	0.074	0.859	-0.556	-3.382	0.690	-4.061	1.034	126.975410	37.295841
1685512320750	1685512320749	-9.084	-3.426	0.110	0.953	-0.534	-3.417	0.769	-3.577	0.840	126.975410	37.295841
1685512320755	1685512320750	-9.254	-3.275	0.096	1.047	-0.522	-3.432	0.694	-3.266	0.716	126.975410	37.295841
1685512320766	1685512320756	-9.134	-3.089	-0.038	1.131	-0.529	-3.439	0.678	-2.729	0.690	126.975410	37.295841
1685512320777	1685512320766	-8.988	-2.907	-0.093	1.201	-0.558	-3.422	0.484	-2.272	0.620	126.975410	37.295841
1685512320785	1685512320777	-8.930	-2.801	-0.172	1.240	-0.602	-3.366	0.560	-1.705	0.414	126.975410	37.295841
1685512320796	1685512320785	-8.830	-2.636	-0.218	1.242	-0.632	-3.274	0.658	-1.204	0.287	126.975410	37.295841
1685512320805	1685512320797	-8.830	-2.617	-0.249	1.213	-0.648	-3.167	0.637	-0.680	0.103	126.975410	37.295841
1685512320815	1685512320805	-8.885	-2.516	-0.208	1.150	-0.657	-3.062	0.673	-0.237	-0.019	126.975410	37.295841
1685512320825	1685512320816	-8.966	-2.483	-0.113	1.060	-0.646	-2.947	0.570	0.158	-0.165	126.975410	37.295841
1685512320836	1685512320825	-9.067	-2.428	-0.144	0.951	-0.630	-2.803	0.443	0.496	-0.201	126.975410	37.295841
1685512320845	1685512320837	-9.120	-2.447	-0.201	0.834	-0.616	-2.632	0.261	0.826	-0.206	126.975410	37.295841
1685512320856	1685512320845	-9.115	-2.298	-0.302	0.737	-0.605	-2.445	0.081	1.089	-0.309	126.975410	37.295841
1685512320865	1685512320856	-9.055	-2.200	-0.230	0.651	-0.604	-2.242	-0.069	1.317	-0.455	126.975410	37.295841
1685512320878	1685512320866	-9.062	-2.253	-0.251	0.563	-0.611	-2.018	-0.129	1.611	-0.611	126.975410	37.295841
1685512320887	1685512320878	-9.153	-2.289	-0.206	0.475	-0.606	-1.779	-0.132	1.846	-0.594	126.975410	37.295841
1685512320898	1685512320887	-9.230	-2.502	-0.213	0.385	-0.566	-1.533	-0.192	1.903	-0.666	126.975410	37.295841
1685512320907	1685512320898	-9.404	-2.497	-0.122	0.319	-0.511	-1.275	-0.328	1.956	-0.666	126.975410	37.295841
1685512320920	1685512320907	-9.333	-2.464	-0.168	0.283	-0.448	-1.013	-0.431	1.796	-0.706	126.975410	37.295841
1685512320926	1685512320921	-9.124	-2.473	-0.249	0.252	-0.406	-0.753	-0.649	1.877	-0.663	126.975410	37.295841
1685512320935	1685512320926	-8.978	-2.363	-0.338	0.217	-0.384	-0.494	-0.577	1.911	-0.721	126.975410	37.295841
1685512320948	1685512320935	-8.837	-2.409	-0.395	0.170	-0.337	-0.243	-0.366	1.896	-0.819	126.975410	37.295841
1685512320956	1685512320949	-9.031	-2.399	-0.484	0.106	-0.281	-0.015	-0.206	1.975	-0.915	126.975410	37.295841
1685512320965	1685512320956	-9.661	-2.631	-0.541	0.042	-0.194	0.184	-0.043	1.884	-0.979	126.975410	37.295841
1685512320976	1685512320965	-10.599	-2.667	-0.548	-0.005	-0.037	0.357	-0.206	1.834	-1.063	126.975410	37.295841
1685512320986	1685512320976	-11.344	-2.749	-0.668	-0.042	0.147	0.535	-0.797	1.523	-1.111	126.975410	37.295841
1685512320996	1685512320986	-11.650	-2.868	-0.522	-0.075	0.288	0.773	-1.690	1.391	-1.080	126.975410	37.295841
1685512321006	1685512320996	-11.439	-3.227	-0.182	-0.100	0.373	1.097	-2.387	1.209	-1.154	126.975410	37.295841
1685512321017	1685512321007	-10.525	-3.479	0.081	-0.119	0.424	1.469	-2.662	1.020	-0.979	126.975410	37.295841
1685512321024	1685512321020	-9.369	-3.553	0.342	-0.121	0.430	1.829	-2.404	0.553	-0.596	126.975410	37.295841
1685512321034	1685512321024	-8.650	-3.814	0.589	-0.098	0.440	2.126	-1.439	0.182	-0.294	126.975410	37.295841
1685512321044	1685512321034	-8.504	-3.831	0.843	-0.027	0.529	2.316	-0.208	-0.074	0.012	126.975410	37.295841
1685512321054	1685512321044	-9.055	-3.733	0.886	0.082	0.693	2.376	0.575	-0.510	0.297	126.975410	37.295841
1685512321064	1685512321054	-10.293	-3.589	0.929	0.232	0.907	2.352	0.795	-0.742	0.601	126.975410	37.295841
1685512321074	1685512321064	-11.655	-3.687	1.025	0.425	1.126	2.315	0.316	-0.864	0.706	126.975410	37.295841
1685512321083	1685512321074	-12.771	-3.790	1.109	0.617	1.286	2.304	-0.852	-0.943	0.828	126.975410	37.295841
1685512321094	1685512321083	-13.460	-4.001	1.120	0.786	1.329	2.341	-2.157	-1.262	1.020	126.975410	37.295841
1685512321103	1685512321094	-13.513	-4.101	0.953	0.920	1.286	2.451	-3.215	-1.604	1.223	126.975410	37.295841
1685512321115	1685512321104	-13.144	-3.943	0.792	1.016	1.179	2.632	-3.862	-2.016	1.336	126.975410	37.295841
1685512321123	1685512321115	-12.354	-3.639	0.694	1.034	1.029	2.821	-3.869	-2.373	1.286	126.975410	37.295841
1685512321135	1685512321123	-11.547	-3.577	0.603	0.930	0.875	2.949	-3.467	-2.442	1.211	126.975410	37.295841
1685512321142	1685512321136	-10.795	-3.383	0.737	0.701	0.742	2.980	-2.641	-2.406	1.199	126.975410	37.295841
1685512321153	1685512321143	-10.228	-3.371	0.876	0.376	0.654	2.920	-1.808	-2.626	1.183	126.975410	37.295841
1685512321163	1685512321153	-9.560	-3.342	1.032	0.004	0.606	2.805	-1.034	-2.746	1.391	126.975410	37.295841
1685512321173	1685512321163	-9.112	-3.235	1.267	-0.365	0.580	2.660	-0.457	-2.988	1.585	126.975410	37.295841
1685512321183	1685512321173	-8.595	-3.395	1.420	-0.698	0.577	2.497	0.211	-3.235	1.800	126.975410	37.295841
1685512321195	1685512321183	-8.207	-3.563	1.690	-0.948	0.575	2.326	0.654	-3.390	2.093	126.975410	37.295841
1685512321203	1685512321195	-7.848	-4.044	1.808	-1.108	0.567	2.162	1.159	-3.800	2.301	126.975410	37.295841
1685512321213	1685512321203	-7.525	-4.341	1.808	-1.170	0.564	2.013	1.530	-4.202	2.622	126.975410	37.295841
1685512321226	1685512321213	-7.278	-4.417	1.760	-1.131	0.546	1.883	1.863	-4.949	2.794	126.975410	37.295830
1685512321235	1685512321226	-7.106	-4.295	1.805	-1.016	0.524	1.795	2.164	-5.411	2.830	126.975410	37.295830
1685512321243	1685512321235	-7.037	-4.108	1.700	-0.847	0.496	1.736	2.385	-5.681	2.820	126.975410	37.295830
1685512321254	1685512321243	-7.195	-3.807	1.463	-0.671	0.468	1.684	2.526	-5.744	2.904	126.975410	37.295830
1685512321263	1685512321254	-7.369	-3.697	1.425	-0.546	0.440	1.621	2.564	-5.734	2.832	126.975410	37.295830
1685512321274	1685512321263	-7.520	-3.627	1.353	-0.505	0.434	1.563	2.373	-5.602	2.629	126.975410	37.295830
1685512321283	1685512321274	-7.719	-3.529	1.331	-0.538	0.425	1.510	2.157	-5.669	2.626	126.975410	37.295830
1685512321295	1685512321283	-8.016	-3.742	1.279	-0.624	0.408	1.460	1.985	-5.696	2.564	126.975410	37.295830
1685512321304	1685512321295	-8.258	-3.831	1.405	-0.731	0.429	1.432	1.757	-5.715	2.557	126.975410	37.295830
1685512321318	1685512321304	-8.394	-4.015	1.350	-0.849	0.436	1.426	1.432	-6.045	2.516	126.975410	37.295830
1685512321325	1685512321319	-8.468	-4.247	1.556	-0.946	0.431	1.428	1.154	-6.266	2.658	126.975410	37.295830
1685512321335	1685512321325	-8.464	-4.338	1.587	-0.988	0.448	1.439	0.991	-6.548	2.607	126.975410	37.295830
1685512321345	1685512321345	-8.217	-4.424	1.755	-0.992	0.465	1.461	0.883	-6.905	2.816	126.975410	37.295830
1685512321355	1685512321345	-7.999	-4.415	1.846	-0.954	0.468	1.480	0.862	-7.084	2.842	126.975410	37.295830
1685512321365	1685512321355	-7.786	-4.427	1.863	-0.889	0.442	1.481	1.080	-7.269	3.007	126.975410	37.295830
1685512321376	1685512321365	-7.815	-4.628	1.935	-0.827	0.421	1.465	1.269	-7.355	3.093	126.975410	37.295830
1685512321385	1685512321376	-8.147	-4.729	2.078	-0.771	0.429	1.429	1.453	-7.460	3.103	126.975410	37.295830
1685512321396	1685512321385	-8.686	-4.851	2.105	-0.722	0.459	1.363	1.393	-7.757	3.168	126.975410	37.295830
1685512321406	1685512321398	-9.385	-4.906	2.006	-0.681	0.523	1.299	1.025	-7.961	3.306	126.975410	37.295830
1685512321415	1685512321406	-9.902	-5.030	2.112	-0.623	0.599	1.262	0.464	-8.147	3.328	126.975410	37.295830
1685512321426	1685512321416	-10.154	-5.210	2.109	-0.555	0.634	1.227	-0.259	-8.274	3.232	126.975410	37.295830
1685512321437	1685512321426	-10.460	-5.435	2.145	-0.468	0.616	1.185	-0.795	-8.444	3.340	126.975410	37.295830
1685512321447	1685512321439	-10.575	-5.523	2.097	-0.384	0.582	1.146	-1.077	-8.698	3.359	126.975410	37.295830
1685512321456	1685512321447	-10.989	-5.677	2.035	-0.308	0.553	1.097	-1.432	-9.036	3.433	126.975410	37.295830
1685512321467	1685512321456	-11.653	-6.072	2.205	-0.237	0.540	1.025	-1.602	-9.244	3.428	126.975410	37.295830
1685512321476	1685512321469	-12.620	-6.385	2.471	-0.178	0.545	0.927	-2.061	-9.488	3.400	126.975410	37.295830
1685512321489	1685512321477	-13.781	-6.780	2.713	-0.100	0.606	0.798	-2.770	-9.979	3.610	126.975410	37.295830
1685512321501	1685512321489	-14.454	-6.912	2.890	0.060	0.711	0.652	-3.783	-10.376	3.917	126.975410	37.295830
1685512321506	1685512321502	-14.116	-7.017	3.045	0.290	0.718	0.545	-4.985	-10.846	4.209	126.975410	37.295830
1685512321527	1685512321506	-12.780	-7.034	3.129	0.508	0.556	0.487	-5.696	-11.032	4.451	126.975410	37.295830
1685512321528	1685512321528	-11.384	-6.608	3.007	0.706	0.299	0.414	-5.399	-11.190	4.695	126.975410	37.295830
1685512321539	1685512321529	-10.343	-6.223	2.844	0.881	0.053	0.270	-4.087	-11.234	4.834	126.975410	37.295830
1685512321558	1685512321539	-9.752	-5.820	2.808	0.996	-0.127	0.034	-2.713	-10.831	4.769	126.975410	37.295830
1685512321558	1685512321558	-9.754	-5.679	2.825	1.019	-0.233	-0.293	-1.683	-10.453	4.647	126.975410	37.295830
1685512321567	1685512321558	-10.360	-5.490	2.816	0.997	-0.292	-0.681	-1.092	-10.036	4.642	126.975410	37.295830
1685512321576	1685512321567	-11.262	-5.480	2.732	0.972	-0.296	-1.069	-1.077	-9.850	4.681	126.975410	37.295830
1685512321589	1685512321576	-11.981	-5.466	2.600	0.968	-0.309	-1.398	-1.645	-9.574	4.690	126.975410	37.295830
1685512321599	1685512321589	-12.529	-5.389	2.253	0.988	-0.387	-1.647	-2.504	-9.464	4.618	126.975410	37.295830
1685512321606	1685512321599	-12.761	-5.282	1.908	1.014	-0.524	-1.828	-3.163	-9.309	4.496	126.975410	37.295830
1685512321618	1685512321607	-12.957	-5.100	1.628	1.041	-0.685	-1.957	-3.642	-9.069	4.152	126.975410	37.295830
1685512321626	1685512321618	-13.257	-4.877	1.437	1.057	-0.838	-2.057	-3.792	-8.760	3.795	126.975410	37.295830
1685512321636	1685512321626	-13.352	-4.456	1.154	1.041	-0.957	-2.161	-3.917	-8.401	3.491	126.975410	37.295830
1685512321646	1685512321636	-13.302	-4.350	0.965	0.981	-1.051	-2.263	-4.128	-7.951	3.254	126.975410	37.295830
1685512321656	1685512321646	-12.922	-4.185	0.845	0.880	-1.135	-2.334	-4.149	-7.336	2.921	126.975410	37.295830
1685512321667	1685512321656	-12.287	-4.197	0.699	0.743	-1.228	-2.380	-4.017	-7.003	2.660	126.975410	37.295830
1685512321678	1685512321667	-11.507	-4.135	0.675	0.604	-1.323	-2.437	-3.560	-6.606	2.456	126.975410	37.295830
1685512321687	1685512321678	-10.884	-3.907	0.579	0.496	-1.396	-2.513	-2.851	-6.383	2.212	126.975410	37.295830
1685512321698	1685512321687	-10.297	-3.891	0.503	0.418	-1.440	-2.596	-2.002	-6.081	2.076	126.975410	37.295830
1685512321707	1685512321698	-9.852	-3.780	0.493	0.367	-1.465	-2.680	-1.302	-5.557	1.832	126.975410	37.295830
1685512321717	1685512321707	-9.500	-3.759	0.438	0.341	-1.471	-2.776	-0.668	-5.337	1.650	126.975410	37.295830
1685512321727	1685512321717	-9.167	-3.709	0.469	0.356	-1.477	-2.876	-0.163	-4.911	1.475	126.975410	37.295830
1685512321738	1685512321727	-8.969	-3.572	0.409	0.403	-1.477	-2.970	0.225	-4.645	1.295	126.975410	37.295830
1685512321744	1685512321738	-8.890	-3.563	0.364	0.465	-1.456	-3.052	0.589	-4.312	1.185	126.975410	37.295830
1685512321756	1685512321744	-8.784	-3.419	0.311	0.547	-1.422	-3.111	0.809	-3.912	0.996	126.975410	37.295830
1685512321766	1685512321756	-8.763	-3.321	0.182	0.648	-1.387	-3.146	0.903	-3.541	0.781	126.975410	37.295830
1685512321777	1685512321766	-8.712	-3.206	0.156	0.754	-1.352	-3.163	1.010	-3.151	0.615	126.975410	37.295830
1685512321786	1685512321777	-8.665	-3.110	-0.041	0.865	-1.324	-3.157	1.020	-2.713	0.333	126.975410	37.295830
1685512321799	1685512321788	-8.586	-2.840	-0.151	0.968	-1.305	-3.122	1.046	-2.286	0.170	126.975410	37.295830
1685512321807	1685512321800	-8.387	-2.837	-0.237	1.047	-1.279	-3.060	1.058	-1.875	-0.165	126.975410	37.295830
1685512321817	1685512321808	-8.301	-2.636	-0.259	1.095	-1.246	-2.971	1.087	-1.276	-0.417	126.975410	37.295830
1685512321827	1685512321817	-8.176	-2.629	-0.333	1.112	-1.218	-2.865	1.209	-0.883	-0.670	126.975410	37.295830
1685512321838	1685512321829	-8.013	-2.497	-0.433	1.096	-1.181	-2.745	1.233	-0.414	-0.795	126.975410	37.295830
1685512321848	1685512321838	-8.059	-2.464	-0.505	1.062	-1.130	-2.617	1.274	-0.103	-0.989	126.975410	37.295830
1685512321860	1685512321848	-8.040	-2.279	-0.546	1.010	-1.073	-2.478	1.350	0.302	-1.197	126.975410	37.295830
1685512321868	1685512321861	-8.037	-2.306	-0.498	0.944	-1.012	-2.329	1.219	0.577	-1.372	126.975410	37.295830
1685512321877	1685512321868	-8.088	-2.356	-0.594	0.874	-0.951	-2.167	1.154	0.979	-1.511	126.975410	37.295830
1685512321889	1685512321879	-8.140	-2.389	-0.582	0.797	-0.892	-1.991	1.065	1.168	-1.571	126.975410	37.295830
1685512321900	1685512321889	-8.361	-2.334	-0.462	0.722	-0.806	-1.802	0.943	1.276	-1.748	126.975410	37.295830
1685512321908	1685512321900	-8.595	-2.349	-0.438	0.652	-0.706	-1.609	0.812	1.403	-1.824	126.975410	37.295830
1685512321930	1685512321908	-8.775	-2.361	-0.443	0.599	-0.602	-1.407	0.512	1.609	-1.805	126.975410	37.295830
1685512321931	1685512321930	-8.959	-2.421	-0.381	0.564	-0.497	-1.183	0.196	1.741	-1.879	126.975410	37.295830
1685512321936	1685512321931	-9.017	-2.497	-0.438	0.535	-0.390	-0.942	-0.043	1.832	-1.954	126.975410	37.295830
1685512321951	1685512321937	-9.021	-2.523	-0.400	0.517	-0.287	-0.704	-0.280	1.863	-1.946	126.975410	37.295830
1685512321956	1685512321951	-8.744	-2.428	-0.426	0.489	-0.188	-0.469	-0.369	1.836	-2.035	126.975410	37.295830
1685512321968	1685512321957	-8.662	-2.334	-0.460	0.435	-0.095	-0.238	-0.395	1.844	-2.016	126.975410	37.295830
1685512321979	1685512321968	-8.653	-2.294	-0.639	0.356	0.015	-0.018	-0.122	1.949	-2.052	126.975410	37.295830
1685512321990	1685512321979	-9.311	-2.294	-0.630	0.252	0.148	0.180	-0.036	2.033	-2.081	126.975410	37.295830
1685512321999	1685512321991	-10.254	-2.581	-0.314	0.137	0.314	0.352	-0.010	2.047	-2.246	126.975410	37.295830
1685512322007	1685512321999	-11.279	-2.768	-0.187	0.034	0.495	0.527	-0.642	2.004	-2.205	126.975410	37.295830
1685512322018	1685512322008	-12.005	-2.966	-0.206	-0.031	0.672	0.732	-1.549	1.662	-1.834	126.975410	37.295830
1685512322026	1685512322018	-12.163	-3.158	-0.172	-0.060	0.815	0.993	-2.514	1.384	-1.611	126.975410	37.295830
1685512322036	1685512322026	-11.674	-3.117	0.019	-0.098	0.908	1.289	-3.203	1.128	-1.575	126.975410	37.295830
1685512322059	1685512322036	-10.523	-3.055	0.105	-0.180	0.960	1.577	-3.311	0.850	-1.468	126.975410	37.295830
1685512322059	1685512322059	-9.316	-3.158	0.213	-0.288	0.962	1.815	-2.761	0.778	-1.192	126.975410	37.295830
1685512322064	1685512322059	-8.854	-3.213	0.481	-0.408	0.982	1.958	-1.530	0.687	-1.003	126.975410	37.295830
1685512322074	1685512322064	-9.404	-3.302	0.965	-0.524	1.081	1.994	-0.254	0.438	-0.809	126.975410	37.295830
1685512322084	1685512322074	-10.470	-3.596	1.240	-0.560	1.253	1.952	0.285	0.208	-0.436	126.975410	37.295830
1685512322097	1685512322084	-11.835	-4.037	1.683	-0.469	1.448	1.911	-0.187	-0.055	0.160	126.975410	37.295830
1685512322104	1685512322097	-12.596	-4.166	1.982	-0.260	1.636	1.936	-1.183	-0.527	0.570	126.975410	37.295830
1685512322114	1685512322105	-12.955	-4.144	2.037	0.034	1.723	2.042	-2.483	-1.142	1.164	126.975410	37.295830
1685512322124	1685512322114	-12.701	-3.962	1.870	0.367	1.704	2.198	-3.170	-1.489	1.654	126.975410	37.295830
1685512322134	1685512322124	-12.256	-3.567	1.530	0.639	1.636	2.351	-3.484	-1.621	1.839	126.975410	37.295830
1685512322144	1685512322135	-11.892	-3.211	1.286	0.765	1.534	2.441	-3.175	-1.650	1.824	126.975410	37.295830
1685512322155	1685512322144	-11.559	-2.844	1.097	0.724	1.450	2.446	-2.679	-1.480	1.628	126.975410	37.295830
1685512322164	1685512322155	-11.119	-2.825	1.058	0.513	1.387	2.384	-2.267	-1.355	1.516	126.975410	37.295830
1685512322174	1685512322164	-10.575	-2.863	1.137	0.159	1.324	2.286	-1.896	-1.223	1.453	126.975410	37.295830
1685512322184	1685512322174	-9.847	-3.184	1.341	-0.287	1.269	2.172	-1.425	-1.456	1.554	126.975410	37.295830
1685512322195	1685512322184	-9.210	-3.254	1.530	-0.737	1.227	2.046	-0.860	-1.693	1.748	126.975410	37.295830
1685512322204	1685512322195	-8.622	-3.428	1.765	-1.103	1.200	1.925	-0.117	-2.227	2.078	126.975410	37.295830
1685512322215	1685512322204	-8.102	-3.883	2.042	-1.367	1.145	1.806	0.524	-2.500	2.392	126.975410	37.295830
1685512322224	1685512322216	-7.685	-4.144	2.298	-1.494	1.097	1.693	1.116	-2.892	2.763	126.975410	37.295830
1685512322234	1685512322224	-7.417	-4.286	2.416	-1.449	1.070	1.602	1.630	-3.519	3.146	126.975418	37.295818
1685512322246	1685512322235	-7.276	-4.202	2.468	-1.268	1.052	1.544	2.040	-3.982	3.524	126.975418	37.295818
1685512322255	1685512322246	-7.178	-3.998	2.526	-0.997	1.045	1.522	2.296	-4.278	3.737	126.975418	37.295818
1685512322264	1685512322255	-7.180	-3.895	2.497	-0.701	1.040	1.515	2.423	-4.362	3.891	126.975418	37.295818
1685512322276	1685512322265	-7.202	-3.687	2.318	-0.446	1.032	1.503	2.502	-4.322	4.049	126.975418	37.295818
1685512322284	1685512322276	-7.156	-3.536	2.234	-0.268	1.012	1.480	2.476	-4.377	4.116	126.975418	37.295818
1685512322296	1685512322285	-7.269	-3.496	2.234	-0.164	0.998	1.456	2.430	-4.319	4.034	126.975418	37.295818
1685512322305	1685512322296	-7.578	-3.512	2.332	-0.123	0.985	1.428	2.442	-4.331	4.056	126.975418	37.295818
1685512322316	1685512322306	-7.894	-3.491	2.296	-0.142	0.975	1.385	2.313	-4.379	4.108	126.975418	37.295818
1685512322326	1685512322317	-8.064	-3.455	2.236	-0.214	0.955	1.346	1.975	-4.518	4.286	126.975418	37.295818
1685512322337	1685512322326	-8.188	-3.646	2.160	-0.347	0.900	1.323	1.635	-4.592	4.310	126.975418	37.295818
1685512322347	1685512322346	-8.538	-3.809	2.203	-0.517	0.841	1.308	1.439	-4.664	4.319	126.975418	37.295818
1685512322356	1685512322347	-8.875	-3.986	2.330	-0.670	0.803	1.289	1.286	-4.961	4.302	126.975418	37.295818
1685512322365	1685512322356	-8.904	-4.039	2.346	-0.781	0.773	1.272	0.907	-5.243	4.401	126.975418	37.295818
1685512322376	1685512322366	-8.875	-4.149	2.425	-0.864	0.728	1.257	0.548	-5.509	4.559	126.975418	37.295818
1685512322386	1685512322376	-8.952	-4.336	2.349	-0.932	0.673	1.247	0.498	-5.653	4.602	126.975418	37.295818
1685512322398	1685512322386	-9.155	-4.470	2.263	-0.974	0.630	1.232	0.510	-5.847	4.693	126.975418	37.295818
1685512322407	1685512322398	-9.562	-4.580	2.179	-0.998	0.597	1.188	0.419	-6.110	4.616	126.975418	37.295818
1685512322416	1685512322407	-10.089	-4.781	2.234	-1.020	0.580	1.129	0.201	-6.321	4.525	126.975418	37.295818
1685512322427	1685512322417	-10.642	-5.001	2.370	-1.041	0.569	1.075	-0.230	-6.553	4.451	126.975418	37.295818
1685512322437	1685512322427	-10.999	-5.107	2.368	-1.046	0.547	1.020	-0.766	-6.802	4.501	126.975418	37.295818
1685512322446	1685512322437	-11.090	-5.329	2.425	-1.029	0.518	0.969	-1.350	-7.135	4.654	126.975418	37.295818
1685512322460	1685512322447	-11.006	-5.466	2.512	-0.964	0.494	0.935	-1.736	-7.341	4.673	126.975418	37.295818
1685512322468	1685512322460	-10.736	-5.605	2.533	-0.864	0.445	0.897	-1.865	-7.690	4.757	126.975418	37.295818
1685512322477	1685512322468	-10.515	-5.641	2.552	-0.751	0.401	0.843	-1.812	-7.925	4.865	126.975418	37.295818
1685512322488	1685512322478	-10.659	-5.657	2.516	-0.643	0.357	0.765	-1.580	-8.186	4.908	126.975418	37.295818
1685512322500	1685512322488	-11.351	-5.859	2.653	-0.558	0.331	0.655	-1.389	-8.308	4.944	126.975418	37.295818
1685512322508	1685512322501	-12.330	-6.093	2.954	-0.508	0.340	0.519	-1.561	-8.408	4.922	126.975418	37.295818
1685512322521	1685512322509	-12.910	-6.151	2.990	-0.447	0.393	0.379	-2.277	-8.677	5.071	126.975418	37.295818
1685512322533	1685512322521	-12.706	-6.330	3.141	-0.346	0.400	0.250	-3.285	-8.983	5.394	126.975418	37.295818
1685512322537	1685512322533	-11.873	-6.311	3.433	-0.210	0.303	0.150	-3.883	-9.081	5.449	126.975418	37.295818
1685512322560	1685512322537	-10.772	-6.115	3.517	-0.031	0.164	0.071	-3.699	-9.294	5.629	126.975418	37.295818
1685512322561	1685512322560	-9.962	-5.787	3.584	0.192	0.022	-0.034	-2.875	-9.292	5.940	126.975418	37.295818
1685512322567	1685512322561	-9.558	-5.643	3.498	0.420	-0.108	-0.181	-1.779	-9.103	6.038	126.975418	37.295818
1685512322580	1685512322568	-10.036	-5.476	3.405	0.574	-0.225	-0.370	-0.970	-8.768	6.112	126.975418	37.295818
1685512322589	1685512322580	-11.004	-5.320	3.323	0.656	-0.293	-0.591	-0.558	-8.595	6.029	126.975418	37.295818
1685512322598	1685512322589	-12.158	-5.514	3.201	0.718	-0.329	-0.804	-1.020	-8.380	5.933	126.975418	37.295818
1685512322607	1685512322598	-13.005	-5.816	2.993	0.787	-0.389	-0.974	-1.961	-8.147	5.842	126.975418	37.295818
1685512322617	1685512322608	-13.630	-5.777	2.574	0.881	-0.497	-1.101	-3.086	-8.260	5.710	126.975418	37.295818
1685512322627	1685512322617	-14.044	-5.703	2.167	1.005	-0.633	-1.190	-3.895	-8.442	5.488	126.975418	37.295818
1685512322638	1685512322628	-14.128	-5.598	1.762	1.133	-0.786	-1.247	-4.484	-8.294	5.047	126.975418	37.295818
1685512322647	1685512322639	-14.056	-5.923	1.477	1.218	-0.942	-1.293	-4.853	-8.085	4.606	126.975418	37.295818
1685512322658	1685512322648	-13.910	-6.500	1.336	1.283	-1.063	-1.345	-4.889	-7.839	4.156	126.975418	37.295818
1685512322668	1685512322658	-13.800	-7.017	1.441	1.405	-1.126	-1.414	-4.762	-8.001	3.804	126.975418	37.295818
1685512322677	1685512322668	-13.494	-7.147	1.556	1.641	-1.174	-1.484	-4.571	-8.440	3.596	126.975418	37.295818
1685512322688	1685512322677	-13.060	-6.682	1.271	2.022	-1.212	-1.554	-4.410	-8.792	3.622	126.975418	37.295818
1685512322701	1685512322689	-12.471	-5.983	1.118	2.545	-1.290	-1.629	-4.053	-8.746	3.654	126.975418	37.295818
1685512322708	1685512322701	-11.720	-5.813	0.955	3.125	-1.404	-1.714	-3.570	-8.092	3.285	126.975418	37.295818
1685512322718	1685512322708	-11.186	-5.765	0.654	3.641	-1.539	-1.830	-2.935	-7.190	3.043	126.975418	37.295818
1685512322731	1685512322718	-10.807	-5.768	0.563	4.082	-1.627	-1.977	-2.128	-6.752	2.758	126.975418	37.295818
1685512322749	1685512322731	-10.843	-5.540	1.044	4.479	-1.729	-2.131	-1.561	-6.512	2.363	126.975418	37.295818
1685512322750	1685512322750	-10.824	-4.377	1.075	4.950	-1.862	-2.243	-1.144	-6.256	2.140	126.975418	37.295818
1685512322758	1685512322750	-10.444	-3.129	1.025	5.383	-2.096	-2.307	-1.147	-5.756	2.471	126.975418	37.295818
1685512322768	1685512322759	-9.965	-2.433	1.032	5.531	-2.376	-2.352	-1.101	-4.307	2.325	126.975418	37.295818
1685512322779	1685512322768	-9.531	-2.373	0.883	5.333	-2.593	-2.402	-0.702	-2.772	2.059	126.975418	37.295818
1685512322788	1685512322779	-9.529	-2.686	1.348	4.910	-2.745	-2.491	-0.211	-1.769	1.779	126.975418	37.295818
1685512322800	1685512322790	-9.776	-2.986	1.401	4.461	-2.817	-2.600	0.218	-1.470	1.365	126.975418	37.295818
1685512322808	1685512322801	-9.761	-2.871	1.065	4.116	-2.878	-2.656	0.204	-1.525	1.513	126.975418	37.295818
1685512322819	1685512322808	-9.258	-3.196	0.702	3.828	-2.955	-2.625	-0.074	-1.571	1.233	126.975418	37.295818
1685512322828	1685512322820	-8.952	-3.795	0.790	3.552	-3.015	-2.516	-0.117	-1.190	0.522	126.975418	37.295818
1685512322838	1685512322828	-8.722	-3.831	0.919	3.382	-3.025	-2.384	0.323	-1.312	-0.158	126.975418	37.295818
1685512322848	1685512322838	-8.497	-3.409	1.001	3.328	-3.024	-2.279	0.539	-1.688	-0.462	126.975418	37.295818
1685512322859	1685512322849	-8.155	-3.235	0.970	3.284	-3.002	-2.181	0.682	-1.566	-0.656	126.975418	37.295818
1685512322870	1685512322860	-7.908	-2.763	0.637	3.213	-2.921	-2.099	0.802	-0.989	-0.936	126.975418	37.295818
1685512322881	1685512322870	-7.642	-2.540	0.802	3.124	-2.793	-2.049	1.027	-0.678	-1.319	126.975418	37.295818
1685512322888	1685512322881	-7.321	-2.638	0.974	2.983	-2.674	-1.996	1.149	-0.077	-1.975	126.975418	37.295818
1685512322901	1685512322889	-6.950	-2.749	0.915	2.805	-2.553	-1.913	1.293	0.261	-2.095	126.975418	37.295818
1685512322909	1685512322901	-6.788	-2.456	1.018	2.640	-2.379	-1.808	1.460	0.256	-2.277	126.975418	37.295818
1685512322918	1685512322909	-6.601	-2.425	1.305	2.511	-2.173	-1.681	1.705	0.211	-2.612	126.975418	37.295818
1685512322933	1685512322918	-6.352	-2.495	1.499	2.406	-1.973	-1.517	1.712	0.565	-2.820	126.975418	37.295818
1685512322940	1685512322933	-6.462	-2.179	1.820	2.334	-1.743	-1.329	1.774	0.634	-2.768	126.975418	37.295818
1685512322959	1685512322959	-6.412	-1.987	1.973	2.283	-1.486	-1.166	1.894	0.591	-2.811	126.975418	37.295818
1685512322960	1685512322959	-6.335	-1.987	2.377	2.204	-1.258	-1.007	1.666	0.912	-2.705	126.975418	37.295818
1685512322968	1685512322960	-6.428	-2.033	2.804	2.081	-1.040	-0.853	1.602	1.092	-2.761	126.975418	37.295818
1685512322979	1685512322968	-6.618	-1.958	3.112	1.974	-0.806	-0.727	1.595	1.068	-2.507	126.975418	37.295818
1685512322988	1685512322980	-6.639	-1.774	3.235	1.878	-0.583	-0.630	1.425	0.986	-2.227	126.975418	37.295818
1685512322999	1685512322988	-6.709	-1.848	3.745	1.757	-0.387	-0.547	1.173	1.018	-2.040	126.975418	37.295818
1685512323007	1685512323000	-7.187	-2.193	4.434	1.653	-0.241	-0.494	1.101	1.154	-2.018	126.975418	37.295818
1685512323019	1685512323007	-7.731	-1.942	4.664	1.570	-0.133	-0.479	0.996	1.030	-1.590	126.975418	37.295818
1685512323028	1685512323019	-8.212	-1.724	4.798	1.498	0.027	-0.476	0.484	0.622	-0.977	126.975418	37.295818
1685512323039	1685512323028	-8.452	-1.841	4.810	1.406	0.200	-0.446	-0.074	0.836	-0.790	126.975418	37.295818
1685512323058	1685512323039	-8.751	-1.875	5.021	1.295	0.386	-0.371	-0.567	1.008	-0.697	126.975418	37.295818
1685512323059	1685512323058	-8.564	-1.791	5.538	1.159	0.583	-0.271	-0.807	0.848	-0.706	126.975418	37.295818
1685512323067	1685512323059	-8.004	-1.592	5.703	0.986	0.762	-0.173	-1.094	0.771	-0.500	126.975418	37.295818
1685512323077	1685512323068	-7.463	-1.654	5.993	0.797	0.899	-0.110	-0.883	0.812	0.029	126.975418	37.295818
1685512323087	1685512323078	-7.202	-1.683	6.086	0.610	0.963	-0.112	-0.283	0.965	0.230	126.975418	37.295818
1685512323097	1685512323087	-7.314	-1.511	6.378	0.511	0.980	-0.158	0.299	0.871	0.565	126.975418	37.295818
1685512323107	1685512323097	-7.750	-1.264	6.615	0.518	0.987	-0.220	0.608	0.819	0.716	126.975418	37.295818
1685512323117	1685512323107	-8.262	-0.955	6.582	0.622	0.997	-0.280	0.555	0.958	1.080	126.975418	37.295818
1685512323126	1685512323117	-8.552	-0.730	6.373	0.754	1.046	-0.298	0.175	1.171	1.384	126.975418	37.295818
1685512323135	1685512323126	-8.504	-0.520	6.242	0.837	1.119	-0.265	-0.297	1.441	1.393	126.975418	37.295818
1685512323145	1685512323136	-8.363	-0.520	6.251	0.822	1.203	-0.195	-0.541	1.616	1.233	126.975418	37.295818
1685512323156	1685512323145	-8.310	-0.448	6.294	0.687	1.255	-0.116	-0.450	1.776	1.142	126.975418	37.295818
1685512323165	1685512323156	-7.989	-0.266	6.287	0.483	1.284	-0.051	-0.259	1.721	1.209	126.975418	37.295818
1685512323176	1685512323166	-7.736	0.019	6.239	0.271	1.289	0.001	-0.151	1.741	1.317	126.975418	37.295818
1685512323185	1685512323177	-7.525	0.192	6.270	0.111	1.266	0.054	0.223	1.877	1.384	126.975418	37.295818
1685512323196	1685512323186	-7.063	0.124	6.007	0.012	1.219	0.111	0.534	2.121	1.413	126.975418	37.295818
1685512323205	1685512323197	-6.622	0.139	5.646	-0.062	1.157	0.173	0.809	2.255	1.539	126.975418	37.295818
1685512323215	1685512323206	-6.187	0.273	5.332	-0.154	1.090	0.225	1.310	2.148	1.326	126.975418	37.295818
1685512323225	1685512323216	-5.830	0.239	5.267	-0.270	1.007	0.266	1.800	2.112	1.034	126.975418	37.295818
1685512323237	1685512323226	-5.435	0.285	5.018	-0.397	0.904	0.293	2.267	2.188	0.754	126.975418	37.295818
1685512323247	1685512323237	-5.179	0.261	4.985	-0.509	0.806	0.301	2.679	2.143	0.788	126.975426	37.295807
1685512323256	1685512323247	-5.013	0.249	5.021	-0.594	0.716	0.298	3.117	2.181	0.615	126.975426	37.295807
1685512323266	1685512323257	-4.908	0.311	4.963	-0.626	0.649	0.299	3.421	2.155	0.675	126.975426	37.295807
1685512323276	1685512323266	-4.738	0.165	4.882	-0.611	0.611	0.301	3.615	2.143	0.771	126.975426	37.295807
1685512323286	1685512323276	-4.664	0.151	4.803	-0.558	0.588	0.307	3.757	2.205	0.788	126.975426	37.295807
1685512323299	1685512323286	-4.587	0.041	4.772	-0.486	0.583	0.313	3.955	2.057	0.764	126.975426	37.295807
1685512323306	1685512323300	-4.618	0.108	4.738	-0.435	0.596	0.315	4.063	2.040	0.754	126.975426	37.295807
1685512323317	1685512323306	-4.729	0.139	4.834	-0.420	0.621	0.315	4.166	1.923	0.776	126.975426	37.295807
1685512323326	1685512323317	-4.939	0.132	4.963	-0.441	0.654	0.312	4.173	1.975	0.821	126.975426	37.295807
1685512323338	1685512323331	-5.191	-0.026	5.116	-0.456	0.694	0.312	4.087	1.997	0.967	126.975426	37.295807
1685512323349	1685512323348	-5.409	-0.065	5.423	-0.458	0.727	0.326	3.907	1.980	1.164	126.975426	37.295807
1685512323359	1685512323349	-5.602	-0.163	5.490	-0.442	0.772	0.357	3.687	1.810	1.386	126.975426	37.295807
1685512323367	1685512323359	-5.732	-0.352	5.665	-0.430	0.799	0.385	3.503	1.760	1.765	126.975426	37.295807
1685512323379	1685512323368	-6.033	-0.345	5.871	-0.437	0.826	0.412	3.342	1.647	1.911	126.975426	37.295807
1685512323388	1685512323379	-6.223	-0.529	6.215	-0.459	0.849	0.428	3.251	1.437	2.172	126.975426	37.295807
1685512323399	1685512323388	-6.335	-0.522	6.531	-0.496	0.869	0.434	2.983	1.425	2.452	126.975426	37.295807
1685512323408	1685512323399	-6.488	-0.603	6.814	-0.519	0.885	0.432	2.830	1.216	2.880	126.975426	37.295807
1685512323419	1685512323408	-6.716	-0.694	7.092	-0.512	0.891	0.420	2.753	1.199	3.285	126.975426	37.295807
1685512323428	1685512323419	-6.926	-0.816	7.250	-0.486	0.892	0.398	2.638	1.094	3.666	126.975426	37.295807
1685512323439	1685512323428	-7.269	-0.816	7.441	-0.452	0.883	0.365	2.442	0.982	4.025	126.975426	37.295807
1685512323449	1685512323440	-7.611	-0.819	7.700	-0.412	0.876	0.323	2.270	0.836	4.281	126.975426	37.295807
1685512323459	1685512323449	-7.951	-0.718	7.867	-0.364	0.876	0.286	1.956	0.819	4.554	126.975426	37.295807
1685512323471	1685512323459	-8.152	-0.709	8.066	-0.323	0.877	0.266	1.642	0.797	4.899	126.975426	37.295807
1685512323482	1685512323471	-8.332	-0.517	8.231	-0.302	0.866	0.259	1.331	0.881	5.155	126.975426	37.295807
1685512323491	1685512323482	-8.296	-0.555	8.380	-0.312	0.850	0.257	1.159	0.874	5.440	126.975426	37.295807
1685512323501	1685512323491	-8.368	-0.608	8.373	-0.358	0.819	0.255	1.006	1.051	5.691	126.975426	37.295807
1685512323510	1685512323502	-8.394	-0.508	8.526	-0.403	0.768	0.250	1.068	0.994	5.933	126.975426	37.295807
1685512323520	1685512323510	-8.538	-0.860	8.566	-0.424	0.696	0.244	1.018	0.927	6.000	126.975426	37.295807
1685512323541	1685512323521	-9.134	-1.216	8.547	-0.456	0.606	0.239	1.015	1.013	6.239	126.975426	37.295807
1685512323542	1685512323541	-9.886	-1.338	8.796	-0.498	0.545	0.225	0.888	0.649	6.345	126.975426	37.295807
1685512323563	1685512323542	-10.305	-1.487	8.897	-0.528	0.530	0.214	0.309	0.278	6.390	126.975426	37.295807
1685512323563	1685512323563	-10.314	-1.633	8.890	-0.528	0.555	0.228	-0.426	0.146	6.697	126.975426	37.295807
1685512323569	1685512323564	-10.240	-1.755	9.086	-0.529	0.568	0.255	-0.828	-0.010	6.862	126.975426	37.295807
1685512323582	1685512323569	-10.077	-2.109	9.330	-0.569	0.562	0.275	-0.826	-0.168	6.910	126.975426	37.295807
1685512323589	1685512323582	-9.675	-2.234	9.287	-0.610	0.528	0.272	-0.735	-0.302	7.166	126.975426	37.295807
1685512323602	1685512323589	-9.297	-2.610	9.141	-0.606	0.451	0.237	-0.558	-0.673	7.472	126.975426	37.295807
1685512323609	1685512323602	-9.380	-2.574	9.079	-0.553	0.314	0.171	-0.144	-0.812	7.489	126.975426	37.295807
1685512323619	1685512323609	-9.768	-2.531	8.973	-0.446	0.154	0.086	0.244	-1.199	7.393	126.975426	37.295807
1685512323629	1685512323620	-10.075	-2.495	8.787	-0.282	0.010	-0.016	0.170	-1.171	7.377	126.975426	37.295807
1685512323639	1685512323630	-10.539	-2.667	8.701	-0.079	-0.097	-0.112	-0.213	-1.130	7.288	126.975426	37.295807
1685512323649	1685512323640	-10.824	-2.895	8.631	0.154	-0.177	-0.178	-0.520	-1.087	7.106	126.975426	37.295807
1685512323660	1685512323649	-10.652	-2.713	8.255	0.356	-0.235	-0.210	-0.986	-1.247	7.013	126.975426	37.295807
1685512323669	1685512323660	-10.391	-2.741	7.968	0.469	-0.279	-0.233	-1.279	-1.460	6.924	126.975426	37.295807
1685512323680	1685512323669	-10.228	-2.775	7.863	0.454	-0.327	-0.258	-1.111	-1.264	6.519	126.975426	37.295807
1685512323690	1685512323680	-10.060	-2.569	7.764	0.365	-0.391	-0.291	-0.860	-1.279	6.196	126.975426	37.295807
1685512323701	1685512323690	-9.663	-2.339	7.518	0.258	-0.479	-0.324	-0.706	-1.298	6.057	126.975426	37.295807
1685512323709	1685512323701	-9.256	-2.059	7.178	0.138	-0.582	-0.352	-0.551	-1.070	5.916	126.975426	37.295807
1685512323721	1685512323709	-8.667	-1.793	6.855	-0.018	-0.696	-0.386	-0.165	-0.814	5.619	126.975426	37.295807
1685512323728	1685512323721	-8.100	-1.853	6.469	-0.263	-0.823	-0.426	0.220	-0.500	5.217	126.975426	37.295807
1685512323739	1685512323729	-7.609	-2.047	6.282	-0.611	-0.959	-0.480	0.792	-0.201	4.834	126.975426	37.295807
1685512323754	1685512323739	-7.377	-1.697	6.081	-0.932	-1.080	-0.549	1.334	-0.211	4.367	126.975426	37.295807
1685512323758	1685512323755	-6.926	-1.425	5.794	-0.998	-1.194	-0.608	1.798	-0.352	4.108	126.975426	37.295807
1685512323768	1685512323759	-6.383	-1.518	5.497	-0.874	-1.321	-0.640	1.997	0.067	3.821	126.975426	37.295807
1685512323780	1685512323768	-6.060	-1.391	5.057	-0.700	-1.417	-0.652	2.409	0.421	3.440	126.975426	37.295807
1685512323791	1685512323781	-5.782	-1.219	4.537	-0.517	-1.475	-0.688	2.909	0.407	3.038	126.975426	37.295807
1685512323800	1685512323791	-5.543	-1.063	3.989	-0.384	-1.503	-0.751	3.184	0.613	2.478	126.975426	37.295807
1685512323808	1685512323800	-5.241	-0.792	3.395	-0.357	-1.498	-0.817	3.402	0.871	1.822	126.975426	37.295807
1685512323819	1685512323809	-5.066	-0.472	2.818	-0.428	-1.484	-0.875	3.591	1.097	1.156	126.975426	37.295807
1685512323829	1685512323821	-4.793	-0.453	2.480	-0.633	-1.464	-0.919	3.824	1.460	0.421	126.975426	37.295807
1685512323842	1685512323830	-4.537	-1.216	2.648	-0.964	-1.447	-0.955	3.941	1.865	-0.266	126.975426	37.295807
1685512323850	1685512323843	-4.578	-2.047	2.753	-1.311	-1.411	-0.992	4.147	1.987	-0.721	126.975426	37.295807
1685512323861	1685512323851	-4.999	-1.528	2.847	-1.458	-1.308	-1.021	4.331	1.338	-0.656	126.975426	37.295807
1685512323871	1685512323861	-5.258	-1.188	2.921	-1.285	-1.153	-1.018	4.209	0.654	-0.651	126.975426	37.295807
1685512323882	1685512323871	-5.253	-1.535	2.988	-1.014	-1.068	-0.944	3.723	1.298	-0.625	126.975426	37.295807
1685512323891	1685512323882	-5.176	-1.822	2.878	-0.754	-1.025	-0.817	3.393	1.772	-0.613	126.975426	37.295807
1685512323903	1685512323891	-5.212	-1.803	2.674	-0.508	-0.949	-0.710	3.333	1.542	-0.608	126.975426	37.295807
1685512323912	1685512323903	-5.222	-1.753	2.612	-0.296	-0.841	-0.641	3.345	1.353	-0.781	126.975426	37.295807
1685512323919	1685512323912	-5.430	-1.848	2.456	-0.177	-0.716	-0.569	3.251	1.451	-1.049	126.975426	37.295807
1685512323931	1685512323922	-5.588	-1.970	2.452	-0.177	-0.594	-0.489	3.175	1.585	-1.190	126.975426	37.295807
1685512323943	1685512323931	-6.005	-2.016	2.435	-0.272	-0.469	-0.412	2.933	1.528	-1.384	126.975426	37.295807
