1685512308945	1685512308945	-11.930	-6.452	1.705	-0.445	0.108	0.275	-1.494	-8.708	3.306	126.975311	37.295887
1685512308946	1685512308945	-11.981	-6.606	1.793	-0.369	0.121	0.193	-2.114	-8.799	3.407	126.975311	37.295887
1685512308951	1685512308946	-11.468	-6.618	1.961	-0.274	0.103	0.164	-2.610	-8.947	3.448	126.975311	37.295887
1685512308963	1685512308951	-10.436	-6.665	1.994	-0.143	0.054	0.166	-2.667	-9.124	3.536	126.975311	37.295887
1685512308972	1685512308963	-9.311	-6.467	1.796	0.037	-0.015	0.159	-2.162	-9.158	3.709	126.975311	37.295887
1685512308983	1685512308972	-8.483	-6.404	1.681	0.255	-0.088	0.117	-1.135	-9.222	3.742	126.975311	37.295887
1685512308991	1685512308984	-8.200	-6.476	1.736	0.485	-0.138	0.029	-0.012	-9.038	3.543	126.975311	37.295887
1685512309002	1685512308992	-8.748	-6.565	1.935	0.705	-0.166	-0.132	0.812	-8.981	3.426	126.975311	37.295887
1685512309011	1685512309003	-10.005	-6.529	2.011	0.902	-0.165	-0.384	1.097	-9.048	3.481	126.975311	37.295887
1685512309021	1685512309011	-11.392	-6.263	1.992	1.079	-0.112	-0.673	0.555	-9.115	3.682	126.975311	37.295887
1685512309031	1685512309021	-12.584	-6.208	1.712	1.242	-0.076	-0.900	-0.687	-9.021	3.768	126.975311	37.295887
1685512309044	1685512309031	-13.372	-6.282	1.401	1.385	-0.103	-1.035	-2.057	-8.681	3.764	126.975311	37.295887
1685512309051	1685512309044	-13.779	-6.512	1.106	1.469	-0.160	-1.103	-3.227	-8.521	3.505	126.975311	37.295887
1685512309062	1685512309051	-13.889	-6.519	0.857	1.495	-0.235	-1.148	-3.989	-8.473	3.215	126.975311	37.295887
1685512309071	1685512309062	-13.740	-6.369	0.601	1.506	-0.336	-1.190	-4.372	-8.571	2.935	126.975311	37.295887
1685512309083	1685512309071	-13.324	-6.002	0.472	1.511	-0.439	-1.239	-4.453	-8.444	2.696	126.975311	37.295887
1685512309092	1685512309083	-12.831	-5.665	0.347	1.481	-0.531	-1.313	-4.274	-8.138	2.435	126.975311	37.295887
1685512309101	1685512309092	-12.136	-5.291	0.263	1.395	-0.623	-1.423	-3.831	-7.642	2.291	126.975311	37.295887
1685512309112	1685512309101	-11.418	-5.124	0.148	1.245	-0.705	-1.570	-3.304	-7.137	2.136	126.975311	37.295887
1685512309122	1685512309112	-10.700	-4.932	0.199	1.045	-0.770	-1.746	-2.583	-6.618	2.016	126.975311	37.295887
1685512309131	1685512309122	-10.147	-4.781	0.251	0.833	-0.814	-1.945	-1.832	-6.280	1.848	126.975311	37.295887
1685512309141	1685512309131	-9.639	-4.585	0.254	0.628	-0.844	-2.158	-1.082	-5.902	1.836	126.975311	37.295887
1685512309153	1685512309142	-9.337	-4.427	0.218	0.451	-0.850	-2.375	-0.496	-5.531	1.810	126.975311	37.295887
1685512309161	1685512309153	-9.067	-4.458	0.328	0.314	-0.850	-2.589	0.034	-5.138	1.743	126.975311	37.295887
1685512309171	1685512309161	-8.868	-4.345	0.261	0.221	-0.834	-2.795	0.357	-4.743	1.628	126.975311	37.295887
1685512309183	1685512309171	-8.875	-4.310	0.160	0.175	-0.810	-2.987	0.644	-4.518	1.654	126.975311	37.295887
1685512309191	1685512309183	-8.875	-4.269	0.148	0.180	-0.783	-3.158	0.852	-4.132	1.506	126.975311	37.295887
1685512309201	1685512309191	-9.112	-4.113	-0.017	0.238	-0.750	-3.299	0.845	-3.802	1.326	126.975311	37.295887
1685512309211	1685512309201	-9.105	-3.972	-0.084	0.326	-0.723	-3.411	0.828	-3.393	1.223	126.975311	37.295887
1685512309223	1685512309211	-9.316	-3.881	-0.096	0.428	-0.704	-3.498	0.570	-2.978	0.996	126.975319	37.295883
1685512309231	1685512309223	-9.543	-3.713	-0.160	0.538	-0.674	-3.553	0.541	-2.504	0.855	126.975319	37.295883
1685512309246	1685512309231	-9.720	-3.361	-0.306	0.632	-0.644	-3.581	0.280	-2.073	0.769	126.975319	37.295883
1685512309251	1685512309246	-9.663	-3.287	-0.476	0.696	-0.621	-3.582	-0.012	-1.561	0.630	126.975319	37.295883
1685512309262	1685512309251	-9.582	-3.093	-0.563	0.729	-0.605	-3.544	-0.266	-0.864	0.407	126.975319	37.295883
1685512309271	1685512309262	-9.383	-2.811	-0.632	0.721	-0.601	-3.470	-0.311	-0.414	0.153	126.975319	37.295883
1685512309284	1685512309271	-9.060	-2.679	-0.620	0.681	-0.608	-3.374	-0.323	0.079	-0.002	126.975319	37.295883
1685512309292	1685512309284	-8.866	-2.713	-0.690	0.617	-0.611	-3.257	-0.237	0.687	-0.153	126.975319	37.295883
1685512309303	1685512309292	-8.765	-2.610	-0.579	0.535	-0.600	-3.124	-0.034	1.125	-0.225	126.975319	37.295883
1685512309313	1685512309303	-8.686	-2.646	-0.563	0.443	-0.573	-2.979	0.024	1.403	-0.381	126.975319	37.295883
1685512309322	1685512309314	-8.600	-2.571	-0.529	0.360	-0.547	-2.816	0.019	1.731	-0.338	126.975319	37.295883
1685512309331	1685512309322	-8.473	-2.449	-0.658	0.307	-0.533	-2.629	-0.022	1.939	-0.390	126.975319	37.295883
1685512309343	1685512309331	-8.217	-2.382	-0.656	0.275	-0.534	-2.419	-0.022	2.176	-0.405	126.975319	37.295883
1685512309353	1685512309345	-8.159	-2.258	-0.721	0.246	-0.547	-2.186	0.012	2.456	-0.579	126.975319	37.295883
1685512309362	1685512309353	-8.205	-2.083	-0.764	0.198	-0.556	-1.944	0.189	2.658	-0.620	126.975319	37.295883
1685512309373	1685512309363	-8.341	-2.145	-0.819	0.126	-0.538	-1.707	0.170	2.909	-0.728	126.975319	37.295883
1685512309383	1685512309374	-8.349	-2.061	-0.694	0.044	-0.508	-1.469	0.053	3.196	-0.814	126.975319	37.295883
1685512309394	1685512309383	-8.332	-2.143	-0.740	-0.046	-0.487	-1.212	-0.158	3.251	-0.915	126.975319	37.295883
1685512309402	1685512309395	-8.294	-2.121	-0.766	-0.143	-0.459	-0.941	-0.215	3.412	-0.819	126.975319	37.295883
1685512309411	1685512309402	-8.274	-2.131	-0.737	-0.232	-0.412	-0.666	-0.254	3.412	-0.895	126.975319	37.295883
1685512309423	1685512309411	-8.576	-2.298	-0.826	-0.309	-0.352	-0.392	-0.249	3.479	-0.941	126.975319	37.295883
1685512309431	1685512309424	-9.148	-2.368	-0.879	-0.379	-0.263	-0.123	-0.254	3.503	-0.924	126.975319	37.295883
1685512309442	1685512309432	-9.914	-2.672	-0.991	-0.448	-0.147	0.144	-0.577	3.369	-1.025	126.975319	37.295883
1685512309454	1685512309443	-10.597	-2.758	-1.087	-0.508	-0.012	0.435	-1.147	3.294	-1.070	126.975319	37.295883
1685512309462	1685512309454	-11.152	-2.887	-1.118	-0.553	0.136	0.773	-1.889	2.954	-1.161	126.975319	37.295883
1685512309473	1685512309462	-11.250	-2.957	-0.982	-0.573	0.271	1.164	-2.519	2.794	-1.216	126.975319	37.295883
1685512309484	1685512309474	-10.965	-3.203	-0.718	-0.571	0.385	1.602	-3.031	2.602	-1.207	126.975319	37.295883
1685512309491	1685512309485	-10.393	-3.634	-0.338	-0.562	0.503	2.051	-3.067	2.440	-1.015	126.975319	37.295883
1685512309501	1685512309492	-9.914	-4.108	0.189	-0.535	0.640	2.454	-2.696	2.061	-0.690	126.975319	37.295883
1685512309511	1685512309502	-9.677	-4.604	0.860	-0.462	0.789	2.766	-1.987	1.408	-0.218	126.975319	37.295883
1685512309521	1685512309512	-9.797	-5.080	1.480	-0.287	0.977	2.972	-1.422	0.788	0.364	126.975319	37.295883
1685512309531	1685512309522	-10.274	-5.353	1.911	0.044	1.189	3.092	-1.056	0.053	1.123	126.975319	37.295883
1685512309542	1685512309532	-10.882	-5.521	2.234	0.541	1.400	3.159	-1.044	-0.680	1.841	126.975319	37.295883
1685512309551	1685512309543	-11.732	-5.634	2.339	1.161	1.588	3.202	-1.393	-1.226	2.377	126.975319	37.295883
1685512309561	1685512309552	-12.720	-5.631	2.186	1.828	1.763	3.219	-1.882	-1.674	2.804	126.975319	37.295883
1685512309571	1685512309562	-13.360	-5.382	1.982	2.475	1.910	3.227	-2.602	-2.126	3.031	126.975319	37.295883
1685512309582	1685512309572	-13.616	-5.004	1.714	3.042	2.002	3.251	-3.515	-2.349	2.957	126.975319	37.295883
1685512309591	1685512309583	-13.427	-4.515	1.465	3.468	2.007	3.305	-4.061	-2.406	2.861	126.975319	37.295883
1685512309603	1685512309592	-12.811	-3.948	1.336	3.697	1.933	3.363	-4.250	-2.274	2.684	126.975319	37.295883
1685512309611	1685512309603	-12.182	-3.414	1.379	3.677	1.817	3.376	-3.984	-2.116	2.555	126.975319	37.295883
1685512309621	1685512309612	-11.602	-3.144	1.448	3.405	1.713	3.317	-3.326	-1.769	2.504	126.975319	37.295883
1685512309631	1685512309622	-11.088	-3.017	1.690	2.916	1.625	3.208	-2.641	-1.568	2.667	126.975319	37.295883
1685512309641	1685512309632	-10.628	-2.878	2.045	2.271	1.564	3.065	-2.033	-1.513	2.818	126.975319	37.295883
1685512309651	1685512309642	-10.123	-2.892	2.385	1.550	1.499	2.882	-1.492	-1.681	3.184	126.975319	37.295883
1685512309663	1685512309652	-9.512	-2.969	2.617	0.833	1.416	2.676	-1.020	-1.774	3.649	126.975319	37.295883
1685512309672	1685512309663	-8.990	-3.096	2.782	0.186	1.305	2.468	-0.510	-2.064	4.132	126.975319	37.295883
1685512309683	1685512309672	-8.531	-3.268	2.835	-0.359	1.173	2.260	0.091	-2.358	4.482	126.975319	37.295883
1685512309692	1685512309683	-8.399	-3.474	2.942	-0.798	1.031	2.044	0.599	-2.765	4.796	126.975319	37.295883
1685512309702	1685512309692	-8.198	-3.704	2.885	-1.133	0.894	1.826	1.041	-3.117	4.939	126.975319	37.295883
1685512309712	1685512309702	-7.968	-3.682	2.866	-1.352	0.783	1.632	1.147	-3.579	5.164	126.975319	37.295883
1685512309723	1685512309712	-7.614	-3.610	2.689	-1.462	0.662	1.481	1.326	-3.989	5.183	126.975319	37.295883
1685512309733	1685512309723	-7.341	-3.721	2.701	-1.539	0.485	1.366	1.532	-4.154	5.234	126.975319	37.295883
1685512309742	1685512309734	-7.324	-3.936	2.878	-1.591	0.331	1.253	1.863	-4.257	5.109	126.975319	37.295883
1685512309752	1685512309742	-7.453	-3.934	2.981	-1.605	0.280	1.126	2.112	-4.551	5.160	126.975319	37.295883
1685512309764	1685512309752	-7.599	-3.943	3.117	-1.572	0.292	1.001	2.112	-4.908	5.353	126.975319	37.295883
1685512309772	1685512309764	-7.494	-3.970	3.122	-1.477	0.321	0.920	1.963	-5.052	5.466	126.975319	37.295883
1685512309784	1685512309772	-7.305	-3.907	3.129	-1.316	0.330	0.892	1.820	-5.140	5.557	126.975319	37.295883
1685512309792	1685512309784	-6.934	-3.982	3.134	-1.139	0.296	0.886	1.927	-5.231	5.519	126.975319	37.295883
1685512309802	1685512309792	-6.718	-3.977	3.151	-0.969	0.252	0.882	2.116	-5.231	5.490	126.975319	37.295883
1685512309812	1685512309802	-6.651	-4.013	3.275	-0.809	0.232	0.883	2.483	-5.389	5.464	126.975319	37.295883
1685512309823	1685512309812	-6.764	-4.032	3.371	-0.660	0.237	0.883	2.701	-5.430	5.452	126.975319	37.295883
1685512309832	1685512309823	-6.912	-3.941	3.412	-0.523	0.269	0.871	2.761	-5.535	5.557	126.975319	37.295883
1685512309854	1685512309832	-7.108	-3.991	3.357	-0.400	0.277	0.849	2.638	-5.629	5.643	126.975319	37.295883
1685512309854	1685512309854	-7.321	-4.017	3.328	-0.298	0.270	0.823	2.478	-5.612	5.684	126.975319	37.295883
1685512309863	1685512309854	-7.738	-4.010	3.242	-0.220	0.255	0.800	2.267	-5.734	5.631	126.975319	37.295883
1685512309874	1685512309863	-8.133	-3.898	3.081	-0.170	0.252	0.778	2.037	-5.835	5.610	126.975319	37.295883
1685512309886	1685512309874	-8.571	-4.003	3.026	-0.167	0.225	0.759	1.609	-5.883	5.526	126.975319	37.295883
1685512309893	1685512309886	-8.961	-4.106	2.873	-0.221	0.181	0.742	1.204	-5.823	5.365	126.975319	37.295883
1685512309905	1685512309895	-9.318	-4.190	2.792	-0.307	0.142	0.718	0.757	-5.974	5.301	126.975319	37.295883
1685512309915	1685512309905	-9.804	-4.310	2.591	-0.419	0.100	0.679	0.362	-6.122	5.128	126.975319	37.295883
1685512309925	1685512309915	-10.063	-4.520	2.521	-0.547	0.057	0.627	-0.007	-6.273	5.054	126.975319	37.295883
1685512309934	1685512309925	-10.372	-4.659	2.456	-0.678	0.010	0.569	-0.512	-6.472	4.853	126.975319	37.295883
1685512309945	1685512309936	-10.384	-4.736	2.339	-0.809	-0.042	0.498	-0.785	-6.747	4.779	126.975319	37.295883
1685512309955	1685512309945	-10.262	-4.865	2.265	-0.942	-0.105	0.412	-1.106	-6.953	4.700	126.975319	37.295883
1685512309967	1685512309955	-10.120	-5.035	2.272	-1.064	-0.183	0.313	-1.130	-7.094	4.559	126.975319	37.295883
1685512309976	1685512309969	-10.357	-5.227	2.315	-1.166	-0.246	0.197	-1.015	-7.281	4.453	126.975319	37.295883
1685512309988	1685512309976	-10.824	-5.406	2.447	-1.242	-0.271	0.053	-0.876	-7.503	4.417	126.975319	37.295883
1685512309995	1685512309990	-11.437	-5.593	2.555	-1.280	-0.239	-0.123	-1.113	-7.743	4.403	126.975319	37.295883
1685512310008	1685512309995	-11.815	-5.715	2.737	-1.252	-0.193	-0.305	-1.578	-7.949	4.484	126.975319	37.295883
1685512310016	1685512310008	-11.914	-5.868	3.021	-1.134	-0.167	-0.464	-2.181	-8.152	4.532	126.975319	37.295883
1685512310030	1685512310017	-11.473	-5.859	3.165	-0.913	-0.154	-0.589	-2.550	-8.272	4.669	126.975319	37.295883
1685512310046	1685512310030	-10.645	-5.631	3.191	-0.586	-0.173	-0.682	-2.634	-8.404	4.908	126.975319	37.295883
1685512310047	1685512310046	-9.977	-5.428	2.983	-0.191	-0.263	-0.757	-2.174	-8.356	5.016	126.975319	37.295883
1685512310068	1685512310047	-9.890	-5.394	2.787	0.189	-0.368	-0.852	-1.324	-8.071	5.009	126.975319	37.295883
1685512310068	1685512310068	-10.489	-5.308	2.636	0.498	-0.397	-1.004	-0.634	-7.805	4.774	126.975319	37.295883
1685512310075	1685512310069	-11.449	-5.095	2.392	0.724	-0.373	-1.208	-0.522	-7.690	4.547	126.975319	37.295883
1685512310089	1685512310075	-12.294	-4.858	2.140	0.897	-0.343	-1.400	-1.092	-7.501	4.369	126.975319	37.295883
1685512310097	1685512310089	-12.586	-4.599	1.817	1.012	-0.374	-1.541	-2.021	-7.161	4.106	126.975319	37.295883
1685512310106	1685512310097	-12.742	-4.398	1.571	1.038	-0.476	-1.646	-2.832	-6.776	3.840	126.975319	37.295883
1685512310113	1685512310106	-12.883	-4.293	1.290	0.999	-0.585	-1.729	-3.081	-6.321	3.496	126.975319	37.295883
1685512310124	1685512310116	-13.125	-4.094	1.123	0.913	-0.671	-1.798	-3.211	-5.981	3.227	126.975319	37.295883
1685512310133	1685512310124	-13.161	-4.137	0.883	0.767	-0.753	-1.867	-3.316	-5.693	2.907	126.975319	37.295883
1685512310143	1685512310133	-13.080	-4.197	0.804	0.574	-0.841	-1.939	-3.524	-5.308	2.686	126.975319	37.295883
1685512310152	1685512310143	-12.828	-4.149	0.757	0.385	-0.899	-2.001	-3.527	-5.160	2.382	126.975319	37.295883
1685512310162	1685512310153	-12.450	-4.096	0.661	0.220	-0.944	-2.045	-3.417	-5.025	2.227	126.975319	37.295883
1685512310172	1685512310162	-11.918	-3.931	0.697	0.093	-0.983	-2.077	-3.134	-4.757	2.088	126.975319	37.295883
1685512310183	1685512310173	-11.042	-3.836	0.632	-0.001	-1.030	-2.105	-2.737	-4.523	1.911	126.975319	37.295883
1685512310192	1685512310184	-10.137	-3.723	0.567	-0.075	-1.075	-2.129	-2.186	-4.156	1.851	126.975319	37.295883
1685512310203	1685512310192	-9.373	-3.646	0.555	-0.137	-1.106	-2.166	-1.295	-3.855	1.686	126.975319	37.295883
1685512310212	1685512310204	-8.784	-3.563	0.496	-0.191	-1.122	-2.226	-0.381	-3.515	1.506	126.975319	37.295883
1685512310222	1685512310213	-8.327	-3.448	0.405	-0.237	-1.114	-2.312	0.385	-3.249	1.396	126.975319	37.295883
1685512310233	1685512310222	-7.994	-3.438	0.460	-0.277	-1.085	-2.415	0.970	-2.928	1.219	126.975319	37.295883
1685512310242	1685512310233	-7.791	-3.388	0.429	-0.303	-1.040	-2.528	1.420	-2.610	1.030	126.975319	37.295883
1685512310252	1685512310242	-7.568	-3.285	0.508	-0.307	-0.985	-2.635	1.736	-2.368	0.982	126.975334	37.295887
1685512310264	1685512310252	-7.460	-3.268	0.510	-0.280	-0.931	-2.729	1.913	-2.073	0.855	126.975334	37.295887
1685512310272	1685512310264	-7.302	-3.239	0.419	-0.224	-0.869	-2.800	2.102	-1.717	0.843	126.975334	37.295887
1685512310284	1685512310272	-7.235	-3.098	0.417	-0.145	-0.805	-2.855	2.167	-1.437	0.759	126.975334	37.295887
1685512310292	1685512310285	-7.333	-3.091	0.338	-0.051	-0.751	-2.897	2.265	-1.113	0.582	126.975334	37.295887
1685512310303	1685512310293	-7.518	-2.976	0.266	0.051	-0.694	-2.924	2.277	-0.725	0.512	126.975334	37.295887
1685512310315	1685512310303	-7.661	-2.928	0.247	0.160	-0.616	-2.930	2.097	-0.417	0.357	126.975334	37.295887
1685512310326	1685512310315	-7.719	-2.763	0.180	0.268	-0.542	-2.902	1.834	-0.034	0.211	126.975334	37.295887
1685512310334	1685512310326	-7.599	-2.648	0.175	0.357	-0.491	-2.828	1.597	0.292	0.122	126.975334	37.295887
1685512310345	1685512310334	-7.446	-2.526	0.124	0.426	-0.457	-2.705	1.439	0.725	-0.002	126.975334	37.295887
1685512310354	1685512310345	-7.336	-2.452	0.180	0.478	-0.428	-2.544	1.446	1.123	-0.069	126.975334	37.295887
1685512310365	1685512310355	-7.398	-2.401	0.105	0.505	-0.384	-2.364	1.504	1.463	-0.172	126.975334	37.295887
1685512310376	1685512310367	-7.496	-2.279	0.129	0.517	-0.315	-2.178	1.508	1.762	-0.175	126.975334	37.295887
1685512310388	1685512310377	-7.611	-2.279	0.160	0.514	-0.253	-1.984	1.343	2.018	-0.304	126.975334	37.295887
1685512310395	1685512310388	-7.834	-2.241	0.134	0.498	-0.200	-1.764	1.144	2.327	-0.330	126.975334	37.295887
1685512310406	1685512310395	-7.925	-2.222	0.194	0.481	-0.139	-1.523	0.934	2.495	-0.347	126.975334	37.295887
1685512310417	1685512310407	-8.040	-2.246	0.290	0.469	-0.081	-1.264	0.608	2.710	-0.421	126.975334	37.295887
1685512310426	1685512310417	-8.267	-2.241	0.256	0.443	-0.035	-0.994	0.455	2.830	-0.390	126.975334	37.295887
1685512310448	1685512310426	-8.559	-2.322	0.338	0.402	0.020	-0.717	0.275	2.909	-0.326	126.975334	37.295887
1685512310449	1685512310448	-8.837	-2.363	0.409	0.348	0.089	-0.440	-0.002	2.993	-0.385	126.975334	37.295887
1685512310465	1685512310449	-9.036	-2.397	0.539	0.287	0.158	-0.172	-0.333	2.969	-0.323	126.975334	37.295887
1685512310466	1685512310465	-9.199	-2.437	0.625	0.219	0.213	0.092	-0.632	2.962	-0.263	126.975334	37.295887
1685512310475	1685512310466	-9.467	-2.504	0.680	0.144	0.259	0.348	-0.840	2.940	-0.136	126.975334	37.295887
1685512310487	1685512310475	-9.998	-2.562	0.639	0.065	0.304	0.579	-0.998	2.892	-0.045	126.975334	37.295887
1685512310493	1685512310487	-10.625	-2.662	0.589	-0.027	0.357	0.772	-1.245	2.796	0.022	126.975334	37.295887
1685512310505	1685512310493	-11.423	-2.796	0.560	-0.149	0.421	0.946	-1.729	2.665	0.005	126.975334	37.295887
1685512310513	1685512310505	-12.112	-2.940	0.532	-0.299	0.495	1.125	-2.282	2.449	-0.007	126.975334	37.295887
1685512310523	1685512310514	-12.637	-3.045	0.421	-0.452	0.575	1.337	-3.033	2.246	0.000	126.975334	37.295887
1685512310532	1685512310523	-12.680	-3.220	0.575	-0.594	0.643	1.589	-3.661	1.999	0.034	126.975334	37.295887
1685512310542	1685512310533	-12.028	-3.390	0.860	-0.721	0.673	1.883	-4.123	1.793	-0.010	126.975334	37.295887
1685512310554	1685512310542	-11.025	-3.807	1.197	-0.827	0.676	2.182	-4.087	1.484	0.223	126.975334	37.295887
1685512310565	1685512310555	-10.171	-4.001	1.714	-0.889	0.673	2.439	-3.347	1.154	0.601	126.975334	37.295887
1685512310574	1685512310566	-9.835	-4.183	1.985	-0.892	0.702	2.607	-2.246	0.548	1.034	126.975334	37.295887
1685512310586	1685512310575	-10.168	-4.334	2.325	-0.814	0.795	2.663	-1.286	0.141	1.647	126.975334	37.295887
1685512310595	1685512310586	-10.970	-4.365	2.444	-0.640	0.929	2.627	-0.824	-0.318	2.037	126.975334	37.295887
1685512310603	1685512310596	-11.937	-4.513	2.409	-0.393	1.056	2.556	-1.077	-0.663	2.459	126.975334	37.295887
1685512310615	1685512310606	-12.747	-4.468	2.354	-0.106	1.145	2.498	-1.772	-0.984	2.708	126.975334	37.295887
1685512310624	1685512310615	-13.147	-4.355	2.093	0.183	1.161	2.480	-2.674	-1.322	2.761	126.975334	37.295887
1685512310634	1685512310625	-13.094	-4.149	1.767	0.425	1.091	2.512	-3.405	-1.532	2.825	126.975334	37.295887
1685512310643	1685512310635	-12.684	-3.910	1.537	0.564	0.942	2.580	-3.742	-1.652	2.670	126.975334	37.295887
1685512310654	1685512310644	-12.093	-3.713	1.317	0.556	0.759	2.644	-3.625	-1.705	2.444	126.975334	37.295887
1685512310664	1685512310654	-11.463	-3.481	1.113	0.376	0.583	2.656	-3.168	-1.681	2.284	126.975334	37.295887
1685512310675	1685512310664	-10.738	-3.584	1.111	0.044	0.447	2.606	-2.526	-1.733	2.124	126.975334	37.295887
1685512310686	1685512310675	-10.113	-3.584	1.116	-0.392	0.362	2.511	-1.851	-1.753	1.968	126.975334	37.295887
1685512310695	1685512310687	-9.388	-3.469	1.221	-0.870	0.302	2.392	-1.087	-2.107	2.009	126.975334	37.295887
1685512310704	1685512310695	-8.629	-3.527	1.159	-1.338	0.220	2.259	-0.431	-2.354	2.054	126.975334	37.295887
1685512310715	1685512310705	-7.879	-3.752	1.276	-1.751	0.136	2.116	0.318	-2.526	2.205	126.975334	37.295887
1685512310725	1685512310715	-7.331	-4.094	1.425	-2.087	0.071	1.966	1.092	-2.770	2.169	126.975334	37.295887
1685512310734	1685512310725	-7.032	-4.379	1.432	-2.316	0.032	1.813	1.853	-3.218	2.310	126.975334	37.295887
1685512310745	1685512310735	-6.850	-4.554	1.343	-2.419	0.005	1.670	2.411	-3.773	2.476	126.975334	37.295887
1685512310756	1685512310746	-6.704	-4.748	1.348	-2.399	-0.022	1.550	2.713	-4.262	2.492	126.975334	37.295887
1685512310766	1685512310756	-6.596	-4.647	1.204	-2.279	-0.046	1.464	2.895	-4.623	2.404	126.975334	37.295887
1685512310776	1685512310766	-6.512	-4.714	1.140	-2.096	-0.082	1.399	3.038	-5.011	2.401	126.975334	37.295887
1685512310788	1685512310777	-6.560	-4.621	1.092	-1.892	-0.106	1.343	3.144	-5.061	2.246	126.975334	37.295887
1685512310797	1685512310788	-6.634	-4.659	0.931	-1.688	-0.114	1.290	3.220	-5.286	2.164	126.975334	37.295887
1685512310807	1685512310797	-6.783	-4.666	0.903	-1.502	-0.094	1.240	3.165	-5.344	2.093	126.975334	37.295887
1685512310818	1685512310808	-7.089	-4.688	0.836	-1.343	-0.061	1.190	3.081	-5.538	1.906	126.975334	37.295887
1685512310828	1685512310818	-7.482	-4.666	0.876	-1.208	-0.018	1.144	2.926	-5.646	1.848	126.975334	37.295887
1685512310836	1685512310828	-7.779	-4.788	0.725	-1.090	0.031	1.103	2.605	-5.806	1.760	126.975334	37.295887
1685512310848	1685512310836	-8.092	-4.800	0.697	-0.976	0.073	1.076	2.200	-5.895	1.786	126.975334	37.295887
1685512310862	1685512310848	-8.303	-4.786	0.673	-0.876	0.101	1.064	1.889	-6.134	1.623	126.975334	37.295887
1685512310867	1685512310862	-8.466	-4.798	0.709	-0.792	0.123	1.059	1.561	-6.258	1.587	126.975334	37.295887
1685512310875	1685512310867	-8.578	-4.839	0.745	-0.731	0.140	1.051	1.338	-6.328	1.554	126.975334	37.295887
1685512310887	1685512310875	-8.511	-4.944	0.814	-0.695	0.147	1.035	1.164	-6.412	1.578	126.975334	37.295887
1685512310896	1685512310888	-8.583	-4.939	0.809	-0.693	0.147	1.012	1.030	-6.572	1.616	126.975334	37.295887
1685512310907	1685512310896	-8.660	-5.088	0.843	-0.715	0.149	0.975	1.080	-6.771	1.688	126.975334	37.295887
1685512310915	1685512310907	-9.043	-5.128	1.046	-0.745	0.166	0.915	1.001	-6.816	1.669	126.975334	37.295887
1685512310927	1685512310916	-9.538	-5.291	1.118	-0.775	0.210	0.836	0.922	-6.981	1.686	126.975334	37.295887
1685512310936	1685512310928	-10.072	-5.454	1.087	-0.787	0.266	0.748	0.536	-7.034	1.870	126.975334	37.295887
1685512310946	1685512310936	-10.578	-5.552	1.132	-0.766	0.313	0.662	0.038	-7.214	1.932	126.975334	37.295887
1685512310957	1685512310947	-10.772	-5.595	1.171	-0.715	0.340	0.596	-0.500	-7.410	1.899	126.975334	37.295887
1685512310967	1685512310957	-10.752	-5.684	1.279	-0.630	0.343	0.563	-1.013	-7.542	1.951	126.975334	37.295887
1685512310978	1685512310967	-10.422	-5.739	1.358	-0.524	0.320	0.558	-1.221	-7.647	2.006	126.975334	37.295887
1685512310990	1685512310978	-10.101	-5.775	1.420	-0.415	0.283	0.545	-1.216	-7.796	2.133	126.975334	37.295887
1685512310997	1685512310990	-9.986	-5.669	1.324	-0.323	0.264	0.496	-0.900	-7.908	2.231	126.975334	37.295887
1685512311008	1685512310998	-10.247	-5.808	1.415	-0.249	0.271	0.408	-0.594	-7.999	2.313	126.975334	37.295887
1685512311017	1685512311008	-11.164	-5.986	1.458	-0.200	0.304	0.287	-0.496	-7.954	2.239	126.975334	37.295887
1685512311028	1685512311018	-11.935	-6.134	1.511	-0.173	0.360	0.131	-0.766	-8.126	2.346	126.975334	37.295887
1685512311036	1685512311028	-12.407	-6.115	1.662	-0.150	0.429	-0.035	-1.693	-8.332	2.413	126.975334	37.295887
1685512311047	1685512311036	-12.309	-6.199	1.848	-0.100	0.448	-0.160	-2.471	-8.495	2.495	126.975334	37.295887
1685512311055	1685512311047	-11.669	-6.294	2.121	-0.013	0.403	-0.215	-2.947	-8.473	2.684	126.975334	37.295887
1685512311080	1685512311056	-10.575	-6.201	2.301	0.109	0.330	-0.232	-2.849	-8.545	2.909	126.975334	37.295887
1685512311081	1685512311081	-9.716	-6.115	2.356	0.281	0.265	-0.270	-2.210	-8.617	3.225	126.975334	37.295887
1685512311089	1685512311081	-9.354	-6.096	2.346	0.505	0.208	-0.352	-1.113	-8.504	3.436	126.975334	37.295887
1685512311098	1685512311090	-9.828	-6.000	2.344	0.746	0.182	-0.485	-0.249	-8.389	3.522	126.975334	37.295887
1685512311106	1685512311099	-9.828	-6.000	2.344	0.964	0.211	-0.693	0.115	-8.329	3.543	126.975334	37.295887
1685512311116	1685512311106	-12.064	-5.933	2.306	1.163	0.264	-0.944	-0.347	-8.174	3.577	126.975334	37.295887
1685512311125	1685512311116	-12.972	-5.983	2.102	1.370	0.297	-1.147	-0.338	-8.104	3.613	126.975334	37.295887
1685512311134	1685512311125	-12.972	-5.983	2.102	1.570	0.254	-1.267	-2.557	-7.920	3.630	126.975334	37.295887
1685512311143	1685512311135	-13.647	-5.600	1.618	1.747	0.159	-1.329	-3.448	-7.855	3.474	126.975334	37.295887
1685512311154	1685512311144	-13.819	-5.437	1.310	1.874	0.042	-1.357	-3.428	-7.714	3.527	126.975334	37.295887
1685512311164	1685512311154	-13.819	-5.341	1.233	1.936	-0.116	-1.372	-4.085	-7.178	3.089	126.975334	37.295887
1685512311173	1685512311165	-13.415	-5.150	1.075	1.943	-0.260	-1.385	-4.238	-6.857	2.811	126.975334	37.295887
1685512311184	1685512311175	-13.123	-5.150	1.075	1.943	-0.260	-1.385	-4.216	-6.601	2.749	126.975334	37.295887
1685512311194	1685512311185	-12.617	-4.499	0.991	1.823	-0.443	-1.492	-3.790	-6.230	2.588	126.975334	37.295887
1685512311204	1685512311195	-12.160	-4.499	0.895	1.823	-0.443	-1.492	-3.481	-6.084	2.583	126.975334	37.295887
1685512311213	1685512311204	-11.554	-4.302	0.927	1.693	-0.533	-1.586	-2.954	-5.243	2.468	126.975334	37.295887
1685512311224	1685512311214	-10.719	-4.238	0.776	1.526	-0.612	-1.688	-2.483	-5.090	2.346	126.975334	37.295887
1685512311233	1685512311225	-10.013	-4.027	0.716	1.334	-0.691	-1.801	-1.860	-4.717	2.334	126.975334	37.295887
1685512311244	1685512311234	-9.357	-3.802	0.725	1.135	-0.766	-1.933	-1.010	-4.465	2.128	126.975334	37.295887
1685512311253	1685512311244	-8.830	-3.639	0.651	0.941	-0.822	-2.088	-0.292	-4.044	1.997	126.975334	37.295887
1685512311264	1685512311253	-8.428	-3.651	0.618	0.757	-0.858	-2.257	0.369	-3.637	1.939	126.975334	37.295887
1685512311273	1685512311264	-8.054	-3.603	0.582	0.589	-0.882	-2.429	0.900	-3.259	1.781	126.975334	37.295887
1685512311285	1685512311273	-7.860	-3.642	0.512	0.448	-0.900	-2.596	1.300	-3.043	1.662	126.975349	37.295891
1685512311293	1685512311286	-7.776	-3.486	0.438	0.303	-0.898	-2.894	1.664	-2.753	1.535	126.975349	37.295891
1685512311303	1685512311293	-7.731	-3.508	0.431	0.303	-0.898	-2.894	1.841	-2.535	1.374	126.975349	37.295891
1685512311317	1685512311304	-7.743	-3.433	0.359	0.297	-0.880	-3.010	1.889	-2.040	1.190	126.975349	37.295891
1685512311324	1685512311317	-7.700	-3.376	0.316	0.327	-0.858	-3.092	1.903	-1.836	1.111	126.975349	37.295891
1685512311334	1685512311324	-7.685	-3.297	0.235	0.391	-0.831	-3.140	1.844	-1.470	0.948	126.975349	37.295891
1685512311346	1685512311334	-7.628	-3.251	0.115	0.483	-0.797	-3.155	1.827	-1.116	0.816	126.975349	37.295891
1685512311355	1685512311346	-7.774	-3.089	0.017	0.594	-0.756	-3.135	1.769	-0.737	0.646	126.975349	37.295891
1685512311365	1685512311355	-7.776	-2.935	-0.045	0.713	-0.717	-3.086	1.731	-0.350	0.400	126.975349	37.295891
1685512311375	1685512311366	-7.760	-2.741	-0.182	0.816	-0.688	-3.005	1.475	0.156	0.182	126.975349	37.295891
1685512311386	1685512311375	-7.743	-2.674	-0.232	0.889	-0.660	-2.893	1.374	0.575	0.026	126.975349	37.295891
1685512311396	1685512311387	-7.736	-2.643	-0.263	0.938	-0.601	-2.574	1.283	1.044	-0.208	126.975349	37.295891
1685512311407	1685512311396	-7.714	-2.492	-0.311	0.938	-0.601	-2.574	1.188	1.365	-0.354	126.975349	37.295891
1685512311417	1685512311407	-7.709	-2.495	-0.357	0.914	-0.574	-2.379	1.075	1.645	-0.486	126.975349	37.295891
1685512311427	1685512311417	-7.743	-2.370	-0.409	0.878	-0.551	-2.160	0.994	1.997	-0.620	126.975349	37.295891
1685512311437	1685512311427	-7.774	-2.389	-0.357	0.833	-0.535	-1.924	0.876	2.217	-0.766	126.975349	37.295891
1685512311448	1685512311438	-8.066	-2.444	-0.397	0.765	-0.517	-1.684	0.747	2.504	-0.898	126.975349	37.295891
1685512311462	1685512311448	-8.207	-2.428	-0.460	0.673	-0.478	-1.448	0.618	2.643	-0.931	126.975349	37.295891
1685512311467	1685512311462	-8.296	-2.466	-0.397	0.573	-0.437	-1.207	0.237	2.725	-1.056	126.975349	37.295891
1685512311475	1685512311468	-8.499	-2.528	-0.409	0.464	-0.412	-0.951	0.017	2.856	-1.192	126.975349	37.295891
1685512311488	1685512311476	-8.626	-2.631	-0.441	0.346	-0.387	-0.689	-0.139	2.911	-1.197	126.975349	37.295891
1685512311497	1685512311488	-8.765	-2.574	-0.390	0.098	-0.301	-0.213	-0.402	2.931	-1.274	126.975349	37.295891
1685512311506	1685512311497	-8.768	-2.564	-0.479	0.098	-0.301	-0.213	-0.565	2.875	-1.348	126.975349	37.295891
1685512311516	1685512311506	-8.871	-2.703	-0.429	-0.044	-0.265	0.013	-0.721	2.950	-1.331	126.975349	37.295891
1685512311527	1685512311516	-9.043	-2.866	-0.290	-0.192	-0.235	0.225	-0.737	2.974	-1.446	126.975349	37.295891
1685512311537	1685512311528	-9.562	-2.983	-0.249	-0.340	-0.186	0.404	-0.840	2.835	-1.415	126.975349	37.295891
1685512311547	1685512311537	-10.451	-3.239	-0.244	-0.467	-0.112	0.555	-0.991	2.641	-1.276	126.975349	37.295891
1685512311555	1685512311547	-11.480	-3.414	-0.421	-0.555	0.002	0.687	-1.472	2.466	-1.216	126.975349	37.295891
1685512311565	1685512311555	-12.550	-3.512	-0.682	-0.604	0.130	0.811	-2.308	2.140	-1.178	126.975349	37.295891
1685512311575	1685512311566	-13.137	-3.587	-0.984	-0.630	0.243	0.964	-3.263	1.860	-1.295	126.975349	37.295891
1685512311587	1685512311575	-12.895	-3.584	-1.073	-0.654	0.301	1.190	-4.290	1.700	-1.513	126.975349	37.295891
1685512311595	1685512311588	-11.782	-3.632	-0.886	-0.744	0.192	1.796	-4.824	1.551	-1.762	126.975349	37.295891
1685512311605	1685512311595	-10.444	-3.692	-0.445	-0.744	0.192	1.796	-4.520	1.458	-1.793	126.975349	37.295891
1685512311614	1685512311606	-9.481	-3.859	0.012	-0.823	0.119	2.056	-3.297	1.235	-1.542	126.975349	37.295891
1685512311624	1685512311614	-9.215	-4.192	0.599	-0.899	0.127	2.213	-1.889	1.056	-1.061	126.975349	37.295891
1685512311635	1685512311624	-9.716	-4.472	0.905	-0.918	0.263	2.257	-0.831	0.716	-0.555	126.975349	37.295891
1685512311647	1685512311635	-10.724	-4.587	1.326	-0.853	0.479	2.204	-0.464	0.196	0.081	126.975349	37.295891
1685512311656	1685512311647	-11.818	-4.662	1.250	-0.693	0.713	2.107	-0.867	-0.275	0.450	126.975349	37.295891
1685512311665	1685512311657	-12.421	-4.566	1.058	-0.445	0.900	2.040	-1.781	-0.584	0.950	126.975349	37.295891
1685512311674	1685512311665	-12.661	-4.367	0.879	-0.148	0.991	2.026	-2.775	-0.883	0.982	126.975349	37.295891
1685512311686	1685512311674	-12.330	-4.039	0.594	0.128	1.023	2.068	-3.316	-0.934	0.869	126.975349	37.295891
1685512311694	1685512311686	-11.779	-3.721	0.117	0.369	0.869	2.266	-3.476	-0.939	0.795	126.975349	37.295891
1685512311705	1685512311694	-11.214	-3.637	-0.081	0.369	0.869	2.266	-3.084	-0.783	0.591	126.975349	37.295891
1685512311714	1685512311705	-10.700	-3.646	-0.283	0.313	0.810	2.323	-2.447	-0.716	0.196	126.975349	37.295891
1685512311724	1685512311714	-10.235	-3.773	-0.110	0.187	0.766	2.338	-1.829	-0.802	0.055	126.975349	37.295891
1685512311736	1685512311725	-9.560	-3.709	0.103	0.026	0.709	2.320	-1.243	-1.073	-0.062	126.975349	37.295891
1685512311746	1685512311736	-8.734	-3.677	0.522	-0.149	0.621	2.277	-0.733	-1.377	0.163	126.975349	37.295891
1685512311756	1685512311746	-7.863	-3.582	0.881	-0.319	0.525	2.237	0.000	-1.556	0.450	126.975349	37.295891
1685512311769	1685512311756	-7.216	-3.577	1.178	-0.451	0.469	2.194	0.867	-1.743	0.931	126.975349	37.295891
1685512311776	1685512311769	-6.756	-3.558	1.374	-0.561	0.463	2.107	1.776	-1.865	1.346	126.975349	37.295891
1685512311789	1685512311776	-6.438	-3.582	1.338	-0.649	0.496	1.979	2.456	-2.073	1.695	126.975349	37.295891
1685512311798	1685512311789	-6.404	-3.788	1.286	-0.744	0.624	1.720	2.947	-2.284	1.951	126.975349	37.295891
1685512311808	1685512311798	-6.469	-3.994	1.255	-0.744	0.624	1.720	3.282	-2.483	1.966	126.975349	37.295891
1685512311819	1685512311808	-6.519	-3.948	1.226	-0.745	0.659	1.636	3.330	-2.880	1.987	126.975349	37.295891
1685512311830	1685512311819	-6.694	-3.876	1.235	-0.716	0.657	1.585	3.275	-3.242	2.016	126.975349	37.295891
1685512311838	1685512311831	-6.886	-3.936	1.231	-0.665	0.637	1.559	3.230	-3.361	2.057	126.975349	37.295891
1685512311852	1685512311838	-7.183	-3.804	1.343	-0.623	0.611	1.537	3.057	-3.450	2.133	126.975349	37.295891
1685512311855	1685512311852	-7.628	-3.816	1.298	-0.621	0.593	1.508	2.866	-3.685	2.200	126.975349	37.295891
1685512311882	1685512311857	-7.913	-3.843	1.094	-0.650	0.579	1.475	2.567	-3.692	2.368	126.975349	37.295891
1685512311883	1685512311883	-8.262	-3.852	1.030	-0.694	0.557	1.449	2.114	-3.857	2.380	126.975349	37.295891
1685512311890	1685512311883	-8.514	-3.967	1.063	-0.753	0.529	1.451	1.822	-4.034	2.231	126.975349	37.295891
1685512311897	1685512311890	-8.890	-4.180	1.034	-0.925	0.452	1.445	1.460	-4.195	2.219	126.975349	37.295891
1685512311908	1685512311897	-9.148	-4.243	0.998	-0.925	0.452	1.445	1.197	-4.458	2.301	126.975349	37.295891
1685512311918	1685512311908	-9.340	-4.393	1.039	-1.009	0.432	1.439	0.804	-4.855	2.318	126.975349	37.295891
1685512311927	1685512311918	-9.469	-4.506	1.113	-1.064	0.406	1.461	0.534	-5.040	2.313	126.975349	37.295891
1685512311936	1685512311927	-9.431	-4.580	1.204	-1.096	0.356	1.488	0.323	-5.341	2.387	126.975349	37.295891
1685512311948	1685512311937	-9.443	-4.676	1.247	-1.117	0.315	1.488	0.172	-5.610	2.488	126.975349	37.295891
1685512311956	1685512311948	-9.661	-4.800	1.176	-1.122	0.299	1.470	0.189	-5.844	2.600	126.975349	37.295891
1685512311966	1685512311956	-9.979	-4.889	1.271	-1.122	0.298	1.426	0.153	-6.098	2.660	126.975349	37.295891
1685512311977	1685512311966	-10.297	-5.066	1.317	-1.120	0.308	1.354	-0.079	-6.340	2.579	126.975349	37.295891
1685512311987	1685512311977	-10.645	-5.109	1.602	-1.125	0.315	1.274	-0.414	-6.527	2.667	126.975349	37.295891
1685512311996	1685512311988	-10.839	-5.344	1.810	-1.128	0.321	1.194	-0.754	-6.823	2.713	126.975349	37.295891
1685512312009	1685512311997	-10.834	-5.488	1.956	-1.091	0.329	1.128	-1.125	-6.996	3.005	126.975349	37.295891
1685512312018	1685512312009	-10.942	-5.650	1.973	-1.010	0.326	1.078	-1.350	-7.372	3.223	126.975349	37.295891
1685512312029	1685512312018	-10.645	-5.784	1.963	-0.883	0.319	1.034	-1.372	-7.626	3.376	126.975349	37.295891
1685512312038	1685512312029	-10.573	-5.531	1.820	-0.689	0.318	0.997	-1.511	-7.918	3.402	126.975349	37.295891
1685512312050	1685512312038	-10.319	-5.341	1.707	-0.535	0.292	0.929	-1.240	-8.150	3.402	126.975349	37.295891
1685512312058	1685512312051	-10.506	-5.418	1.578	-0.485	0.236	0.831	-1.197	-7.999	3.270	126.975349	37.295891
1685512312091	1685512312058	-11.296	-5.772	1.583	-0.500	0.232	0.711	-0.970	-7.906	3.172	126.975349	37.295891
1685512312091	1685512312091	-12.335	-5.964	1.652	-0.556	0.290	0.541	-1.183	-8.066	3.053	126.975349	37.295891
1685512312092	1685512312092	-12.938	-6.000	1.647	-0.578	0.368	0.345	-1.994	-8.495	3.065	126.975349	37.295891
1685512312097	1685512312092	-13.096	-6.144	1.796	-0.530	0.402	0.184	-3.055	-8.751	3.148	126.975349	37.295891
1685512312105	1685512312097	-12.706	-6.244	2.045	-0.428	0.357	0.094	-3.673	-8.823	3.158	126.975349	37.295891
1685512312117	1685512312106	-11.456	-6.100	2.126	-0.266	0.266	0.053	-3.843	-8.995	3.333	126.975349	37.295891
1685512312134	1685512312117	-10.108	-6.031	2.126	-0.049	0.148	0.024	-3.460	-9.110	3.601	126.975349	37.295891
1685512312135	1685512312135	-9.155	-5.914	1.966	0.191	0.021	-0.002	-2.215	-8.973	3.699	126.975349	37.295891
1685512312144	1685512312135	-8.940	-5.856	1.805	0.392	-0.073	-0.076	-0.869	-8.909	3.711	126.975349	37.295891
1685512312154	1685512312145	-9.586	-5.835	1.731	0.547	-0.082	-0.243	0.081	-8.787	3.558	126.975349	37.295891
1685512312165	1685512312154	-10.805	-5.863	1.659	0.711	-0.004	-0.498	0.299	-8.717	3.402	126.975349	37.295891
1685512312174	1685512312165	-12.012	-5.895	1.678	0.910	0.111	-0.778	-0.338	-8.665	3.335	126.975349	37.295891
1685512312186	1685512312175	-13.024	-5.559	1.398	1.145	0.175	-1.009	-1.542	-8.636	3.282	126.975349	37.295891
1685512312194	1685512312187	-13.537	-5.344	1.152	1.374	0.137	-1.163	-2.729	-8.581	3.338	126.975349	37.295891
1685512312204	1685512312194	-13.613	-5.286	0.838	1.559	0.024	-1.256	-3.721	-8.131	3.103	126.975349	37.295891
1685512312214	1685512312204	-13.324	-5.267	0.611	1.681	-0.122	-1.313	-4.199	-7.757	2.914	126.975349	37.295891
1685512312224	1685512312214	-12.713	-4.997	0.532	1.750	-0.281	-1.352	-4.254	-7.582	2.631	126.975349	37.295891
1685512312236	1685512312225	-12.136	-4.683	0.433	1.774	-0.437	-1.387	-3.931	-7.410	2.430	126.975357	37.295887
1685512312246	1685512312236	-11.636	-4.319	0.553	1.754	-0.582	-1.429	-3.287	-6.981	2.361	126.975357	37.295887
1685512312254	1685512312246	-11.186	-4.111	0.654	1.674	-0.704	-1.504	-2.677	-6.503	2.253	126.975357	37.295887
1685512312265	1685512312254	-10.788	-3.757	0.694	1.537	-0.790	-1.620	-2.140	-5.974	2.349	126.975357	37.295887
1685512312274	1685512312265	-10.597	-3.457	0.869	1.356	-0.847	-1.772	-1.652	-5.574	2.404	126.975357	37.295887
1685512312286	1685512312274	-10.314	-3.091	0.608	1.126	-0.897	-1.946	-1.221	-5.057	2.397	126.975357	37.295887
1685512312295	1685512312286	-10.048	-2.983	0.476	0.852	-0.955	-2.132	-0.994	-4.563	2.507	126.975357	37.295887
1685512312307	1685512312295	-9.555	-2.871	0.414	0.540	-1.021	-2.310	-0.678	-3.994	2.172	126.975357	37.295887
1685512312315	1685512312307	-9.069	-3.077	0.362	0.198	-1.106	-2.476	-0.378	-3.644	1.944	126.975357	37.295887
1685512312326	1685512312315	-8.796	-3.203	0.326	-0.132	-1.184	-2.624	0.139	-3.323	1.796	126.975357	37.295887
1685512312336	1685512312327	-8.653	-3.230	0.254	-0.389	-1.222	-2.757	0.649	-3.261	1.626	126.975357	37.295887
1685512312346	1685512312336	-8.471	-3.338	0.175	-0.574	-1.246	-2.876	0.936	-3.160	1.487	126.975357	37.295887
1685512312356	1685512312347	-8.375	-3.486	0.129	-0.683	-1.255	-2.974	1.089	-2.923	1.295	126.975357	37.295887
1685512312368	1685512312356	-8.349	-3.663	0.220	-0.706	-1.223	-3.052	1.271	-2.756	1.099	126.975357	37.295887
1685512312377	1685512312368	-8.365	-3.618	0.041	-0.649	-1.183	-3.114	1.355	-2.619	0.936	126.975357	37.295887
1685512312389	1685512312377	-8.595	-3.589	-0.024	-0.502	-1.119	-3.162	1.360	-2.507	0.915	126.975357	37.295887
1685512312396	1685512312389	-8.689	-3.338	-0.235	-0.287	-1.045	-3.178	1.307	-2.133	0.618	126.975357	37.295887
1685512312409	1685512312398	-8.638	-3.129	-0.254	-0.054	-0.992	-3.145	1.030	-1.784	0.443	126.975357	37.295887
1685512312419	1685512312409	-8.447	-2.974	-0.366	0.158	-0.985	-3.063	0.860	-1.144	0.103	126.975357	37.295887
1685512312431	1685512312419	-8.301	-3.010	-0.381	0.326	-0.993	-2.950	0.836	-0.622	-0.014	126.975357	37.295887
1685512312439	1685512312431	-8.377	-3.012	-0.457	0.450	-0.983	-2.825	0.939	-0.144	-0.237	126.975357	37.295887
1685512312450	1685512312439	-8.540	-3.017	-0.364	0.530	-0.943	-2.702	0.991	0.115	-0.359	126.975357	37.295887
1685512312463	1685512312450	-8.775	-2.878	-0.421	0.573	-0.881	-2.578	0.802	0.426	-0.560	126.975357	37.295887
1685512312466	1685512312463	-8.782	-2.851	-0.472	0.585	-0.827	-2.435	0.565	0.611	-0.539	126.975357	37.295887
1685512312480	1685512312467	-8.861	-2.787	-0.369	0.573	-0.793	-2.265	0.227	0.989	-0.692	126.975357	37.295887
1685512312489	1685512312480	-8.966	-2.830	-0.438	0.540	-0.772	-2.082	0.144	1.185	-0.812	126.975357	37.295887
1685512312499	1685512312490	-9.050	-2.667	-0.500	0.497	-0.739	-1.906	-0.012	1.415	-0.778	126.975357	37.295887
1685512312508	1685512312499	-9.091	-2.538	-0.534	0.450	-0.687	-1.739	-0.189	1.513	-0.910	126.975357	37.295887
1685512312517	1685512312508	-9.136	-2.555	-0.654	0.385	-0.637	-1.564	-0.354	1.827	-1.044	126.975357	37.295887
1685512312527	1685512312517	-9.297	-2.660	-0.663	0.303	-0.590	-1.382	-0.431	2.023	-1.109	126.975357	37.295887
1685512312537	1685512312529	-9.512	-2.653	-0.682	0.227	-0.517	-1.205	-0.532	2.102	-1.276	126.975357	37.295887
1685512312549	1685512312537	-9.639	-2.823	-0.644	0.177	-0.437	-1.029	-0.723	2.049	-1.310	126.975357	37.295887
1685512312557	1685512312549	-9.720	-2.904	-0.632	0.162	-0.365	-0.847	-0.965	2.102	-1.348	126.975357	37.295887
1685512312567	1685512312557	-9.869	-2.844	-0.644	0.166	-0.292	-0.667	-1.106	1.958	-1.317	126.975357	37.295887
1685512312577	1685512312567	-10.250	-2.804	-0.692	0.177	-0.209	-0.491	-1.202	1.901	-1.312	126.975357	37.295887
1685512312588	1685512312577	-10.819	-2.818	-0.824	0.199	-0.110	-0.308	-1.346	1.951	-1.314	126.975357	37.295887
1685512312597	1685512312588	-11.487	-2.935	-0.946	0.221	0.020	-0.117	-1.721	1.985	-1.355	126.975357	37.295887
1685512312609	1685512312597	-12.143	-2.899	-1.101	0.233	0.170	0.083	-2.282	1.956	-1.482	126.975357	37.295887
1685512312617	1685512312610	-12.412	-3.081	-1.173	0.226	0.290	0.314	-2.940	1.822	-1.597	126.975357	37.295887
1685512312628	1685512312617	-12.210	-3.275	-1.053	0.197	0.363	0.593	-3.594	1.851	-1.750	126.975357	37.295887
1685512312636	1685512312628	-11.392	-3.371	-0.749	0.149	0.406	0.907	-3.840	1.635	-1.805	126.975357	37.295887
1685512312646	1685512312636	-10.139	-3.373	-0.373	0.098	0.413	1.228	-3.615	1.398	-1.666	126.975357	37.295887
1685512312659	1685512312646	-9.234	-3.469	0.045	0.056	0.403	1.527	-2.753	1.223	-1.334	126.975357	37.295887
1685512312676	1685512312659	-8.792	-3.697	0.453	0.039	0.456	1.769	-1.441	1.116	-0.927	126.975357	37.295887
1685512312696	1685512312676	-8.959	-3.768	0.864	0.053	0.613	1.897	-0.460	0.871	-0.472	126.975357	37.295887
1685512312696	1685512312696	-9.500	-3.943	1.003	0.090	0.817	1.900	0.050	0.505	-0.031	126.975357	37.295887
1685512312696	1685512312696	-10.396	-3.857	1.073	0.180	1.029	1.837	-0.017	0.230	0.443	126.975357	37.295887
1685512312705	1685512312697	-11.202	-3.816	1.087	0.335	1.249	1.789	-0.496	-0.079	0.637	126.975357	37.295887
1685512312715	1685512312705	-11.698	-3.601	0.965	0.520	1.407	1.775	-1.305	-0.194	0.809	126.975357	37.295887
1685512312727	1685512312715	-11.631	-3.572	0.785	0.674	1.464	1.787	-2.059	-0.285	0.905	126.975357	37.295887
1685512312736	1685512312727	-11.243	-3.491	0.512	0.761	1.427	1.833	-2.485	-0.249	0.905	126.975357	37.295887
1685512312746	1685512312736	-10.609	-3.433	0.244	0.778	1.328	1.913	-2.365	-0.369	0.828	126.975357	37.295887
1685512312755	1685512312746	-9.867	-3.230	-0.002	0.738	1.206	1.999	-1.911	-0.491	0.687	126.975357	37.295887
1685512312765	1685512312755	-9.282	-3.127	-0.139	0.643	1.079	2.054	-1.233	-0.575	0.500	126.975357	37.295887
1685512312775	1685512312765	-8.784	-3.017	-0.065	0.496	0.972	2.078	-0.436	-0.575	0.354	126.975357	37.295887
1685512312786	1685512312775	-8.229	-2.959	0.215	0.302	0.874	2.079	0.192	-0.646	0.294	126.975357	37.295887
1685512312794	1685512312787	-7.568	-2.933	0.634	0.070	0.778	2.060	0.737	-0.749	0.457	126.975357	37.295887
1685512312805	1685512312795	-7.049	-3.165	1.022	-0.172	0.693	2.018	1.331	-0.869	0.807	126.975357	37.295887
1685512312814	1685512312805	-6.680	-3.170	1.324	-0.384	0.645	1.956	2.037	-1.099	1.322	126.975357	37.295887
1685512312825	1685512312814	-6.445	-3.158	1.496	-0.542	0.648	1.875	2.579	-1.468	1.760	126.975357	37.295887
1685512312835	1685512312825	-6.342	-3.256	1.444	-0.646	0.688	1.789	2.976	-1.683	2.136	126.975357	37.295887
1685512312846	1685512312836	-6.263	-3.349	1.413	-0.717	0.731	1.715	3.230	-1.839	2.370	126.975357	37.295887
1685512312855	1685512312846	-6.330	-3.519	1.413	-0.779	0.772	1.659	3.349	-2.133	2.401	126.975357	37.295887
1685512312867	1685512312856	-6.483	-3.598	1.334	-0.828	0.801	1.625	3.438	-2.385	2.440	126.975357	37.295887
1685512312877	1685512312868	-6.766	-3.682	1.374	-0.850	0.820	1.609	3.378	-2.758	2.538	126.975357	37.295887
1685512312887	1685512312877	-7.142	-3.728	1.460	-0.842	0.823	1.610	3.227	-2.971	2.526	126.975357	37.295887
1685512312896	1685512312887	-7.575	-3.783	1.499	-0.819	0.817	1.621	2.942	-3.237	2.660	126.975357	37.295887
1685512312908	1685512312897	-7.934	-3.859	1.494	-0.787	0.811	1.636	2.562	-3.433	2.820	126.975357	37.295887
1685512312916	1685512312908	-8.365	-3.733	1.439	-0.760	0.812	1.649	2.119	-3.692	2.954	126.975357	37.295887
1685512312927	1685512312917	-8.770	-3.859	1.499	-0.749	0.795	1.671	1.748	-3.922	3.021	126.975357	37.295887
1685512312937	1685512312927	-9.076	-3.864	1.451	-0.767	0.757	1.701	1.300	-3.984	3.053	126.975357	37.295887
1685512312947	1685512312937	-9.301	-3.972	1.393	-0.806	0.716	1.729	0.879	-4.266	3.179	126.975357	37.295887
1685512312957	1685512312947	-9.510	-4.221	1.410	-0.867	0.660	1.758	0.551	-4.448	3.201	126.975357	37.295887
1685512312968	1685512312958	-9.677	-4.393	1.484	-0.947	0.605	1.785	0.302	-4.738	3.206	126.975357	37.295887
1685512312977	1685512312969	-9.835	-4.444	1.544	-1.019	0.558	1.800	0.065	-5.171	3.278	126.975357	37.295887
1685512312989	1685512312978	-9.998	-4.496	1.676	-1.063	0.540	1.791	-0.129	-5.533	3.400	126.975357	37.295887
1685512312998	1685512312989	-10.185	-4.640	1.697	-1.101	0.522	1.769	-0.323	-5.792	3.505	126.975357	37.295887
1685512313009	1685512312999	-10.537	-4.786	1.697	-1.135	0.507	1.731	-0.520	-6.017	3.670	126.975357	37.295887
1685512313020	1685512313011	-10.906	-4.966	1.721	-1.164	0.514	1.671	-0.749	-6.369	3.725	126.975357	37.295887
1685512313030	1685512313020	-11.219	-4.975	1.879	-1.172	0.541	1.593	-1.132	-6.658	3.737	126.975357	37.295887
1685512313040	1685512313031	-11.325	-5.174	2.018	-1.147	0.552	1.510	-1.542	-7.013	3.783	126.975357	37.295887
1685512313049	1685512313041	-11.394	-5.428	2.097	-1.087	0.550	1.436	-1.901	-7.197	3.967	126.975357	37.295887
1685512313064	1685512313050	-11.241	-5.547	2.145	-0.982	0.534	1.368	-2.057	-7.575	4.132	126.975357	37.295887
1685512313068	1685512313064	-10.965	-5.605	2.265	-0.833	0.514	1.297	-2.169	-7.970	4.233	126.975357	37.295887
1685512313092	1685512313068	-10.973	-5.420	2.126	-0.665	0.491	1.214	-2.064	-8.236	4.305	126.975357	37.295887
1685512313093	1685512313092	-10.977	-5.449	2.011	-0.512	0.467	1.122	-1.834	-8.430	4.448	126.975357	37.295887
1685512313102	1685512313093	-11.442	-5.514	1.894	-0.386	0.445	1.016	-1.887	-8.373	4.336	126.975357	37.295887
1685512313107	1685512313102	-12.122	-5.552	1.772	-0.308	0.435	0.883	-1.937	-8.514	4.247	126.975357	37.295887
1685512313118	1685512313108	-12.737	-5.741	1.793	-0.264	0.459	0.723	-2.452	-8.698	4.164	126.975357	37.295887
1685512313126	1685512313118	-12.962	-5.775	1.875	-0.215	0.472	0.563	-3.163	-8.806	4.065	126.975357	37.295887
1685512313135	1685512313127	-12.795	-5.746	2.097	-0.154	0.415	0.434	-3.812	-9.067	4.118	126.975357	37.295887
1685512313147	1685512313135	-11.978	-5.868	2.219	-0.087	0.296	0.336	-4.068	-9.155	4.235	126.975357	37.295887
1685512313156	1685512313148	-10.755	-5.787	2.217	-0.002	0.138	0.259	-3.924	-9.167	4.489	126.975357	37.295887
1685512313165	1685512313156	-9.639	-5.703	2.071	0.097	-0.044	0.180	-3.127	-9.323	4.635	126.975357	37.295887
1685512313175	1685512313166	-9.052	-5.727	1.822	0.194	-0.220	0.073	-1.915	-9.266	4.645	126.975357	37.295887
1685512313186	1685512313175	-9.155	-5.725	1.607	0.303	-0.305	-0.079	-0.804	-9.194	4.499	126.975357	37.295887
1685512313195	1685512313186	-10.233	-5.689	1.671	0.432	-0.279	-0.290	-0.215	-9.220	4.238	126.975357	37.295887
1685512313206	1685512313195	-11.717	-5.861	1.578	0.580	-0.182	-0.550	-0.309	-9.203	4.005	126.975357	37.295887
1685512313215	1685512313206	-12.979	-5.906	1.389	0.750	-0.076	-0.803	-1.367	-9.127	4.058	126.975357	37.295887
1685512313225	1685512313215	-13.862	-5.863	1.080	0.936	-0.064	-0.997	-2.832	-9.244	3.970	126.975357	37.295887
1685512313237	1685512313225	-14.102	-5.641	0.723	1.118	-0.180	-1.117	-4.063	-9.191	3.800	126.975357	37.295879
1685512313245	1685512313237	-13.949	-5.420	0.409	1.278	-0.357	-1.175	-4.915	-9.048	3.512	126.975357	37.295879
1685512313255	1685512313245	-13.487	-5.169	0.211	1.393	-0.544	-1.197	-5.116	-8.698	3.175	126.975357	37.295879
1685512313266	1685512313255	-12.783	-4.875	0.148	1.445	-0.729	-1.219	-4.918	-8.339	2.868	126.975357	37.295879
1685512313275	1685512313266	-11.966	-4.669	0.213	1.423	-0.930	-1.266	-4.410	-7.946	2.658	126.975357	37.295879
1685512313289	1685512313275	-11.145	-4.403	0.184	1.338	-1.108	-1.345	-3.654	-7.503	2.569	126.975357	37.295879
1685512313295	1685512313290	-10.602	-4.063	0.180	1.205	-1.224	-1.465	-2.777	-7.132	2.581	126.975357	37.295879
1685512313306	1685512313295	-10.197	-3.788	0.306	1.041	-1.273	-1.632	-1.903	-6.728	2.488	126.975357	37.295879
1685512313316	1685512313306	-9.790	-3.615	0.280	0.866	-1.280	-1.837	-1.293	-6.208	2.387	126.975357	37.295879
1685512313327	1685512313316	-9.402	-3.448	0.342	0.683	-1.274	-2.060	-0.833	-5.775	2.428	126.975357	37.295879
1685512313336	1685512313327	-9.246	-3.412	0.352	0.502	-1.256	-2.285	-0.366	-5.413	2.296	126.975357	37.295879
1685512313347	1685512313336	-9.131	-3.433	0.280	0.335	-1.225	-2.505	0.081	-5.037	2.251	126.975357	37.295879
1685512313357	1685512313347	-9.029	-3.464	0.180	0.187	-1.195	-2.707	0.299	-4.750	2.136	126.975357	37.295879
1685512313367	1685512313357	-9.108	-3.486	0.067	0.073	-1.159	-2.887	0.460	-4.551	1.963	126.975357	37.295879
1685512313378	1685512313367	-9.045	-3.524	-0.007	-0.009	-1.126	-3.037	0.608	-4.319	1.750	126.975357	37.295879
1685512313390	1685512313378	-9.062	-3.567	-0.136	-0.046	-1.107	-3.153	0.567	-4.061	1.525	126.975357	37.295879
1685512313398	1685512313390	-8.959	-3.503	-0.275	-0.039	-1.086	-3.239	0.658	-3.804	1.341	126.975357	37.295879
1685512313408	1685512313398	-8.890	-3.436	-0.412	0.009	-1.064	-3.294	0.661	-3.543	1.104	126.975357	37.295879
1685512313418	1685512313408	-8.720	-3.323	-0.481	0.086	-1.045	-3.319	0.771	-3.100	0.838	126.975357	37.295879
1685512313430	1685512313418	-8.586	-3.194	-0.484	0.182	-1.015	-3.317	0.836	-2.765	0.615	126.975357	37.295879
1685512313440	1685512313430	-8.516	-3.187	-0.520	0.286	-0.981	-3.293	0.986	-2.308	0.436	126.975357	37.295879
1685512313451	1685512313441	-8.428	-3.026	-0.433	0.387	-0.938	-3.253	1.087	-1.822	0.321	126.975357	37.295879
1685512313469	1685512313451	-8.442	-2.945	-0.510	0.485	-0.892	-3.191	1.106	-1.448	0.172	126.975357	37.295879
1685512313470	1685512313469	-8.452	-2.859	-0.496	0.563	-0.845	-3.106	1.128	-0.919	0.146	126.975357	37.295879
1685512313488	1685512313470	-8.543	-2.789	-0.524	0.607	-0.803	-3.003	1.027	-0.455	-0.045	126.975357	37.295879
1685512313489	1685512313489	-8.741	-2.713	-0.431	0.612	-0.756	-2.878	0.939	-0.069	-0.122	126.975357	37.295879
1685512313500	1685512313489	-8.818	-2.789	-0.362	0.580	-0.704	-2.732	0.757	0.297	-0.242	126.975357	37.295879
1685512313509	1685512313500	-9.038	-2.761	-0.254	0.534	-0.657	-2.563	0.467	0.642	-0.237	126.975357	37.295879
1685512313520	1685512313509	-9.182	-2.813	-0.237	0.485	-0.619	-2.379	0.292	0.826	-0.249	126.975357	37.295879
1685512313529	1685512313520	-9.234	-2.758	-0.261	0.439	-0.593	-2.178	-0.002	1.041	-0.201	126.975357	37.295879
1685512313538	1685512313529	-9.445	-2.758	-0.204	0.387	-0.571	-1.963	-0.232	1.190	-0.251	126.975357	37.295879
1685512313547	1685512313538	-9.622	-2.794	-0.160	0.319	-0.536	-1.746	-0.345	1.377	-0.321	126.975357	37.295879
1685512313558	1685512313548	-9.986	-2.801	-0.194	0.243	-0.487	-1.541	-0.613	1.496	-0.311	126.975357	37.295879
1685512313569	1685512313559	-10.290	-2.832	-0.278	0.177	-0.443	-1.339	-0.836	1.551	-0.306	126.975357	37.295879
1685512313579	1685512313569	-10.647	-2.722	-0.438	0.130	-0.407	-1.142	-1.231	1.607	-0.369	126.975357	37.295879
1685512313590	1685512313580	-10.640	-2.497	-0.654	0.086	-0.376	-0.954	-1.566	1.633	-0.481	126.975357	37.295879
1685512313600	1685512313591	-10.190	-2.392	-0.752	0.020	-0.384	-0.761	-1.954	1.803	-0.673	126.975357	37.295879
1685512313610	1685512313600	-9.883	-2.456	-0.759	-0.079	-0.437	-0.555	-1.968	2.066	-0.910	126.975357	37.295879
1685512313620	1685512313610	-9.914	-2.526	-0.766	-0.202	-0.463	-0.349	-1.544	2.222	-1.037	126.975357	37.295879
1685512313631	1685512313621	-10.460	-2.746	-0.711	-0.313	-0.395	-0.181	-1.250	2.179	-1.068	126.975357	37.295879
1685512313640	1685512313631	-11.277	-2.777	-0.749	-0.401	-0.246	-0.038	-1.288	2.121	-1.097	126.975357	37.295879
1685512313648	1685512313640	-11.873	-2.952	-0.788	-0.463	-0.070	0.121	-1.834	1.896	-1.053	126.975357	37.295879
1685512313671	1685512313648	-11.918	-3.045	-0.812	-0.500	0.066	0.332	-2.646	1.858	-1.089	126.975357	37.295879
1685512313673	1685512313672	-11.365	-3.151	-0.706	-0.516	0.130	0.613	-3.237	1.676	-1.116	126.975357	37.295879
1685512313687	1685512313673	-10.235	-3.261	-0.390	-0.520	0.143	0.944	-3.268	1.556	-1.111	126.975357	37.295879
1685512313689	1685512313687	-9.129	-3.417	-0.108	-0.513	0.147	1.278	-2.686	1.398	-0.970	126.975357	37.295879
1685512313698	1685512313692	-8.267	-3.651	0.340	-0.487	0.182	1.558	-1.513	1.209	-0.618	126.975357	37.295879
1685512313707	1685512313698	-8.095	-3.768	0.711	-0.439	0.293	1.748	-0.350	0.941	-0.299	126.975357	37.295879
1685512313716	1685512313707	-8.480	-3.785	0.922	-0.360	0.475	1.830	0.596	0.529	0.194	126.975357	37.295879
1685512313726	1685512313718	-9.412	-3.761	1.001	-0.225	0.699	1.817	0.821	0.304	0.596	126.975357	37.295879
1685512313736	1685512313727	-10.475	-3.460	0.814	-0.011	0.949	1.776	0.515	0.108	0.869	126.975357	37.295879
1685512313747	1685512313736	-11.372	-3.096	0.491	0.246	1.185	1.763	-0.352	-0.014	1.013	126.975357	37.295879
1685512313756	1685512313747	-12.036	-2.954	0.302	0.467	1.340	1.781	-1.343	0.108	0.922	126.975357	37.295879
1685512313768	1685512313757	-12.206	-3.141	0.036	0.610	1.366	1.822	-2.188	0.326	0.687	126.975357	37.295879
1685512313777	1685512313768	-11.751	-3.364	-0.074	0.662	1.289	1.892	-2.784	0.271	0.630	126.975357	37.295879
1685512313789	1685512313778	-10.910	-3.491	-0.156	0.635	1.141	2.005	-2.914	-0.045	0.448	126.975357	37.295879
1685512313797	1685512313790	-10.137	-3.400	-0.093	0.563	0.960	2.139	-2.401	-0.460	0.450	126.975357	37.295879
1685512313807	1685512313798	-9.582	-3.144	0.031	0.464	0.808	2.261	-1.516	-0.752	0.448	126.975357	37.295879
1685512313816	1685512313808	-9.184	-3.033	0.309	0.331	0.710	2.351	-0.682	-0.898	0.601	126.975357	37.295879
1685512313827	1685512313816	-8.729	-3.112	0.582	0.136	0.655	2.404	-0.089	-0.812	0.778	126.975357	37.295879
1685512313837	1685512313827	-8.363	-3.282	0.845	-0.114	0.634	2.412	0.362	-0.967	1.128	126.975357	37.295879
1685512313847	1685512313837	-7.793	-3.232	1.132	-0.367	0.626	2.379	0.852	-1.228	1.448	126.975357	37.295879
1685512313861	1685512313848	-7.456	-3.244	1.183	-0.577	0.619	2.321	1.257	-1.654	1.781	126.975357	37.295879
1685512313869	1685512313861	-7.223	-3.292	1.274	-0.726	0.623	2.260	1.856	-1.815	2.128	126.975357	37.295879
1685512313878	1685512313869	-7.077	-3.438	1.216	-0.834	0.641	2.206	2.219	-2.081	2.253	126.975357	37.295879
1685512313889	1685512313878	-7.029	-3.596	1.188	-0.918	0.668	2.154	2.468	-2.354	2.411	126.975357	37.295879
1685512313898	1685512313890	-7.161	-3.749	1.051	-0.968	0.699	2.099	2.626	-2.746	2.430	126.975357	37.295879
1685512313908	1685512313898	-7.254	-3.783	0.929	-0.985	0.706	2.048	2.677	-3.103	2.464	126.975357	37.295879
1685512313917	1685512313909	-7.350	-3.558	0.783	-0.980	0.701	1.998	2.545	-3.496	2.406	126.975357	37.295879
1685512313929	1685512313918	-7.599	-3.627	0.704	-0.974	0.683	1.952	2.444	-3.721	2.349	126.975357	37.295879
