1685512434114	1685512434114	-8.674	-3.254	1.784	-1.712	0.308	2.715	-1.279	0.275	0.472	126.974586	37.294987
1685512434120	1685512434114	-7.781	-3.563	1.932	-2.220	0.184	2.584	-0.273	-0.223	0.769	126.974586	37.294987
1685512434129	1685512434120	-7.197	-3.699	2.167	-2.619	0.087	2.425	0.790	-0.761	1.235	126.974586	37.294987
1685512434139	1685512434129	-6.840	-3.977	2.346	-2.871	0.053	2.253	1.741	-1.281	1.446	126.974586	37.294987
1685512434149	1685512434139	-6.723	-4.254	2.318	-2.969	0.055	2.104	2.377	-1.638	1.748	126.974586	37.294987
1685512434161	1685512434149	-6.761	-4.243	2.059	-2.910	0.055	1.984	2.780	-2.121	1.987	126.974586	37.294987
1685512434169	1685512434162	-6.754	-4.187	1.810	-2.761	0.028	1.877	2.933	-2.593	2.016	126.974586	37.294987
1685512434179	1685512434169	-6.680	-4.451	1.549	-2.586	-0.021	1.783	2.926	-2.765	1.810	126.974586	37.294987
1685512434189	1685512434179	-6.752	-5.248	1.444	-2.407	-0.099	1.695	2.964	-2.921	1.609	126.974586	37.294987
1685512434199	1685512434189	-6.756	-4.939	1.279	-2.156	-0.149	1.602	3.055	-3.318	1.369	126.974586	37.294987
1685512434209	1685512434199	-6.852	-4.252	1.341	-1.883	-0.183	1.503	3.002	-4.276	1.281	126.974586	37.294987
1685512434220	1685512434209	-6.970	-4.204	1.365	-1.707	-0.214	1.480	3.012	-4.120	1.120	126.974586	37.294987
1685512434229	1685512434220	-7.226	-4.379	1.480	-1.567	-0.243	1.511	2.923	-3.548	1.166	126.974586	37.294987
1685512434239	1685512434229	-7.422	-4.520	1.413	-1.504	-0.255	1.462	2.813	-3.620	1.171	126.974586	37.294987
1685512434249	1685512434239	-7.779	-4.745	1.329	-1.534	-0.243	1.338	2.567	-3.955	1.269	126.974586	37.294987
1685512434263	1685512434249	-8.305	-5.049	1.944	-1.605	-0.235	1.238	2.373	-4.221	1.185	126.974586	37.294987
1685512434269	1685512434263	-8.847	-4.846	1.786	-1.614	-0.203	1.214	2.018	-4.575	1.080	126.974564	37.294998
1685512434282	1685512434269	-8.715	-4.908	1.006	-1.547	-0.202	1.229	1.494	-4.997	1.676	126.974564	37.294998
1685512434289	1685512434282	-8.636	-5.183	0.955	-1.520	-0.288	1.208	0.950	-4.884	1.484	126.974564	37.294998
1685512434299	1685512434289	-8.696	-5.291	1.120	-1.476	-0.235	1.156	1.082	-5.001	0.670	126.974564	37.294998
1685512434309	1685512434300	-8.933	-5.653	1.334	-1.345	-0.173	1.159	1.156	-5.401	0.587	126.974564	37.294998
1685512434320	1685512434310	-9.292	-5.748	1.530	-1.157	-0.144	1.166	1.094	-5.605	0.728	126.974564	37.294998
1685512434330	1685512434321	-9.742	-5.868	1.626	-1.004	-0.081	1.064	0.852	-6.074	0.919	126.974564	37.294998
1685512434342	1685512434330	-10.003	-5.868	1.566	-0.848	-0.022	0.935	0.488	-6.213	1.082	126.974564	37.294998
1685512434350	1685512434342	-10.096	-5.804	1.650	-0.635	0.046	0.865	0.036	-6.383	1.156	126.974564	37.294998
1685512434360	1685512434350	-10.094	-5.729	1.614	-0.396	0.099	0.826	-0.227	-6.443	1.085	126.974564	37.294998
1685512434370	1685512434360	-10.106	-5.600	1.578	-0.166	0.127	0.775	-0.326	-6.462	1.168	126.974564	37.294998
1685512434379	1685512434371	-10.257	-5.495	1.618	0.001	0.148	0.707	-0.328	-6.460	1.140	126.974564	37.294998
1685512434389	1685512434380	-10.609	-5.504	1.599	0.106	0.182	0.627	-0.347	-6.412	1.116	126.974564	37.294998
1685512434401	1685512434390	-11.313	-5.511	1.506	0.172	0.213	0.523	-0.503	-6.369	1.168	126.974564	37.294998
1685512434409	1685512434401	-12.433	-5.784	1.516	0.167	0.264	0.375	-0.860	-6.440	1.168	126.974564	37.294998
1685512434420	1685512434410	-13.364	-5.969	1.532	0.121	0.348	0.184	-1.568	-6.498	1.097	126.974564	37.294998
1685512434430	1685512434420	-13.927	-6.117	1.535	0.094	0.412	-0.012	-2.691	-6.812	1.137	126.974564	37.294998
1685512434440	1685512434431	-13.661	-6.177	1.925	0.095	0.414	-0.161	-3.622	-7.013	1.185	126.974564	37.294998
1685512434449	1685512434440	-12.433	-6.146	2.241	0.110	0.359	-0.261	-4.185	-7.161	1.233	126.974564	37.294998
1685512434464	1685512434450	-10.460	-5.997	2.334	0.176	0.261	-0.334	-3.917	-7.207	1.662	126.974564	37.294998
1685512434469	1685512434464	-8.950	-5.892	2.358	0.313	0.123	-0.404	-2.684	-7.149	2.016	126.974564	37.294998
1685512434480	1685512434469	-8.447	-5.765	2.260	0.472	0.023	-0.507	-0.706	-6.970	2.136	126.974564	37.294998
1685512434490	1685512434480	-9.361	-5.897	2.018	0.613	0.034	-0.706	0.807	-6.814	2.179	126.974564	37.294998
1685512434501	1685512434490	-11.143	-5.883	2.030	0.749	0.161	-1.013	1.314	-6.653	2.085	126.974564	37.294998
1685512434510	1685512434501	-13.017	-5.940	2.073	0.907	0.320	-1.359	0.405	-6.711	1.851	126.974564	37.294998
1685512434521	1685512434510	-14.293	-5.751	1.889	1.082	0.398	-1.614	-1.367	-6.608	1.884	126.974564	37.294998
1685512434530	1685512434522	-14.851	-5.600	1.324	1.244	0.337	-1.741	-3.232	-6.522	1.968	126.974564	37.294998
1685512434540	1685512434530	-14.858	-5.440	0.728	1.345	0.189	-1.778	-4.501	-6.189	1.822	126.974564	37.294998
1685512434552	1685512434540	-14.585	-5.088	0.393	1.417	0.024	-1.764	-5.052	-5.835	1.302	126.974564	37.294998
1685512434561	1685512434552	-14.336	-4.707	0.256	1.460	-0.128	-1.743	-5.057	-5.519	0.725	126.974564	37.294998
1685512434572	1685512434562	-13.855	-4.216	0.283	1.467	-0.237	-1.740	-4.784	-4.992	0.393	126.974564	37.294998
1685512434581	1685512434573	-13.250	-4.037	0.424	1.421	-0.326	-1.758	-4.537	-4.441	0.239	126.974564	37.294998
1685512434590	1685512434581	-12.337	-3.905	0.438	1.310	-0.425	-1.800	-4.063	-3.764	0.235	126.974564	37.294998
1685512434602	1685512434590	-11.471	-3.630	0.510	1.173	-0.520	-1.863	-3.464	-3.428	0.340	126.974564	37.294998
1685512434610	1685512434602	-10.549	-3.479	0.524	1.035	-0.566	-1.957	-2.567	-3.105	0.299	126.974564	37.294998
1685512434622	1685512434610	-9.876	-3.275	0.594	0.898	-0.595	-2.089	-1.717	-2.667	0.316	126.974564	37.294998
1685512434630	1685512434622	-9.297	-3.213	0.678	0.773	-0.596	-2.253	-0.816	-2.330	0.263	126.974564	37.294998
1685512434641	1685512434630	-8.890	-3.038	0.582	0.662	-0.573	-2.418	-0.170	-1.925	0.263	126.974564	37.294998
1685512434649	1685512434641	-8.531	-3.036	0.493	0.582	-0.545	-2.572	0.371	-1.647	0.280	126.974564	37.294998
1685512434661	1685512434650	-8.466	-3.024	0.567	0.558	-0.518	-2.718	0.735	-1.243	0.117	126.974564	37.294998
1685512434669	1685512434661	-8.289	-2.897	0.608	0.575	-0.492	-2.845	1.037	-0.972	-0.038	126.974564	37.294998
1685512434680	1685512434670	-8.339	-2.878	0.673	0.626	-0.516	-2.964	1.046	-0.728	-0.019	126.974564	37.294998
1685512434689	1685512434680	-8.349	-2.895	0.845	0.727	-0.525	-3.063	1.144	-0.309	-0.045	126.974564	37.294998
1685512434701	1685512434690	-8.325	-2.895	1.003	0.848	-0.534	-3.120	1.018	-0.043	-0.041	126.974564	37.294998
1685512434710	1685512434702	-8.349	-3.005	0.821	0.959	-0.571	-3.169	0.912	0.218	0.060	126.974564	37.294998
1685512434720	1685512434710	-8.370	-3.055	0.807	1.084	-0.616	-3.203	0.831	0.498	0.141	126.974564	37.294998
1685512434731	1685512434720	-8.315	-2.813	0.876	1.225	-0.645	-3.192	0.678	0.697	-0.134	126.974564	37.294998
1685512434740	1685512434732	-8.246	-2.492	0.673	1.365	-0.665	-3.135	0.553	0.869	-0.225	126.974564	37.294998
1685512434750	1685512434740	-8.183	-2.145	0.673	1.493	-0.704	-3.030	0.491	1.341	-0.247	126.974564	37.294998
1685512434763	1685512434750	-8.109	-1.820	0.757	1.566	-0.733	-2.898	0.450	1.863	-0.546	126.974564	37.294998
1685512434770	1685512434763	-8.133	-1.681	0.862	1.552	-0.762	-2.767	0.402	2.397	-0.651	126.974564	37.294998
1685512434780	1685512434770	-8.135	-1.647	0.694	1.488	-0.782	-2.625	0.359	2.902	-0.685	126.974564	37.294998
1685512434792	1685512434780	-8.116	-1.659	0.682	1.406	-0.790	-2.474	0.184	3.254	-0.730	126.974564	37.294998
1685512434800	1685512434792	-8.033	-1.334	0.599	1.301	-0.778	-2.318	0.086	3.417	-1.001	126.974564	37.294998
1685512434812	1685512434801	-8.045	-1.279	0.457	1.148	-0.761	-2.140	-0.022	3.563	-1.142	126.974564	37.294998
1685512434821	1685512434812	-8.135	-1.417	0.421	0.965	-0.731	-1.938	-0.074	4.049	-1.358	126.974564	37.294998
1685512434833	1685512434822	-8.248	-1.506	0.366	0.817	-0.678	-1.704	-0.218	4.250	-1.621	126.974564	37.294998
1685512434840	1685512434833	-8.461	-1.525	0.469	0.681	-0.632	-1.471	-0.433	4.240	-1.767	126.974564	37.294998
1685512434850	1685512434840	-8.593	-1.597	0.579	0.563	-0.591	-1.218	-0.670	4.276	-1.932	126.974564	37.294998
1685512434862	1685512434850	-8.655	-1.535	0.721	0.478	-0.550	-0.951	-0.974	4.341	-1.906	126.974564	37.294998
1685512434870	1685512434865	-8.693	-1.305	0.668	0.442	-0.498	-0.674	-1.192	4.345	-1.875	126.974564	37.294998
1685512434881	1685512434870	-8.753	-1.235	0.563	0.418	-0.443	-0.419	-1.324	4.468	-1.803	126.974564	37.294998
1685512434890	1685512434881	-8.935	-1.041	0.170	0.390	-0.384	-0.183	-1.422	4.738	-1.923	126.974564	37.294998
1685512434902	1685512434890	-9.402	-1.252	0.175	0.321	-0.312	0.039	-1.516	4.827	-2.081	126.974564	37.294998
1685512434910	1685512434902	-10.247	-1.583	0.273	0.195	-0.235	0.235	-1.721	5.023	-2.531	126.974564	37.294998
1685512434922	1685512434910	-11.159	-1.765	0.278	0.054	-0.154	0.407	-2.193	4.803	-2.564	126.974564	37.294998
1685512434930	1685512434923	-11.650	-2.107	0.093	-0.055	-0.061	0.610	-3.017	4.434	-2.485	126.974564	37.294998
1685512434941	1685512434930	-11.583	-2.131	0.117	-0.079	0.057	0.898	-3.879	4.192	-2.480	126.974564	37.294998
1685512434950	1685512434941	-11.035	-2.112	0.330	-0.046	0.192	1.258	-4.336	3.807	-2.665	126.974564	37.294998
1685512434961	1685512434950	-10.360	-2.035	0.400	-0.010	0.341	1.636	-4.214	3.721	-2.634	126.974564	37.294998
1685512434970	1685512434961	-9.809	-2.064	0.508	-0.028	0.511	1.968	-3.579	3.637	-2.401	126.974564	37.294998
1685512434980	1685512434970	-9.481	-2.504	0.936	-0.111	0.687	2.211	-2.811	3.603	-2.308	126.974564	37.294998
1685512434990	1685512434980	-9.764	-2.899	1.410	-0.233	0.815	2.336	-2.126	3.412	-2.155	126.974564	37.294998
1685512435001	1685512434990	-10.420	-3.294	1.769	-0.310	0.916	2.381	-1.674	2.818	-1.674	126.974564	37.294998
1685512435010	1685512435001	-11.428	-3.417	2.157	-0.285	0.996	2.388	-1.812	2.246	-1.123	126.974564	37.294998
1685512435020	1685512435010	-12.452	-3.249	2.325	-0.120	1.065	2.408	-2.325	1.666	-0.675	126.974564	37.294998
1685512435030	1685512435020	-13.010	-3.251	2.330	0.120	1.111	2.468	-3.179	1.338	-0.182	126.974564	37.294998
1685512435040	1685512435030	-13.063	-2.859	2.483	0.384	1.139	2.574	-4.082	1.326	0.067	126.974564	37.294998
1685512435051	1685512435040	-12.821	-2.545	2.430	0.589	1.150	2.685	-4.506	1.113	0.160	126.974564	37.294998
1685512435068	1685512435051	-12.433	-2.540	2.404	0.645	1.137	2.784	-4.424	1.279	0.395	126.974564	37.294998
1685512435071	1685512435069	-12.084	-2.741	2.282	0.534	1.102	2.819	-4.051	1.346	0.419	126.974564	37.294998
1685512435082	1685512435071	-11.581	-2.945	2.045	0.253	1.049	2.799	-3.536	1.092	0.469	126.974564	37.294998
1685512435091	1685512435082	-10.992	-3.079	1.765	-0.115	1.012	2.761	-3.043	0.575	0.443	126.974564	37.294998
1685512435101	1685512435091	-10.295	-3.213	1.609	-0.501	0.969	2.710	-2.454	0.165	0.275	126.974564	37.294998
1685512435112	1685512435102	-9.591	-3.464	1.681	-0.852	0.931	2.645	-1.765	-0.218	0.093	126.974564	37.294998
1685512435122	1685512435112	-8.880	-3.766	1.963	-1.128	0.898	2.564	-0.977	-0.596	0.041	126.974564	37.294998
1685512435131	1685512435122	-8.243	-3.836	2.409	-1.296	0.863	2.481	-0.194	-1.082	0.220	126.974564	37.294998
1685512435141	1685512435131	-7.736	-4.013	2.370	-1.357	0.834	2.393	0.587	-1.611	0.613	126.974564	37.294998
1685512435150	1685512435141	-7.300	-4.171	2.057	-1.291	0.815	2.304	1.290	-1.920	1.178	126.974564	37.294998
1685512435161	1685512435150	-6.993	-4.197	1.724	-1.101	0.823	2.198	1.848	-2.289	1.233	126.974564	37.294998
1685512435170	1685512435162	-7.005	-4.077	1.618	-0.886	0.841	2.079	2.330	-2.655	1.020	126.974564	37.294998
1685512435181	1685512435171	-7.015	-4.099	1.537	-0.713	0.844	1.961	2.674	-2.883	0.781	126.974564	37.294998
1685512435190	1685512435182	-7.039	-3.867	2.210	-0.607	0.836	1.861	2.698	-2.976	0.778	126.974564	37.294998
1685512435200	1685512435190	-7.156	-3.448	3.304	-0.579	0.814	1.779	2.713	-3.163	0.776	126.974564	37.294998
1685512435210	1685512435201	-7.274	-3.086	3.572	-0.641	0.772	1.709	2.715	-3.144	1.554	126.974564	37.294998
1685512435220	1685512435210	-7.415	-3.591	2.904	-0.764	0.705	1.640	2.612	-2.861	2.715	126.974564	37.294998
1685512435231	1685512435221	-7.659	-3.864	2.298	-0.811	0.665	1.554	2.507	-2.662	3.062	126.974548	37.295006
1685512435242	1685512435231	-7.728	-3.797	1.697	-0.765	0.683	1.455	2.373	-3.290	2.444	126.974548	37.295006
1685512435250	1685512435242	-8.021	-3.742	1.446	-0.739	0.677	1.378	2.133	-3.680	1.884	126.974548	37.295006
1685512435262	1685512435251	-8.356	-3.716	1.307	-0.733	0.671	1.343	2.066	-3.721	1.334	126.974548	37.295006
1685512435270	1685512435262	-8.662	-3.773	1.597	-0.777	0.648	1.282	1.776	-3.797	1.147	126.974548	37.295006
1685512435281	1685512435270	-9.038	-3.776	2.028	-0.858	0.615	1.178	1.441	-3.874	1.058	126.974548	37.295006
1685512435291	1685512435281	-9.158	-3.965	2.421	-0.926	0.577	1.079	1.135	-4.068	1.417	126.974548	37.295006
1685512435304	1685512435291	-9.120	-3.931	2.725	-0.954	0.531	1.030	0.754	-4.173	1.899	126.974548	37.295006
1685512435312	1685512435304	-9.115	-3.979	2.591	-0.902	0.500	0.996	0.630	-4.477	2.349	126.974548	37.295006
1685512435322	1685512435312	-9.160	-4.417	2.332	-0.810	0.476	0.968	0.663	-4.535	2.696	126.974548	37.295006
1685512435332	1685512435323	-9.199	-4.647	2.025	-0.698	0.500	0.949	0.666	-4.623	2.576	126.974548	37.295006
1685512435342	1685512435332	-9.606	-4.693	2.179	-0.593	0.562	0.886	0.620	-5.071	2.315	126.974548	37.295006
1685512435353	1685512435343	-9.881	-5.092	2.265	-0.514	0.624	0.795	0.579	-5.344	2.028	126.974548	37.295006
1685512435366	1685512435353	-10.142	-5.088	2.672	-0.382	0.640	0.731	0.170	-5.418	2.205	126.974548	37.295006
1685512435374	1685512435367	-10.139	-4.638	2.626	-0.082	0.748	0.760	-0.108	-5.868	2.337	126.974548	37.295006
1685512435385	1685512435375	-10.144	-4.606	2.729	0.086	0.759	0.701	-0.373	-5.909	2.787	126.974548	37.295006
1685512435394	1685512435385	-10.118	-4.712	2.720	0.189	0.751	0.677	-0.381	-5.552	2.835	126.974548	37.295006
1685512435405	1685512435394	-10.429	-4.669	2.638	0.258	0.746	0.634	-0.393	-5.576	2.998	126.974548	37.295006
1685512435415	1685512435407	-11.018	-4.439	2.741	0.297	0.717	0.549	-0.373	-5.746	3.065	126.974548	37.295006
1685512435427	1685512435415	-11.942	-4.357	2.289	0.316	0.704	0.465	-0.694	-5.765	3.057	126.974548	37.295006
1685512435435	1685512435427	-13.250	-4.650	2.703	0.272	0.695	0.364	-1.293	-5.588	3.235	126.974548	37.295006
1685512435445	1685512435436	-13.977	-5.097	2.497	0.175	0.718	0.197	-2.227	-5.550	2.854	126.974548	37.295006
1685512435468	1685512435445	-13.925	-4.997	2.516	0.128	0.691	0.055	-3.546	-5.878	3.345	126.974548	37.295006
1685512435469	1685512435468	-13.072	-5.490	2.614	0.090	0.518	-0.012	-4.278	-6.342	3.203	126.974548	37.295006
1685512435486	1685512435469	-11.490	-5.552	2.765	0.132	0.298	-0.024	-4.233	-6.246	3.292	126.974548	37.295006
1685512435486	1685512435486	-10.048	-5.253	2.770	0.231	0.038	-0.108	-3.383	-6.737	3.440	126.974548	37.295006
1685512435494	1685512435486	-9.258	-5.325	2.691	0.304	-0.238	-0.260	-1.803	-6.797	3.625	126.974548	37.295006
1685512435504	1685512435494	-9.290	-4.865	2.418	0.363	-0.392	-0.451	-0.362	-6.486	3.637	126.974548	37.295006
1685512435514	1685512435505	-10.489	-4.626	2.394	0.390	-0.329	-0.728	0.433	-6.527	3.536	126.974548	37.295006
1685512435524	1685512435514	-12.218	-4.527	2.351	0.403	-0.199	-0.992	0.409	-6.024	3.232	126.974548	37.295006
1685512435533	1685512435524	-13.894	-4.367	2.224	0.542	0.004	-1.190	-0.778	-5.713	3.182	126.974548	37.295006
1685512435545	1685512435534	-14.736	-4.228	1.903	0.707	0.117	-1.393	-2.495	-5.514	3.122	126.974548	37.295006
1685512435554	1685512435545	-14.851	-4.278	1.362	0.833	0.065	-1.537	-4.161	-5.234	3.002	126.974548	37.295006
1685512435565	1685512435555	-14.487	-4.070	0.773	0.864	-0.108	-1.581	-4.992	-4.954	2.698	126.974548	37.295006
1685512435574	1685512435565	-14.011	-4.089	0.383	0.793	-0.353	-1.566	-5.097	-4.831	2.169	126.974548	37.295006
1685512435584	1685512435575	-13.420	-4.128	0.232	0.684	-0.590	-1.532	-4.726	-4.477	1.575	126.974548	37.295006
1685512435594	1685512435585	-12.933	-4.096	0.323	0.637	-0.760	-1.541	-4.240	-4.322	1.149	126.974548	37.295006
1685512435605	1685512435594	-12.234	-3.613	0.553	0.643	-0.883	-1.642	-3.644	-4.221	0.946	126.974548	37.295006
1685512435615	1685512435605	-11.538	-2.962	0.721	0.626	-0.974	-1.792	-3.151	-4.034	0.962	126.974548	37.295006
1685512435625	1685512435615	-10.807	-2.921	0.766	0.512	-1.051	-1.907	-2.449	-3.385	1.106	126.974548	37.295006
1685512435635	1685512435625	-10.082	-2.962	1.018	0.357	-1.079	-1.988	-1.753	-2.538	1.166	126.974548	37.295006
1685512435644	1685512435635	-9.311	-2.866	1.168	0.271	-1.078	-2.109	-1.027	-2.327	1.118	126.974548	37.295006
1685512435653	1685512435644	-8.815	-2.842	1.089	0.254	-1.073	-2.281	-0.314	-2.174	1.262	126.974548	37.295006
1685512435679	1685512435653	-8.401	-2.909	1.018	0.203	-1.057	-2.464	0.441	-1.870	1.305	126.974548	37.295006
1685512435680	1685512435679	-8.112	-3.256	0.826	0.106	-1.019	-2.630	0.910	-1.623	1.118	126.974548	37.295006
1685512435684	1685512435680	-7.903	-3.785	0.565	0.005	-0.977	-2.800	1.293	-1.453	0.941	126.974548	37.295006
1685512435694	1685512435685	-7.851	-4.377	0.405	-0.048	-0.914	-2.977	1.530	-1.494	0.630	126.974548	37.295006
1685512435706	1685512435694	-7.970	-4.772	0.352	-0.022	-0.828	-3.147	1.695	-1.808	0.292	126.974548	37.295006
1685512435713	1685512435706	-8.040	-4.587	0.333	0.098	-0.742	-3.284	1.681	-2.114	0.045	126.974548	37.295006
1685512435725	1685512435713	-8.346	-4.312	0.136	0.285	-0.690	-3.378	1.482	-2.210	-0.084	126.974548	37.295006
1685512435734	1685512435725	-8.502	-3.941	0.120	0.531	-0.668	-3.399	1.319	-1.719	-0.175	126.974548	37.295006
1685512435745	1685512435735	-8.600	-3.524	0.103	0.850	-0.641	-3.355	0.907	-1.130	-0.443	126.974548	37.295006
1685512435754	1685512435745	-8.701	-2.986	0.029	1.177	-0.637	-3.306	0.622	-0.419	-0.548	126.974548	37.295006
1685512435766	1685512435754	-8.830	-2.468	-0.160	1.412	-0.671	-3.261	0.409	0.263	-0.644	126.974548	37.295006
1685512435774	1685512435766	-8.957	-2.337	-0.206	1.554	-0.709	-3.178	0.177	1.085	-0.807	126.974548	37.295006
1685512435786	1685512435774	-9.033	-1.956	-0.364	1.664	-0.739	-3.079	-0.079	1.853	-1.089	126.974548	37.295006
1685512435795	1685512435786	-8.997	-1.688	-0.223	1.713	-0.755	-2.985	-0.340	2.224	-1.243	126.974548	37.295006
1685512435806	1685512435796	-8.880	-1.954	-0.251	1.662	-0.786	-2.852	-0.553	2.825	-1.528	126.974548	37.295006
1685512435815	1685512435806	-8.770	-2.025	-0.127	1.482	-0.855	-2.658	-0.690	3.345	-1.549	126.974548	37.295006
1685512435826	1685512435816	-8.796	-1.832	0.153	1.134	-0.921	-2.463	-0.713	3.270	-1.712	126.974548	37.295006
1685512435836	1685512435826	-8.933	-1.348	0.342	0.717	-0.924	-2.254	-0.759	3.390	-1.736	126.974548	37.295006
1685512435846	1685512435838	-9.036	-1.312	0.469	0.357	-0.925	-2.013	-0.936	3.761	-1.590	126.974548	37.295006
1685512435855	1685512435848	-8.988	-1.506	0.357	0.078	-0.914	-1.753	-1.216	4.408	-1.513	126.974548	37.295006
1685512435867	1685512435857	-8.787	-2.071	0.237	-0.130	-0.876	-1.495	-1.422	4.556	-1.458	126.974548	37.295006
1685512435885	1685512435867	-8.629	-2.255	-0.417	-0.247	-0.830	-1.255	-1.487	4.484	-1.640	126.974548	37.295006
1685512435886	1685512435886	-8.514	-2.334	-0.941	-0.265	-0.783	-1.021	-1.341	3.974	-1.788	126.974548	37.295006
1685512435894	1685512435886	-8.387	-2.064	-1.044	-0.213	-0.716	-0.786	-1.262	3.876	-2.480	126.974548	37.295006
1685512435905	1685512435894	-8.291	-1.683	-0.757	-0.116	-0.624	-0.562	-1.180	3.831	-3.021	126.974548	37.295006
1685512435914	1685512435906	-8.370	-1.791	-0.338	-0.084	-0.569	-0.362	-1.097	4.142	-3.151	126.974548	37.295006
1685512435925	1685512435915	-8.964	-2.303	0.026	-0.172	-0.500	-0.189	-1.020	4.539	-2.883	126.974548	37.295006
1685512435934	1685512435926	-10.168	-2.466	0.275	-0.324	-0.379	-0.035	-1.120	4.448	-2.495	126.974548	37.295006
1685512435945	1685512435935	-11.190	-2.583	0.213	-0.473	-0.197	0.131	-1.717	3.934	-2.140	126.974548	37.295006
1685512435954	1685512435945	-11.729	-2.519	0.029	-0.467	-0.024	0.369	-2.914	3.764	-1.887	126.974548	37.295006
1685512435967	1685512435955	-11.679	-2.090	-0.503	-0.334	0.109	0.702	-3.900	3.615	-1.913	126.974548	37.295006
1685512435976	1685512435967	-11.004	-2.102	-0.658	-0.239	0.221	1.103	-4.415	3.661	-2.069	126.974548	37.295006
1685512435983	1685512435976	-9.934	-2.334	-0.517	-0.217	0.325	1.505	-4.322	4.049	-2.574	126.974548	37.295006
1685512435993	1685512435984	-8.969	-2.782	-0.072	-0.307	0.385	1.820	-3.553	3.938	-2.689	126.974548	37.295006
1685512436003	1685512435995	-8.792	-3.452	0.725	-0.508	0.426	2.021	-2.406	3.618	-2.519	126.974548	37.295006
1685512436013	1685512436003	-9.275	-4.010	1.209	-0.706	0.507	2.107	-1.326	3.038	-2.025	126.974548	37.295006
1685512436024	1685512436014	-10.355	-4.207	1.506	-0.753	0.651	2.111	-1.025	2.222	-1.166	126.974548	37.295006
1685512436033	1685512436025	-11.624	-4.063	1.300	-0.585	0.845	2.118	-1.381	1.513	-0.603	126.974548	37.295006
1685512436043	1685512436034	-12.706	-3.757	1.310	-0.205	1.040	2.209	-2.334	1.161	-0.213	126.974548	37.295006
1685512436053	1685512436044	-13.123	-3.654	1.343	0.298	1.205	2.396	-3.464	1.128	-0.309	126.974548	37.295006
1685512436064	1685512436053	-13.080	-3.529	1.561	0.770	1.280	2.623	-4.432	1.274	-0.213	126.974548	37.295006
1685512436073	1685512436064	-12.689	-3.512	1.709	1.068	1.264	2.823	-4.712	1.171	-0.093	126.974548	37.295006
1685512436085	1685512436073	-12.191	-3.529	1.618	1.191	1.235	2.965	-4.527	1.063	0.194	126.974548	37.295006
1685512436093	1685512436085	-11.849	-3.529	1.669	1.177	1.213	3.026	-3.979	0.795	0.409	126.974548	37.295006
1685512436102	1685512436095	-11.394	-3.256	1.707	0.999	1.211	3.019	-3.357	0.532	0.371	126.974548	37.295006
1685512436112	1685512436103	-10.752	-3.524	1.786	0.705	1.151	2.983	-2.868	0.218	0.491	126.974548	37.295006
1685512436122	1685512436112	-9.969	-3.788	1.810	0.367	1.080	2.926	-2.301	0.237	0.594	126.974548	37.295006
1685512436132	1685512436122	-9.057	-3.960	1.896	-0.009	1.024	2.854	-1.547	-0.311	0.754	126.974548	37.295006
1685512436143	1685512436132	-8.236	-4.207	1.829	-0.341	0.948	2.772	-0.663	-0.848	0.869	126.974548	37.295006
1685512436152	1685512436143	-7.740	-4.348	1.930	-0.516	0.899	2.685	0.335	-1.288	1.051	126.974548	37.295006
1685512436163	1685512436152	-7.417	-4.559	2.320	-0.519	0.887	2.574	1.235	-1.793	1.082	126.974548	37.295006
1685512436172	1685512436163	-7.228	-4.396	2.365	-0.411	0.878	2.441	1.805	-2.212	1.288	126.974548	37.295006
1685512436182	1685512436172	-7.147	-4.362	2.440	-0.255	0.854	2.293	2.181	-2.641	1.765	126.974548	37.295006
1685512436192	1685512436182	-7.087	-4.027	2.557	-0.100	0.842	2.148	2.423	-2.734	1.911	126.974548	37.295006
1685512436204	1685512436192	-7.104	-3.998	2.782	-0.021	0.812	2.018	2.540	-2.899	2.064	126.974533	37.295006
1685512436212	1685512436204	-7.147	-4.065	2.923	-0.039	0.765	1.899	2.631	-2.772	2.265	126.974533	37.295006
1685512436222	1685512436212	-7.247	-4.278	2.828	-0.136	0.699	1.762	2.641	-2.940	2.569	126.974533	37.295006
1685512436233	1685512436222	-7.398	-4.427	2.500	-0.261	0.660	1.626	2.617	-3.211	2.792	126.974533	37.295006
1685512436242	1685512436233	-7.544	-4.396	2.512	-0.365	0.623	1.499	2.531	-3.579	2.758	126.974533	37.295006
1685512436252	1685512436242	-7.860	-4.348	2.562	-0.451	0.568	1.392	2.387	-3.833	2.461	126.974533	37.295006
1685512436268	1685512436252	-8.066	-4.278	2.552	-0.555	0.495	1.293	2.246	-3.898	2.504	126.974533	37.295006
1685512436272	1685512436268	-8.250	-4.448	2.385	-0.662	0.436	1.201	1.935	-3.938	2.583	126.974533	37.295006
1685512436283	1685512436273	-8.523	-4.422	2.504	-0.729	0.396	1.122	1.731	-3.946	2.593	126.974533	37.295006
1685512436292	1685512436284	-8.643	-4.511	2.440	-0.784	0.359	1.036	1.549	-4.204	2.444	126.974533	37.295006
1685512436304	1685512436293	-8.758	-4.408	2.301	-0.836	0.314	0.938	1.276	-4.209	2.562	126.974533	37.295006
1685512436314	1685512436304	-8.727	-4.482	2.217	-0.875	0.276	0.850	1.156	-4.336	2.495	126.974533	37.295006
1685512436325	1685512436314	-8.468	-5.777	2.040	-0.907	0.257	0.790	1.044	-4.252	2.344	126.974533	37.295006
1685512436334	1685512436325	-9.064	-3.680	2.512	-0.909	0.276	0.721	1.075	-4.341	2.248	126.974533	37.295006
1685512436344	1685512436334	-9.313	-5.200	2.337	-0.959	0.280	0.595	1.334	-5.653	2.061	126.974533	37.295006
1685512436354	1685512436345	-9.740	-5.164	2.595	-0.915	0.205	0.552	0.737	-3.577	2.535	126.974533	37.295006
1685512436366	1685512436354	-9.761	-5.167	2.679	-0.772	0.286	0.508	0.488	-5.097	2.356	126.974533	37.295006
1685512436376	1685512436366	-9.713	-5.061	2.816	-0.643	0.238	0.481	0.062	-5.078	2.617	126.974533	37.295006
1685512436386	1685512436376	-9.459	-4.863	2.777	-0.417	0.203	0.451	0.041	-5.109	2.717	126.974533	37.295006
1685512436396	1685512436386	-9.424	-4.920	2.844	-0.314	0.177	0.412	0.089	-5.047	2.875	126.974533	37.295006
1685512436406	1685512436396	-9.481	-5.059	2.763	-0.334	0.132	0.340	0.342	-4.889	2.854	126.974533	37.295006
1685512436416	1685512436407	-9.878	-5.112	2.689	-0.396	0.121	0.231	0.378	-4.992	2.940	126.974533	37.295006
1685512436425	1685512436418	-10.671	-5.318	2.629	-0.465	0.101	0.104	0.321	-5.160	2.871	126.974533	37.295006
1685512436435	1685512436427	-11.650	-5.430	2.555	-0.502	0.092	-0.022	-0.077	-5.239	2.808	126.974533	37.295006
1685512436446	1685512436435	-12.479	-5.796	2.342	-0.503	0.104	-0.145	-0.869	-5.454	2.758	126.974533	37.295006
1685512436457	1685512436448	-13.103	-5.916	2.263	-0.448	0.123	-0.248	-1.848	-5.564	2.691	126.974533	37.295006
1685512436471	1685512436459	-12.929	-5.899	2.430	-0.345	0.114	-0.293	-2.677	-5.918	2.488	126.974533	37.295006
1685512436475	1685512436471	-11.708	-5.780	2.444	-0.215	0.078	-0.280	-3.302	-6.009	2.423	126.974533	37.295006
1685512436495	1685512436475	-9.981	-5.782	2.380	-0.097	0.010	-0.248	-3.127	-5.971	2.598	126.974533	37.295006
1685512436496	1685512436496	-9.081	-5.660	2.373	0.021	-0.077	-0.216	-1.906	-5.820	2.622	126.974533	37.295006
1685512436505	1685512436496	-9.524	-5.701	2.521	0.120	-0.138	-0.255	-0.180	-5.801	2.557	126.974533	37.295006
1685512436515	1685512436507	-10.975	-5.885	2.638	0.247	-0.112	-0.443	0.721	-5.655	2.543	126.974533	37.295006
1685512436524	1685512436516	-12.479	-6.258	2.689	0.397	-0.020	-0.721	0.278	-5.674	2.679	126.974533	37.295006
1685512436533	1685512436525	-13.745	-6.407	2.483	0.645	0.053	-0.913	-1.173	-5.806	2.782	126.974533	37.295006
1685512436543	1685512436534	-14.415	-6.067	2.342	1.010	0.072	-0.976	-2.677	-6.122	2.830	126.974533	37.295006
1685512436553	1685512436543	-14.425	-5.739	2.095	1.444	0.027	-0.969	-3.946	-6.172	2.629	126.974533	37.295006
1685512436564	1685512436553	-13.920	-5.193	1.726	1.879	-0.064	-0.921	-4.618	-5.744	2.492	126.974533	37.295006
1685512436574	1685512436565	-13.151	-4.889	1.523	2.205	-0.188	-0.883	-4.633	-5.308	2.241	126.974533	37.295006
1685512436583	1685512436574	-12.258	-4.592	1.221	2.355	-0.329	-0.918	-4.132	-4.678	1.860	126.974533	37.295006
1685512436594	1685512436583	-11.490	-4.216	1.003	2.329	-0.458	-1.019	-3.369	-4.259	1.616	126.974533	37.295006
1685512436606	1685512436594	-11.018	-3.970	0.747	2.147	-0.555	-1.166	-2.480	-3.888	1.276	126.974533	37.295006
1685512436616	1685512436607	-10.647	-3.771	0.800	1.870	-0.617	-1.341	-1.719	-3.412	0.996	126.974533	37.295006
1685512436627	1685512436616	-10.156	-3.733	0.649	1.555	-0.667	-1.532	-1.257	-3.053	0.666	126.974533	37.295006
1685512436636	1685512436627	-9.701	-3.697	0.833	1.245	-0.718	-1.719	-0.900	-2.725	0.639	126.974533	37.295006
1685512436645	1685512436636	-9.287	-3.682	0.864	0.975	-0.757	-1.890	-0.429	-2.540	0.407	126.974533	37.295006
1685512436656	1685512436645	-9.000	-3.546	0.982	0.784	-0.806	-2.050	0.000	-2.325	0.498	126.974533	37.295006
1685512436668	1685512436656	-8.636	-3.357	1.154	0.674	-0.841	-2.206	0.385	-2.150	0.450	126.974533	37.295006
1685512436678	1685512436668	-8.195	-3.144	0.970	0.641	-0.860	-2.342	0.637	-1.820	0.476	126.974533	37.295006
1685512436686	1685512436679	-7.920	-3.014	0.764	0.654	-0.872	-2.457	0.955	-1.422	0.555	126.974533	37.295006
1685512436696	1685512436687	-7.841	-2.962	0.642	0.691	-0.859	-2.561	1.336	-0.965	0.266	126.974533	37.295006
1685512436706	1685512436696	-7.736	-2.796	0.692	0.760	-0.831	-2.645	1.556	-0.630	-0.026	126.974533	37.295006
1685512436715	1685512436706	-7.645	-2.691	0.570	0.843	-0.811	-2.711	1.556	-0.318	-0.256	126.974533	37.295006
1685512436724	1685512436715	-7.657	-2.921	0.350	0.943	-0.787	-2.753	1.590	0.060	-0.294	126.974533	37.295006
1685512436735	1685512436725	-7.827	-2.880	0.065	1.081	-0.738	-2.765	1.590	0.409	-0.517	126.974533	37.295006
1685512436747	1685512436736	-7.951	-2.600	-0.005	1.239	-0.683	-2.744	1.482	0.421	-0.840	126.974533	37.295006
1685512436755	1685512436747	-7.977	-2.160	-0.180	1.376	-0.663	-2.690	1.207	0.699	-1.231	126.974533	37.295006
1685512436767	1685512436757	-8.059	-1.951	-0.218	1.476	-0.666	-2.601	0.979	1.199	-1.386	126.974533	37.295006
1685512436777	1685512436768	-8.198	-1.891	-0.266	1.503	-0.667	-2.489	0.836	1.865	-1.664	126.974533	37.295006
1685512436786	1685512436777	-8.442	-1.757	-0.187	1.433	-0.670	-2.387	0.658	2.243	-1.791	126.974533	37.295006
1685512436798	1685512436787	-8.598	-1.460	-0.129	1.285	-0.673	-2.286	0.390	2.514	-1.973	126.974533	37.295006
1685512436809	1685512436798	-8.619	-1.446	-0.321	1.069	-0.685	-2.165	0.038	2.808	-2.004	126.974533	37.295006
1685512436818	1685512436809	-8.708	-1.697	-0.417	0.777	-0.693	-2.027	-0.232	3.275	-2.064	126.974533	37.295006
1685512436828	1685512436818	-8.799	-1.973	-0.366	0.415	-0.695	-1.890	-0.373	3.448	-2.363	126.974533	37.295006
1685512436837	1685512436830	-8.985	-2.327	-0.187	0.016	-0.695	-1.759	-0.589	3.359	-2.564	126.974533	37.295006
1685512436848	1685512436838	-9.323	-2.626	-0.010	-0.359	-0.696	-1.622	-0.781	3.213	-2.583	126.974533	37.295006
1685512436857	1685512436849	-9.555	-2.689	0.187	-0.656	-0.684	-1.465	-1.075	3.000	-2.459	126.974533	37.295006
1685512436872	1685512436857	-9.704	-2.720	0.192	-0.855	-0.660	-1.286	-1.501	2.820	-2.306	126.974533	37.295006
1685512436890	1685512436872	-9.859	-2.693	-0.031	-0.957	-0.654	-1.092	-1.810	2.866	-2.107	126.974533	37.295006
1685512436891	1685512436891	-9.962	-2.619	-0.357	-0.998	-0.650	-0.902	-2.016	2.923	-2.081	126.974533	37.295006
1685512436899	1685512436892	-9.768	-2.447	-0.773	-1.003	-0.632	-0.707	-2.227	3.036	-2.270	126.974533	37.295006
1685512436907	1685512436899	-9.713	-2.370	-0.907	-0.991	-0.590	-0.506	-2.337	3.136	-2.552	126.974533	37.295006
1685512436923	1685512436910	-10.199	-2.291	-1.199	-1.037	-0.560	-0.316	-2.145	3.330	-2.921	126.974533	37.295006
1685512436925	1685512436923	-11.104	-2.313	-1.377	-1.141	-0.487	-0.155	-2.085	3.419	-3.005	126.974533	37.295006
1685512436934	1685512436925	-11.861	-2.612	-1.209	-1.235	-0.387	-0.020	-2.559	3.500	-3.247	126.974533	37.295006
1685512436944	1685512436935	-12.184	-3.239	-0.692	-1.253	-0.254	0.156	-3.448	3.476	-3.364	126.974533	37.295006
1685512436954	1685512436944	-11.593	-3.390	-0.795	-1.163	-0.086	0.403	-4.192	3.182	-3.132	126.974533	37.295006
1685512436965	1685512436955	-10.482	-3.433	-0.481	-1.009	0.060	0.715	-4.511	2.567	-2.567	126.974533	37.295006
1685512436973	1685512436965	-9.416	-3.582	-0.026	-0.795	0.137	1.115	-3.898	2.406	-2.607	126.974533	37.295006
1685512436985	1685512436973	-8.827	-3.543	0.280	-0.503	0.225	1.515	-2.744	2.325	-2.231	126.974533	37.295006
1685512436995	1685512436985	-9.199	-3.749	0.723	-0.334	0.357	1.750	-1.604	2.095	-1.714	126.974533	37.295006
1685512437005	1685512436995	-10.175	-4.180	1.180	-0.352	0.555	1.794	-0.936	2.035	-1.367	126.974533	37.295006
1685512437015	1685512437005	-11.478	-4.322	1.683	-0.343	0.792	1.743	-1.195	1.681	-0.871	126.974533	37.295006
1685512437024	1685512437015	-12.352	-4.077	1.772	-0.214	1.005	1.701	-2.078	1.125	-0.357	126.974533	37.295006
1685512437033	1685512437025	-12.876	-4.233	1.745	0.010	1.172	1.739	-3.278	0.848	0.225	126.974533	37.295006
1685512437045	1685512437034	-12.898	-4.472	1.599	0.330	1.301	1.862	-4.051	0.955	0.407	126.974533	37.295006
1685512437055	1685512437046	-12.591	-3.972	1.520	0.707	1.423	2.005	-4.472	0.654	0.479	126.974533	37.295006
1685512437066	1685512437055	-12.163	-3.103	1.159	1.087	1.469	2.134	-4.389	0.251	0.426	126.974533	37.295006
1685512437075	1685512437066	-11.380	-2.794	0.994	1.308	1.395	2.258	-3.962	0.555	0.445	126.974533	37.295006
1685512437085	1685512437075	-10.736	-2.962	0.982	1.269	1.277	2.345	-3.436	1.247	0.156	126.974533	37.295006
1685512437095	1685512437085	-9.886	-2.964	0.962	1.115	1.177	2.374	-2.533	1.324	0.065	126.974533	37.295006
1685512437106	1685512437096	-9.069	-2.890	1.226	0.962	1.058	2.325	-1.793	0.958	0.108	126.974533	37.295006
1685512437114	1685512437106	-8.112	-2.555	1.702	0.831	0.916	2.221	-0.833	0.711	0.160	126.974533	37.295006
1685512437124	1685512437114	-7.065	-2.471	2.009	0.700	0.782	2.111	0.065	0.589	0.479	126.974533	37.295006
1685512437133	1685512437124	-6.366	-2.646	2.346	0.495	0.657	1.971	1.120	0.670	1.022	126.974533	37.295006
1685512437144	1685512437133	-5.964	-2.696	2.521	0.274	0.606	1.787	2.224	0.596	1.369	126.974533	37.295006
1685512437153	1685512437144	-5.871	-2.878	2.698	0.049	0.588	1.585	2.993	0.215	1.760	126.974533	37.295006
1685512437165	1685512437153	-6.000	-3.103	2.825	-0.119	0.578	1.410	3.443	0.012	1.978	126.974533	37.295006
1685512437173	1685512437166	-6.009	-3.158	2.823	-0.170	0.583	1.308	3.584	-0.333	2.215	126.974533	37.295006
1685512437184	1685512437173	-6.017	-3.340	2.737	-0.147	0.562	1.274	3.493	-0.690	2.399	126.974533	37.295006
1685512437193	1685512437184	-6.033	-3.390	2.641	-0.084	0.524	1.275	3.522	-0.895	2.468	126.974533	37.295006
1685512437209	1685512437193	-6.084	-3.419	2.368	-0.043	0.495	1.275	3.539	-1.173	2.428	126.974525	37.295010
1685512437213	1685512437209	-6.196	-3.515	2.195	-0.015	0.498	1.271	3.551	-1.346	2.385	126.974525	37.295010
1685512437225	1685512437213	-6.345	-3.381	1.956	0.035	0.522	1.268	3.527	-1.496	2.160	126.974525	37.295010
1685512437235	1685512437225	-6.567	-3.280	1.841	0.110	0.538	1.250	3.438	-1.714	2.035	126.974525	37.295010
1685512437244	1685512437235	-7.084	-3.306	2.217	0.176	0.538	1.224	3.314	-1.702	1.846	126.974525	37.295010
1685512437254	1685512437244	-7.638	-3.096	2.480	0.221	0.569	1.228	3.112	-1.736	1.786	126.974525	37.295010
1685512437265	1685512437254	-8.066	-3.326	2.751	0.213	0.567	1.227	2.612	-1.867	2.205	126.974525	37.295010
1685512437274	1685512437266	-8.533	-3.395	2.713	0.159	0.549	1.229	2.076	-1.776	2.521	126.974525	37.295010
1685512437286	1685512437274	-8.633	-3.481	2.612	0.083	0.545	1.247	1.662	-2.126	2.844	126.974525	37.295010
1685512437294	1685512437286	-8.837	-3.474	2.246	-0.038	0.542	1.253	1.209	-2.327	2.863	126.974525	37.295010
1685512437306	1685512437294	-9.002	-3.512	2.198	-0.116	0.563	1.263	1.120	-2.523	2.811	126.974525	37.295010
1685512437316	1685512437306	-9.210	-3.666	2.140	-0.197	0.527	1.245	0.927	-2.650	2.502	126.974525	37.295010
1685512437326	1685512437317	-9.728	-4.144	2.449	-0.324	0.511	1.192	0.769	-2.799	2.504	126.974525	37.295010
1685512437335	1685512437326	-10.113	-4.101	2.342	-0.412	0.540	1.129	0.567	-3.077	2.500	126.974525	37.295010
1685512437348	1685512437336	-10.496	-3.982	2.550	-0.429	0.561	1.091	0.055	-3.673	2.861	126.974525	37.295010
1685512437357	1685512437348	-10.633	-4.211	2.811	-0.409	0.588	1.058	-0.326	-3.742	2.806	126.974525	37.295010
1685512437367	1685512437357	-10.494	-4.800	2.914	-0.379	0.590	1.020	-0.709	-3.730	3.072	126.974525	37.295010
1685512437378	1685512437369	-10.343	-5.049	3.053	-0.343	0.586	0.970	-0.848	-4.077	3.397	126.974525	37.295010
1685512437388	1685512437378	-10.250	-5.004	2.940	-0.286	0.586	0.915	-0.711	-4.757	3.553	126.974525	37.295010
1685512437399	1685512437388	-10.367	-4.609	2.993	-0.159	0.602	0.870	-0.565	-5.114	3.754	126.974525	37.295010
1685512437409	1685512437399	-10.853	-4.259	2.923	-0.011	0.618	0.800	-0.476	-5.152	3.692	126.974525	37.295010
1685512437419	1685512437409	-11.856	-3.879	2.914	0.109	0.633	0.723	-0.599	-4.841	3.804	126.974525	37.295010
1685512437429	1685512437419	-13.022	-3.656	2.899	0.134	0.628	0.627	-1.092	-4.571	3.795	126.974525	37.295010
1685512437438	1685512437429	-14.071	-3.431	2.914	0.076	0.602	0.498	-2.105	-4.266	3.855	126.974525	37.295010
1685512437449	1685512437439	-14.552	-3.694	2.957	-0.005	0.551	0.380	-3.280	-4.096	3.895	126.974525	37.295010
1685512437458	1685512437449	-14.190	-3.962	3.017	-0.099	0.430	0.291	-4.336	-3.919	3.967	126.974525	37.295010
1685512437475	1685512437459	-12.938	-4.171	2.818	-0.209	0.285	0.213	-4.827	-4.221	4.065	126.974525	37.295010
1685512437492	1685512437476	-11.289	-4.214	2.392	-0.288	0.114	0.165	-4.470	-4.518	4.166	126.974525	37.295010
1685512437493	1685512437493	-10.075	-4.221	2.471	-0.304	-0.093	0.140	-3.223	-4.750	3.994	126.974525	37.295010
1685512437496	1685512437495	-10.022	-4.329	2.643	-0.326	-0.276	0.057	-1.575	-4.817	3.579	126.974525	37.295010
1685512437509	1685512437499	-10.906	-4.147	2.923	-0.368	-0.395	-0.122	-0.362	-4.836	3.649	126.974525	37.295010
1685512437517	1685512437509	-12.148	-4.173	3.045	-0.412	-0.465	-0.384	-0.306	-4.954	3.792	126.974525	37.295010
1685512437529	1685512437517	-13.261	-4.642	3.045	-0.436	-0.508	-0.670	-1.185	-4.764	4.032	126.974525	37.295010
1685512437540	1685512437530	-13.934	-4.875	2.954	-0.363	-0.567	-0.892	-2.421	-4.757	4.106	126.974525	37.295010
1685512437548	1685512437541	-13.673	-4.738	2.433	-0.184	-0.652	-1.029	-3.524	-5.167	4.056	126.974525	37.295010
1685512437557	1685512437548	-13.319	-4.693	1.980	0.065	-0.756	-1.085	-4.187	-5.308	3.900	126.974525	37.295010
1685512437568	1685512437557	-12.922	-4.592	1.755	0.343	-0.842	-1.093	-3.917	-5.083	3.321	126.974525	37.295010
1685512437577	1685512437568	-12.675	-4.216	1.592	0.590	-0.903	-1.128	-3.553	-4.930	2.794	126.974525	37.295010
1685512437589	1685512437577	-12.230	-3.852	1.314	0.778	-0.971	-1.206	-3.146	-4.719	2.488	126.974525	37.295010
1685512437599	1685512437590	-11.693	-3.306	1.240	0.910	-1.034	-1.285	-2.892	-4.219	2.229	126.974525	37.295010
1685512437609	1685512437600	-10.999	-2.976	1.252	0.947	-1.078	-1.377	-2.442	-3.745	1.865	126.974525	37.295010
1685512437618	1685512437610	-10.343	-2.646	1.298	0.881	-1.125	-1.486	-1.903	-3.041	1.666	126.974525	37.295010
1685512437630	1685512437620	-9.764	-2.490	1.140	0.742	-1.161	-1.608	-1.209	-2.600	1.592	126.974525	37.295010
1685512437639	1685512437630	-9.237	-2.660	1.128	0.579	-1.175	-1.735	-0.555	-2.107	1.511	126.974525	37.295010
1685512437650	1685512437639	-8.729	-2.629	1.166	0.411	-1.192	-1.890	0.014	-1.808	1.247	126.974525	37.295010
1685512437659	1685512437651	-8.313	-2.641	1.302	0.209	-1.200	-2.059	0.527	-1.791	1.104	126.974525	37.295010
1685512437672	1685512437659	-7.994	-3.017	1.353	-0.004	-1.216	-2.203	1.018	-1.595	1.034	126.974525	37.295010
1685512437676	1685512437672	-7.810	-3.014	1.283	-0.164	-1.213	-2.334	1.403	-1.367	1.027	126.974525	37.295010
1685512437703	1685512437677	-7.726	-3.050	1.109	-0.257	-1.200	-2.445	1.695	-1.573	0.984	126.974525	37.295010
1685512437704	1685512437703	-7.764	-2.945	1.259	-0.261	-1.169	-2.511	1.829	-1.298	0.776	126.974525	37.295010
1685512437709	1685512437704	-7.647	-2.708	1.178	-0.202	-1.135	-2.555	1.872	-1.144	0.512	126.974525	37.295010
1685512437717	1685512437709	-7.501	-2.744	0.781	-0.090	-1.113	-2.575	1.769	-0.773	0.546	126.974525	37.295010
1685512437728	1685512437717	-7.333	-2.488	0.790	0.079	-1.081	-2.558	1.817	-0.292	0.362	126.974525	37.295010
1685512437737	1685512437729	-7.389	-2.126	0.769	0.271	-1.042	-2.545	1.882	-0.060	-0.146	126.974525	37.295010
1685512437747	1685512437737	-7.515	-1.982	0.740	0.428	-1.024	-2.517	1.975	0.409	-0.230	126.974525	37.295010
1685512437757	1685512437748	-7.532	-1.951	0.510	0.572	-0.998	-2.456	1.832	1.003	-0.357	126.974525	37.295010
1685512437769	1685512437757	-7.740	-1.822	0.596	0.666	-0.974	-2.397	1.611	1.374	-0.493	126.974525	37.295010
1685512437777	1685512437770	-7.819	-1.559	0.548	0.700	-0.954	-2.302	1.496	1.621	-0.833	126.974525	37.295010
1685512437787	1685512437777	-7.918	-1.566	0.505	0.685	-0.937	-2.159	1.188	1.956	-0.860	126.974525	37.295010
1685512437797	1685512437788	-7.977	-1.334	0.496	0.639	-0.919	-2.002	0.982	2.452	-1.041	126.974525	37.295010
1685512437807	1685512437797	-7.961	-1.262	0.395	0.550	-0.892	-1.846	0.802	2.586	-1.173	126.974525	37.295010
1685512437817	1685512437808	-8.143	-1.180	0.678	0.417	-0.867	-1.679	0.642	2.981	-1.290	126.974525	37.295010
1685512437830	1685512437817	-8.341	-1.343	0.409	0.255	-0.844	-1.505	0.560	3.201	-1.492	126.974525	37.295010
1685512437838	1685512437830	-8.701	-1.460	0.414	0.088	-0.827	-1.330	0.285	3.417	-1.300	126.974525	37.295010
1685512437848	1685512437839	-8.906	-1.616	0.160	-0.034	-0.792	-1.147	0.000	3.376	-1.652	126.974525	37.295010
1685512437858	1685512437848	-9.134	-1.844	0.189	-0.110	-0.745	-0.955	-0.448	3.378	-1.726	126.974525	37.295010
1685512437871	1685512437858	-9.325	-1.549	0.529	-0.133	-0.688	-0.753	-0.718	3.306	-2.037	126.974525	37.295010
1685512437890	1685512437871	-9.395	-1.317	0.661	-0.145	-0.641	-0.556	-1.010	3.160	-2.064	126.974525	37.295010
1685512437891	1685512437890	-9.448	-1.587	0.294	-0.154	-0.590	-0.359	-1.255	3.519	-1.774	126.974525	37.295010
1685512437897	1685512437891	-9.436	-2.045	-0.117	-0.125	-0.491	-0.203	-1.372	3.804	-1.690	126.974525	37.295010
1685512437908	1685512437897	-9.641	-2.356	-0.290	-0.140	-0.385	-0.108	-1.441	3.546	-2.083	126.974525	37.295010
1685512437919	1685512437908	-10.025	-2.571	-0.261	-0.225	-0.301	-0.020	-1.434	3.084	-2.516	126.974525	37.295010
1685512437929	1685512437920	-10.736	-2.212	0.144	-0.266	-0.228	0.097	-1.628	2.753	-2.691	126.974525	37.295010
1685512437938	1685512437930	-11.463	-2.274	0.512	-0.224	-0.147	0.265	-1.987	2.509	-2.650	126.974525	37.295010
1685512437950	1685512437938	-12.050	-2.322	0.785	-0.116	-0.042	0.434	-2.660	2.818	-2.215	126.974525	37.295010
1685512437957	1685512437950	-12.371	-2.425	0.773	-0.026	0.059	0.591	-3.335	2.689	-1.808	126.974525	37.295010
1685512437968	1685512437957	-12.079	-2.464	0.852	0.032	0.172	0.779	-3.900	2.607	-1.532	126.974525	37.295010
1685512437976	1685512437969	-11.214	-2.660	0.747	0.031	0.305	0.980	-4.187	2.454	-1.537	126.974525	37.295010
1685512437987	1685512437977	-10.192	-3.065	0.711	-0.098	0.441	1.167	-3.859	2.356	-1.446	126.974525	37.295010
1685512437997	1685512437987	-9.589	-3.452	0.833	-0.314	0.547	1.319	-2.935	2.071	-1.525	126.974525	37.295010
1685512438009	1685512437998	-9.538	-3.915	0.919	-0.545	0.634	1.416	-1.853	1.580	-1.525	126.974525	37.295010
1685512438016	1685512438010	-10.257	-4.295	1.130	-0.698	0.746	1.448	-1.178	1.089	-1.343	126.974525	37.295010
1685512438027	1685512438017	-11.346	-4.501	1.621	-0.760	0.891	1.426	-1.051	0.520	-1.178	126.974525	37.295010
1685512438036	1685512438027	-12.304	-4.645	2.028	-0.723	1.038	1.377	-1.683	0.017	-0.864	126.974525	37.295010
1685512438046	1685512438036	-13.051	-4.767	2.131	-0.508	1.166	1.374	-2.701	-0.283	-0.275	126.974525	37.295010
1685512438056	1685512438046	-13.218	-4.685	2.215	-0.104	1.293	1.456	-3.584	-0.534	0.251	126.974525	37.295010
1685512438071	1685512438056	-12.890	-4.398	2.227	0.402	1.393	1.603	-4.254	-0.766	0.476	126.974525	37.295010
1685512438075	1685512438071	-12.371	-4.027	1.906	0.885	1.449	1.773	-4.345	-0.814	0.678	126.974525	37.295010
1685512438086	1685512438075	-11.964	-3.953	1.944	1.247	1.472	1.901	-3.934	-0.675	0.800	126.974525	37.295010
1685512438095	1685512438086	-11.411	-3.771	1.800	1.459	1.522	1.945	-3.314	-0.510	0.596	126.974525	37.295010
1685512438105	1685512438096	-10.618	-3.656	1.635	1.492	1.566	1.880	-2.840	-0.587	0.709	126.974525	37.295010
1685512438115	1685512438106	-9.692	-2.935	1.554	1.404	1.482	1.808	-2.205	-0.599	0.656	126.974525	37.295010
1685512438126	1685512438116	-8.899	-2.478	1.714	1.297	1.390	1.802	-1.336	-0.675	0.589	126.974525	37.295010
1685512438135	1685512438126	-8.071	-2.401	1.827	1.147	1.328	1.814	-0.342	-0.136	0.606	126.974525	37.295010
1685512438145	1685512438135	-7.336	-2.014	1.958	0.975	1.233	1.751	0.508	0.139	0.862	126.974525	37.295010
1685512438155	1685512438145	-6.704	-1.899	2.126	0.742	1.119	1.559	1.405	0.000	1.089	126.974525	37.295010
1685512438166	1685512438155	-6.390	-2.325	2.303	0.417	1.048	1.333	2.179	0.247	1.298	126.974525	37.295010
1685512438175	1685512438167	-5.950	-2.701	2.363	0.078	1.025	1.153	2.856	0.194	1.563	126.974525	37.295010
1685512438186	1685512438175	-5.727	-2.933	2.411	-0.194	0.993	0.996	3.203	-0.359	1.834	126.974525	37.295010
1685512438195	1685512438187	-5.588	-2.904	2.442	-0.343	0.941	0.861	3.673	-0.860	1.999	126.974525	37.295010
1685512438205	1685512438195	-5.614	-2.796	2.387	-0.359	0.893	0.788	3.915	-1.176	2.138	126.974525	37.295010
1685512438215	1685512438205	-5.885	-2.607	2.380	-0.329	0.850	0.746	4.073	-1.238	2.274	126.974525	37.295010
1685512438225	1685512438215	-6.120	-2.339	2.255	-0.327	0.816	0.695	4.058	-1.199	2.303	126.974518	37.295006
1685512438236	1685512438226	-6.440	-2.430	2.222	-0.385	0.765	0.648	3.800	-1.082	2.382	126.974518	37.295006
1685512438247	1685512438237	-6.711	-2.555	2.014	-0.458	0.699	0.632	3.575	-0.881	2.342	126.974518	37.295006
1685512438255	1685512438247	-6.938	-2.593	2.009	-0.507	0.637	0.635	3.261	-1.034	2.389	126.974518	37.295006
1685512438267	1685512438256	-7.135	-2.569	2.210	-0.541	0.601	0.660	2.998	-1.221	2.255	126.974518	37.295006
1685512438275	1685512438267	-7.199	-2.907	2.483	-0.572	0.564	0.721	2.777	-1.329	2.325	126.974518	37.295006
1685512438286	1685512438275	-7.061	-3.395	2.806	-0.573	0.541	0.823	2.586	-1.365	2.586	126.974518	37.295006
1685512438296	1685512438286	-7.039	-3.646	3.124	-0.507	0.546	0.924	2.528	-1.784	2.926	126.974518	37.295006
1685512438308	1685512438296	-6.953	-3.627	3.268	-0.392	0.575	0.987	2.674	-2.346	3.302	126.974518	37.295006
1685512438316	1685512438308	-7.041	-3.666	3.342	-0.290	0.599	1.043	2.701	-2.691	3.677	126.974518	37.295006
1685512438327	1685512438317	-7.307	-3.706	3.436	-0.181	0.645	1.124	2.794	-2.770	3.881	126.974518	37.295006
1685512438338	1685512438328	-7.681	-3.539	3.606	-0.037	0.722	1.199	2.710	-2.921	4.022	126.974518	37.295006
1685512438348	1685512438338	-8.207	-3.570	3.955	0.112	0.800	1.251	2.447	-3.062	4.173	126.974518	37.295006
1685512438358	1685512438348	-8.806	-3.663	4.271	0.237	0.883	1.301	2.073	-3.012	4.415	126.974518	37.295006
1685512438371	1685512438359	-9.122	-3.663	4.240	0.348	0.964	1.323	1.547	-3.165	4.841	126.974518	37.295006
1685512438379	1685512438371	-9.440	-3.656	4.116	0.480	1.001	1.315	0.943	-3.383	5.243	126.974518	37.295006
1685512438389	1685512438380	-9.804	-3.709	4.142	0.628	1.012	1.338	0.622	-3.491	5.284	126.974518	37.295006
1685512438400	1685512438391	-10.353	-3.994	3.991	0.700	1.026	1.346	0.292	-3.630	5.277	126.974518	37.295006
1685512438410	1685512438401	-11.198	-4.231	3.855	0.702	1.058	1.318	-0.079	-3.780	5.382	126.974518	37.295006
1685512438420	1685512438410	-12.007	-4.379	3.572	0.681	1.081	1.278	-0.642	-4.187	5.332	126.974518	37.295006
1685512438431	1685512438421	-13.022	-4.599	3.452	0.629	1.051	1.232	-1.506	-4.544	5.298	126.974518	37.295006
1685512438440	1685512438432	-13.999	-4.685	3.397	0.552	0.965	1.161	-2.337	-4.805	5.124	126.974518	37.295006
1685512438452	1685512438442	-14.722	-4.638	3.251	0.439	0.858	1.056	-3.373	-5.136	5.109	126.974518	37.295006
1685512438460	1685512438452	-14.880	-4.652	3.206	0.332	0.665	0.920	-4.377	-5.334	5.160	126.974518	37.295006
1685512438474	1685512438460	-14.490	-4.695	3.338	0.261	0.412	0.779	-5.121	-5.370	5.090	126.974518	37.295006
1685512438491	1685512438474	-13.489	-4.568	3.397	0.247	0.178	0.657	-5.298	-5.466	5.112	126.974518	37.295006
1685512438492	1685512438492	-12.112	-4.245	3.256	0.255	-0.064	0.523	-4.922	-5.578	5.284	126.974518	37.295006
1685512438499	1685512438492	-10.989	-4.058	3.002	0.259	-0.324	0.318	-3.931	-5.516	5.365	126.974518	37.295006
1685512438509	1685512438500	-10.597	-3.824	2.770	0.208	-0.530	0.046	-2.559	-5.234	5.222	126.974518	37.295006
1685512438520	1685512438510	-10.980	-3.919	2.526	0.089	-0.634	-0.270	-1.432	-5.073	4.937	126.974518	37.295006
1685512438530	1685512438520	-12.189	-3.926	2.344	-0.031	-0.630	-0.629	-1.030	-4.841	4.659	126.974518	37.295006
1685512438538	1685512438530	-13.556	-4.108	2.138	-0.103	-0.555	-1.015	-1.398	-4.908	4.355	126.974518	37.295006
1685512438551	1685512438540	-14.459	-4.515	1.824	-0.153	-0.518	-1.357	-2.591	-4.855	4.113	126.974518	37.295006
1685512438559	1685512438552	-15.060	-4.659	1.508	-0.126	-0.558	-1.619	-3.941	-4.942	3.852	126.974518	37.295006
1685512438570	1685512438559	-15.285	-4.810	0.998	-0.007	-0.673	-1.786	-4.824	-5.222	3.488	126.974518	37.295006
1685512438579	1685512438570	-15.301	-5.035	0.622	0.171	-0.847	-1.867	-5.404	-5.195	3.112	126.974518	37.295006
1685512438589	1685512438580	-15.198	-4.978	0.397	0.393	-1.007	-1.905	-5.612	-5.191	2.543	126.974518	37.295006
1685512438599	1685512438590	-14.834	-4.824	0.383	0.605	-1.109	-1.924	-5.610	-5.215	2.078	126.974518	37.295006
1685512438611	1685512438599	-14.202	-4.424	0.302	0.759	-1.212	-1.912	-5.492	-4.985	1.765	126.974518	37.295006
1685512438621	1685512438611	-13.194	-4.001	0.292	0.817	-1.341	-1.878	-5.114	-4.638	1.642	126.974518	37.295006
1685512438631	1685512438621	-12.129	-3.591	0.342	0.792	-1.476	-1.858	-4.475	-4.041	1.441	126.974518	37.295006
1685512438639	1685512438631	-11.013	-3.230	0.247	0.710	-1.597	-1.864	-3.460	-3.407	1.283	126.974518	37.295006
1685512438651	1685512438639	-10.046	-2.789	0.069	0.594	-1.685	-1.901	-2.392	-2.828	1.199	126.974518	37.295006
1685512438660	1685512438652	-9.184	-2.495	0.031	0.447	-1.734	-1.974	-1.281	-2.279	0.941	126.974518	37.295006
1685512438684	1685512438660	-8.404	-2.301	-0.067	0.272	-1.747	-2.074	-0.323	-1.650	0.594	126.974518	37.295006
1685512438685	1685512438685	-7.908	-2.394	-0.294	0.073	-1.742	-2.202	0.520	-1.142	0.364	126.974518	37.295006
1685512438688	1685512438686	-7.760	-2.442	-0.278	-0.133	-1.699	-2.362	1.276	-0.766	0.110	126.974518	37.295006
1685512438699	1685512438689	-7.693	-2.512	-0.350	-0.318	-1.592	-2.545	1.726	-0.584	-0.335	126.974518	37.295006
1685512438709	1685512438699	-7.755	-2.607	-0.491	-0.468	-1.475	-2.721	1.841	-0.472	-0.431	126.974518	37.295006
1685512438721	1685512438709	-7.736	-2.832	-0.630	-0.569	-1.381	-2.864	1.846	-0.273	-0.663	126.974518	37.295006
1685512438731	1685512438721	-7.740	-2.729	-0.388	-0.613	-1.306	-2.955	1.721	-0.134	-0.922	126.974518	37.295006
1685512438740	1685512438731	-7.647	-2.820	-0.419	-0.618	-1.252	-3.004	1.650	-0.060	-1.188	126.974518	37.295006
1685512438749	1685512438740	-7.451	-3.314	-0.350	-0.573	-1.236	-3.019	1.551	0.321	-1.049	126.974518	37.295006
1685512438760	1685512438749	-7.487	-3.251	-0.443	-0.353	-1.222	-2.977	1.530	0.541	-1.185	126.974518	37.295006
1685512438770	1685512438760	-7.362	-2.892	-0.539	-0.044	-1.166	-2.938	1.621	0.299	-1.199	126.974518	37.295006
1685512438779	1685512438770	-7.365	-2.559	-0.512	0.235	-1.097	-2.886	1.475	0.613	-1.358	126.974518	37.295006
1685512438791	1685512438780	-7.324	-2.464	-0.517	0.481	-1.048	-2.775	1.482	1.219	-1.530	126.974518	37.295006
1685512438799	1685512438791	-7.281	-2.332	-0.620	0.643	-1.010	-2.643	1.331	1.827	-1.618	126.974518	37.295006
1685512438810	1685512438800	-7.228	-2.164	-0.591	0.720	-0.987	-2.513	1.250	2.133	-1.726	126.974518	37.295006
1685512438820	1685512438811	-7.214	-2.076	-0.541	0.746	-0.965	-2.375	1.140	2.504	-1.956	126.974518	37.295006
1685512438831	1685512438820	-7.259	-1.958	-0.469	0.740	-0.936	-2.213	1.070	2.851	-2.033	126.974518	37.295006
1685512438840	1685512438831	-7.350	-1.923	-0.371	0.702	-0.908	-2.033	0.948	3.124	-2.100	126.974518	37.295006
1685512438852	1685512438841	-7.563	-1.834	-0.285	0.619	-0.872	-1.855	0.771	3.409	-2.143	126.974518	37.295006
1685512438860	1685512438852	-7.843	-1.800	-0.098	0.483	-0.823	-1.685	0.553	3.594	-2.157	126.974518	37.295006
1685512438871	1685512438861	-8.071	-1.889	-0.153	0.302	-0.779	-1.511	0.220	3.816	-2.174	126.974518	37.295006
1685512438889	1685512438888	-8.246	-1.985	-0.077	0.111	-0.723	-1.318	-0.182	3.984	-2.088	126.974518	37.295006
1685512438890	1685512438890	-8.191	-2.172	-0.067	-0.057	-0.655	-1.101	-0.503	3.994	-2.210	126.974518	37.295006
1685512438900	1685512438890	-8.277	-2.210	-0.239	-0.200	-0.602	-0.861	-0.781	4.003	-2.200	126.974518	37.295006
1685512438911	1685512438900	-8.478	-2.227	-0.395	-0.340	-0.561	-0.621	-0.797	3.891	-2.231	126.974518	37.295006
1685512438920	1685512438911	-8.698	-2.315	-0.558	-0.472	-0.475	-0.393	-0.948	3.922	-2.437	126.974518	37.295006
1685512438933	1685512438921	-9.017	-2.308	-0.800	-0.584	-0.367	-0.170	-1.202	3.958	-2.612	126.974518	37.295006
1685512438939	1685512438933	-9.744	-2.337	-0.953	-0.685	-0.254	0.064	-1.460	3.912	-2.782	126.974518	37.295006
1685512438950	1685512438939	-10.549	-2.531	-1.065	-0.773	-0.114	0.303	-1.796	3.941	-3.014	126.974518	37.295006
1685512438960	1685512438950	-11.241	-2.823	-1.082	-0.845	0.064	0.546	-2.526	3.924	-3.144	126.974518	37.295006
1685512438972	1685512438960	-11.703	-3.069	-0.934	-0.902	0.239	0.803	-3.314	3.723	-3.215	126.974518	37.295006
1685512438980	1685512438972	-11.569	-3.342	-0.529	-0.935	0.379	1.096	-3.970	3.409	-3.175	126.974518	37.295006
1685512438990	1685512438980	-10.757	-3.630	-0.065	-0.943	0.470	1.433	-4.377	3.124	-2.952	126.974518	37.295006
1685512438999	1685512438991	-9.852	-3.761	0.512	-0.913	0.531	1.778	-4.154	2.775	-2.444	126.974518	37.295006
1685512439009	1685512438999	-9.041	-4.005	1.190	-0.838	0.608	2.072	-3.263	2.416	-1.906	126.974518	37.295006
1685512439019	1685512439009	-8.648	-4.233	1.920	-0.720	0.737	2.283	-2.243	2.167	-1.235	126.974518	37.295006
1685512439029	1685512439019	-8.799	-4.472	2.452	-0.542	0.935	2.409	-1.300	1.779	-0.462	126.974518	37.295006
1685512439038	1685512439029	-9.634	-4.537	2.784	-0.269	1.217	2.448	-0.764	1.384	0.366	126.974518	37.295006
1685512439048	1685512439038	-10.829	-4.365	2.808	0.130	1.542	2.421	-0.769	0.960	1.001	126.974518	37.295006
1685512439060	1685512439048	-12.098	-4.082	2.703	0.608	1.873	2.381	-1.441	0.682	1.458	126.974518	37.295006
1685512439071	1685512439060	-13.041	-3.701	2.291	1.085	2.161	2.375	-2.507	0.673	1.592	126.974518	37.295006
1685512439078	1685512439071	-13.307	-3.366	1.791	1.475	2.314	2.420	-3.637	0.747	1.614	126.974518	37.295006
1685512439089	1685512439078	-12.931	-3.165	1.202	1.706	2.283	2.491	-4.446	0.915	1.334	126.974518	37.295006
1685512439098	1685512439089	-12.258	-3.072	0.524	1.762	2.117	2.545	-4.571	1.006	0.982	126.974518	37.295006
1685512439108	1685512439098	-11.485	-2.990	0.019	1.687	1.913	2.567	-4.085	0.998	0.508	126.974518	37.295006
