1685512233844	1685512233844	-12.402	-3.888	-0.256	1.569	0.086	-4.239	-4.975	-6.397	-5.804	126.974838	37.295464
1685512233844	1685512233844	-12.280	-3.826	-0.347	1.495	0.051	-4.359	-4.688	-6.155	-5.775	126.974838	37.295464
1685512233844	1685512233844	-12.191	-3.833	-0.433	1.461	0.035	-4.450	-4.575	-5.825	-5.832	126.974838	37.295464
1685512233852	1685512233845	-12.158	-3.728	-0.453	1.471	0.033	-4.507	-4.372	-5.502	-5.892	126.974838	37.295464
1685512233862	1685512233852	-12.103	-3.642	-0.453	1.525	0.029	-4.531	-4.207	-5.210	-5.952	126.974838	37.295464
1685512233873	1685512233863	-11.933	-3.589	-0.414	1.614	0.023	-4.525	-4.120	-4.851	-5.952	126.974838	37.295464
1685512233882	1685512233873	-11.765	-3.431	-0.455	1.730	0.016	-4.479	-4.017	-4.484	-5.933	126.974838	37.295464
1685512233893	1685512233883	-11.349	-3.242	-0.503	1.857	-0.005	-4.396	-3.816	-4.152	-5.883	126.974838	37.295464
1685512233902	1685512233893	-10.989	-3.163	-0.464	1.977	-0.035	-4.286	-3.627	-3.697	-5.914	126.974838	37.295464
1685512233914	1685512233902	-10.570	-3.268	-0.294	2.078	-0.068	-4.156	-3.203	-3.278	-5.959	126.974838	37.295464
1685512233923	1685512233914	-10.439	-3.685	0.072	2.151	-0.093	-4.013	-2.851	-2.933	-5.926	126.974838	37.295464
1685512233934	1685512233923	-10.520	-4.053	0.306	2.184	-0.093	-3.870	-2.447	-2.837	-5.768	126.974838	37.295464
1685512233944	1685512233934	-10.836	-4.508	0.292	2.184	-0.071	-3.752	-2.344	-3.045	-5.420	126.974838	37.295464
1685512233955	1685512233944	-11.238	-4.906	0.055	2.151	-0.055	-3.649	-2.459	-3.223	-5.210	126.974838	37.295464
1685512233964	1685512233955	-11.313	-5.416	-0.211	1.987	-0.093	-3.567	-2.813	-3.496	-5.250	126.974838	37.295464
1685512233973	1685512233964	-11.021	-7.324	0.213	1.577	-0.206	-3.527	-3.259	-3.721	-5.514	126.974838	37.295464
1685512233982	1685512233973	-10.702	-11.133	1.302	1.020	-0.341	-3.563	-3.388	-4.041	-5.816	126.974838	37.295464
1685512233994	1685512233982	-11.741	-12.804	2.191	0.754	-0.312	-3.684	-3.153	-5.780	-5.428	126.974838	37.295464
1685512234002	1685512233994	-12.747	-12.780	2.437	1.086	-0.097	-3.852	-2.921	-9.347	-4.386	126.974838	37.295464
1685512234016	1685512234002	-12.558	-12.938	2.248	1.643	-0.155	-3.988	-4.039	-10.800	-3.531	126.974838	37.295464
1685512234024	1685512234019	-11.526	-13.118	2.284	1.858	-0.487	-4.096	-5.133	-10.544	-3.316	126.974838	37.295464
1685512234032	1685512234024	-10.226	-13.697	1.721	1.572	-0.743	-4.250	-5.045	-10.494	-3.555	126.974838	37.295464
1685512234044	1685512234032	-9.491	-13.084	1.379	1.091	-0.931	-4.426	-4.161	-10.458	-3.613	126.974838	37.295464
1685512234052	1685512234044	-8.997	-13.044	1.458	0.630	-1.003	-4.569	-3.005	-10.843	-4.262	126.974838	37.295464
1685512234062	1685512234052	-8.373	-13.805	1.571	0.136	-1.004	-4.694	-2.459	-9.981	-4.705	126.974838	37.295464
1685512234074	1685512234062	-7.563	-14.518	1.405	-0.382	-1.002	-4.783	-2.174	-9.661	-4.714	126.974838	37.295464
1685512234082	1685512234075	-6.472	-15.878	1.484	-0.959	-0.987	-4.810	-1.776	-10.118	-4.673	126.974838	37.295464
1685512234092	1685512234083	-5.617	-16.197	1.676	-1.372	-0.935	-4.775	-1.216	-10.496	-4.889	126.974838	37.295464
1685512234103	1685512234093	-4.266	-16.166	1.834	-1.350	-0.864	-4.666	-0.443	-11.428	-4.836	126.974838	37.295464
1685512234112	1685512234103	-2.619	-16.319	1.724	-1.089	-0.854	-4.572	0.187	-11.451	-4.638	126.974838	37.295464
1685512234122	1685512234112	-1.456	-15.804	1.283	-0.711	-0.803	-4.528	1.255	-11.071	-4.463	126.974838	37.295464
1685512234133	1685512234122	-0.804	-13.704	1.348	-0.356	-0.611	-4.516	2.607	-10.908	-4.561	126.974838	37.295464
1685512234142	1685512234134	-0.280	-12.670	1.721	-0.147	-0.371	-4.586	3.469	-10.120	-5.001	126.974838	37.295464
1685512234152	1685512234142	-0.170	-11.832	2.263	-0.048	-0.187	-4.738	3.821	-7.781	-4.946	126.974838	37.295464
1685512234162	1685512234153	-0.268	-11.011	2.579	-0.021	0.031	-4.924	4.015	-6.512	-4.580	126.974838	37.295464
1685512234173	1685512234162	-0.524	-9.917	2.447	-0.015	0.266	-5.161	3.847	-5.492	-4.044	126.974838	37.295464
1685512234182	1685512234173	-0.802	-8.686	1.908	0.090	0.465	-5.359	3.433	-4.480	-3.725	126.974838	37.295464
1685512234193	1685512234182	-0.927	-7.008	1.508	0.243	0.645	-5.423	2.851	-3.201	-3.847	126.974838	37.295464
1685512234202	1685512234193	-0.809	-5.186	1.338	0.324	0.755	-5.370	2.205	-1.788	-4.377	126.974838	37.295464
1685512234212	1685512234202	-0.139	-3.998	1.128	0.248	0.742	-5.275	1.776	0.014	-4.774	126.974838	37.295464
1685512234222	1685512234212	0.668	-3.539	1.104	0.082	0.639	-5.132	1.528	1.963	-4.949	126.974838	37.295464
1685512234232	1685512234222	1.398	-3.223	0.941	-0.147	0.555	-4.915	1.899	3.239	-5.162	126.974838	37.295471
1685512234245	1685512234232	1.853	-3.800	0.958	-0.428	0.540	-4.661	2.373	3.792	-5.179	126.974838	37.295471
1685512234253	1685512234245	1.923	-2.878	1.590	-0.666	0.577	-4.406	2.775	4.192	-5.322	126.974838	37.295471
1685512234262	1685512234253	2.049	-2.198	2.016	-0.874	0.593	-4.183	2.916	3.699	-5.267	126.974838	37.295471
1685512234275	1685512234262	2.004	-1.721	2.459	-0.958	0.520	-3.996	2.689	4.702	-4.580	126.974838	37.295471
1685512234282	1685512234275	1.954	-0.996	2.614	-0.874	0.491	-3.753	2.504	5.471	-4.077	126.974838	37.295471
1685512234292	1685512234282	2.116	-0.357	2.567	-0.783	0.484	-3.481	2.212	6.012	-3.565	126.974838	37.295471
1685512234303	1685512234292	2.148	0.038	2.406	-0.691	0.435	-3.227	1.872	6.797	-3.335	126.974838	37.295471
1685512234314	1685512234303	2.239	-0.352	1.968	-0.665	0.392	-2.979	1.817	7.472	-3.328	126.974838	37.295471
1685512234322	1685512234314	2.176	-0.445	2.040	-0.748	0.370	-2.728	1.621	7.894	-3.436	126.974838	37.295471
1685512234333	1685512234322	2.263	-0.524	2.078	-0.915	0.370	-2.497	1.499	7.523	-3.824	126.974838	37.295471
1685512234342	1685512234333	2.210	-1.120	2.811	-1.107	0.319	-2.297	1.223	7.453	-3.692	126.974838	37.295471
1685512234352	1685512234342	2.272	-1.336	3.692	-1.155	0.265	-2.088	1.152	7.398	-3.591	126.974838	37.295471
1685512234363	1685512234352	2.397	-1.985	4.228	-1.142	0.228	-1.877	0.934	6.835	-2.775	126.974838	37.295471
1685512234374	1685512234363	2.375	-2.263	4.147	-0.996	0.182	-1.684	0.845	6.656	-1.805	126.974838	37.295471
1685512234382	1685512234375	2.452	-1.923	3.378	-0.630	0.189	-1.520	0.831	6.041	-1.180	126.974838	37.295471
1685512234392	1685512234382	2.452	-1.662	2.547	-0.198	0.203	-1.362	0.685	5.789	-1.185	126.974838	37.295471
1685512234402	1685512234392	2.744	-1.053	1.851	0.206	0.177	-1.172	0.615	6.139	-1.891	126.974838	37.295471
1685512234412	1685512234402	3.280	-1.015	1.274	0.386	0.114	-0.985	0.546	6.388	-2.715	126.974838	37.295471
1685512234422	1685512234412	3.795	-1.039	1.441	0.265	-0.001	-0.833	0.745	6.960	-3.433	126.974838	37.295471
1685512234434	1685512234422	4.362	-1.520	1.973	-0.070	-0.111	-0.701	1.216	6.962	-4.039	126.974838	37.295471
1685512234442	1685512234434	4.805	-2.464	2.416	-0.500	-0.216	-0.600	1.664	6.907	-3.893	126.974838	37.295471
1685512234452	1685512234442	5.186	-3.352	2.753	-0.843	-0.275	-0.523	2.169	6.414	-3.354	126.974838	37.295471
1685512234462	1685512234453	5.559	-3.742	2.863	-1.042	-0.290	-0.456	2.543	5.485	-2.856	126.974838	37.295471
1685512234476	1685512234463	6.105	-4.073	2.710	-1.087	-0.304	-0.381	2.878	4.623	-2.461	126.974838	37.295471
1685512234484	1685512234477	6.551	-4.403	2.756	-1.016	-0.331	-0.293	3.196	4.281	-2.251	126.974838	37.295471
1685512234493	1685512234484	6.869	-4.049	2.871	-0.891	-0.346	-0.203	3.699	3.991	-2.320	126.974838	37.295471
1685512234503	1685512234494	7.240	-3.768	2.512	-0.822	-0.362	-0.162	4.101	3.709	-2.174	126.974838	37.295471
1685512234514	1685512234503	7.539	-3.874	2.399	-0.809	-0.382	-0.150	4.389	4.096	-1.987	126.974838	37.295471
1685512234523	1685512234515	8.037	-4.063	2.739	-0.834	-0.373	-0.109	4.724	4.420	-2.255	126.974838	37.295471
1685512234533	1685512234523	8.600	-4.800	2.638	-0.955	-0.365	-0.061	4.999	4.343	-2.306	126.974838	37.295471
1685512234545	1685512234533	8.988	-5.440	2.849	-1.046	-0.367	-0.027	5.468	4.192	-1.879	126.974838	37.295471
1685512234555	1685512234545	9.036	-5.205	2.813	-1.047	-0.338	-0.023	6.012	3.493	-1.901	126.974838	37.295471
1685512234563	1685512234555	9.055	-5.013	2.701	-1.086	-0.326	-0.072	6.378	2.904	-1.585	126.974838	37.295471
1685512234575	1685512234563	9.301	-4.800	2.478	-1.181	-0.347	-0.147	6.412	3.179	-1.532	126.974838	37.295471
1685512234583	1685512234575	9.934	-5.181	1.920	-1.359	-0.370	-0.184	6.407	3.426	-1.525	126.974838	37.295471
1685512234593	1685512234583	10.793	-5.602	1.592	-1.644	-0.418	-0.169	6.632	3.675	-1.662	126.974838	37.295471
1685512234603	1685512234593	11.691	-6.280	1.492	-1.936	-0.478	-0.109	7.228	3.354	-2.069	126.974838	37.295471
1685512234615	1685512234603	12.254	-6.831	1.317	-2.112	-0.539	-0.064	8.064	2.981	-2.274	126.974838	37.295471
1685512234623	1685512234615	12.498	-6.531	0.965	-2.084	-0.597	-0.059	8.930	2.380	-2.179	126.974838	37.295471
1685512234633	1685512234623	12.474	-6.519	0.079	-1.905	-0.652	-0.105	9.471	1.896	-2.174	126.974838	37.295471
1685512234645	1685512234633	12.263	-6.771	-0.534	-1.662	-0.709	-0.159	9.685	2.277	-2.286	126.974838	37.295471
1685512234656	1685512234645	11.763	-6.237	-0.582	-1.410	-0.738	-0.183	9.634	2.342	-3.005	126.974838	37.295471
1685512234666	1685512234656	11.140	-5.933	-0.596	-1.235	-0.735	-0.209	9.388	2.136	-3.450	126.974838	37.295471
1685512234688	1685512234667	10.597	-5.787	-0.330	-1.106	-0.682	-0.203	8.849	2.703	-3.349	126.974838	37.295471
1685512234689	1685512234689	9.977	-5.763	-0.292	-0.976	-0.585	-0.183	8.188	3.036	-3.232	126.974838	37.295471
1685512234695	1685512234689	9.620	-5.945	-0.235	-0.904	-0.467	-0.182	7.609	3.203	-2.847	126.974838	37.295471
1685512234707	1685512234695	9.550	-5.643	-0.220	-0.788	-0.325	-0.178	6.953	3.249	-2.682	126.974838	37.295471
1685512234716	1685512234707	9.764	-5.227	-0.548	-0.588	-0.214	-0.171	6.572	3.081	-2.547	126.974838	37.295471
1685512234724	1685512234716	9.989	-4.410	-0.625	-0.309	-0.156	-0.148	6.481	3.395	-2.452	126.974838	37.295471
1685512234736	1685512234724	10.072	-3.673	-0.852	-0.004	-0.111	-0.122	6.673	3.819	-2.720	126.974838	37.295471
1685512234745	1685512234736	9.876	-3.244	-1.070	0.220	-0.084	-0.110	6.881	4.638	-2.765	126.974838	37.295471
1685512234756	1685512234746	9.443	-2.540	-1.202	0.357	-0.045	-0.093	6.953	5.373	-2.988	126.974838	37.295471
1685512234765	1685512234756	9.359	-2.169	-1.738	0.380	-0.006	-0.081	6.742	5.792	-3.225	126.974838	37.295471
1685512234776	1685512234766	9.378	-2.354	-1.753	0.222	-0.023	-0.071	6.302	6.486	-3.385	126.974838	37.295471
1685512234786	1685512234776	9.333	-3.093	-1.621	-0.070	-0.070	-0.020	6.211	6.847	-3.955	126.974838	37.295471
1685512234798	1685512234786	9.108	-3.948	-1.295	-0.451	-0.112	0.061	6.223	6.656	-3.989	126.974838	37.295471
1685512234808	1685512234798	8.667	-4.357	-0.455	-0.798	-0.122	0.099	6.172	5.916	-3.847	126.974838	37.295471
1685512234818	1685512234808	8.135	-4.499	-0.141	-0.986	-0.111	0.070	5.950	5.071	-3.481	126.974838	37.295471
1685512234828	1685512234818	7.755	-4.831	0.007	-0.951	-0.093	0.060	5.516	4.685	-2.557	126.974838	37.295471
1685512234838	1685512234828	7.460	-5.152	-0.177	-0.699	-0.050	0.083	4.990	4.563	-2.162	126.974838	37.295471
1685512234847	1685512234838	7.369	-4.834	0.002	-0.337	-0.005	0.079	4.611	4.252	-1.923	126.974838	37.295471
1685512234858	1685512234848	7.111	-4.209	0.354	0.040	0.017	0.055	4.324	3.946	-2.042	126.974838	37.295471
1685512234871	1685512234859	6.761	-3.721	0.385	0.406	0.034	0.060	4.240	4.274	-1.832	126.974838	37.295471
1685512234877	1685512234872	6.479	-3.148	0.412	0.757	0.068	0.100	3.986	4.899	-1.484	126.974838	37.295471
1685512234888	1685512234877	6.218	-2.492	0.438	1.016	0.099	0.104	3.644	5.382	-1.494	126.974838	37.295471
1685512234908	1685512234890	5.918	-2.243	0.491	1.102	0.103	0.101	3.369	5.945	-1.532	126.974838	37.295471
1685512234909	1685512234908	5.732	-2.045	0.505	1.026	0.092	0.148	3.122	6.582	-1.611	126.974838	37.295471
1685512234917	1685512234912	5.624	-1.867	0.735	0.847	0.062	0.198	2.832	6.812	-1.652	126.974838	37.295471
1685512234926	1685512234917	5.492	-1.731	0.792	0.616	0.015	0.243	2.660	6.993	-1.733	126.974838	37.295471
1685512234936	1685512234927	5.203	-1.733	0.848	0.379	-0.045	0.279	2.571	7.156	-1.580	126.974838	37.295471
1685512234949	1685512234937	5.040	-2.109	1.044	0.151	-0.115	0.307	2.466	7.286	-1.585	126.974838	37.295471
1685512234957	1685512234949	4.901	-2.346	1.087	-0.031	-0.180	0.347	2.198	7.283	-1.559	126.974838	37.295471
1685512234966	1685512234957	4.752	-2.435	1.281	-0.139	-0.265	0.397	2.059	6.912	-1.374	126.974838	37.295471
1685512234978	1685512234966	4.535	-2.478	1.573	-0.123	-0.369	0.469	1.946	6.687	-1.322	126.974838	37.295471
1685512234986	1685512234978	4.520	-2.418	1.633	0.006	-0.492	0.563	1.827	6.613	-1.109	126.974838	37.295471
1685512234996	1685512234986	4.508	-2.100	1.688	0.183	-0.639	0.674	1.645	6.586	-0.792	126.974838	37.295471
1685512235006	1685512234996	4.511	-1.762	1.535	0.385	-0.773	0.821	1.676	6.665	-0.718	126.974838	37.295471
1685512235016	1685512235006	4.365	-1.530	1.336	0.624	-0.898	1.019	1.702	6.996	-0.661	126.974838	37.295471
1685512235026	1685512235016	4.281	-1.341	1.202	0.867	-1.019	1.234	1.760	7.348	-0.828	126.974838	37.295471
1685512235038	1685512235026	4.080	-1.367	0.754	1.076	-1.125	1.447	1.686	7.592	-1.061	126.974838	37.295471
1685512235047	1685512235039	3.991	-1.353	0.208	1.230	-1.225	1.666	1.690	7.793	-1.245	126.974838	37.295471
1685512235056	1685512235048	3.881	-1.290	-0.019	1.337	-1.319	1.918	1.592	7.776	-1.765	126.974838	37.295471
1685512235065	1685512235056	3.618	-1.367	-0.366	1.372	-1.422	2.205	1.638	7.800	-2.401	126.974838	37.295471
1685512235090	1685512235065	3.390	-2.033	-0.622	1.308	-1.533	2.516	1.654	7.870	-2.710	126.974838	37.295471
1685512235090	1685512235090	3.067	-2.430	-0.481	1.170	-1.614	2.834	1.554	7.803	-3.153	126.974838	37.295471
1685512235097	1685512235090	2.715	-2.801	-0.419	1.009	-1.666	3.115	1.513	7.151	-3.500	126.974838	37.295471
1685512235107	1685512235097	2.370	-3.505	-0.342	0.897	-1.732	3.376	1.425	6.771	-3.445	126.974838	37.295471
1685512235116	1685512235107	1.824	-4.096	-0.373	0.937	-1.779	3.662	1.286	6.414	-3.445	126.974838	37.295471
1685512235125	1685512235116	1.300	-4.918	-0.429	1.113	-1.787	3.945	1.226	5.727	-3.433	126.974838	37.295471
1685512235135	1685512235125	0.826	-6.297	-1.590	1.370	-1.773	4.210	0.934	5.143	-3.527	126.974838	37.295471
1685512235144	1685512235135	0.218	-8.516	-2.761	1.636	-1.756	4.478	0.718	4.314	-3.673	126.974838	37.295471
1685512235156	1685512235145	-0.666	-9.361	-3.347	1.790	-1.692	4.753	0.572	2.909	-4.951	126.974838	37.295471
1685512235165	1685512235156	-1.578	-9.084	-3.093	1.640	-1.648	4.952	0.316	0.634	-6.273	126.974838	37.295471
1685512235176	1685512235165	-2.303	-8.722	-2.547	1.285	-1.706	5.136	-0.194	-0.285	-7.027	126.974838	37.295471
1685512235184	1685512235176	-2.923	-8.842	-1.997	1.043	-1.822	5.423	-0.644	-0.124	-6.965	126.974838	37.295471
1685512235193	1685512235184	-2.923	-8.842	-1.997	1.042	-1.831	5.790	-1.058	0.151	-6.524	126.974838	37.295471
1685512235204	1685512235194	-4.245	-9.826	-1.844	1.235	-1.709	6.131	-1.195	-0.115	-6.117	126.974838	37.295471
1685512235215	1685512235204	-4.245	-9.826	-1.844	1.520	-1.541	6.390	-0.852	-0.237	-6.218	126.974838	37.295471
1685512235224	1685512235216	-6.483	-10.247	-0.634	1.520	-1.541	6.390	-1.683	-1.437	-6.223	126.974838	37.295471
1685512235234	1685512235224	-6.483	-10.836	-0.381	1.963	-1.161	6.580	-1.269	-1.657	-6.373	126.974838	37.295471
1685512235243	1685512235234	-7.796	-11.758	-0.381	2.138	-0.963	6.621	-2.981	-2.411	-5.370	126.974838	37.295471
1685512235254	1685512235244	-9.117	-11.416	-0.077	2.138	-0.963	6.621	-2.619	-3.270	-5.272	126.974838	37.295471
1685512235270	1685512235254	-10.441	-11.416	0.194	2.561	-0.436	6.755	-3.448	-4.609	-5.490	126.974838	37.295486
1685512235281	1685512235270	-11.372	-10.460	0.280	2.561	-0.436	6.755	-4.401	-4.635	-5.358	126.974838	37.295486
1685512235284	1685512235281	-11.981	-9.313	0.182	3.181	-0.005	7.043	-5.267	-5.155	-5.294	126.974838	37.295486
1685512235298	1685512235284	-12.603	-8.152	-0.184	3.181	-0.005	7.043	-5.816	-4.705	-5.387	126.974838	37.295486
1685512235304	1685512235298	-13.295	-6.598	-0.728	3.428	0.270	7.293	-5.969	-4.266	-5.691	126.974838	37.295486
1685512235314	1685512235304	-14.351	-5.092	-1.290	3.465	0.564	7.486	-6.321	-3.603	-6.179	126.974838	37.295486
1685512235325	1685512235314	-15.797	-4.310	-1.602	3.264	0.845	7.599	-6.689	-2.727	-6.850	126.974838	37.295486
1685512235337	1685512235325	-17.602	-4.266	-1.812	2.834	1.128	7.655	-7.448	-1.939	-7.496	126.974838	37.295486
1685512235345	1685512235337	-19.573	-4.606	-1.674	2.172	1.398	7.639	-8.631	-1.894	-7.839	126.974838	37.295486
1685512235355	1685512235345	-21.289	-5.241	-1.286	1.312	1.605	7.555	-10.209	-2.586	-8.025	126.974838	37.295486
1685512235366	1685512235356	-22.326	-6.024	-0.907	0.332	1.669	7.453	-11.976	-3.704	-7.803	126.974838	37.295486
1685512235378	1685512235366	-22.575	-6.826	-0.591	-0.672	1.577	7.382	-13.566	-4.932	-7.312	126.974838	37.295486
1685512235386	1685512235378	-22.084	-7.525	-0.450	-2.469	1.157	7.190	-14.502	-6.314	-6.802	126.974838	37.295486
1685512235397	1685512235386	-21.210	-7.851	-0.321	-2.469	1.157	7.190	-14.700	-7.657	-6.366	126.974838	37.295486
1685512235406	1685512235398	-20.197	-7.932	-0.184	-3.147	0.946	7.013	-14.219	-8.823	-6.153	126.974838	37.295486
1685512235418	1685512235407	-19.237	-8.078	-0.105	-3.646	0.729	6.805	-13.384	-9.531	-5.976	126.974838	37.295486
1685512235428	1685512235418	-18.189	-8.068	0.045	-3.962	0.507	6.564	-12.457	-10.017	-5.823	126.974838	37.295486
1685512235437	1685512235430	-17.190	-7.999	0.156	-4.090	0.318	6.276	-11.595	-10.451	-5.768	126.974838	37.295486
1685512235449	1685512235438	-16.185	-7.855	0.182	-4.029	0.166	5.947	-10.683	-10.712	-5.677	126.974838	37.295486
1685512235461	1685512235451	-15.074	-7.525	0.022	-3.798	0.039	5.587	-9.838	-10.874	-5.655	126.974838	37.295486
1685512235468	1685512235461	-14.066	-7.219	-0.115	-3.462	-0.060	5.201	-9.000	-10.927	-5.737	126.974838	37.295486
1685512235485	1685512235469	-13.329	-7.061	-0.144	-3.087	-0.127	4.792	-8.061	-10.767	-6.014	126.974838	37.295486
1685512235485	1685512235485	-12.783	-6.986	-0.266	-2.309	-0.106	3.841	-7.247	-10.623	-6.282	126.974838	37.295486
1685512235513	1685512235486	-12.498	-7.049	-0.414	-2.309	-0.106	3.841	-6.665	-10.582	-6.414	126.974838	37.295486
1685512235513	1685512235513	-12.318	-7.149	-0.259	-1.921	-0.037	3.307	-6.280	-10.625	-6.637	126.974838	37.295486
1685512235517	1685512235513	-12.340	-6.979	-0.215	-1.541	0.059	2.779	-6.127	-10.779	-6.867	126.974838	37.295486
1685512235526	1685512235518	-12.227	-6.687	-0.189	-1.240	0.151	2.307	-6.074	-10.963	-6.785	126.974838	37.295486
1685512235537	1685512235526	-11.964	-6.522	-0.043	-1.074	0.199	1.946	-6.199	-10.862	-6.800	126.974838	37.295486
1685512235547	1685512235537	-11.535	-6.479	0.129	-0.998	0.206	1.703	-6.175	-10.635	-6.816	126.974838	37.295486
1685512235558	1685512235547	-10.927	-6.352	0.187	-0.982	0.186	1.503	-5.969	-10.513	-6.697	126.974838	37.295486
1685512235566	1685512235558	-10.283	-6.256	0.220	-1.015	0.148	1.323	-5.595	-10.503	-6.553	126.974838	37.295486
1685512235580	1685512235568	-9.869	-6.108	0.362	-1.069	0.111	1.188	-5.035	-10.400	-6.524	126.974838	37.295486
1685512235587	1685512235580	-9.661	-6.213	0.436	-1.218	0.161	0.936	-4.434	-10.314	-6.522	126.974838	37.295486
1685512235597	1685512235587	-9.637	-6.076	0.553	-1.218	0.161	0.936	-4.061	-10.163	-6.416	126.974838	37.295486
1685512235608	1685512235598	-9.687	-5.892	0.493	-1.267	0.216	0.790	-3.883	-10.233	-6.390	126.974838	37.295486
1685512235618	1685512235608	-9.448	-6.053	0.649	-1.301	0.241	0.678	-3.881	-10.072	-6.306	126.974838	37.295486
1685512235626	1685512235619	-9.290	-6.151	0.685	-1.319	0.235	0.615	-3.948	-9.847	-6.402	126.974838	37.295486
1685512235638	1685512235626	-8.894	-6.337	0.699	-1.304	0.216	0.586	-3.718	-9.957	-6.285	126.974838	37.295486
1685512235647	1685512235638	-8.650	-6.452	0.596	-1.252	0.180	0.579	-3.567	-9.998	-6.287	126.974838	37.295486
1685512235658	1685512235647	-8.475	-6.553	0.536	-1.158	0.147	0.583	-3.179	-10.127	-6.309	126.974838	37.295486
1685512235669	1685512235658	-8.363	-6.687	0.500	-1.025	0.131	0.584	-2.947	-10.183	-6.452	126.974838	37.295486
1685512235683	1685512235669	-8.519	-6.773	0.417	-0.874	0.121	0.579	-2.782	-10.238	-6.543	126.974838	37.295486
1685512235686	1685512235683	-8.981	-6.864	0.345	-0.681	0.139	0.453	-2.682	-10.333	-6.610	126.974838	37.295486
1685512235711	1685512235686	-9.522	-7.025	0.484	-0.681	0.139	0.453	-2.849	-10.391	-6.718	126.974838	37.295486
1685512235712	1685512235711	-10.003	-7.099	0.524	-0.585	0.182	0.357	-3.318	-10.455	-6.809	126.974838	37.295486
1685512235716	1685512235712	-10.259	-7.144	0.555	-0.464	0.219	0.281	-3.864	-10.597	-6.685	126.974838	37.295486
1685512235728	1685512235717	-10.168	-7.477	0.608	-0.346	0.215	0.238	-4.345	-10.647	-6.656	126.974838	37.295486
1685512235738	1685512235728	-9.919	-7.748	0.800	-0.232	0.176	0.199	-4.597	-10.676	-6.627	126.974838	37.295486
1685512235748	1685512235738	-9.450	-7.815	0.852	-0.092	0.155	0.122	-4.499	-10.997	-6.574	126.974838	37.295486
1685512235758	1685512235749	-9.024	-7.618	0.809	0.087	0.160	0.005	-4.245	-11.262	-6.383	126.974838	37.295486
1685512235768	1685512235759	-8.703	-7.561	0.843	0.291	0.153	-0.134	-3.768	-11.329	-6.323	126.974838	37.295486
1685512235778	1685512235768	-8.741	-7.618	0.848	0.495	0.151	-0.304	-3.330	-11.140	-6.354	126.974838	37.295486
1685512235787	1685512235780	-9.230	-7.554	0.824	0.930	0.277	-0.847	-2.990	-11.097	-6.299	126.974838	37.295486
1685512235799	1685512235788	-10.130	-7.676	0.812	0.930	0.277	-0.847	-3.012	-11.169	-6.273	126.974838	37.295486
1685512235808	1685512235800	-11.329	-7.724	0.764	1.199	0.397	-1.199	-3.445	-11.123	-6.242	126.974838	37.295486
1685512235819	1685512235808	-12.457	-7.733	0.534	1.502	0.498	-1.539	-4.302	-11.262	-6.211	126.974838	37.295486
1685512235826	1685512235820	-13.436	-7.585	0.151	1.819	0.540	-1.837	-5.423	-11.325	-6.184	126.974838	37.295486
1685512235836	1685512235829	-14.236	-7.343	-0.144	2.125	0.519	-2.082	-6.472	-11.344	-6.340	126.974838	37.295486
1685512235847	1685512235838	-14.878	-7.104	-0.395	2.398	0.443	-2.268	-7.326	-11.212	-6.606	126.974838	37.295486
1685512235858	1685512235848	-15.443	-6.601	-0.517	2.613	0.338	-2.432	-8.037	-10.980	-6.812	126.974838	37.295486
1685512235869	1685512235859	-15.878	-6.321	-0.654	2.751	0.219	-2.601	-8.557	-10.760	-6.936	126.974838	37.295486
1685512235889	1685512235870	-16.022	-5.844	-0.721	2.814	0.084	-2.771	-9.021	-10.269	-6.953	126.974838	37.295486
1685512235890	1685512235889	-15.909	-5.265	-0.582	2.739	-0.166	-3.142	-9.337	-9.996	-6.962	126.974838	37.295486
1685512235902	1685512235891	-15.620	-5.037	-0.515	2.739	-0.166	-3.142	-9.373	-9.512	-6.922	126.974838	37.295486
1685512235907	1685512235902	-15.050	-4.662	-0.567	2.625	-0.298	-3.327	-9.136	-8.882	-6.675	126.974838	37.295486
1685512235916	1685512235907	-14.643	-4.245	-0.510	2.464	-0.432	-3.515	-8.765	-8.617	-6.539	126.974838	37.295486
1685512235927	1685512235917	-14.313	-3.986	-0.534	2.261	-0.525	-3.723	-8.095	-8.167	-6.519	126.974838	37.295486
1685512235936	1685512235927	-14.066	-3.845	-0.627	2.034	-0.588	-3.943	-7.592	-7.652	-6.407	126.974838	37.295486
1685512235945	1685512235937	-13.843	-3.783	-0.838	1.790	-0.630	-4.155	-7.168	-7.262	-6.393	126.974838	37.295486
1685512235955	1685512235946	-13.728	-3.682	-0.862	1.537	-0.650	-4.349	-6.828	-6.955	-6.464	126.974838	37.295486
1685512235965	1685512235956	-13.621	-3.601	-0.883	1.300	-0.655	-4.518	-6.510	-6.675	-6.665	126.974838	37.295486
1685512235978	1685512235965	-13.496	-3.651	-0.965	1.111	-0.649	-4.651	-6.321	-6.366	-6.694	126.974838	37.295486
1685512235987	1685512235979	-13.257	-3.589	-1.082	0.907	-0.656	-4.801	-6.134	-6.024	-6.732	126.974838	37.295486
1685512235997	1685512235987	-12.917	-3.584	-1.089	0.907	-0.656	-4.801	-5.942	-5.789	-6.838	126.974838	37.295486
1685512236007	1685512235999	-12.620	-3.503	-1.209	0.894	-0.660	-4.815	-5.641	-5.385	-6.989	126.974838	37.295486
1685512236016	1685512236007	-12.380	-3.426	-1.286	0.925	-0.641	-4.792	-5.265	-5.097	-7.027	126.974838	37.295486
1685512236025	1685512236016	-12.088	-3.340	-1.188	0.990	-0.608	-4.742	-4.939	-4.669	-7.190	126.974838	37.295486
1685512236035	1685512236026	-11.758	-3.383	-1.192	1.081	-0.567	-4.657	-4.690	-4.312	-7.302	126.974838	37.295486
1685512236048	1685512236036	-11.471	-3.227	-1.238	1.197	-0.524	-4.542	-4.401	-3.919	-7.245	126.974838	37.295486
1685512236059	1685512236048	-11.071	-3.077	-1.180	1.318	-0.490	-4.406	-4.085	-3.670	-7.288	126.974838	37.295486
1685512236067	1685512236059	-10.640	-2.993	-1.142	1.421	-0.463	-4.243	-3.824	-3.239	-7.372	126.974838	37.295486
1685512236080	1685512236068	-10.300	-2.873	-1.180	1.499	-0.443	-4.055	-3.457	-2.835	-7.353	126.974838	37.295486
1685512236088	1685512236081	-9.912	-2.713	-1.209	1.580	-0.415	-3.630	-3.077	-2.492	-7.360	126.974838	37.295486
1685512236102	1685512236088	-9.498	-2.619	-1.219	1.580	-0.415	-3.630	-2.782	-2.181	-7.436	126.974838	37.295486
1685512236107	1685512236102	-9.143	-2.547	-1.202	1.580	-0.401	-3.398	-2.454	-1.832	-7.513	126.974838	37.295486
1685512236122	1685512236107	-8.722	-2.354	-1.255	1.555	-0.386	-3.151	-2.095	-1.585	-7.563	126.974838	37.295486
1685512236126	1685512236122	-8.495	-2.298	-1.259	1.506	-0.371	-2.897	-1.803	-1.362	-7.594	126.974838	37.295486
1685512236135	1685512236127	-8.193	-2.138	-1.226	1.433	-0.352	-2.641	-1.446	-1.039	-7.695	126.974838	37.295486
1685512236145	1685512236135	-7.989	-2.057	-1.183	1.338	-0.327	-2.384	-1.288	-0.860	-7.750	126.974838	37.295486
1685512236155	1685512236145	-7.817	-2.145	-1.185	1.221	-0.296	-2.127	-1.044	-0.613	-7.760	126.974838	37.295486
1685512236165	1685512236155	-7.618	-1.963	-1.288	1.093	-0.258	-1.874	-0.898	-0.450	-7.760	126.974838	37.295486
1685512236178	1685512236165	-7.499	-1.956	-1.281	0.966	-0.210	-1.626	-0.781	-0.469	-7.803	126.974838	37.295486
1685512236185	1685512236178	-7.269	-1.812	-1.269	0.702	-0.139	-1.126	-0.630	-0.227	-7.944	126.974838	37.295486
1685512236195	1685512236186	-7.104	-1.803	-1.293	0.702	-0.139	-1.126	-0.553	-0.172	-7.968	126.974838	37.295486
1685512236205	1685512236195	-7.159	-1.820	-1.410	0.553	-0.105	-0.877	-0.359	0.007	-7.982	126.974838	37.295486
1685512236215	1685512236205	-7.326	-1.875	-1.341	0.396	-0.045	-0.643	-0.196	0.048	-8.001	126.974838	37.295486
1685512236229	1685512236215	-7.776	-2.081	-1.286	0.236	0.039	-0.420	-0.275	0.053	-8.135	126.974823	37.295498
1685512236237	1685512236229	-8.531	-2.172	-1.185	0.082	0.149	-0.204	-0.457	0.017	-8.078	126.974823	37.295498
1685512236245	1685512236238	-9.105	-2.413	-1.104	-0.050	0.290	0.021	-0.912	-0.175	-8.023	126.974823	37.295498
1685512236256	1685512236245	-9.598	-2.569	-1.068	-0.151	0.429	0.277	-1.662	-0.256	-7.915	126.974823	37.295498
1685512236266	1685512236256	-9.883	-2.749	-1.061	-0.231	0.522	0.579	-2.215	-0.498	-7.810	126.974823	37.295498
1685512236279	1685512236266	-10.015	-2.811	-1.039	-0.292	0.588	0.915	-2.677	-0.661	-7.745	126.974823	37.295498
1685512236287	1685512236279	-9.977	-2.763	-0.840	-0.378	0.742	1.549	-2.916	-0.864	-7.697	126.974823	37.295498
1685512236297	1685512236287	-9.524	-2.952	-0.601	-0.378	0.742	1.549	-2.993	-0.972	-7.630	126.974823	37.295498
1685512236306	1685512236297	-9.179	-3.160	-0.108	-0.395	0.793	1.833	-2.871	-1.018	-7.365	126.974823	37.295498
1685512236316	1685512236306	-9.045	-3.388	0.218	-0.380	0.842	2.085	-2.351	-1.283	-7.072	126.974823	37.295498
1685512236325	1685512236316	-9.139	-3.383	0.493	-0.305	0.931	2.274	-1.908	-1.621	-6.503	126.974823	37.295498
1685512236336	1685512236325	-9.560	-3.448	0.577	-0.154	1.065	2.388	-1.707	-1.951	-6.124	126.974823	37.295498
1685512236347	1685512236336	-10.195	-3.316	0.646	0.056	1.207	2.453	-1.652	-2.088	-5.703	126.974823	37.295498
1685512236359	1685512236347	-10.882	-3.263	0.740	0.277	1.330	2.498	-1.942	-2.279	-5.483	126.974823	37.295498
1685512236367	1685512236359	-11.535	-3.110	0.678	0.480	1.426	2.539	-2.428	-2.332	-5.255	126.974823	37.295498
1685512236378	1685512236367	-12.167	-2.909	0.769	0.659	1.476	2.584	-2.995	-2.447	-5.025	126.974823	37.295498
1685512236387	1685512236379	-12.526	-2.682	0.833	0.882	1.390	2.757	-3.510	-2.552	-4.925	126.974823	37.295498
1685512236399	1685512236387	-12.701	-2.543	0.778	0.882	1.390	2.757	-4.068	-2.547	-4.743	126.974823	37.295498
1685512236408	1685512236399	-12.773	-2.413	0.773	0.892	1.246	2.853	-4.329	-2.646	-4.544	126.974823	37.295498
1685512236422	1685512236408	-12.792	-2.346	0.663	0.797	1.067	2.904	-4.446	-2.727	-4.506	126.974823	37.295498
1685512236428	1685512236422	-12.651	-2.358	0.388	0.546	0.856	2.905	-4.458	-2.909	-4.393	126.974823	37.295498
1685512236437	1685512236428	-12.459	-2.356	0.232	0.116	0.645	2.904	-4.441	-3.124	-4.410	126.974823	37.295498
1685512236447	1685512236437	-11.971	-2.519	0.146	-0.489	0.445	2.936	-4.281	-3.433	-4.602	126.974823	37.295498
1685512236457	1685512236447	-11.447	-2.794	0.189	-1.207	0.257	2.991	-4.092	-3.656	-4.707	126.974823	37.295498
1685512236467	1685512236457	-10.949	-3.081	0.261	-1.955	0.111	3.042	-3.622	-4.039	-4.764	126.974823	37.295498
1685512236479	1685512236467	-10.597	-3.467	0.445	-2.674	0.021	3.069	-3.134	-4.506	-4.719	126.974823	37.295498
1685512236487	1685512236479	-10.520	-3.728	0.599	-3.789	-0.027	3.029	-2.684	-4.949	-4.673	126.974823	37.295498
1685512236497	1685512236487	-10.534	-4.152	0.812	-3.789	-0.027	3.029	-2.392	-5.454	-4.537	126.974823	37.295498
1685512236506	1685512236498	-10.501	-4.365	0.867	-4.121	-0.028	3.003	-2.389	-5.784	-4.480	126.974823	37.295498
1685512236516	1685512236507	-10.642	-4.496	0.986	-4.288	-0.040	2.993	-2.454	-6.249	-4.331	126.974823	37.295498
1685512236526	1685512236516	-11.322	-4.664	0.424	-4.292	-0.051	2.988	-2.488	-6.491	-4.365	126.974823	37.295498
1685512236537	1685512236526	-10.819	-4.922	0.249	-4.217	-0.064	2.982	-2.693	-6.634	-4.341	126.974823	37.295498
1685512236546	1685512236537	-10.740	-6.117	0.436	-4.178	-0.140	3.038	-3.440	-6.807	-4.999	126.974823	37.295498
1685512236557	1685512236546	-10.611	-5.420	0.206	-3.859	-0.354	2.937	-3.005	-7.070	-5.270	126.974823	37.295498
1685512236567	1685512236557	-10.532	-5.325	-0.084	-3.218	-0.318	2.908	-3.007	-8.270	-5.193	126.974823	37.295498
1685512236578	1685512236567	-10.539	-5.854	-0.177	-2.825	-0.314	3.102	-2.952	-7.578	-5.521	126.974823	37.295498
1685512236587	1685512236578	-10.676	-5.945	-0.053	-1.944	-0.335	3.136	-2.954	-7.518	-5.906	126.974823	37.295498
1685512236601	1685512236587	-10.915	-5.988	0.227	-1.944	-0.335	3.136	-3.050	-8.116	-6.086	126.974823	37.295498
1685512236608	1685512236602	-11.320	-6.072	0.299	-1.541	-0.312	3.047	-3.287	-8.337	-6.038	126.974823	37.295498
1685512236619	1685512236608	-11.538	-5.930	0.266	-1.141	-0.281	3.034	-3.615	-8.480	-5.823	126.974823	37.295498
1685512236628	1685512236619	-11.356	-5.691	0.175	-0.838	-0.242	3.023	-4.125	-8.705	-5.820	126.974823	37.295498
1685512236638	1685512236629	-11.176	-5.679	0.115	-0.656	-0.250	2.988	-4.434	-8.696	-5.899	126.974823	37.295498
1685512236648	1685512236638	-10.877	-5.576	0.103	-0.589	-0.265	2.938	-4.353	-8.617	-6.031	126.974823	37.295498
1685512236660	1685512236648	-10.491	-5.619	0.230	-0.623	-0.258	2.860	-4.278	-8.772	-6.127	126.974823	37.295498
1685512236669	1685512236660	-10.367	-5.660	0.287	-0.733	-0.242	2.742	-4.089	-8.835	-6.177	126.974823	37.295498
1685512236685	1685512236669	-10.319	-5.638	0.381	-0.885	-0.202	2.588	-3.814	-9.031	-6.088	126.974823	37.295498
1685512236688	1685512236685	-10.364	-5.703	0.496	-1.173	-0.104	2.222	-3.812	-9.220	-6.076	126.974823	37.295498
1685512236710	1685512236688	-10.587	-5.823	0.529	-1.173	-0.104	2.222	-3.859	-9.299	-6.024	126.974823	37.295498
1685512236711	1685512236710	-10.702	-5.916	0.498	-1.268	-0.060	2.034	-4.003	-9.438	-5.964	126.974823	37.295498
1685512236720	1685512236711	-10.944	-5.954	0.376	-1.329	-0.027	1.845	-4.307	-9.615	-5.976	126.974823	37.295498
1685512236731	1685512236720	-10.949	-6.069	0.280	-1.359	-0.010	1.668	-4.503	-9.752	-6.057	126.974823	37.295498
1685512236738	1685512236731	-10.604	-6.287	0.122	-1.372	-0.015	1.514	-4.817	-9.816	-6.235	126.974823	37.295498
1685512236749	1685512236738	-10.173	-6.412	0.055	-1.378	-0.054	1.390	-4.894	-9.946	-6.388	126.974823	37.295498
1685512236759	1685512236749	-9.941	-6.500	-0.098	-1.382	-0.106	1.291	-4.604	-10.161	-6.594	126.974823	37.295498
1685512236769	1685512236760	-9.979	-6.618	-0.079	-1.384	-0.133	1.194	-4.231	-10.276	-6.718	126.974823	37.295498
1685512236781	1685512236769	-10.295	-6.859	0.069	-1.373	-0.117	1.076	-4.053	-10.348	-6.931	126.974823	37.295498
1685512236789	1685512236781	-10.673	-6.948	0.134	-1.271	0.016	0.775	-4.147	-10.439	-6.972	126.974823	37.295498
1685512236799	1685512236789	-10.827	-7.123	0.235	-1.271	0.016	0.775	-4.513	-10.649	-6.883	126.974823	37.295498
1685512236809	1685512236799	-10.515	-7.192	0.108	-1.166	0.067	0.648	-4.925	-10.685	-6.874	126.974823	37.295498
1685512236822	1685512236810	-10.087	-7.199	0.120	-1.038	0.057	0.568	-5.100	-10.824	-6.812	126.974823	37.295498
1685512236831	1685512236822	-9.414	-7.300	0.177	-0.900	0.026	0.506	-4.808	-10.848	-6.977	126.974823	37.295498
1685512236841	1685512236832	-8.995	-7.245	0.259	-0.748	0.027	0.408	-4.396	-10.815	-7.001	126.974823	37.295498
1685512236851	1685512236843	-8.531	-7.252	0.342	-0.572	0.053	0.271	-3.740	-10.879	-6.972	126.974823	37.295498
1685512236862	1685512236851	-8.219	-7.099	0.397	-0.368	0.082	0.106	-3.333	-10.793	-6.917	126.974823	37.295498
1685512236871	1685512236863	-8.126	-6.998	0.505	-0.137	0.121	-0.093	-2.875	-10.772	-6.852	126.974823	37.295498
1685512236883	1685512236871	-8.440	-6.888	0.462	0.114	0.180	-0.326	-2.562	-10.602	-6.804	126.974823	37.295498
1685512236891	1685512236890	-9.036	-6.914	0.388	0.612	0.327	-0.875	-2.454	-10.484	-6.694	126.974823	37.295498
1685512236908	1685512236891	-9.862	-6.960	0.345	0.612	0.327	-0.875	-2.746	-10.364	-6.725	126.974823	37.295498
1685512236910	1685512236908	-10.647	-7.180	0.175	0.850	0.404	-1.153	-3.278	-10.384	-6.752	126.974823	37.295498
1685512236920	1685512236910	-11.370	-7.094	-0.014	1.091	0.452	-1.398	-4.061	-10.422	-6.761	126.974823	37.295498
1685512236930	1685512236920	-11.985	-6.965	-0.244	1.323	0.456	-1.593	-4.764	-10.635	-6.869	126.974823	37.295498
1685512236940	1685512236930	-12.608	-6.816	-0.424	1.542	0.428	-1.752	-5.425	-10.544	-7.005	126.974823	37.295498
1685512236951	1685512236940	-13.130	-6.472	-0.589	1.725	0.376	-1.892	-5.954	-10.410	-7.163	126.974823	37.295498
1685512236961	1685512236951	-13.431	-6.165	-0.678	1.852	0.326	-2.046	-6.486	-10.262	-7.264	126.974823	37.295498
1685512236969	1685512236961	-13.645	-5.906	-0.651	1.913	0.275	-2.216	-6.917	-9.917	-7.345	126.974823	37.295498
1685512236980	1685512236969	-13.506	-5.576	-0.630	1.913	0.217	-2.388	-7.128	-9.608	-7.350	126.974823	37.295498
1685512236990	1685512236980	-13.338	-5.363	-0.632	1.775	0.099	-2.739	-7.228	-9.330	-7.223	126.974823	37.295498
1685512236999	1685512236990	-12.938	-5.023	-0.620	1.775	0.099	-2.739	-7.013	-8.978	-7.140	126.974823	37.295498
1685512237009	1685512237000	-12.627	-4.831	-0.673	1.657	0.048	-2.927	-6.725	-8.686	-7.063	126.974823	37.295498
1685512237021	1685512237009	-12.373	-4.583	-0.644	1.519	0.018	-3.136	-6.249	-8.291	-6.998	126.974823	37.295498
1685512237029	1685512237021	-12.292	-4.477	-0.682	1.376	0.016	-3.357	-5.830	-7.999	-6.989	126.974823	37.295498
1685512237041	1685512237030	-12.208	-4.401	-0.634	1.242	0.022	-3.572	-5.478	-7.630	-6.912	126.974823	37.295498
1685512237049	1685512237041	-12.163	-4.305	-0.678	1.131	0.029	-3.767	-5.286	-7.362	-6.905	126.974823	37.295498
1685512237061	1685512237051	-12.172	-4.283	-0.848	1.058	0.039	-3.934	-5.112	-7.128	-6.823	126.974823	37.295498
1685512237071	1685512237061	-12.198	-4.238	-0.862	1.034	0.057	-4.071	-4.963	-6.833	-6.835	126.974823	37.295498
1685512237081	1685512237071	-12.110	-4.140	-0.919	1.064	0.076	-4.172	-4.877	-6.591	-6.977	126.974823	37.295498
1685512237094	1685512237082	-12.206	-4.034	-0.927	1.247	0.097	-4.276	-4.810	-6.309	-6.965	126.974823	37.295498
1685512237112	1685512237094	-12.124	-4.058	-1.010	1.247	0.097	-4.276	-4.635	-5.966	-6.996	126.974823	37.295498
1685512237112	1685512237112	-12.019	-3.855	-1.027	1.381	0.099	-4.272	-4.638	-5.567	-6.967	126.974823	37.295498
1685512237122	1685512237112	-11.799	-3.804	-1.128	1.527	0.098	-4.236	-4.503	-5.389	-7.032	126.974823	37.295498
1685512237127	1685512237122	-11.550	-3.704	-1.135	1.680	0.103	-4.165	-4.341	-4.942	-7.025	126.974823	37.295498
1685512237138	1685512237128	-11.303	-3.553	-1.116	1.824	0.110	-4.063	-4.073	-4.657	-7.104	126.974823	37.295498
1685512237147	1685512237139	-10.932	-3.395	-1.130	1.954	0.109	-3.940	-3.788	-4.334	-7.089	126.974823	37.295498
1685512237157	1685512237147	-10.661	-3.175	-1.173	2.053	0.100	-3.798	-3.512	-3.974	-7.051	126.974823	37.295498
1685512237167	1685512237157	-10.281	-3.072	-1.267	2.117	0.090	-3.643	-3.120	-3.606	-7.051	126.974823	37.295498
1685512237180	1685512237167	-10.058	-2.938	-1.202	2.145	0.079	-3.475	-2.840	-3.227	-7.084	126.974823	37.295498
1685512237187	1685512237180	-9.821	-2.863	-1.159	2.114	0.064	-3.109	-2.454	-2.964	-7.171	126.974823	37.295498
1685512237198	1685512237188	-9.713	-2.777	-1.056	2.114	0.064	-3.109	-2.234	-2.686	-7.104	126.974823	37.295498
1685512237207	1685512237199	-9.462	-2.703	-1.109	2.072	0.056	-2.913	-2.002	-2.480	-7.063	126.974823	37.295498
1685512237217	1685512237207	-9.194	-2.672	-1.068	2.023	0.051	-2.700	-1.903	-2.289	-6.962	126.974823	37.295498
1685512237227	1685512237217	-8.892	-2.576	-1.116	1.967	0.043	-2.475	-1.666	-2.100	-7.025	126.974823	37.295498
1685512237237	1685512237228	-8.598	-2.392	-1.161	1.892	0.022	-2.241	-1.410	-1.987	-6.991	126.974823	37.295498
1685512237247	1685512237238	-8.420	-2.375	-1.118	1.797	-0.004	-2.002	-1.125	-1.815	-7.051	126.974823	37.295498
1685512237258	1685512237247	-8.384	-2.354	-1.063	1.684	-0.016	-1.770	-0.845	-1.568	-7.108	126.974823	37.295502
1685512237267	1685512237258	-8.475	-2.354	-1.125	1.553	-0.010	-1.554	-0.687	-1.504	-7.082	126.974823	37.295502
1685512237281	1685512237267	-8.617	-2.172	-1.135	1.410	0.020	-1.356	-0.649	-1.437	-7.017	126.974823	37.295502
1685512237287	1685512237281	-8.765	-2.234	-1.053	1.261	0.048	-1.164	-0.725	-1.389	-7.053	126.974823	37.295502
1685512237298	1685512237287	-8.961	-2.258	-1.065	1.101	0.054	-0.964	-0.840	-1.168	-7.022	126.974823	37.295502
1685512237308	1685512237298	-8.966	-2.236	-1.118	0.930	0.060	-0.761	-0.955	-1.190	-6.888	126.974823	37.295502
1685512237319	1685512237308	-8.954	-2.191	-1.058	0.756	0.086	-0.567	-1.111	-1.180	-6.840	126.974823	37.295502
1685512237328	1685512237319	-9.002	-2.219	-1.053	0.583	0.095	-0.369	-1.077	-1.130	-6.833	126.974823	37.295502
1685512237340	1685512237328	-9.409	-2.409	-1.013	0.400	0.114	-0.167	-1.025	-1.063	-6.713	126.974823	37.295502
1685512237349	1685512237340	-10.075	-2.670	-0.936	0.221	0.186	0.022	-1.030	-1.075	-6.646	126.974823	37.295502
1685512237360	1685512237349	-10.637	-2.885	-0.783	0.064	0.303	0.198	-1.393	-1.255	-6.541	126.974823	37.295502
1685512237369	1685512237360	-11.159	-2.914	-0.702	-0.054	0.418	0.387	-2.009	-1.511	-6.385	126.974823	37.295502
1685512237382	1685512237369	-11.677	-3.021	-0.730	-0.128	0.505	0.617	-2.512	-1.724	-6.146	126.974823	37.295502
1685512237390	1685512237382	-11.847	-3.057	-0.649	-0.154	0.583	0.891	-2.978	-1.767	-5.981	126.974823	37.295502
1685512237401	1685512237390	-11.399	-3.203	-0.508	-0.134	0.657	1.180	-3.462	-1.918	-5.966	126.974823	37.295502
1685512237410	1685512237402	-10.472	-3.311	-0.192	-0.087	0.696	1.467	-3.584	-2.033	-5.827	126.974823	37.295502
1685512237422	1685512237411	-9.486	-3.445	0.187	-0.029	0.678	1.750	-3.100	-2.253	-5.641	126.974823	37.295502
1685512237432	1685512237422	-8.892	-3.598	0.632	0.040	0.667	1.991	-2.126	-2.478	-5.265	126.974823	37.295502
1685512237444	1685512237432	-8.681	-3.610	1.037	0.147	0.746	2.140	-1.092	-2.756	-4.829	126.974823	37.295502
1685512237450	1685512237446	-9.060	-3.603	1.269	0.305	0.899	2.182	-0.453	-3.079	-4.329	126.974823	37.295502
1685512237462	1685512237453	-9.728	-3.445	1.417	0.513	1.082	2.150	-0.194	-3.280	-3.862	126.974823	37.295502
1685512237472	1685512237462	-10.463	-3.172	1.216	0.740	1.286	2.094	-0.520	-3.493	-3.546	126.974823	37.295502
1685512237483	1685512237473	-11.229	-3.007	0.934	0.946	1.455	2.055	-1.142	-3.524	-3.314	126.974823	37.295502
1685512237496	1685512237484	-11.588	-2.811	0.692	1.111	1.525	2.059	-1.815	-3.486	-3.393	126.974823	37.295502
1685512237511	1685512237496	-11.667	-2.705	0.414	1.203	1.483	2.093	-2.531	-3.522	-3.558	126.974823	37.295502
1685512237512	1685512237511	-11.396	-2.648	0.139	1.214	1.365	2.137	-2.830	-3.577	-3.644	126.974823	37.295502
1685512237521	1685512237512	-11.064	-2.660	0.050	1.141	1.216	2.181	-2.868	-3.682	-3.795	126.974823	37.295502
1685512237532	1685512237521	-10.709	-2.636	0.038	0.987	1.059	2.221	-2.557	-3.912	-3.910	126.974823	37.295502
1685512237539	1685512237532	-10.290	-2.454	0.263	0.761	0.925	2.263	-2.210	-4.113	-3.900	126.974823	37.295502
1685512237550	1685512237539	-9.864	-2.315	0.500	0.459	0.806	2.312	-1.848	-4.348	-3.792	126.974823	37.295502
1685512237559	1685512237550	-9.673	-2.298	0.716	0.089	0.701	2.357	-1.437	-4.396	-3.472	126.974823	37.295502
1685512237568	1685512237560	-9.309	-2.363	0.838	-0.321	0.632	2.377	-1.027	-4.480	-3.153	126.974823	37.295502
1685512237579	1685512237568	-8.902	-2.442	0.958	-0.740	0.600	2.363	-0.864	-4.673	-2.873	126.974823	37.295502
1685512237590	1685512237579	-8.638	-2.667	1.032	-1.130	0.582	2.329	-0.541	-4.956	-2.698	126.974823	37.295502
1685512237599	1685512237590	-8.495	-2.873	0.977	-1.467	0.567	2.292	-0.170	-5.198	-2.550	126.974823	37.295502
1685512237610	1685512237599	-8.509	-3.105	0.972	-1.731	0.568	2.253	0.041	-5.602	-2.456	126.974823	37.295502
1685512237621	1685512237610	-8.543	-3.440	0.939	-1.896	0.595	2.221	0.139	-5.940	-2.507	126.974823	37.295502
1685512237629	1685512237621	-8.641	-3.804	0.922	-1.983	0.599	2.206	0.074	-6.306	-2.516	126.974823	37.295502
1685512237638	1685512237629	-8.619	-4.056	1.116	-2.006	0.567	2.208	-0.010	-6.766	-2.562	126.974823	37.295502
1685512237649	1685512237638	-8.818	-4.281	1.185	-1.967	0.542	2.214	-0.165	-7.259	-2.595	126.974823	37.295502
1685512237658	1685512237649	-9.009	-4.235	1.233	-1.829	0.535	2.232	-0.163	-7.554	-2.401	126.974823	37.295502
1685512237668	1685512237658	-9.208	-4.276	1.262	-1.654	0.531	2.254	-0.385	-7.831	-2.339	126.974823	37.295502
1685512237680	1685512237668	-9.390	-4.281	1.087	-1.467	0.487	2.270	-0.606	-7.848	-2.294	126.974823	37.295502
1685512237688	1685512237680	-9.584	-4.111	1.001	-1.302	0.457	2.270	-0.836	-7.961	-2.267	126.974823	37.295502
1685512237699	1685512237688	-9.716	-4.156	0.819	-1.188	0.418	2.257	-1.056	-8.049	-2.444	126.974823	37.295502
1685512237709	1685512237700	-9.756	-4.178	0.761	-1.124	0.362	2.236	-1.310	-8.004	-2.535	126.974823	37.295502
1685512237718	1685512237710	-9.780	-4.252	0.675	-1.104	0.315	2.204	-1.480	-8.126	-2.720	126.974823	37.295502
1685512237730	1685512237718	-9.778	-4.405	0.785	-1.124	0.261	2.167	-1.578	-8.260	-2.787	126.974823	37.295502
1685512237739	1685512237730	-9.831	-4.482	0.977	-1.166	0.209	2.128	-1.669	-8.449	-2.887	126.974823	37.295502
1685512237748	1685512237740	-9.859	-4.515	0.994	-1.221	0.181	2.082	-1.738	-8.720	-2.801	126.974823	37.295502
1685512237761	1685512237748	-9.950	-4.508	0.960	-1.278	0.172	2.027	-1.867	-8.911	-2.641	126.974823	37.295502
1685512237770	1685512237762	-9.876	-4.525	0.828	-1.341	0.164	1.966	-1.987	-9.072	-2.667	126.974823	37.295502
1685512237782	1685512237770	-9.816	-4.571	0.764	-1.421	0.138	1.901	-2.157	-9.165	-2.741	126.974823	37.295502
1685512237790	1685512237783	-9.924	-4.630	0.682	-1.514	0.101	1.823	-2.169	-9.285	-2.923	126.974823	37.295502
1685512237802	1685512237790	-9.984	-4.803	0.634	-1.610	0.073	1.732	-2.195	-9.421	-3.045	126.974823	37.295502
1685512237810	1685512237803	-10.029	-5.006	0.737	-1.693	0.060	1.630	-2.397	-9.570	-3.201	126.974823	37.295502
1685512237818	1685512237810	-10.120	-5.301	0.876	-1.751	0.054	1.532	-2.531	-9.802	-3.316	126.974823	37.295502
1685512237831	1685512237818	-10.228	-5.485	1.046	-1.764	0.057	1.442	-2.665	-10.063	-3.302	126.974823	37.295502
1685512237839	1685512237833	-10.187	-5.631	1.037	-1.719	0.071	1.361	-2.823	-10.396	-3.239	126.974823	37.295502
1685512237848	1685512237839	-10.113	-5.602	0.960	-1.619	0.084	1.294	-3.002	-10.611	-3.156	126.974823	37.295502
1685512237861	1685512237849	-9.969	-5.619	0.773	-1.493	0.077	1.240	-3.029	-10.781	-3.249	126.974823	37.295502
1685512237868	1685512237861	-9.692	-5.648	0.555	-1.367	0.051	1.189	-3.017	-10.774	-3.402	126.974823	37.295502
1685512237880	1685512237868	-9.584	-5.567	0.306	-1.261	0.021	1.124	-2.935	-10.815	-3.661	126.974823	37.295502
1685512237888	1685512237881	-9.816	-5.581	0.275	-1.185	-0.004	1.041	-2.722	-10.867	-3.953	126.974823	37.295502
1685512237903	1685512237888	-10.300	-5.806	0.338	-1.135	0.006	0.931	-2.667	-10.805	-4.259	126.974823	37.295502
1685512237909	1685512237903	-10.700	-6.055	0.405	-1.093	0.051	0.794	-2.959	-10.839	-4.360	126.974823	37.295502
1685512237919	1685512237909	-11.035	-6.196	0.488	-1.035	0.098	0.654	-3.486	-11.073	-4.350	126.974823	37.295502
1685512237930	1685512237919	-11.025	-6.577	0.699	-0.958	0.106	0.542	-3.926	-11.325	-4.338	126.974823	37.295502
1685512237939	1685512237931	-10.642	-6.946	1.101	-0.853	0.088	0.476	-4.290	-11.461	-4.302	126.974823	37.295502
1685512237948	1685512237939	-9.795	-7.187	1.319	-0.676	0.101	0.431	-4.307	-11.830	-4.140	126.974823	37.295502
1685512237958	1685512237948	-8.854	-7.092	1.264	-0.389	0.108	0.402	-3.943	-12.191	-3.771	126.974823	37.295502
1685512237968	1685512237958	-8.250	-7.041	1.082	-0.033	0.068	0.379	-3.112	-12.428	-3.582	126.974823	37.295502
1685512237981	1685512237968	-8.332	-6.902	1.010	0.318	0.050	0.313	-2.188	-12.340	-3.651	126.974823	37.295502
1685512237989	1685512237981	-9.199	-7.003	0.907	0.633	0.121	0.145	-1.599	-12.313	-3.831	126.974823	37.295502
1685512238001	1685512237989	-10.640	-7.336	1.003	0.929	0.259	-0.131	-1.695	-12.210	-3.881	126.974823	37.295502
1685512238010	1685512238001	-12.155	-7.427	0.924	1.261	0.413	-0.456	-2.564	-12.359	-3.934	126.974823	37.295502
1685512238020	1685512238010	-13.273	-7.338	0.622	1.646	0.516	-0.748	-3.991	-12.723	-3.785	126.974823	37.295502
1685512238030	1685512238020	-14.152	-7.125	0.328	2.024	0.505	-0.963	-5.464	-12.842	-3.768	126.974823	37.295502
1685512238042	1685512238031	-14.382	-6.902	0.022	2.326	0.368	-1.111	-6.517	-12.780	-3.946	126.974823	37.295502
1685512238051	1685512238042	-14.243	-6.515	-0.230	2.513	0.162	-1.252	-7.321	-12.591	-4.096	126.974823	37.295502
1685512238060	1685512238051	-13.925	-6.151	-0.239	2.578	-0.048	-1.420	-7.475	-12.395	-4.250	126.974823	37.295502
1685512238072	1685512238060	-13.561	-5.521	-0.321	2.545	-0.255	-1.605	-7.252	-12.026	-4.336	126.974823	37.295502
1685512238081	1685512238073	-13.132	-4.978	-0.254	2.401	-0.439	-1.825	-6.864	-11.667	-4.221	126.974823	37.295502
1685512238092	1685512238082	-12.785	-4.551	-0.170	2.154	-0.563	-2.090	-6.421	-11.023	-4.180	126.974823	37.295502
1685512238106	1685512238092	-12.637	-4.190	-0.093	1.862	-0.623	-2.396	-5.911	-10.439	-4.013	126.974823	37.295502
1685512238109	1685512238106	-12.524	-3.900	-0.012	1.548	-0.637	-2.729	-5.461	-9.934	-3.847	126.974823	37.295502
1685512238119	1685512238110	-12.345	-3.802	0.065	1.235	-0.627	-3.063	-5.219	-9.474	-3.723	126.974823	37.295502
1685512238130	1685512238120	-12.100	-3.792	-0.072	0.942	-0.615	-3.378	-4.975	-9.021	-3.603	126.974823	37.295502
1685512238139	1685512238130	-11.988	-3.977	-0.022	0.673	-0.595	-3.664	-4.676	-8.753	-3.515	126.974823	37.295502
1685512238148	1685512238139	-11.940	-4.003	-0.067	0.458	-0.567	-3.910	-4.290	-8.516	-3.654	126.974823	37.295502
1685512238159	1685512238148	-11.844	-3.900	-0.261	0.313	-0.538	-4.107	-4.032	-8.435	-3.620	126.974823	37.295502
1685512238168	1685512238159	-11.760	-3.972	-0.453	0.226	-0.513	-4.265	-3.836	-8.164	-3.689	126.974823	37.295502
1685512238179	1685512238168	-11.696	-3.989	-0.543	0.209	-0.484	-4.382	-3.596	-7.736	-3.917	126.974823	37.295502
1685512238188	1685512238179	-11.530	-3.982	-0.627	0.261	-0.451	-4.458	-3.361	-7.427	-4.144	126.974823	37.295502
1685512238198	1685512238189	-11.274	-3.955	-0.697	0.373	-0.420	-4.498	-3.182	-7.116	-4.266	126.974823	37.295502
1685512238208	1685512238199	-11.145	-3.900	-0.728	0.539	-0.390	-4.494	-2.892	-6.699	-4.384	126.974823	37.295502
1685512238220	1685512238208	-10.934	-3.838	-0.778	0.743	-0.363	-4.443	-2.547	-6.335	-4.480	126.974823	37.295502
1685512238228	1685512238220	-10.688	-3.625	-0.833	0.975	-0.330	-4.357	-2.334	-5.906	-4.532	126.974823	37.295502
1685512238238	1685512238228	-10.448	-3.409	-0.706	1.202	-0.302	-4.247	-2.057	-5.478	-4.602	126.974808	37.295509
1685512238248	1685512238239	-10.190	-3.203	-0.800	1.399	-0.280	-4.114	-1.755	-4.879	-4.673	126.974808	37.295509
1685512238259	1685512238249	-9.845	-3.038	-0.718	1.560	-0.266	-3.955	-1.484	-4.362	-4.559	126.974808	37.295509
1685512238269	1685512238259	-9.558	-2.976	-0.737	1.675	-0.260	-3.778	-1.202	-3.843	-4.666	126.974808	37.295509
1685512238281	1685512238269	-9.359	-2.777	-0.761	1.754	-0.257	-3.586	-0.850	-3.381	-4.602	126.974808	37.295509
1685512238289	1685512238281	-9.129	-2.667	-0.807	1.808	-0.258	-3.378	-0.563	-3.045	-4.640	126.974808	37.295509
1685512238303	1685512238289	-8.961	-2.456	-0.697	1.831	-0.261	-3.161	-0.378	-2.593	-4.688	126.974808	37.295509
1685512238309	1685512238303	-8.818	-2.552	-0.670	1.820	-0.263	-2.937	-0.175	-2.181	-4.772	126.974808	37.295509
1685512238319	1685512238310	-8.722	-2.337	-0.680	1.774	-0.260	-2.712	-0.026	-1.822	-4.685	126.974808	37.295509
1685512238328	1685512238319	-8.746	-2.243	-0.718	1.697	-0.260	-2.492	0.079	-1.712	-4.700	126.974808	37.295509
1685512238340	1685512238329	-8.744	-2.081	-0.692	1.593	-0.264	-2.276	0.144	-1.343	-4.743	126.974808	37.295509
1685512238348	1685512238340	-8.808	-2.076	-0.658	1.460	-0.285	-2.054	0.089	-1.073	-4.803	126.974808	37.295509
1685512238360	1685512238348	-8.775	-1.985	-0.668	1.302	-0.307	-1.829	0.072	-0.771	-4.774	126.974808	37.295509
1685512238369	1685512238361	-8.655	-2.025	-0.733	1.131	-0.327	-1.613	-0.017	-0.603	-4.743	126.974808	37.295509
1685512238381	1685512238369	-8.550	-1.946	-0.812	0.949	-0.354	-1.409	0.007	-0.409	-4.726	126.974808	37.295509
1685512238390	1685512238382	-8.492	-1.805	-0.893	0.755	-0.387	-1.208	0.115	-0.326	-4.772	126.974808	37.295509
1685512238400	1685512238390	-8.416	-1.738	-0.919	0.547	-0.414	-1.013	0.215	-0.153	-4.820	126.974808	37.295509
1685512238409	1685512238400	-8.523	-1.779	-0.977	0.321	-0.423	-0.830	0.254	0.089	-4.894	126.974808	37.295509
1685512238420	1685512238409	-8.820	-1.884	-1.025	0.083	-0.413	-0.660	0.326	0.218	-4.901	126.974808	37.295509
1685512238430	1685512238420	-9.414	-2.006	-1.020	-0.155	-0.378	-0.487	0.199	0.254	-4.963	126.974808	37.295509
1685512238442	1685512238431	-10.080	-2.195	-1.003	-0.379	-0.301	-0.310	-0.103	0.196	-4.999	126.974808	37.295509
1685512238451	1685512238442	-10.865	-2.282	-1.065	-0.567	-0.199	-0.117	-0.706	0.132	-4.985	126.974808	37.295509
1685512238462	1685512238452	-11.454	-2.358	-1.142	-0.705	-0.095	0.112	-1.369	-0.010	-4.937	126.974808	37.295509
1685512238471	1685512238462	-11.789	-2.629	-1.288	-0.794	-0.016	0.409	-2.136	-0.060	-4.937	126.974808	37.295509
1685512238484	1685512238472	-11.619	-2.746	-1.257	-0.852	0.032	0.773	-2.727	-0.120	-5.006	126.974808	37.295509
1685512238495	1685512238484	-10.724	-2.904	-1.003	-0.885	0.073	1.172	-3.053	-0.395	-5.136	126.974808	37.295509
1685512238510	1685512238495	-9.577	-2.964	-0.759	-0.918	0.090	1.567	-2.866	-0.543	-5.085	126.974808	37.295509
1685512238510	1685512238510	-8.741	-3.206	-0.211	-0.954	0.104	1.934	-1.939	-0.778	-4.803	126.974808	37.295509
1685512238522	1685512238511	-8.394	-3.424	0.342	-0.962	0.200	2.236	-0.759	-0.931	-4.535	126.974808	37.295509
1685512238532	1685512238523	-8.516	-3.510	0.769	-0.905	0.385	2.425	0.115	-1.307	-3.958	126.974808	37.295509
1685512238541	1685512238532	-9.124	-3.510	0.929	-0.767	0.608	2.509	0.510	-1.688	-3.369	126.974808	37.295509
1685512238551	1685512238542	-10.025	-3.498	0.929	-0.549	0.842	2.536	0.448	-1.975	-2.887	126.974808	37.295509
1685512238561	1685512238552	-10.977	-3.560	0.785	-0.279	1.074	2.545	-0.105	-2.155	-2.670	126.974808	37.295509
1685512238572	1685512238563	-11.832	-3.371	0.632	0.023	1.277	2.545	-0.943	-2.354	-2.586	126.974808	37.295509
1685512238584	1685512238572	-12.330	-3.225	0.347	0.341	1.400	2.550	-1.834	-2.636	-2.629	126.974808	37.295509
1685512238592	1685512238584	-12.495	-3.256	0.163	0.655	1.410	2.585	-2.626	-2.682	-2.665	126.974808	37.295509
1685512238602	1685512238592	-12.368	-3.436	0.089	0.920	1.344	2.666	-3.065	-2.782	-2.823	126.974808	37.295509
1685512238611	1685512238603	-12.100	-3.455	0.103	1.102	1.260	2.768	-3.168	-3.127	-2.851	126.974808	37.295509
1685512238620	1685512238612	-11.813	-3.148	0.230	1.196	1.174	2.875	-3.010	-3.527	-2.825	126.974808	37.295509
1685512238630	1685512238620	-11.202	-3.084	0.369	1.190	1.068	2.971	-2.710	-3.838	-2.691	126.974808	37.295509
1685512238641	1685512238631	-10.673	-3.036	0.637	1.075	0.959	3.052	-2.406	-3.833	-2.447	126.974808	37.295509
1685512238651	1685512238642	-10.297	-2.988	0.958	0.870	0.876	3.108	-1.793	-4.080	-2.198	126.974808	37.295509
1685512238660	1685512238652	-9.773	-2.851	1.247	0.578	0.817	3.114	-1.276	-4.345	-1.827	126.974808	37.295509
1685512238670	1685512238660	-9.421	-2.856	1.456	0.211	0.771	3.070	-0.927	-4.642	-1.401	126.974808	37.295509
1685512238680	1685512238671	-9.342	-2.935	1.616	-0.183	0.754	3.001	-0.436	-4.781	-1.034	126.974808	37.295509
1685512238691	1685512238683	-9.242	-3.019	1.583	-0.577	0.773	2.908	-0.129	-5.076	-0.749	126.974808	37.295509
1685512238706	1685512238691	-9.378	-3.261	1.511	-0.949	0.795	2.795	-0.105	-5.430	-0.522	126.974808	37.295509
1685512238711	1685512238706	-9.325	-3.517	1.161	-1.279	0.789	2.684	-0.069	-5.794	-0.496	126.974808	37.295509
1685512238720	1685512238711	-9.203	-3.836	1.180	-1.561	0.742	2.596	-0.266	-6.249	-0.527	126.974808	37.295509
1685512238729	1685512238720	-9.129	-4.221	1.374	-1.743	0.690	2.535	-0.287	-6.744	-0.840	126.974808	37.295509
1685512238739	1685512238729	-9.321	-4.408	1.477	-1.842	0.643	2.491	-0.227	-7.245	-0.807	126.974808	37.295509
1685512238749	1685512238740	-9.507	-4.384	1.417	-1.869	0.589	2.429	-0.227	-7.817	-0.613	126.974808	37.295509
1685512238760	1685512238749	-9.811	-4.355	1.305	-1.845	0.560	2.366	-0.493	-8.179	-0.520	126.974808	37.295509
1685512238769	1685512238761	-9.835	-4.314	1.113	-1.806	0.507	2.323	-0.757	-8.320	-0.599	126.974808	37.295509
1685512238781	1685512238770	-9.692	-4.551	1.037	-1.790	0.415	2.291	-1.142	-8.454	-0.737	126.974808	37.295509
1685512238791	1685512238782	-9.627	-4.635	0.967	-1.791	0.313	2.258	-1.259	-8.588	-0.965	126.974808	37.295509
1685512238800	1685512238791	-9.562	-4.867	0.979	-1.781	0.228	2.216	-1.197	-8.969	-1.077	126.974808	37.295509
1685512238810	1685512238801	-9.589	-4.875	1.034	-1.758	0.159	2.162	-1.238	-9.220	-1.207	126.974808	37.295509
1685512238822	1685512238810	-9.795	-4.865	1.034	-1.698	0.114	2.103	-1.262	-9.584	-1.252	126.974808	37.295509
