1685512313949	1685512313949	-7.839	-3.666	0.658	-0.985	0.654	1.916	2.339	-3.701	2.270	126.975357	37.295879
1685512313949	1685512313949	-8.253	-3.824	0.742	-1.020	0.619	1.888	2.073	-3.977	2.253	126.975357	37.295879
1685512313956	1685512313949	-8.600	-4.022	0.792	-1.068	0.599	1.857	1.812	-4.235	2.272	126.975357	37.295879
1685512313966	1685512313956	-8.947	-4.094	1.051	-1.107	0.585	1.835	1.379	-4.573	2.404	126.975357	37.295879
1685512313976	1685512313967	-9.340	-4.324	1.092	-1.141	0.557	1.841	1.006	-4.968	2.504	126.975357	37.295879
1685512313988	1685512313976	-9.776	-4.317	1.240	-1.166	0.528	1.866	0.632	-5.215	2.796	126.975357	37.295879
1685512313996	1685512313989	-10.058	-4.518	1.360	-1.161	0.529	1.891	0.215	-5.607	2.861	126.975357	37.295879
1685512314006	1685512313996	-10.096	-4.654	1.305	-1.146	0.518	1.917	-0.254	-5.799	3.043	126.975357	37.295879
1685512314018	1685512314006	-9.965	-4.638	1.334	-1.134	0.491	1.939	-0.584	-6.239	3.201	126.975357	37.295879
1685512314026	1685512314018	-9.675	-4.803	1.413	-1.118	0.452	1.955	-0.658	-6.539	3.170	126.975357	37.295879
1685512314038	1685512314026	-9.505	-4.925	1.379	-1.107	0.397	1.952	-0.572	-6.725	3.223	126.975357	37.295879
1685512314047	1685512314039	-9.570	-4.922	1.338	-1.113	0.356	1.905	-0.335	-7.096	3.318	126.975357	37.295879
1685512314056	1685512314048	-9.974	-5.035	1.511	-1.123	0.376	1.806	-0.220	-7.420	3.297	126.975357	37.295879
1685512314068	1685512314057	-10.592	-5.131	1.623	-1.129	0.434	1.670	-0.335	-7.604	3.254	126.975357	37.295879
1685512314076	1685512314068	-11.004	-5.215	1.738	-1.109	0.492	1.525	-0.802	-7.918	3.428	126.975357	37.295879
1685512314087	1685512314076	-11.277	-5.468	1.875	-1.059	0.524	1.394	-1.470	-8.169	3.546	126.975357	37.295879
1685512314098	1685512314088	-11.296	-5.588	1.798	-0.983	0.517	1.282	-1.939	-8.413	3.670	126.975357	37.295879
1685512314107	1685512314099	-11.076	-5.729	1.815	-0.886	0.473	1.184	-2.270	-8.813	3.821	126.975357	37.295879
1685512314116	1685512314107	-10.915	-5.701	1.705	-0.779	0.413	1.108	-2.346	-9.081	3.759	126.975357	37.295879
1685512314126	1685512314116	-10.973	-5.722	1.511	-0.682	0.351	1.040	-2.174	-9.333	3.785	126.975357	37.295879
1685512314136	1685512314126	-11.492	-5.751	1.420	-0.599	0.318	0.951	-2.066	-9.431	3.682	126.975357	37.295879
1685512314146	1685512314136	-12.275	-6.043	1.506	-0.552	0.320	0.820	-2.164	-9.546	3.493	126.975357	37.295879
1685512314156	1685512314146	-12.859	-6.230	1.528	-0.528	0.342	0.666	-2.727	-9.670	3.407	126.975357	37.295879
1685512314167	1685512314156	-12.917	-6.452	1.595	-0.485	0.346	0.528	-3.551	-10.046	3.500	126.975357	37.295879
1685512314176	1685512314167	-12.476	-6.510	1.800	-0.411	0.280	0.424	-4.168	-10.300	3.529	126.975357	37.295879
1685512314187	1685512314176	-11.562	-6.404	2.002	-0.307	0.159	0.352	-4.254	-10.580	3.608	126.975357	37.295879
1685512314196	1685512314187	-10.439	-6.381	2.112	-0.186	0.040	0.279	-3.838	-10.685	3.821	126.975357	37.295879
1685512314206	1685512314196	-9.517	-6.323	2.105	-0.055	-0.064	0.181	-2.940	-10.613	4.022	126.975357	37.295879
1685512314216	1685512314206	-8.847	-6.151	1.994	0.088	-0.148	0.048	-1.832	-10.621	4.128	126.975357	37.295879
1685512314227	1685512314216	-8.775	-6.017	1.793	0.227	-0.195	-0.134	-0.915	-10.578	4.113	126.975357	37.295879
1685512314236	1685512314227	-9.438	-6.007	1.707	0.363	-0.191	-0.380	-0.242	-10.408	3.996	126.975357	37.295879
1685512314246	1685512314236	-10.721	-6.069	1.642	0.498	-0.130	-0.672	-0.160	-10.257	3.788	126.975357	37.295879
1685512314256	1685512314246	-12.079	-6.086	1.530	0.654	-0.045	-0.976	-0.802	-10.204	3.699	126.975365	37.295876
1685512314266	1685512314256	-13.058	-5.964	1.168	0.850	0.000	-1.238	-2.059	-10.204	3.644	126.975365	37.295876
1685512314276	1685512314266	-13.609	-5.787	0.917	1.030	-0.070	-1.423	-3.376	-10.123	3.553	126.975365	37.295876
1685512314289	1685512314276	-13.769	-5.648	0.536	1.152	-0.230	-1.533	-4.307	-9.876	3.225	126.975365	37.295876
1685512314296	1685512314289	-13.503	-5.586	0.359	1.229	-0.404	-1.592	-4.803	-9.553	3.007	126.975365	37.295876
1685512314306	1685512314296	-13.135	-5.279	0.330	1.285	-0.566	-1.630	-4.901	-9.254	2.648	126.975365	37.295876
1685512314316	1685512314306	-12.637	-4.961	0.242	1.316	-0.715	-1.675	-4.559	-8.990	2.480	126.975365	37.295876
1685512314326	1685512314316	-12.072	-4.843	0.156	1.296	-0.860	-1.750	-4.135	-8.545	2.444	126.975365	37.295876
1685512314338	1685512314326	-11.602	-4.508	0.134	1.227	-0.975	-1.856	-3.570	-8.047	2.334	126.975365	37.295876
1685512314348	1685512314338	-11.210	-4.178	0.065	1.134	-1.038	-1.995	-2.935	-7.743	2.207	126.975365	37.295876
1685512314356	1685512314348	-10.956	-3.979	0.041	1.025	-1.070	-2.162	-2.392	-7.214	2.131	126.975365	37.295876
1685512314368	1685512314356	-10.618	-3.766	-0.010	0.899	-1.081	-2.347	-1.927	-6.675	1.994	126.975365	37.295876
1685512314377	1685512314369	-10.355	-3.675	0.086	0.760	-1.075	-2.536	-1.595	-6.235	1.889	126.975365	37.295876
1685512314390	1685512314377	-10.094	-3.687	0.136	0.612	-1.068	-2.724	-1.195	-5.808	1.765	126.975365	37.295876
1685512314398	1685512314390	-10.020	-3.603	0.007	0.478	-1.060	-2.903	-0.864	-5.464	1.772	126.975365	37.295876
1685512314407	1685512314398	-9.998	-3.589	-0.060	0.376	-1.040	-3.062	-0.541	-5.205	1.731	126.975365	37.295876
1685512314416	1685512314407	-10.039	-3.632	-0.204	0.301	-1.005	-3.201	-0.405	-4.808	1.496	126.975365	37.295876
1685512314429	1685512314416	-9.957	-3.510	-0.232	0.252	-0.985	-3.315	-0.340	-4.523	1.343	126.975365	37.295876
1685512314437	1685512314429	-9.744	-3.510	-0.294	0.247	-0.975	-3.395	-0.340	-4.221	1.094	126.975365	37.295876
1685512314446	1685512314437	-9.579	-3.357	-0.419	0.283	-0.977	-3.438	-0.232	-3.807	0.982	126.975365	37.295876
1685512314459	1685512314446	-9.349	-3.414	-0.570	0.342	-0.979	-3.455	-0.005	-3.472	0.824	126.975365	37.295876
1685512314469	1685512314461	-9.148	-3.273	-0.620	0.402	-0.966	-3.455	0.163	-2.981	0.603	126.975365	37.295876
1685512314476	1685512314469	-9.026	-3.326	-0.661	0.457	-0.937	-3.443	0.383	-2.698	0.357	126.975365	37.295876
1685512314491	1685512314476	-8.933	-3.232	-0.706	0.513	-0.892	-3.412	0.563	-2.217	0.208	126.975365	37.295876
1685512314496	1685512314491	-8.827	-3.043	-0.687	0.571	-0.844	-3.359	0.644	-1.899	0.062	126.975365	37.295876
1685512314510	1685512314496	-8.770	-2.940	-0.699	0.623	-0.803	-3.279	0.694	-1.506	-0.067	126.975365	37.295876
1685512314516	1685512314510	-8.684	-2.796	-0.702	0.666	-0.764	-3.175	0.733	-0.948	-0.151	126.975365	37.295876
1685512314527	1685512314516	-8.497	-2.622	-0.771	0.693	-0.723	-3.052	0.725	-0.546	-0.244	126.975365	37.295876
1685512314536	1685512314527	-8.435	-2.528	-0.725	0.698	-0.682	-2.911	0.730	-0.084	-0.335	126.975365	37.295876
1685512314546	1685512314536	-8.430	-2.595	-0.828	0.679	-0.643	-2.760	0.828	0.385	-0.486	126.975365	37.295876
1685512314556	1685512314547	-8.303	-2.526	-0.819	0.646	-0.594	-2.597	0.792	0.773	-0.520	126.975365	37.295876
1685512314566	1685512314556	-8.255	-2.588	-0.828	0.602	-0.549	-2.420	0.718	0.919	-0.678	126.975365	37.295876
1685512314577	1685512314566	-8.329	-2.552	-0.824	0.549	-0.501	-2.231	0.764	1.197	-0.718	126.975365	37.295876
1685512314589	1685512314577	-8.492	-2.672	-0.769	0.489	-0.442	-2.035	0.735	1.319	-0.776	126.975365	37.295876
1685512314596	1685512314589	-8.854	-2.758	-0.702	0.428	-0.364	-1.837	0.587	1.518	-0.812	126.975365	37.295876
1685512314608	1685512314596	-9.230	-2.840	-0.658	0.374	-0.290	-1.627	0.357	1.544	-0.792	126.975365	37.295876
1685512314617	1685512314608	-9.412	-2.892	-0.735	0.334	-0.210	-1.404	-0.079	1.614	-0.761	126.975365	37.295876
1685512314626	1685512314617	-9.503	-2.741	-0.828	0.314	-0.147	-1.159	-0.491	1.604	-0.728	126.975365	37.295876
1685512314636	1685512314627	-9.234	-2.662	-0.840	0.304	-0.109	-0.894	-0.711	1.628	-0.812	126.975365	37.295876
1685512314650	1685512314636	-9.021	-2.468	-0.883	0.291	-0.088	-0.622	-0.826	1.824	-0.903	126.975365	37.295876
1685512314658	1685512314650	-8.859	-2.425	-0.864	0.270	-0.059	-0.364	-0.567	1.920	-0.907	126.975365	37.295876
1685512314667	1685512314658	-9.076	-2.583	-0.831	0.242	-0.006	-0.133	-0.350	2.105	-0.939	126.975365	37.295876
1685512314679	1685512314667	-9.855	-2.830	-0.905	0.197	0.092	0.076	-0.172	2.121	-0.907	126.975365	37.295876
1685512314689	1685512314681	-10.906	-3.007	-0.905	0.128	0.250	0.258	-0.364	1.913	-0.852	126.975365	37.295876
1685512314696	1685512314689	-11.789	-3.163	-0.958	0.057	0.445	0.439	-1.109	1.597	-0.895	126.975365	37.295876
1685512314709	1685512314697	-12.237	-3.211	-0.967	0.005	0.599	0.671	-2.116	1.334	-0.845	126.975365	37.295876
1685512314716	1685512314709	-12.014	-3.455	-0.699	-0.020	0.689	0.982	-2.954	1.082	-0.831	126.975365	37.295876
1685512314727	1685512314717	-11.040	-3.553	-0.124	-0.026	0.721	1.350	-3.381	0.986	-0.800	126.975365	37.295876
1685512314736	1685512314727	-9.716	-3.852	0.328	-0.011	0.713	1.718	-3.110	0.637	-0.457	126.975365	37.295876
1685512314747	1685512314737	-8.811	-4.264	0.843	0.049	0.712	2.034	-2.093	0.443	0.168	126.975365	37.295876
1685512314756	1685512314747	-8.430	-4.499	1.286	0.158	0.799	2.257	-0.697	-0.024	0.692	126.975365	37.295876
1685512314768	1685512314757	-8.665	-4.764	1.659	0.318	0.987	2.358	0.273	-0.601	1.264	126.975365	37.295876
1685512314776	1685512314768	-9.574	-4.669	1.760	0.555	1.222	2.340	0.737	-1.061	1.781	126.975365	37.295876
1685512314788	1685512314776	-10.700	-4.403	1.499	0.865	1.470	2.259	0.567	-1.520	2.227	126.975365	37.295876
1685512314798	1685512314788	-11.756	-3.982	1.341	1.207	1.703	2.188	-0.261	-1.681	2.442	126.975365	37.295876
1685512314808	1685512314798	-12.479	-3.539	1.037	1.525	1.867	2.165	-1.343	-1.580	2.270	126.975365	37.295876
1685512314819	1685512314809	-12.649	-3.294	0.673	1.750	1.905	2.186	-2.346	-1.391	2.265	126.975365	37.295876
1685512314830	1685512314819	-12.189	-3.160	0.457	1.853	1.817	2.233	-3.041	-1.101	2.071	126.975365	37.295876
1685512314840	1685512314830	-11.413	-3.170	0.122	1.862	1.654	2.282	-3.177	-1.063	1.860	126.975365	37.295876
1685512314848	1685512314840	-10.606	-2.883	-0.062	1.785	1.439	2.310	-2.691	-1.116	1.776	126.975365	37.295876
1685512314860	1685512314848	-9.888	-2.772	-0.129	1.611	1.208	2.303	-1.894	-1.336	1.575	126.975365	37.295876
1685512314869	1685512314860	-9.414	-2.555	0.060	1.348	1.029	2.272	-1.068	-1.223	1.487	126.975365	37.295876
1685512314880	1685512314870	-9.033	-2.444	0.294	0.999	0.892	2.225	-0.333	-1.307	1.511	126.975365	37.295876
1685512314904	1685512314880	-8.528	-2.456	0.661	0.573	0.760	2.153	0.153	-1.283	1.779	126.975365	37.295876
1685512314905	1685512314904	-7.977	-2.588	0.924	0.100	0.629	2.057	0.543	-1.369	2.088	126.975365	37.295876
1685512314910	1685512314905	-7.482	-2.555	1.240	-0.349	0.536	1.950	1.056	-1.578	2.521	126.975365	37.295876
1685512314919	1685512314910	-7.104	-2.710	1.413	-0.753	0.494	1.831	1.611	-1.944	2.856	126.975365	37.295876
1685512314929	1685512314919	-6.840	-3.021	1.516	-1.120	0.464	1.706	2.107	-2.064	3.215	126.975365	37.295876
1685512314939	1685512314929	-6.730	-3.285	1.551	-1.418	0.469	1.587	2.483	-2.411	3.438	126.975365	37.295876
1685512314951	1685512314939	-6.687	-3.553	1.523	-1.641	0.511	1.489	2.741	-2.909	3.587	126.975365	37.295876
1685512314960	1685512314951	-6.704	-3.838	1.415	-1.790	0.544	1.426	2.842	-3.354	3.668	126.975365	37.295876
1685512314970	1685512314960	-6.914	-4.015	1.279	-1.863	0.560	1.395	2.871	-3.800	3.687	126.975365	37.295876
1685512314979	1685512314970	-7.113	-4.070	1.192	-1.859	0.574	1.381	2.835	-4.278	3.630	126.975365	37.295876
1685512314991	1685512314983	-7.336	-4.142	1.142	-1.797	0.586	1.377	2.607	-4.614	3.531	126.975365	37.295876
1685512315000	1685512314992	-7.597	-4.233	1.190	-1.695	0.577	1.379	2.387	-4.841	3.488	126.975365	37.295876
1685512315013	1685512315000	-7.980	-4.322	1.188	-1.556	0.583	1.385	2.138	-5.085	3.476	126.975365	37.295876
1685512315021	1685512315013	-8.267	-4.262	1.176	-1.390	0.596	1.388	1.846	-5.363	3.565	126.975365	37.295876
1685512315032	1685512315021	-8.435	-4.254	1.159	-1.222	0.601	1.390	1.437	-5.602	3.596	126.975365	37.295876
1685512315041	1685512315034	-8.720	-4.417	1.185	-1.076	0.577	1.403	1.111	-5.725	3.625	126.975365	37.295876
1685512315050	1685512315041	-8.923	-4.410	1.283	-0.952	0.557	1.412	0.910	-5.861	3.642	126.975365	37.295876
1685512315062	1685512315051	-9.203	-4.484	1.358	-0.856	0.551	1.410	0.594	-6.163	3.692	126.975365	37.295876
1685512315073	1685512315062	-9.354	-4.410	1.374	-0.794	0.553	1.395	0.362	-6.280	3.809	126.975365	37.295876
1685512315084	1685512315073	-9.596	-4.317	1.575	-0.755	0.560	1.379	0.041	-6.505	3.917	126.975365	37.295876
1685512315111	1685512315085	-9.828	-4.377	1.492	-0.748	0.556	1.360	-0.151	-6.582	3.967	126.975365	37.295876
1685512315111	1685512315111	-10.099	-4.429	1.489	-0.775	0.544	1.327	-0.443	-6.649	4.207	126.975365	37.295876
1685512315112	1685512315111	-10.479	-4.630	1.575	-0.831	0.544	1.274	-0.718	-6.838	4.154	126.975365	37.295876
1685512315118	1685512315112	-10.812	-4.891	1.750	-0.891	0.549	1.207	-1.022	-7.001	4.159	126.975365	37.295876
1685512315128	1685512315118	-11.104	-5.088	1.896	-0.919	0.563	1.136	-1.432	-7.295	4.254	126.975365	37.295876
1685512315138	1685512315129	-11.365	-5.095	1.978	-0.892	0.577	1.073	-1.808	-7.676	4.446	126.975365	37.295876
1685512315147	1685512315145	-11.356	-5.126	2.014	-0.821	0.574	1.024	-2.148	-7.999	4.618	126.975365	37.295876
1685512315157	1685512315148	-11.143	-5.097	1.949	-0.735	0.538	0.991	-2.461	-8.138	4.726	126.975365	37.295876
1685512315167	1685512315157	-10.961	-5.076	1.961	-0.654	0.485	0.954	-2.492	-8.272	4.786	126.975365	37.295876
1685512315177	1685512315174	-10.733	-5.116	1.781	-0.584	0.423	0.903	-2.327	-8.351	4.745	126.975365	37.295876
1685512315189	1685512315178	-10.707	-5.078	1.676	-0.535	0.360	0.828	-2.191	-8.432	4.779	126.975365	37.295876
1685512315197	1685512315189	-11.229	-5.179	1.583	-0.511	0.318	0.728	-2.006	-8.569	4.616	126.975365	37.295876
1685512315207	1685512315197	-11.993	-5.339	1.647	-0.511	0.310	0.602	-2.018	-8.617	4.523	126.975365	37.295876
1685512315217	1685512315207	-12.479	-5.499	1.772	-0.508	0.336	0.474	-2.583	-8.811	4.441	126.975365	37.295876
1685512315227	1685512315217	-12.625	-5.588	1.894	-0.483	0.340	0.364	-3.371	-9.026	4.511	126.975365	37.295876
1685512315241	1685512315228	-12.107	-5.552	2.057	-0.443	0.263	0.291	-3.886	-9.242	4.647	126.975372	37.295868
1685512315249	1685512315241	-11.214	-5.643	2.066	-0.391	0.127	0.254	-4.053	-9.376	4.779	126.975372	37.295868
1685512315259	1685512315250	-10.178	-5.574	2.004	-0.312	-0.026	0.225	-3.555	-9.376	4.949	126.975372	37.295868
1685512315267	1685512315259	-9.309	-5.564	1.834	-0.209	-0.158	0.169	-2.677	-9.500	4.954	126.975372	37.295868
1685512315278	1685512315268	-8.945	-5.370	1.578	-0.088	-0.252	0.077	-1.647	-9.462	4.875	126.975372	37.295868
1685512315292	1685512315278	-9.103	-5.313	1.384	0.038	-0.297	-0.055	-0.781	-9.471	4.685	126.975372	37.295868
1685512315298	1685512315292	-9.993	-5.241	1.341	0.150	-0.283	-0.232	-0.412	-9.287	4.405	126.975372	37.295868
1685512315309	1685512315298	-11.320	-5.370	1.353	0.253	-0.221	-0.448	-0.560	-9.222	4.187	126.975372	37.295868
1685512315318	1685512315310	-12.517	-5.452	1.159	0.358	-0.142	-0.666	-1.432	-9.124	4.123	126.975372	37.295868
1685512315329	1685512315318	-13.427	-5.303	0.850	0.445	-0.127	-0.847	-2.737	-9.213	4.128	126.975372	37.295868
1685512315339	1685512315329	-13.929	-5.148	0.508	0.490	-0.214	-0.969	-3.903	-9.220	3.934	126.975372	37.295868
1685512315349	1685512315339	-13.798	-4.990	0.311	0.491	-0.363	-1.020	-4.781	-8.995	3.630	126.975372	37.295868
1685512315360	1685512315350	-13.178	-4.798	0.201	0.457	-0.542	-1.021	-5.243	-8.741	3.287	126.975372	37.295868
1685512315370	1685512315360	-12.280	-4.527	0.113	0.373	-0.740	-1.025	-5.064	-8.480	3.077	126.975372	37.295868
1685512315379	1685512315371	-11.157	-4.472	0.108	0.210	-0.981	-1.065	-4.393	-8.188	2.935	126.975372	37.295868
1685512315391	1685512315379	-10.240	-4.446	0.189	0.010	-1.175	-1.148	-3.443	-7.817	2.794	126.975372	37.295868
1685512315400	1685512315392	-9.474	-4.444	0.201	-0.172	-1.258	-1.279	-2.253	-7.652	2.701	126.975372	37.295868
1685512315410	1685512315400	-9.093	-4.362	0.290	-0.288	-1.241	-1.462	-1.276	-7.532	2.689	126.975372	37.295868
1685512315421	1685512315411	-8.633	-4.233	0.330	-0.335	-1.169	-1.691	-0.433	-7.408	2.569	126.975372	37.295868
1685512315433	1685512315422	-8.571	-4.199	0.429	-0.324	-1.075	-1.935	0.010	-7.214	2.550	126.975372	37.295868
1685512315441	1685512315433	-8.464	-4.087	0.350	-0.268	-0.971	-2.165	0.541	-6.936	2.473	126.975372	37.295868
1685512315452	1685512315442	-8.404	-4.056	0.323	-0.177	-0.877	-2.370	0.678	-6.730	2.464	126.975372	37.295868
1685512315462	1685512315453	-8.406	-4.051	0.194	-0.059	-0.803	-2.549	0.871	-6.383	2.270	126.975372	37.295868
1685512315472	1685512315462	-8.416	-3.950	0.007	0.077	-0.734	-2.698	0.986	-6.177	2.174	126.975372	37.295868
1685512315486	1685512315473	-8.377	-3.876	-0.146	0.228	-0.682	-2.811	1.049	-5.933	1.968	126.975372	37.295868
1685512315494	1685512315486	-8.483	-3.704	-0.201	0.390	-0.641	-2.891	1.099	-5.576	1.712	126.975372	37.295868
1685512315502	1685512315494	-8.478	-3.541	-0.335	0.552	-0.621	-2.939	1.192	-5.229	1.496	126.975372	37.295868
1685512315523	1685512315502	-8.516	-3.381	-0.481	0.709	-0.605	-2.968	1.135	-4.743	1.377	126.975372	37.295868
1685512315524	1685512315523	-8.665	-3.098	-0.582	0.839	-0.582	-2.983	1.188	-4.187	1.164	126.975372	37.295868
1685512315531	1685512315524	-8.686	-2.950	-0.666	0.925	-0.560	-2.987	1.173	-3.737	0.955	126.975372	37.295868
1685512315541	1685512315533	-8.660	-2.820	-0.603	0.958	-0.555	-2.966	1.041	-3.089	0.781	126.975372	37.295868
1685512315551	1685512315543	-8.566	-2.794	-0.575	0.941	-0.556	-2.915	1.025	-2.567	0.618	126.975372	37.295868
1685512315561	1685512315553	-8.523	-2.701	-0.563	0.883	-0.551	-2.847	1.037	-2.030	0.591	126.975372	37.295868
1685512315572	1685512315562	-8.459	-2.648	-0.634	0.801	-0.536	-2.764	1.106	-1.662	0.539	126.975372	37.295868
1685512315580	1685512315572	-8.361	-2.746	-0.603	0.706	-0.522	-2.657	1.104	-1.156	0.450	126.975372	37.295868
1685512315591	1685512315580	-8.468	-2.804	-0.486	0.602	-0.501	-2.536	1.125	-0.819	0.304	126.975372	37.295868
1685512315600	1685512315593	-8.600	-2.780	-0.515	0.489	-0.479	-2.401	1.164	-0.584	0.249	126.975372	37.295868
1685512315612	1685512315602	-8.724	-2.701	-0.551	0.371	-0.442	-2.259	1.001	-0.390	0.299	126.975372	37.295868
1685512315622	1685512315614	-8.662	-2.682	-0.615	0.258	-0.421	-2.101	0.800	-0.093	0.199	126.975372	37.295868
1685512315631	1685512315623	-8.729	-2.713	-0.649	0.155	-0.420	-1.918	0.618	0.187	0.113	126.975372	37.295868
1685512315640	1685512315633	-8.854	-2.758	-0.500	0.062	-0.413	-1.713	0.608	0.443	-0.010	126.975372	37.295868
1685512315651	1685512315641	-9.108	-2.861	-0.532	-0.018	-0.386	-1.513	0.496	0.553	-0.077	126.975372	37.295868
1685512315661	1685512315654	-9.352	-2.993	-0.469	-0.071	-0.323	-1.321	0.314	0.673	0.024	126.975372	37.295868
1685512315674	1685512315662	-9.644	-3.017	-0.467	-0.078	-0.270	-1.111	0.019	0.680	-0.034	126.975372	37.295868
1685512315686	1685512315674	-9.867	-2.947	-0.364	-0.053	-0.227	-0.877	-0.266	0.661	0.000	126.975372	37.295868
1685512315714	1685512315687	-9.919	-2.962	-0.405	-0.015	-0.193	-0.635	-0.584	0.699	-0.012	126.975372	37.295868
1685512315714	1685512315714	-9.759	-2.976	-0.290	0.017	-0.150	-0.407	-0.831	0.828	0.069	126.975372	37.295868
1685512315715	1685512315715	-9.728	-2.993	-0.294	0.037	-0.108	-0.189	-0.886	0.826	0.017	126.975372	37.295868
1685512315721	1685512315715	-10.008	-2.998	-0.223	0.048	-0.076	0.026	-0.728	0.816	0.120	126.975372	37.295868
1685512315731	1685512315722	-10.757	-3.158	-0.373	0.049	-0.005	0.216	-0.690	0.783	0.108	126.975372	37.295868
1685512315741	1685512315732	-11.756	-3.323	-0.503	0.048	0.123	0.370	-0.958	0.749	0.170	126.975372	37.295868
1685512315752	1685512315742	-12.706	-3.469	-0.587	0.044	0.282	0.502	-1.688	0.546	0.017	126.975372	37.295868
1685512315768	1685512315755	-13.166	-3.400	-0.632	0.033	0.404	0.659	-2.667	0.328	-0.101	126.975372	37.295868
1685512315768	1685512315768	-13.077	-3.431	-0.658	0.006	0.435	0.880	-3.603	0.141	-0.163	126.975372	37.295868
1685512315779	1685512315770	-12.091	-3.582	-0.464	-0.042	0.387	1.161	-4.041	0.151	-0.172	126.975372	37.295868
1685512315791	1685512315780	-10.566	-3.967	-0.168	-0.095	0.299	1.451	-3.924	0.041	-0.158	126.975372	37.295868
1685512315798	1685512315792	-9.311	-4.243	0.182	-0.149	0.202	1.699	-2.899	-0.215	0.069	126.975372	37.295868
1685512315808	1685512315799	-8.610	-4.305	0.632	-0.193	0.154	1.859	-1.326	-0.735	0.397	126.975372	37.295868
1685512315818	1685512315809	-8.859	-4.154	0.886	-0.171	0.230	1.905	-0.010	-1.202	0.776	126.975372	37.295868
1685512315828	1685512315818	-9.900	-3.867	1.025	-0.051	0.412	1.837	0.733	-1.403	1.243	126.975372	37.295868
1685512315838	1685512315829	-11.179	-3.697	0.721	0.130	0.632	1.707	0.536	-1.432	1.523	126.975372	37.295868
1685512315851	1685512315840	-12.347	-3.687	0.280	0.342	0.823	1.593	-0.457	-1.317	1.700	126.975372	37.295868
1685512315858	1685512315851	-12.900	-3.642	0.160	0.544	0.933	1.530	-1.697	-1.307	1.453	126.975372	37.295868
1685512315868	1685512315858	-12.795	-3.462	0.077	0.695	0.931	1.506	-2.837	-1.446	1.082	126.975372	37.295868
1685512315879	1685512315868	-11.914	-3.412	-0.017	0.772	0.808	1.547	-3.361	-1.556	1.049	126.975372	37.295868
1685512315894	1685512315879	-10.788	-3.381	0.098	0.775	0.602	1.653	-3.237	-1.501	1.032	126.975372	37.295868
1685512315898	1685512315894	-9.845	-3.254	0.402	0.709	0.398	1.770	-2.334	-1.592	1.001	126.975372	37.295868
1685512315910	1685512315898	-9.041	-3.122	0.589	0.578	0.252	1.839	-1.185	-1.709	1.161	126.975372	37.295868
1685512315919	1685512315910	-8.363	-3.134	0.838	0.411	0.189	1.852	-0.215	-1.762	1.494	126.975372	37.295868
1685512315929	1685512315919	-7.817	-3.014	1.132	0.228	0.203	1.818	0.606	-1.784	1.695	126.975372	37.295868
1685512315939	1685512315929	-7.254	-2.947	1.420	0.027	0.231	1.741	1.307	-1.987	1.958	126.975372	37.295868
1685512315949	1685512315940	-6.823	-2.825	1.530	-0.186	0.261	1.637	1.870	-2.025	2.270	126.975372	37.295868
1685512315959	1685512315950	-6.529	-2.935	1.499	-0.392	0.314	1.523	2.444	-2.126	2.579	126.975372	37.295868
1685512315972	1685512315960	-6.170	-3.002	1.456	-0.574	0.371	1.417	2.885	-2.164	2.715	126.975372	37.295868
1685512315981	1685512315972	-5.873	-3.077	1.329	-0.717	0.414	1.338	3.184	-2.428	2.717	126.975372	37.295868
1685512315992	1685512315981	-5.679	-3.462	1.310	-0.827	0.437	1.288	3.546	-2.641	2.713	126.975372	37.295868
1685512316001	1685512315993	-5.705	-3.618	1.358	-0.882	0.469	1.256	3.840	-2.868	2.631	126.975372	37.295868
1685512316012	1685512316001	-5.854	-3.639	1.472	-0.870	0.517	1.221	4.032	-3.376	2.653	126.975372	37.295868
1685512316022	1685512316012	-6.227	-3.615	1.477	-0.806	0.561	1.183	3.998	-3.677	2.751	126.975372	37.295868
1685512316035	1685512316023	-6.704	-3.543	1.470	-0.707	0.604	1.161	3.843	-3.819	2.909	126.975372	37.295868
1685512316042	1685512316035	-7.027	-3.546	1.334	-0.608	0.637	1.155	3.457	-3.919	2.966	126.975372	37.295868
1685512316054	1685512316043	-7.391	-3.531	1.216	-0.534	0.649	1.157	2.966	-3.972	3.017	126.975372	37.295868
1685512316062	1685512316054	-7.705	-3.491	1.049	-0.490	0.638	1.172	2.626	-4.106	2.942	126.975372	37.295868
1685512316075	1685512316062	-7.865	-3.620	0.934	-0.478	0.601	1.206	2.246	-4.202	2.880	126.975372	37.295868
1685512316088	1685512316075	-8.025	-3.752	0.972	-0.485	0.549	1.256	1.913	-4.281	2.770	126.975372	37.295868
1685512316093	1685512316089	-8.430	-3.893	0.982	-0.503	0.507	1.307	1.731	-4.535	2.708	126.975372	37.295868
1685512316100	1685512316093	-8.741	-3.979	1.099	-0.544	0.483	1.346	1.549	-4.796	2.794	126.975372	37.295868
1685512316115	1685512316100	-9.033	-4.108	1.216	-0.596	0.475	1.379	1.120	-5.071	2.847	126.975372	37.295868
1685512316119	1685512316115	-9.177	-4.183	1.302	-0.641	0.457	1.420	0.778	-5.325	3.012	126.975372	37.295868
1685512316131	1685512316119	-9.383	-4.051	1.262	-0.676	0.430	1.459	0.462	-5.569	3.158	126.975372	37.295868
1685512316140	1685512316131	-9.495	-4.178	1.300	-0.724	0.392	1.482	0.290	-5.789	3.278	126.975372	37.295868
1685512316157	1685512316140	-9.720	-4.185	1.195	-0.804	0.353	1.477	0.050	-5.808	3.266	126.975372	37.295868
1685512316158	1685512316157	-10.029	-4.379	1.250	-0.905	0.329	1.442	-0.096	-6.091	3.328	126.975372	37.295868
1685512316169	1685512316160	-10.455	-4.468	1.276	-1.001	0.321	1.382	-0.357	-6.251	3.239	126.975372	37.295868
1685512316179	1685512316170	-10.858	-4.657	1.298	-1.059	0.336	1.310	-0.685	-6.548	3.275	126.975372	37.295868
1685512316189	1685512316179	-11.092	-4.839	1.460	-1.076	0.356	1.239	-1.128	-6.721	3.285	126.975372	37.295868
1685512316198	1685512316190	-11.155	-5.023	1.554	-1.059	0.359	1.179	-1.556	-7.022	3.299	126.975372	37.295868
1685512316209	1685512316198	-10.987	-5.164	1.539	-1.007	0.347	1.133	-1.827	-7.341	3.467	126.975372	37.295868
1685512316218	1685512316209	-10.738	-5.160	1.484	-0.922	0.320	1.095	-1.932	-7.669	3.567	126.975372	37.295868
1685512316228	1685512316219	-10.525	-5.277	1.499	-0.815	0.294	1.057	-1.798	-7.922	3.558	126.975372	37.295868
1685512316238	1685512316228	-10.676	-5.296	1.389	-0.693	0.277	1.003	-1.590	-8.047	3.505	126.975372	37.295868
1685512316248	1685512316238	-11.277	-5.255	1.293	-0.572	0.282	0.920	-1.410	-8.267	3.524	126.975372	37.295868
1685512316258	1685512316248	-12.057	-5.483	1.283	-0.479	0.325	0.804	-1.597	-8.392	3.417	126.975372	37.295868
1685512316271	1685512316258	-12.725	-5.600	1.283	-0.401	0.387	0.672	-2.231	-8.444	3.328	126.975388	37.295864
1685512316280	1685512316271	-12.950	-5.562	1.358	-0.304	0.428	0.552	-3.045	-8.756	3.333	126.975388	37.295864
1685512316290	1685512316280	-12.704	-5.681	1.585	-0.194	0.393	0.473	-3.745	-8.942	3.354	126.975388	37.295864
1685512316298	1685512316290	-11.873	-5.717	1.800	-0.090	0.307	0.426	-4.001	-8.964	3.460	126.975388	37.295864
1685512316310	1685512316298	-10.673	-5.777	1.848	0.035	0.204	0.390	-3.776	-9.127	3.713	126.975388	37.295864
1685512316318	1685512316310	-9.448	-5.679	1.743	0.189	0.075	0.349	-2.966	-9.206	3.955	126.975388	37.295864
1685512316330	1685512316318	-8.732	-5.540	1.681	0.335	-0.078	0.287	-1.784	-9.297	4.020	126.975388	37.295864
1685512316339	1685512316330	-8.763	-5.499	1.470	0.467	-0.160	0.170	-0.572	-9.225	3.929	126.975388	37.295864
1685512316349	1685512316339	-9.689	-5.430	1.281	0.605	-0.125	-0.033	0.134	-9.105	3.871	126.975388	37.295864
1685512316359	1685512316349	-10.946	-5.353	1.216	0.749	-0.004	-0.297	0.101	-9.069	3.663	126.975388	37.295864
1685512316370	1685512316360	-12.167	-5.334	1.025	0.887	0.109	-0.567	-0.821	-8.985	3.484	126.975388	37.295864
1685512316380	1685512316370	-13.003	-5.274	0.757	1.018	0.127	-0.787	-2.069	-8.866	3.445	126.975388	37.295864
1685512316392	1685512316380	-13.360	-5.255	0.472	1.131	0.033	-0.947	-3.273	-8.775	3.294	126.975388	37.295864
1685512316400	1685512316392	-13.194	-5.253	0.194	1.213	-0.145	-1.053	-4.085	-8.622	3.072	126.975388	37.295864
1685512316410	1685512316400	-12.732	-5.181	0.110	1.274	-0.343	-1.117	-4.410	-8.492	2.828	126.975388	37.295864
1685512316420	1685512316412	-12.084	-4.834	0.017	1.337	-0.518	-1.146	-4.202	-8.341	2.579	126.975388	37.295864
1685512316432	1685512316421	-11.332	-4.477	0.062	1.383	-0.683	-1.175	-3.706	-8.164	2.502	126.975388	37.295864
1685512316442	1685512316432	-10.688	-4.257	0.177	1.374	-0.841	-1.235	-3.010	-7.683	2.401	126.975388	37.295864
1685512316454	1685512316442	-10.087	-4.051	0.172	1.304	-0.953	-1.333	-2.210	-7.185	2.423	126.975388	37.295864
1685512316462	1685512316454	-9.732	-3.867	0.213	1.188	-1.014	-1.460	-1.513	-6.819	2.497	126.975388	37.295864
1685512316471	1685512316462	-9.404	-3.493	0.160	1.046	-1.041	-1.621	-0.857	-6.462	2.437	126.975388	37.295864
1685512316482	1685512316472	-9.120	-3.393	0.182	0.885	-1.053	-1.812	-0.441	-6.098	2.404	126.975388	37.295864
1685512316494	1685512316483	-8.933	-3.163	0.263	0.706	-1.048	-2.013	-0.060	-5.569	2.284	126.975388	37.295864
1685512316506	1685512316495	-8.789	-3.309	0.239	0.520	-1.032	-2.209	0.280	-5.279	2.224	126.975388	37.295864
1685512316521	1685512316506	-8.815	-3.220	0.141	0.347	-1.008	-2.391	0.524	-4.846	2.219	126.975388	37.295864
1685512316522	1685512316522	-8.744	-3.242	0.034	0.192	-0.980	-2.553	0.728	-4.750	2.097	126.975388	37.295864
1685512316532	1685512316522	-8.729	-3.347	-0.081	0.062	-0.955	-2.695	0.745	-4.451	1.915	126.975388	37.295864
1685512316541	1685512316532	-8.703	-3.285	-0.165	-0.037	-0.940	-2.806	0.867	-4.199	1.707	126.975388	37.295864
1685512316551	1685512316541	-8.552	-3.349	-0.390	-0.100	-0.937	-2.882	0.915	-4.070	1.511	126.975388	37.295864
1685512316560	1685512316551	-8.452	-3.249	-0.443	-0.120	-0.935	-2.927	0.974	-3.716	1.326	126.975388	37.295864
1685512316574	1685512316561	-8.430	-3.268	-0.541	-0.099	-0.919	-2.952	1.152	-3.469	0.998	126.975388	37.295864
1685512316581	1685512316574	-8.327	-3.208	-0.481	-0.044	-0.888	-2.954	1.264	-3.041	0.838	126.975388	37.295864
1685512316592	1685512316582	-8.373	-3.232	-0.532	0.033	-0.841	-2.938	1.286	-2.715	0.630	126.975388	37.295864
1685512316602	1685512316592	-8.473	-3.206	-0.510	0.125	-0.781	-2.904	1.374	-2.272	0.570	126.975388	37.295864
1685512316613	1685512316602	-8.581	-3.144	-0.381	0.228	-0.713	-2.852	1.300	-1.961	0.421	126.975388	37.295864
1685512316623	1685512316613	-8.681	-2.947	-0.429	0.332	-0.655	-2.775	1.152	-1.549	0.335	126.975388	37.295864
1685512316633	1685512316623	-8.803	-2.842	-0.354	0.415	-0.601	-2.672	0.991	-1.168	0.378	126.975388	37.295864
1685512316642	1685512316634	-8.863	-2.844	-0.328	0.464	-0.567	-2.542	0.826	-0.651	0.244	126.975388	37.295864
1685512316653	1685512316644	-8.856	-2.765	-0.330	0.470	-0.551	-2.396	0.632	-0.256	0.239	126.975388	37.295864
1685512316662	1685512316653	-8.918	-2.662	-0.256	0.443	-0.525	-2.243	0.496	0.026	0.187	126.975388	37.295864
1685512316674	1685512316662	-8.875	-2.617	-0.350	0.397	-0.503	-2.085	0.438	0.316	0.122	126.975388	37.295864
1685512316682	1685512316674	-8.789	-2.595	-0.373	0.332	-0.495	-1.916	0.306	0.630	0.132	126.975388	37.295864
1685512316704	1685512316682	-8.799	-2.547	-0.484	0.260	-0.472	-1.740	0.285	0.857	-0.019	126.975388	37.295864
1685512316704	1685512316704	-8.959	-2.607	-0.448	0.184	-0.439	-1.564	0.304	1.051	-0.103	126.975388	37.295864
1685512316712	1685512316704	-9.203	-2.658	-0.314	0.106	-0.393	-1.395	0.249	1.216	-0.256	126.975388	37.295864
1685512316718	1685512316712	-9.474	-2.725	-0.275	0.045	-0.324	-1.230	0.026	1.307	-0.273	126.975388	37.295864
1685512316729	1685512316719	-9.716	-2.801	-0.294	0.013	-0.255	-1.057	-0.239	1.310	-0.158	126.975388	37.295864
1685512316738	1685512316729	-9.941	-2.875	-0.311	0.011	-0.194	-0.871	-0.539	1.307	-0.141	126.975388	37.295864
1685512316752	1685512316738	-10.106	-2.708	-0.316	0.034	-0.143	-0.674	-0.800	1.274	-0.172	126.975388	37.295864
1685512316760	1685512316752	-10.288	-2.638	-0.627	0.066	-0.104	-0.467	-1.032	1.216	-0.194	126.975388	37.295864
1685512316770	1685512316760	-10.793	-2.583	-0.874	0.082	-0.071	-0.252	-1.199	1.386	-0.204	126.975388	37.295864
1685512316780	1685512316770	-11.686	-2.528	-1.010	0.061	-0.001	-0.046	-1.379	1.453	-0.520	126.975388	37.295864
1685512316792	1685512316780	-12.491	-2.763	-1.101	-0.006	0.111	0.150	-1.875	1.487	-0.766	126.975388	37.295864
1685512316801	1685512316792	-12.974	-3.045	-1.147	-0.106	0.226	0.369	-2.758	1.518	-0.898	126.975388	37.295864
1685512316813	1685512316801	-13.101	-3.436	-0.874	-0.213	0.307	0.643	-3.558	1.271	-0.979	126.975388	37.295864
1685512316822	1685512316813	-12.438	-3.711	-0.522	-0.294	0.341	0.974	-4.025	0.950	-0.998	126.975388	37.295864
1685512316832	1685512316822	-11.250	-3.891	-0.045	-0.334	0.330	1.329	-4.130	0.510	-0.692	126.975388	37.295864
1685512316840	1685512316836	-10.039	-3.934	0.318	-0.325	0.286	1.665	-3.424	0.136	-0.294	126.975388	37.295864
1685512316850	1685512316844	-9.359	-3.977	0.735	-0.285	0.283	1.932	-2.193	-0.151	0.218	126.975388	37.295864
1685512316859	1685512316850	-9.115	-4.087	1.001	-0.221	0.379	2.096	-0.919	-0.345	0.620	126.975388	37.295864
1685512316871	1685512316860	-9.543	-4.164	1.073	-0.153	0.545	2.131	-0.172	-0.565	1.073	126.975388	37.295864
1685512316879	1685512316871	-10.360	-4.087	1.006	-0.040	0.753	2.051	0.136	-0.869	1.381	126.975388	37.295864
1685512316890	1685512316879	-11.241	-3.780	0.888	0.156	0.999	1.928	-0.225	-1.144	1.508	126.975388	37.295864
1685512316899	1685512316890	-12.028	-3.266	0.608	0.406	1.197	1.825	-0.974	-1.300	1.528	126.975388	37.295864
1685512316914	1685512316900	-12.196	-2.983	0.354	0.624	1.274	1.763	-1.820	-1.137	1.482	126.975388	37.295864
1685512316919	1685512316914	-11.799	-3.017	0.093	0.748	1.223	1.728	-2.564	-0.809	1.314	126.975388	37.295864
1685512316930	1685512316920	-10.819	-3.196	0.005	0.761	1.085	1.721	-2.703	-0.673	1.156	126.975388	37.295864
1685512316939	1685512316931	-9.766	-3.397	-0.012	0.693	0.892	1.735	-2.274	-0.879	1.006	126.975388	37.295864
1685512316950	1685512316940	-8.947	-3.357	0.050	0.574	0.688	1.751	-1.271	-1.199	0.996	126.975388	37.295864
1685512316959	1685512316951	-8.181	-3.194	0.192	0.431	0.522	1.758	-0.189	-1.592	1.065	126.975388	37.295864
1685512316970	1685512316959	-7.623	-3.031	0.457	0.265	0.408	1.757	0.646	-1.681	1.173	126.975388	37.295864
1685512316980	1685512316970	-7.190	-2.962	0.764	0.066	0.342	1.741	1.437	-1.697	1.360	126.975388	37.295864
1685512316993	1685512316980	-6.725	-2.990	1.025	-0.140	0.315	1.708	2.011	-1.686	1.659	126.975388	37.295864
1685512317000	1685512316993	-6.345	-2.959	1.235	-0.340	0.320	1.651	2.466	-1.800	2.002	126.975388	37.295864
1685512317012	1685512317000	-6.105	-2.928	1.300	-0.516	0.338	1.565	2.942	-1.978	2.291	126.975388	37.295864
1685512317021	1685512317012	-6.012	-3.038	1.267	-0.656	0.374	1.473	3.338	-2.160	2.545	126.975388	37.295864
1685512317031	1685512317021	-6.012	-3.218	1.202	-0.762	0.426	1.395	3.582	-2.255	2.638	126.975388	37.295864
1685512317042	1685512317031	-5.983	-3.438	1.123	-0.843	0.473	1.348	3.680	-2.519	2.646	126.975388	37.295864
1685512317054	1685512317042	-6.041	-3.610	1.132	-0.894	0.495	1.330	3.680	-2.844	2.626	126.975388	37.295864
1685512317062	1685512317054	-6.371	-3.701	1.113	-0.907	0.513	1.327	3.706	-3.206	2.595	126.975388	37.295864
1685512317073	1685512317064	-6.661	-3.646	1.082	-0.882	0.534	1.329	3.644	-3.522	2.655	126.975388	37.295864
1685512317081	1685512317074	-7.137	-3.658	1.113	-0.837	0.550	1.340	3.304	-3.768	2.691	126.975388	37.295864
1685512317095	1685512317081	-7.525	-3.639	1.070	-0.797	0.552	1.360	3.005	-3.843	2.705	126.975388	37.295864
1685512317107	1685512317096	-7.865	-3.749	1.089	-0.771	0.536	1.389	2.516	-3.998	2.787	126.975388	37.295864
1685512317120	1685512317108	-8.353	-3.840	1.039	-0.760	0.513	1.417	2.114	-4.123	2.794	126.975388	37.295864
1685512317131	1685512317121	-8.691	-3.898	1.073	-0.762	0.489	1.448	1.755	-4.396	2.863	126.975388	37.295864
1685512317131	1685512317131	-8.997	-3.893	1.041	-0.777	0.452	1.484	1.247	-4.621	2.854	126.975388	37.295864
1685512317140	1685512317131	-9.170	-3.931	1.001	-0.814	0.407	1.528	0.886	-4.848	2.931	126.975388	37.295864
1685512317151	1685512317141	-9.330	-4.085	1.099	-0.878	0.346	1.576	0.558	-4.985	2.933	126.975388	37.295864
1685512317158	1685512317152	-9.459	-4.173	1.211	-0.958	0.299	1.608	0.362	-5.183	2.921	126.975388	37.295864
1685512317170	1685512317159	-9.546	-4.374	1.195	-1.031	0.274	1.616	0.172	-5.504	3.041	126.975388	37.295864
1685512317178	1685512317170	-9.792	-4.334	1.240	-1.093	0.259	1.599	0.012	-5.763	3.168	126.975388	37.295864
1685512317191	1685512317179	-9.864	-4.350	1.080	-1.150	0.254	1.554	-0.103	-6.139	3.158	126.975388	37.295864
1685512317199	1685512317191	-10.226	-4.398	1.025	-1.223	0.252	1.491	-0.388	-6.287	3.208	126.975388	37.295864
1685512317209	1685512317200	-10.472	-4.712	1.142	-1.302	0.259	1.407	-0.493	-6.455	3.048	126.975388	37.295864
1685512317219	1685512317209	-10.783	-4.867	1.267	-1.361	0.277	1.308	-0.881	-6.634	2.969	126.975388	37.295864
1685512317230	1685512317219	-11.109	-5.040	1.410	-1.371	0.305	1.208	-1.149	-7.058	3.067	126.975388	37.295864
1685512317239	1685512317230	-11.272	-5.224	1.508	-1.319	0.331	1.115	-1.494	-7.348	3.179	126.975388	37.295864
1685512317249	1685512317239	-11.329	-5.397	1.738	-1.212	0.352	1.037	-1.856	-7.659	3.316	126.975388	37.295864
1685512317262	1685512317249	-11.169	-5.528	1.781	-1.064	0.363	0.975	-2.059	-7.985	3.409	126.975388	37.295860
1685512317269	1685512317262	-11.032	-5.562	1.657	-0.880	0.356	0.924	-2.148	-8.262	3.637	126.975388	37.295860
1685512317279	1685512317269	-10.994	-5.432	1.475	-0.666	0.343	0.871	-2.023	-8.504	3.682	126.975388	37.295860
1685512317292	1685512317280	-11.442	-5.351	1.211	-0.452	0.340	0.803	-1.920	-8.641	3.563	126.975388	37.295860
1685512317300	1685512317292	-12.153	-5.411	1.195	-0.304	0.345	0.706	-1.918	-8.602	3.393	126.975388	37.295860
1685512317314	1685512317300	-12.912	-5.492	1.257	-0.228	0.370	0.585	-2.397	-8.602	3.144	126.975388	37.295860
1685512317320	1685512317314	-13.307	-5.483	1.437	-0.172	0.408	0.453	-3.144	-8.746	3.153	126.975388	37.295860
1685512317331	1685512317320	-13.041	-5.404	1.554	-0.110	0.379	0.348	-3.924	-8.873	3.237	126.975388	37.295860
1685512317340	1685512317331	-12.380	-5.564	1.839	-0.064	0.254	0.288	-4.343	-8.906	3.448	126.975388	37.295860
1685512317351	1685512317340	-11.238	-5.574	1.918	-0.018	0.110	0.246	-4.096	-8.861	3.594	126.975388	37.295860
1685512317360	1685512317352	-10.187	-5.437	1.832	0.049	-0.020	0.183	-3.452	-9.050	3.900	126.975388	37.295860
1685512317371	1685512317361	-9.376	-5.284	1.499	0.115	-0.153	0.094	-2.320	-9.081	3.989	126.975388	37.295860
1685512317381	1685512317371	-9.060	-5.327	1.470	0.156	-0.257	-0.034	-1.276	-8.961	3.903	126.975388	37.295860
1685512317392	1685512317381	-9.510	-5.301	1.441	0.205	-0.252	-0.221	-0.464	-8.813	3.560	126.975388	37.295860
1685512317401	1685512317393	-10.484	-5.248	1.413	0.286	-0.180	-0.462	-0.141	-8.851	3.515	126.975388	37.295860
1685512317415	1685512317403	-11.456	-5.346	1.415	0.401	-0.097	-0.717	-0.579	-8.801	3.469	126.975388	37.295860
1685512317422	1685512317416	-12.208	-5.318	1.207	0.535	-0.059	-0.938	-1.532	-8.696	3.433	126.975388	37.295860
1685512317433	1685512317424	-12.546	-5.368	0.927	0.682	-0.105	-1.104	-2.480	-8.729	3.440	126.975388	37.295860
1685512317443	1685512317433	-12.390	-5.102	0.747	0.832	-0.224	-1.210	-3.196	-8.595	3.247	126.975388	37.295860
1685512317454	1685512317443	-11.981	-4.949	0.575	0.970	-0.376	-1.255	-3.500	-8.543	2.978	126.975388	37.295860
1685512317465	1685512317455	-11.344	-4.803	0.462	1.076	-0.545	-1.268	-3.302	-8.150	2.804	126.975388	37.295860
1685512317473	1685512317465	-10.688	-4.611	0.381	1.148	-0.696	-1.297	-2.847	-7.863	2.626	126.975388	37.295860
1685512317484	1685512317473	-10.247	-4.350	0.354	1.200	-0.811	-1.354	-2.164	-7.578	2.495	126.975388	37.295860
1685512317495	1685512317484	-9.902	-4.164	0.263	1.217	-0.885	-1.437	-1.458	-7.245	2.380	126.975388	37.295860
1685512317511	1685512317495	-9.675	-3.967	0.333	1.188	-0.920	-1.560	-0.962	-6.819	2.303	126.975388	37.295860
1685512317511	1685512317511	-9.459	-3.709	0.254	1.114	-0.930	-1.715	-0.570	-6.491	2.164	126.975388	37.295860
1685512317524	1685512317512	-9.215	-3.476	0.206	1.016	-0.933	-1.884	-0.285	-6.110	2.169	126.975388	37.295860
1685512317545	1685512317524	-8.973	-3.352	0.175	0.902	-0.942	-2.048	-0.024	-5.689	2.033	126.975388	37.295860
1685512317545	1685512317545	-8.911	-3.299	0.134	0.772	-0.947	-2.202	0.271	-5.260	1.915	126.975388	37.295860
1685512317554	1685512317546	-8.830	-3.424	0.067	0.635	-0.938	-2.351	0.563	-4.925	1.810	126.975388	37.295860
1685512317562	1685512317555	-8.837	-3.486	0.065	0.513	-0.925	-2.490	0.678	-4.626	1.681	126.975388	37.295860
1685512317571	1685512317564	-8.863	-3.484	0.093	0.428	-0.904	-2.612	0.797	-4.539	1.539	126.975388	37.295860
1685512317583	1685512317571	-8.832	-3.431	-0.062	0.384	-0.883	-2.712	0.828	-4.355	1.453	126.975388	37.295860
1685512317595	1685512317583	-8.837	-3.381	-0.199	0.371	-0.864	-2.787	0.833	-4.082	1.393	126.975388	37.295860
1685512317601	1685512317595	-8.811	-3.361	-0.333	0.380	-0.848	-2.836	0.891	-3.740	1.147	126.975388	37.295860
1685512317612	1685512317602	-8.803	-3.244	-0.323	0.406	-0.836	-2.859	0.903	-3.383	0.917	126.975388	37.295860
1685512317622	1685512317612	-8.820	-3.208	-0.448	0.447	-0.826	-2.861	0.934	-2.986	0.668	126.975388	37.295860
1685512317632	1685512317622	-8.763	-3.067	-0.385	0.500	-0.801	-2.843	0.934	-2.593	0.596	126.975388	37.295860
1685512317642	1685512317632	-8.832	-3.053	-0.342	0.555	-0.770	-2.808	0.898	-2.219	0.369	126.975388	37.295860
1685512317653	1685512317642	-8.954	-3.093	-0.280	0.604	-0.734	-2.759	0.922	-1.733	0.330	126.975388	37.295860
1685512317661	1685512317653	-9.110	-2.840	-0.287	0.637	-0.693	-2.696	0.807	-1.374	0.273	126.975388	37.295860
1685512317674	1685512317663	-9.366	-2.758	-0.285	0.638	-0.656	-2.624	0.625	-1.077	0.235	126.975388	37.295860
1685512317685	1685512317675	-9.388	-2.732	-0.309	0.601	-0.640	-2.529	0.395	-0.484	0.129	126.975388	37.295860
1685512317695	1685512317687	-9.400	-2.701	-0.333	0.530	-0.646	-2.409	0.074	-0.141	0.053	126.975388	37.295860
1685512317713	1685512317695	-9.500	-2.643	-0.371	0.432	-0.657	-2.280	-0.017	0.141	-0.048	126.975388	37.295860
1685512317714	1685512317713	-9.572	-2.619	-0.460	0.321	-0.661	-2.156	-0.101	0.397	-0.148	126.975388	37.295860
1685512317727	1685512317727	-9.682	-2.629	-0.441	0.202	-0.656	-2.035	-0.278	0.680	-0.263	126.975388	37.295860
1685512317732	1685512317727	-9.943	-2.581	-0.352	0.084	-0.638	-1.910	-0.407	0.862	-0.407	126.975388	37.295860
1685512317741	1685512317733	-10.144	-2.636	-0.283	-0.024	-0.607	-1.779	-0.587	1.027	-0.450	126.975388	37.295860
1685512317751	1685512317741	-10.209	-2.665	-0.261	-0.121	-0.582	-1.641	-0.898	1.197	-0.402	126.975388	37.295860
1685512317763	1685512317751	-10.240	-2.686	-0.271	-0.199	-0.562	-1.493	-1.152	1.267	-0.371	126.975388	37.295860
1685512317772	1685512317763	-10.032	-2.598	-0.290	-0.252	-0.551	-1.333	-1.267	1.348	-0.385	126.975388	37.295860
1685512317780	1685512317773	-9.878	-2.543	-0.342	-0.290	-0.542	-1.166	-1.343	1.429	-0.426	126.975388	37.295860
1685512317792	1685512317781	-9.744	-2.523	-0.421	-0.321	-0.525	-0.992	-1.178	1.607	-0.474	126.975388	37.295860
1685512317801	1685512317792	-9.867	-2.540	-0.517	-0.349	-0.476	-0.821	-1.068	1.753	-0.558	126.975388	37.295860
1685512317810	1685512317802	-10.238	-2.456	-0.646	-0.368	-0.402	-0.651	-0.960	1.824	-0.658	126.975388	37.295860
1685512317820	1685512317810	-11.001	-2.452	-0.812	-0.390	-0.310	-0.464	-1.111	1.863	-0.773	126.975388	37.295860
1685512317832	1685512317821	-11.729	-2.607	-0.939	-0.418	-0.182	-0.254	-1.496	1.973	-0.912	126.975388	37.295860
1685512317842	1685512317832	-12.239	-2.847	-1.025	-0.456	-0.031	-0.010	-2.272	1.999	-1.080	126.975388	37.295860
1685512317852	1685512317843	-12.036	-3.158	-0.941	-0.500	0.079	0.299	-3.007	1.860	-1.202	126.975388	37.295860
1685512317861	1685512317852	-10.920	-3.412	-0.654	-0.550	0.087	0.681	-3.517	1.623	-1.269	126.975388	37.295860
1685512317873	1685512317861	-9.354	-3.603	-0.247	-0.591	0.051	1.093	-3.302	1.288	-1.159	126.975388	37.295860
1685512317880	1685512317873	-8.183	-3.555	0.144	-0.596	0.039	1.484	-2.155	0.977	-0.838	126.975388	37.295860
1685512317893	1685512317882	-7.638	-3.680	0.577	-0.562	0.105	1.811	-0.541	0.690	-0.402	126.975388	37.295860
1685512317903	1685512317894	-7.724	-3.926	1.049	-0.498	0.281	2.037	0.690	0.608	0.014	126.975388	37.295860
1685512317911	1685512317904	-8.552	-4.132	1.487	-0.406	0.533	2.128	1.310	0.321	0.481	126.975388	37.295860
1685512317920	1685512317911	-9.833	-4.247	1.599	-0.254	0.819	2.114	1.319	-0.141	1.008	126.975388	37.295860
1685512317930	1685512317924	-11.202	-4.360	1.652	-0.002	1.130	2.081	0.553	-0.503	1.496	126.975388	37.295860
1685512317939	1685512317930	-12.333	-4.178	1.415	0.342	1.428	2.083	-0.651	-0.812	1.693	126.975388	37.295860
1685512317951	1685512317939	-12.675	-3.721	0.962	0.701	1.603	2.127	-1.954	-1.116	1.848	126.975388	37.295860
1685512317960	1685512317951	-12.366	-3.620	0.486	0.985	1.596	2.220	-3.021	-1.125	1.733	126.975388	37.295860
1685512317971	1685512317960	-11.430	-3.606	0.050	1.141	1.484	2.355	-3.306	-0.864	1.410	126.975388	37.295860
1685512317980	1685512317971	-10.444	-3.443	-0.254	1.170	1.300	2.485	-2.940	-0.989	1.068	126.975388	37.295860
1685512317991	1685512317980	-9.651	-3.431	-0.417	1.103	1.084	2.556	-1.958	-1.168	0.733	126.975388	37.295860
1685512318001	1685512317992	-9.103	-3.316	-0.163	0.971	0.913	2.567	-0.924	-1.233	0.524	126.975388	37.295860
1685512318012	1685512318001	-8.703	-3.268	0.139	0.792	0.783	2.538	-0.086	-1.456	0.443	126.975388	37.295860
1685512318021	1685512318013	-8.313	-3.189	0.546	0.572	0.683	2.473	0.503	-1.602	0.773	126.975388	37.295860
1685512318032	1685512318022	-7.819	-3.084	0.850	0.332	0.599	2.373	0.934	-1.767	1.132	126.975388	37.295860
1685512318042	1685512318032	-7.305	-2.878	1.104	0.078	0.534	2.249	1.353	-1.944	1.602	126.975388	37.295860
1685512318052	1685512318042	-6.869	-2.899	1.257	-0.160	0.502	2.112	1.865	-2.042	1.956	126.975388	37.295860
1685512318061	1685512318053	-6.637	-3.014	1.439	-0.363	0.509	1.971	2.394	-2.052	2.260	126.975388	37.295860
1685512318074	1685512318062	-6.606	-3.326	1.518	-0.531	0.534	1.834	2.840	-2.282	2.464	126.975388	37.295860
1685512318082	1685512318075	-6.883	-3.673	1.551	-0.666	0.582	1.707	3.077	-2.612	2.703	126.975388	37.295860
1685512318095	1685512318082	-7.128	-3.903	1.432	-0.734	0.657	1.599	3.105	-3.089	2.830	126.975388	37.295860
1685512318105	1685512318095	-7.381	-3.922	1.298	-0.740	0.712	1.528	2.823	-3.646	2.931	126.975388	37.295860
1685512318112	1685512318105	-7.661	-3.936	1.209	-0.700	0.717	1.498	2.569	-4.008	2.863	126.975388	37.295860
1685512318121	1685512318112	-7.922	-3.881	1.111	-0.639	0.700	1.493	2.298	-4.219	2.808	126.975388	37.295860
1685512318132	1685512318121	-8.255	-3.938	1.001	-0.579	0.671	1.495	2.006	-4.357	2.775	126.975388	37.295860
1685512318165	1685512318132	-8.598	-4.135	0.953	-0.530	0.641	1.502	1.724	-4.472	2.746	126.975388	37.295860
1685512318165	1685512318165	-8.859	-4.156	1.041	-0.495	0.612	1.508	1.372	-4.669	2.691	126.975388	37.295860
1685512318165	1685512318165	-9.091	-4.175	1.132	-0.473	0.566	1.527	1.003	-5.049	2.713	126.975388	37.295860
1685512318170	1685512318165	-9.292	-4.171	1.281	-0.469	0.500	1.556	0.725	-5.171	2.832	126.975388	37.295860
1685512318179	1685512318170	-9.471	-4.259	1.372	-0.476	0.445	1.583	0.462	-5.361	2.978	126.975388	37.295860
1685512318192	1685512318179	-9.464	-4.240	1.398	-0.496	0.414	1.596	0.235	-5.497	3.163	126.975388	37.295860
1685512318199	1685512318192	-9.148	-4.274	1.420	-0.527	0.370	1.602	0.022	-5.763	3.294	126.975388	37.295860
1685512318209	1685512318200	-8.933	-4.384	1.381	-0.573	0.314	1.597	0.000	-5.887	3.349	126.975388	37.295860
1685512318219	1685512318210	-8.906	-4.413	1.358	-0.640	0.264	1.565	0.271	-6.132	3.405	126.975388	37.295860
1685512318229	1685512318220	-9.117	-4.535	1.384	-0.707	0.252	1.494	0.476	-6.299	3.349	126.975388	37.295860
1685512318239	1685512318230	-9.493	-4.592	1.458	-0.765	0.290	1.393	0.481	-6.450	3.314	126.975388	37.295860
1685512318251	1685512318240	-9.917	-4.853	1.530	-0.803	0.337	1.285	0.254	-6.658	3.323	126.975388	37.295860
1685512318260	1685512318251	-10.348	-4.975	1.626	-0.812	0.368	1.189	-0.144	-6.831	3.388	126.975388	37.295860
1685512318270	1685512318260	-10.693	-5.169	1.745	-0.784	0.378	1.101	-0.589	-7.178	3.455	126.975388	37.295860
1685512318280	1685512318270	-10.891	-5.399	1.788	-0.716	0.373	1.024	-1.053	-7.429	3.558	126.975388	37.295860
1685512318290	1685512318280	-11.006	-5.291	1.707	-0.610	0.354	0.959	-1.429	-7.721	3.689	126.975388	37.295860
1685512318300	1685512318291	-10.836	-5.174	1.599	-0.475	0.325	0.909	-1.662	-8.061	3.749	126.975388	37.295860
1685512318313	1685512318300	-10.525	-5.013	1.302	-0.364	0.257	0.866	-1.810	-8.054	3.682	126.975388	37.295860
1685512318320	1685512318313	-10.333	-4.925	0.970	-0.310	0.161	0.811	-1.674	-8.040	3.594	126.975388	37.295860
1685512318330	1685512318320	-10.262	-4.930	0.663	-0.325	0.065	0.729	-1.391	-7.956	3.309	126.975388	37.295860
1685512318340	1685512318330	-10.870	-5.203	0.809	-0.402	-0.006	0.613	-1.228	-7.956	2.981	126.975388	37.295860
1685512318351	1685512318340	-11.657	-5.502	1.018	-0.485	0.009	0.457	-1.178	-8.025	2.672	126.975388	37.295860
1685512318360	1685512318351	-12.105	-5.571	1.264	-0.516	0.089	0.276	-1.805	-8.363	2.804	126.975388	37.295860
1685512318372	1685512318360	-12.117	-5.646	1.377	-0.497	0.100	0.126	-2.607	-8.712	2.998	126.975388	37.295860
1685512318381	1685512318372	-11.806	-5.873	1.712	-0.470	-0.004	0.029	-3.067	-8.818	3.237	126.975388	37.295860
1685512318393	1685512318381	-11.253	-5.859	1.882	-0.406	-0.068	-0.050	-3.086	-8.914	3.342	126.975388	37.295860
1685512318402	1685512318393	-10.465	-5.672	1.729	-0.257	-0.076	-0.127	-2.775	-9.153	3.658	126.975388	37.295860
1685512318412	1685512318402	-9.938	-5.787	1.571	-0.077	-0.132	-0.203	-2.219	-9.143	3.812	126.975388	37.295860
1685512318422	1685512318413	-10.130	-5.772	1.484	0.089	-0.178	-0.297	-1.425	-8.950	3.642	126.975388	37.295860
1685512318433	1685512318423	-10.714	-5.686	1.348	0.244	-0.156	-0.447	-0.888	-9.048	3.472	126.975388	37.295860
1685512318444	1685512318433	-11.490	-5.588	1.216	0.401	-0.114	-0.643	-1.068	-9.005	3.371	126.975388	37.295860
1685512318454	1685512318444	-12.261	-5.547	1.030	0.560	-0.097	-0.834	-1.635	-8.873	3.227	126.975388	37.295860
1685512318464	1685512318454	-12.790	-5.351	0.713	0.716	-0.126	-0.996	-2.387	-8.703	3.098	126.975388	37.295860
1685512318473	1685512318465	-13.056	-5.078	0.407	0.863	-0.197	-1.136	-3.134	-8.583	2.921	126.975388	37.295860
1685512318484	1685512318474	-13.027	-4.999	0.105	0.958	-0.319	-1.261	-3.630	-8.284	2.614	126.975388	37.295860
1685512318497	1685512318486	-12.811	-4.851	-0.110	0.992	-0.463	-1.366	-3.859	-7.889	2.313	126.975388	37.295860
1685512318503	1685512318500	-12.438	-4.662	-0.168	0.990	-0.600	-1.445	-3.790	-7.676	2.009	126.975388	37.295860
1685512318511	1685512318503	-11.870	-4.561	-0.153	0.948	-0.753	-1.516	-3.531	-7.381	1.776	126.975388	37.295860
1685512318523	1685512318512	-11.262	-4.539	-0.232	0.902	-0.891	-1.600	-3.100	-7.010	1.681	126.975388	37.295860
1685512318548	1685512318524	-10.669	-4.477	-0.175	0.866	-0.966	-1.695	-2.495	-6.780	1.657	126.975388	37.295860
1685512318548	1685512318548	-10.029	-4.231	-0.120	0.855	-0.993	-1.791	-1.836	-6.594	1.513	126.975388	37.295860
1685512318553	1685512318549	-9.572	-4.082	0.069	0.874	-0.980	-1.895	-1.192	-6.357	1.496	126.975388	37.295860
1685512318562	1685512318554	-9.153	-4.027	0.405	0.908	-0.936	-2.017	-0.505	-5.926	1.472	126.975388	37.295860
1685512318573	1685512318562	-9.148	-3.716	0.443	0.953	-0.860	-2.153	-0.002	-5.581	1.580	126.975388	37.295860
1685512318583	1685512318573	-9.352	-3.338	0.196	0.994	-0.756	-2.305	0.460	-5.298	1.832	126.975388	37.295860
1685512318595	1685512318583	-9.182	-3.160	-0.110	0.987	-0.677	-2.467	0.500	-4.788	1.805	126.975388	37.295860
1685512318603	1685512318595	-8.935	-3.029	-0.371	0.907	-0.668	-2.596	0.328	-4.175	1.494	126.975388	37.295860
1685512318614	1685512318603	-8.727	-3.112	-0.429	0.770	-0.701	-2.682	0.524	-3.747	1.130	126.975388	37.295860
1685512318623	1685512318614	-8.610	-3.045	-0.453	0.623	-0.738	-2.751	0.792	-3.326	0.802	126.975388	37.295860
1685512318633	1685512318624	-8.540	-3.242	-0.369	0.498	-0.764	-2.820	1.013	-3.165	0.685	126.975388	37.295860
1685512318643	1685512318633	-8.564	-3.383	-0.254	0.420	-0.761	-2.878	1.135	-2.796	0.579	126.975388	37.295860
1685512318653	1685512318644	-8.739	-3.460	-0.067	0.411	-0.723	-2.909	1.202	-2.722	0.589	126.975388	37.295860
1685512318662	1685512318654	-8.923	-3.354	-0.101	0.469	-0.677	-2.921	1.164	-2.545	0.618	126.975388	37.295860
1685512318675	1685512318662	-9.203	-3.134	-0.220	0.582	-0.616	-2.916	0.962	-2.289	0.718	126.975388	37.295860
1685512318685	1685512318676	-9.273	-2.926	-0.390	0.705	-0.574	-2.883	0.737	-1.844	0.599	126.975388	37.295860
1685512318696	1685512318685	-9.143	-2.813	-0.441	0.792	-0.586	-2.803	0.402	-1.281	0.393	126.975388	37.295860
1685512318703	1685512318696	-8.930	-2.741	-0.493	0.816	-0.641	-2.687	0.263	-0.716	0.132	126.975388	37.295860
1685512318713	1685512318713	-8.756	-2.744	-0.493	0.794	-0.698	-2.557	0.328	-0.323	0.005	126.975388	37.295860
1685512318728	1685512318713	-8.684	-2.749	-0.373	0.745	-0.737	-2.432	0.460	0.048	-0.141	126.975388	37.295860
1685512318733	1685512318729	-8.775	-2.614	-0.373	0.687	-0.745	-2.314	0.567	0.271	-0.220	126.975388	37.295860
1685512318744	1685512318733	-8.835	-2.679	-0.381	0.619	-0.748	-2.195	0.565	0.493	-0.192	126.975388	37.295860
1685512318753	1685512318746	-9.091	-2.531	-0.431	0.535	-0.745	-2.076	0.402	0.826	-0.271	126.975388	37.295860
1685512318763	1685512318753	-9.278	-2.512	-0.464	0.435	-0.733	-1.957	0.268	0.958	-0.362	126.975388	37.295860
1685512318773	1685512318764	-9.404	-2.528	-0.476	0.327	-0.717	-1.835	-0.043	1.243	-0.474	126.975388	37.295860
1685512318783	1685512318773	-9.436	-2.550	-0.512	0.224	-0.706	-1.699	-0.287	1.396	-0.567	126.975388	37.295860
1685512318795	1685512318784	-9.536	-2.579	-0.553	0.137	-0.694	-1.556	-0.464	1.492	-0.632	126.975388	37.295860
1685512318803	1685512318796	-9.663	-2.559	-0.678	0.067	-0.677	-1.410	-0.536	1.561	-0.711	126.975388	37.295860
1685512318813	1685512318803	-9.776	-2.514	-0.757	0.010	-0.652	-1.250	-0.670	1.602	-0.785	126.975388	37.295860
1685512318824	1685512318813	-9.785	-2.507	-0.747	-0.039	-0.608	-1.082	-0.840	1.705	-0.953	126.975388	37.295860
1685512318836	1685512318825	-9.852	-2.468	-0.831	-0.079	-0.562	-0.900	-0.965	1.779	-1.046	126.975388	37.295860
1685512318845	1685512318836	-10.151	-2.516	-0.958	-0.117	-0.527	-0.700	-0.996	1.827	-1.061	126.975388	37.295860
1685512318856	1685512318845	-10.151	-2.516	-0.958	-0.159	-0.450	-0.492	-1.077	1.894	-1.164	126.975388	37.295860
1685512318865	1685512318857	-11.758	-2.734	-1.199	-0.159	-0.450	-0.492	-1.386	1.863	-1.305	126.975388	37.295860
1685512318876	1685512318865	-11.758	-2.734	-1.199	-0.241	-0.122	-0.081	-1.391	1.867	-1.317	126.975388	37.295860
1685512318885	1685512318876	-12.347	-3.172	-1.238	-0.241	-0.122	-0.081	-3.007	1.666	-1.575	126.975388	37.295860
1685512318897	1685512318885	-12.347	-3.172	-1.238	-0.319	0.054	0.505	-3.005	1.666	-1.571	126.975388	37.295860
1685512318903	1685512318897	-11.557	-3.675	-0.982	-0.360	0.059	0.872	-3.598	1.235	-1.609	126.975388	37.295860
1685512318924	1685512318903	-10.578	-3.675	-0.488	-0.360	0.059	0.872	-3.577	1.192	-1.590	126.975388	37.295860
1685512318924	1685512318924	-9.799	-3.785	0.093	-0.378	0.094	1.225	-2.744	0.606	-1.310	126.975388	37.295860
1685512318932	1685512318924	-9.464	-3.867	0.565	-0.354	0.206	1.511	-1.731	0.539	-0.800	126.975388	37.295860
