1685512424101	1685512424101	-8.289	-3.728	1.106	-0.812	0.304	1.423	1.623	-2.473	1.250	126.974747	37.295010
1685512424104	1685512424101	-8.351	-3.855	1.101	-0.908	0.269	1.456	1.554	-2.622	1.358	126.974747	37.295010
1685512424114	1685512424105	-8.574	-3.905	1.188	-1.012	0.246	1.486	1.465	-2.777	1.365	126.974747	37.295010
1685512424125	1685512424115	-8.871	-4.137	1.211	-1.118	0.215	1.508	1.415	-3.048	1.393	126.974747	37.295010
1685512424134	1685512424126	-9.290	-4.413	1.204	-1.219	0.211	1.511	1.202	-3.261	1.516	126.974747	37.295010
1685512424145	1685512424134	-9.632	-4.650	1.207	-1.284	0.228	1.506	0.912	-3.606	1.551	126.974747	37.295010
1685512424154	1685512424146	-9.816	-4.757	1.262	-1.295	0.249	1.509	0.498	-4.025	1.559	126.974747	37.295010
1685512424165	1685512424155	-9.941	-4.798	1.360	-1.255	0.253	1.530	0.158	-4.329	1.559	126.974747	37.295010
1685512424174	1685512424165	-9.998	-4.786	1.417	-1.169	0.252	1.561	-0.022	-4.544	1.616	126.974747	37.295010
1685512424185	1685512424175	-9.955	-5.004	1.499	-1.059	0.241	1.585	-0.144	-4.645	1.712	126.974747	37.295010
1685512424195	1685512424186	-10.202	-5.222	1.681	-0.952	0.238	1.578	-0.201	-4.760	1.779	126.974747	37.295010
1685512424204	1685512424195	-10.544	-5.411	1.528	-0.858	0.249	1.534	-0.158	-5.092	1.872	126.974747	37.295010
1685512424214	1685512424205	-11.337	-5.686	1.496	-0.767	0.275	1.466	-0.409	-5.485	2.073	126.974747	37.295010
1685512424224	1685512424215	-12.675	-5.930	1.439	-0.672	0.336	1.381	-0.757	-5.813	1.939	126.974747	37.295010
1685512424234	1685512424225	-14.035	-6.155	1.358	-0.578	0.443	1.264	-1.559	-6.235	1.932	126.974747	37.295010
1685512424247	1685512424235	-14.949	-6.189	1.228	-0.474	0.546	1.117	-2.907	-6.603	1.901	126.974747	37.295010
1685512424254	1685512424248	-15.052	-6.199	1.314	-0.363	0.568	0.999	-4.278	-6.967	1.863	126.974747	37.295010
1685512424265	1685512424257	-13.611	-6.194	1.542	-0.277	0.447	0.947	-5.205	-7.111	1.781	126.974747	37.295010
1685512424274	1685512424265	-11.210	-6.199	1.513	-0.231	0.202	0.922	-5.325	-7.240	1.930	126.974747	37.295010
1685512424285	1685512424275	-8.916	-6.196	1.468	-0.192	-0.131	0.881	-3.893	-7.312	2.191	126.974747	37.295010
1685512424296	1685512424285	-7.740	-6.325	1.561	-0.158	-0.431	0.776	-1.504	-7.408	2.179	126.974739	37.295010
1685512424306	1685512424296	-8.210	-6.309	1.664	-0.112	-0.505	0.529	0.778	-7.491	2.116	126.974739	37.295010
1685512424315	1685512424306	-10.168	-6.385	1.958	-0.022	-0.332	0.101	1.946	-7.697	2.167	126.974739	37.295010
1685512424325	1685512424315	-12.675	-6.706	1.973	0.133	-0.010	-0.442	1.472	-7.731	2.219	126.974739	37.295010
1685512424335	1685512424325	-14.717	-6.685	1.784	0.369	0.316	-0.952	-0.484	-7.819	2.478	126.974739	37.295010
1685512424346	1685512424335	-15.579	-6.414	1.305	0.672	0.445	-1.302	-2.986	-8.102	2.495	126.974739	37.295010
1685512424355	1685512424346	-15.323	-6.208	0.723	1.025	0.318	-1.447	-5.016	-7.985	2.339	126.974739	37.295010
1685512424366	1685512424355	-14.451	-5.974	0.534	1.377	0.031	-1.431	-5.866	-7.585	1.913	126.974739	37.295010
1685512424375	1685512424366	-13.633	-5.552	0.330	1.640	-0.259	-1.400	-5.595	-7.216	1.377	126.974739	37.295010
1685512424385	1685512424375	-12.838	-5.207	0.352	1.781	-0.446	-1.460	-4.712	-6.847	1.202	126.974739	37.295010
1685512424395	1685512424385	-12.416	-4.700	0.474	1.823	-0.552	-1.586	-3.879	-6.266	0.984	126.974739	37.295010
1685512424405	1685512424395	-11.995	-4.171	0.543	1.776	-0.623	-1.737	-3.072	-5.782	0.977	126.974739	37.295010
1685512424415	1685512424406	-11.401	-3.802	0.630	1.660	-0.674	-1.906	-2.638	-5.107	1.056	126.974739	37.295010
1685512424426	1685512424415	-10.669	-3.553	0.668	1.489	-0.732	-2.088	-2.207	-4.398	1.068	126.974739	37.295010
1685512424435	1685512424426	-9.929	-3.417	0.630	1.261	-0.804	-2.276	-1.609	-3.836	1.092	126.974739	37.295010
1685512424446	1685512424435	-9.527	-3.496	0.642	0.997	-0.852	-2.470	-0.874	-3.373	1.056	126.974739	37.295010
1685512424455	1685512424446	-9.251	-3.577	0.680	0.742	-0.856	-2.663	-0.139	-2.988	0.927	126.974739	37.295010
1685512424465	1685512424455	-9.122	-3.627	0.730	0.528	-0.826	-2.849	0.251	-2.847	0.860	126.974739	37.295010
1685512424475	1685512424465	-9.029	-3.644	0.769	0.382	-0.793	-3.013	0.505	-2.641	0.800	126.974739	37.295010
1685512424487	1685512424475	-8.871	-3.567	0.661	0.323	-0.773	-3.142	0.608	-2.440	0.773	126.974739	37.295010
1685512424495	1685512424487	-8.760	-3.563	0.591	0.346	-0.766	-3.239	0.661	-2.164	0.728	126.974739	37.295010
1685512424505	1685512424497	-8.662	-3.531	0.515	0.425	-0.773	-3.304	0.769	-1.784	0.541	126.974739	37.295010
1685512424517	1685512424506	-8.526	-3.534	0.443	0.541	-0.777	-3.339	0.807	-1.439	0.383	126.974739	37.295010
1685512424527	1685512424518	-8.598	-3.505	0.347	0.681	-0.773	-3.352	0.836	-1.125	0.232	126.974739	37.295010
1685512424535	1685512424527	-8.540	-3.354	0.357	0.833	-0.759	-3.349	0.883	-0.814	0.072	126.974739	37.295010
1685512424548	1685512424535	-8.636	-3.347	0.263	0.986	-0.744	-3.328	0.711	-0.469	-0.115	126.974739	37.295010
1685512424555	1685512424549	-8.648	-3.093	0.215	1.122	-0.746	-3.279	0.656	-0.007	-0.201	126.974739	37.295010
1685512424566	1685512424555	-8.629	-2.998	0.180	1.230	-0.761	-3.203	0.441	0.294	-0.397	126.974739	37.295010
1685512424577	1685512424566	-8.600	-2.823	0.115	1.304	-0.775	-3.112	0.278	0.883	-0.567	126.974739	37.295010
1685512424586	1685512424577	-8.624	-2.890	0.108	1.338	-0.790	-3.018	0.199	1.176	-0.682	126.974739	37.295010
1685512424596	1685512424586	-8.753	-2.866	0.175	1.332	-0.799	-2.916	0.108	1.573	-0.848	126.974739	37.295010
1685512424607	1685512424596	-8.839	-2.928	0.117	1.293	-0.811	-2.801	-0.026	1.700	-0.950	126.974739	37.295010
1685512424615	1685512424607	-9.019	-2.686	0.036	1.233	-0.821	-2.676	-0.261	1.896	-0.977	126.974739	37.295010
1685512424627	1685512424615	-9.196	-2.612	-0.079	1.164	-0.816	-2.544	-0.455	1.997	-1.130	126.974739	37.295010
1685512424635	1685512424627	-9.273	-2.646	-0.148	1.071	-0.826	-2.402	-0.754	2.409	-1.319	126.974739	37.295010
1685512424646	1685512424636	-9.330	-2.701	-0.113	0.941	-0.864	-2.250	-1.020	2.602	-1.516	126.974739	37.295010
1685512424655	1685512424647	-9.349	-2.796	-0.144	0.784	-0.894	-2.093	-1.207	2.710	-1.686	126.974739	37.295010
1685512424667	1685512424656	-9.579	-2.832	-0.113	0.616	-0.911	-1.935	-1.343	2.751	-1.721	126.974739	37.295010
1685512424676	1685512424667	-9.450	-2.801	-0.134	0.459	-0.925	-1.770	-1.458	2.765	-1.841	126.974739	37.295010
1685512424686	1685512424676	-9.553	-2.751	-0.247	0.330	-0.929	-1.597	-1.750	2.801	-1.867	126.974739	37.295010
1685512424696	1685512424686	-9.493	-2.600	-0.414	0.202	-0.913	-1.431	-1.714	2.935	-1.970	126.974739	37.295010
1685512424706	1685512424696	-9.395	-2.638	-0.589	0.054	-0.882	-1.285	-1.860	3.031	-2.119	126.974739	37.295010
1685512424716	1685512424707	-9.103	-2.614	-0.723	-0.110	-0.865	-1.140	-1.867	3.251	-2.344	126.974739	37.295010
1685512424727	1685512424716	-9.043	-2.636	-0.649	-0.280	-0.850	-0.985	-1.810	3.256	-2.550	126.974739	37.295010
1685512424738	1685512424727	-9.345	-2.722	-0.582	-0.448	-0.808	-0.826	-1.571	3.335	-2.715	126.974739	37.295010
1685512424747	1685512424738	-9.601	-3.043	-0.342	-0.594	-0.699	-0.672	-1.532	3.340	-2.648	126.974739	37.295010
1685512424758	1685512424747	-9.840	-3.340	-0.129	-0.679	-0.507	-0.495	-1.867	3.292	-2.583	126.974739	37.295010
1685512424766	1685512424758	-9.764	-3.393	-0.055	-0.684	-0.315	-0.258	-2.126	2.983	-2.322	126.974739	37.295010
1685512424776	1685512424766	-9.476	-3.383	-0.022	-0.632	-0.187	0.040	-2.368	2.701	-2.071	126.974739	37.295010
1685512424788	1685512424776	-9.136	-3.388	0.151	-0.547	-0.082	0.364	-2.272	2.641	-1.954	126.974739	37.295010
1685512424796	1685512424790	-8.782	-3.371	0.393	-0.443	0.057	0.676	-1.954	2.626	-1.870	126.974739	37.295010
1685512424806	1685512424796	-8.660	-3.366	0.417	-0.331	0.220	0.953	-1.563	2.571	-1.647	126.974739	37.295010
1685512424818	1685512424806	-8.770	-3.407	0.467	-0.217	0.382	1.189	-1.130	2.507	-1.346	126.974739	37.295010
1685512424826	1685512424818	-9.479	-3.395	0.527	-0.105	0.567	1.372	-0.919	2.411	-1.259	126.974739	37.295010
1685512424836	1685512424826	-10.283	-3.304	0.536	-0.004	0.773	1.498	-0.915	2.236	-1.135	126.974739	37.295010
1685512424849	1685512424836	-11.119	-3.299	0.630	0.082	0.987	1.597	-1.499	2.093	-0.991	126.974739	37.295010
1685512424856	1685512424849	-11.708	-3.304	0.663	0.153	1.163	1.712	-2.174	2.016	-0.888	126.974739	37.295010
1685512424866	1685512424856	-11.890	-3.424	0.706	0.208	1.266	1.863	-2.883	1.851	-0.694	126.974739	37.295010
1685512424876	1685512424866	-11.894	-3.335	0.860	0.254	1.308	2.051	-3.352	1.674	-0.555	126.974739	37.295010
1685512424886	1685512424876	-11.583	-3.244	0.912	0.286	1.323	2.259	-3.448	1.427	-0.436	126.974739	37.295010
1685512424896	1685512424886	-11.200	-3.275	0.922	0.290	1.310	2.451	-3.340	1.338	-0.182	126.974739	37.295010
1685512424907	1685512424896	-10.695	-3.273	0.991	0.260	1.295	2.606	-2.914	1.233	-0.029	126.974739	37.295010
1685512424916	1685512424907	-10.309	-3.455	1.173	0.202	1.284	2.712	-2.411	0.984	0.081	126.974739	37.295010
1685512424926	1685512424916	-9.646	-3.436	1.451	0.122	1.269	2.776	-1.786	0.754	0.254	126.974739	37.295010
1685512424936	1685512424927	-8.961	-3.385	1.563	0.048	1.251	2.806	-1.276	0.302	0.553	126.974739	37.295010
1685512424947	1685512424936	-8.210	-3.340	1.702	-0.010	1.228	2.808	-0.515	0.093	0.931	126.974739	37.295010
1685512424956	1685512424947	-7.733	-3.223	1.729	-0.062	1.211	2.773	0.268	-0.110	1.156	126.974739	37.295010
1685512424967	1685512424956	-7.295	-3.352	1.803	-0.115	1.218	2.702	1.113	-0.326	1.410	126.974739	37.295010
1685512424976	1685512424967	-7.020	-3.431	1.935	-0.166	1.238	2.601	1.681	-0.496	1.563	126.974739	37.295010
1685512424986	1685512424976	-6.946	-3.606	2.004	-0.200	1.263	2.491	2.184	-0.855	1.743	126.974739	37.295010
1685512424996	1685512424986	-7.082	-3.591	2.083	-0.188	1.304	2.384	2.526	-1.204	2.009	126.974739	37.295010
1685512425006	1685512424996	-7.386	-3.505	2.128	-0.137	1.338	2.282	2.648	-1.595	2.191	126.974739	37.295010
1685512425016	1685512425006	-7.580	-3.405	2.028	-0.071	1.339	2.202	2.552	-1.810	2.399	126.974739	37.295010
1685512425027	1685512425016	-7.831	-3.249	2.009	-0.007	1.310	2.138	2.282	-1.944	2.576	126.974739	37.295010
1685512425037	1685512425027	-8.045	-3.172	1.822	0.012	1.260	2.081	2.112	-2.057	2.607	126.974739	37.295010
1685512425049	1685512425037	-8.289	-3.127	1.681	-0.013	1.180	2.031	1.879	-2.109	2.715	126.974739	37.295010
1685512425058	1685512425049	-8.425	-3.057	1.554	-0.105	1.063	1.969	1.678	-2.234	2.643	126.974739	37.295010
1685512425068	1685512425059	-8.545	-3.321	1.465	-0.277	0.944	1.891	1.441	-2.346	2.586	126.974739	37.295010
1685512425078	1685512425069	-8.736	-3.543	1.501	-0.497	0.823	1.819	1.307	-2.466	2.552	126.974739	37.295010
1685512425091	1685512425079	-9.000	-3.685	1.561	-0.710	0.732	1.756	1.190	-2.873	2.528	126.974739	37.295010
1685512425099	1685512425091	-9.246	-3.577	1.544	-0.885	0.681	1.698	0.998	-3.251	2.622	126.974739	37.295010
1685512425108	1685512425099	-9.440	-3.752	1.609	-1.041	0.621	1.649	0.733	-3.536	2.725	126.974739	37.295010
1685512425118	1685512425110	-9.591	-4.061	1.652	-1.194	0.556	1.603	0.481	-3.579	2.749	126.974739	37.295010
1685512425127	1685512425120	-9.831	-4.185	1.580	-1.307	0.514	1.553	0.285	-3.857	2.825	126.974739	37.295010
1685512425137	1685512425128	-9.881	-4.209	1.611	-1.371	0.485	1.498	0.132	-4.271	2.873	126.974739	37.295010
1685512425150	1685512425139	-9.965	-4.386	1.453	-1.406	0.447	1.454	-0.108	-4.501	2.806	126.974739	37.295010
1685512425156	1685512425151	-10.151	-4.496	1.463	-1.423	0.406	1.415	-0.165	-4.640	2.844	126.974739	37.295010
1685512425167	1685512425157	-10.326	-4.724	1.525	-1.427	0.392	1.365	-0.256	-4.937	2.698	126.974739	37.295010
1685512425177	1685512425167	-10.625	-4.870	1.678	-1.407	0.387	1.304	-0.455	-5.207	2.729	126.974739	37.295010
1685512425187	1685512425178	-10.611	-5.016	1.697	-1.351	0.386	1.244	-0.642	-5.543	2.806	126.974739	37.295010
1685512425197	1685512425187	-10.609	-5.057	1.760	-1.261	0.373	1.191	-0.958	-5.832	2.983	126.974739	37.295010
1685512425208	1685512425197	-10.604	-5.160	1.776	-1.146	0.347	1.148	-0.960	-6.117	3.026	126.974739	37.295010
1685512425217	1685512425209	-10.745	-5.186	1.719	-1.014	0.319	1.104	-0.977	-6.290	3.110	126.974739	37.295010
1685512425228	1685512425217	-11.286	-5.258	1.626	-0.877	0.332	1.048	-0.991	-6.519	3.144	126.974739	37.295010
1685512425236	1685512425228	-12.141	-5.406	1.736	-0.751	0.360	0.980	-1.154	-6.677	3.105	126.974739	37.295010
1685512425247	1685512425236	-13.309	-5.590	1.736	-0.641	0.406	0.898	-1.714	-6.850	3.029	126.974739	37.295010
1685512425256	1685512425248	-14.327	-5.875	1.755	-0.535	0.470	0.808	-2.591	-7.104	3.160	126.974739	37.295010
1685512425267	1685512425256	-14.758	-5.897	1.865	-0.409	0.509	0.738	-3.780	-7.384	3.189	126.974739	37.295010
1685512425276	1685512425268	-14.056	-5.780	1.815	-0.270	0.461	0.727	-4.824	-7.762	3.247	126.974739	37.295010
1685512425286	1685512425277	-12.345	-5.693	1.745	-0.151	0.282	0.775	-5.274	-7.851	3.393	126.974716	37.295002
1685512425301	1685512425287	-10.290	-5.614	1.475	-0.077	-0.002	0.811	-4.599	-7.822	3.388	126.974716	37.295002
1685512425307	1685512425301	-8.538	-5.595	1.417	-0.053	-0.296	0.777	-2.902	-7.796	3.338	126.974716	37.295002
1685512425316	1685512425307	-7.867	-5.634	1.530	-0.037	-0.483	0.651	-0.867	-7.803	3.065	126.974716	37.295002
1685512425328	1685512425317	-8.387	-5.768	1.676	-0.015	-0.517	0.407	0.874	-7.851	2.981	126.974716	37.295002
1685512425336	1685512425328	-10.106	-6.163	1.966	0.045	-0.381	0.037	1.535	-7.956	3.043	126.974716	37.295002
1685512425348	1685512425337	-12.258	-6.539	2.229	0.221	-0.072	-0.384	1.015	-8.126	3.144	126.974716	37.295002
1685512425357	1685512425348	-13.987	-6.795	2.073	0.512	0.224	-0.737	-0.697	-8.523	3.393	126.974716	37.295002
1685512425368	1685512425357	-14.751	-6.677	1.652	0.892	0.314	-0.964	-2.842	-8.863	3.654	126.974716	37.295002
1685512425377	1685512425368	-14.528	-6.464	1.156	1.322	0.188	-1.042	-4.556	-9.036	3.534	126.974716	37.295002
1685512425390	1685512425378	-13.475	-6.134	0.713	1.732	-0.072	-0.991	-5.306	-8.825	3.158	126.974716	37.295002
1685512425398	1685512425390	-12.725	-5.602	0.572	2.068	-0.365	-0.920	-5.064	-8.492	2.708	126.974716	37.295002
1685512425409	1685512425399	-12.306	-5.160	0.658	2.309	-0.569	-0.942	-3.989	-8.042	2.291	126.974716	37.295002
1685512425418	1685512425409	-11.997	-5.310	0.630	2.435	-0.674	-1.071	-3.215	-7.377	2.155	126.974716	37.295002
1685512425428	1685512425418	-11.744	-5.684	0.795	2.496	-0.717	-1.268	-2.772	-6.821	2.227	126.974716	37.295002
1685512425438	1685512425428	-11.590	-5.389	0.845	2.639	-0.716	-1.486	-2.437	-6.831	2.172	126.974716	37.295002
1685512425451	1685512425438	-11.281	-4.700	0.905	2.917	-0.737	-1.685	-2.152	-7.046	2.306	126.974716	37.295002
1685512425459	1685512425451	-10.913	-4.017	0.934	3.212	-0.841	-1.848	-1.970	-6.570	2.320	126.974716	37.295002
1685512425468	1685512425459	-10.403	-3.807	1.008	3.378	-0.998	-1.991	-1.633	-5.674	2.342	126.974716	37.295002
1685512425479	1685512425469	-9.998	-3.847	1.041	3.377	-1.142	-2.150	-1.231	-4.724	2.303	126.974716	37.295002
1685512425489	1685512425479	-9.771	-4.221	0.960	3.317	-1.250	-2.315	-0.699	-4.322	2.318	126.974716	37.295002
1685512425500	1685512425489	-9.735	-4.432	0.728	3.317	-1.335	-2.459	-0.273	-4.111	2.253	126.974716	37.295002
1685512425511	1685512425500	-9.938	-4.085	0.742	3.436	-1.390	-2.593	-0.029	-4.221	2.054	126.974716	37.295002
1685512425519	1685512425511	-10.041	-3.871	0.690	3.673	-1.443	-2.690	0.017	-4.156	1.688	126.974716	37.295002
1685512425534	1685512425520	-9.986	-4.049	0.385	3.911	-1.571	-2.740	-0.184	-3.527	1.551	126.974716	37.295002
1685512425541	1685512425534	-10.072	-3.819	0.414	4.184	-1.701	-2.761	-0.297	-2.995	1.314	126.974716	37.295002
1685512425554	1685512425542	-9.838	-3.888	0.390	4.563	-1.797	-2.742	-0.259	-2.914	0.838	126.974716	37.295002
1685512425562	1685512425554	-9.740	-3.898	0.426	4.898	-1.952	-2.679	-0.373	-2.401	0.649	126.974716	37.295002
1685512425574	1685512425563	-9.627	-3.400	0.433	5.242	-2.083	-2.596	-0.180	-2.200	0.378	126.974716	37.295002
1685512425580	1685512425576	-9.531	-2.861	0.431	5.522	-2.173	-2.475	-0.139	-1.935	0.110	126.974716	37.295002
1685512425591	1685512425580	-9.560	-2.483	0.292	5.633	-2.274	-2.337	-0.084	-1.235	-0.158	126.974716	37.295002
1685512425604	1685512425604	-9.555	-1.946	0.285	5.614	-2.324	-2.186	-0.067	-0.484	-0.524	126.974716	37.295002
1685512425612	1685512425604	-9.407	-1.487	0.515	5.468	-2.331	-2.044	-0.170	0.034	-0.982	126.974716	37.295002
1685512425632	1685512425612	-9.057	-1.856	0.685	5.114	-2.377	-1.927	-0.256	0.694	-1.350	126.974716	37.295002
1685512425632	1685512425632	-8.794	-2.267	0.685	4.682	-2.373	-1.818	-0.206	1.243	-1.482	126.974716	37.295002
1685512425640	1685512425633	-8.605	-2.265	0.998	4.369	-2.274	-1.703	0.038	0.939	-1.671	126.974716	37.295002
1685512425651	1685512425640	-8.361	-2.411	0.826	4.126	-2.184	-1.561	0.189	0.572	-2.018	126.974716	37.295002
1685512425661	1685512425651	-8.181	-1.951	1.001	3.943	-2.125	-1.384	0.254	0.603	-2.066	126.974716	37.295002
1685512425669	1685512425661	-7.987	-1.994	1.314	3.803	-2.039	-1.201	0.395	0.462	-2.516	126.974716	37.295002
1685512425679	1685512425670	-7.901	-2.224	1.408	3.566	-1.999	-1.045	0.448	0.903	-2.670	126.974716	37.295002
1685512425691	1685512425680	-7.925	-1.978	1.501	3.373	-1.892	-0.929	0.575	0.821	-2.538	126.974716	37.295002
1685512425700	1685512425692	-7.927	-1.676	1.561	3.198	-1.724	-0.841	0.553	0.539	-2.715	126.974716	37.295002
1685512425710	1685512425700	-7.841	-1.532	1.592	2.946	-1.609	-0.745	0.445	0.721	-2.830	126.974716	37.295002
1685512425720	1685512425710	-7.822	-1.614	1.640	2.671	-1.475	-0.629	0.333	0.943	-3.019	126.974716	37.295002
1685512425730	1685512425720	-7.745	-1.432	1.949	2.470	-1.312	-0.514	0.347	1.018	-3.156	126.974716	37.295002
1685512425740	1685512425730	-7.860	-1.281	2.253	2.304	-1.184	-0.412	0.278	0.860	-3.294	126.974716	37.295002
1685512425753	1685512425740	-8.135	-1.240	2.504	2.061	-1.086	-0.343	0.278	0.958	-3.151	126.974716	37.295002
1685512425761	1685512425753	-8.622	-1.173	2.828	1.818	-0.909	-0.298	0.091	1.022	-2.995	126.974716	37.295002
1685512425771	1685512425761	-9.357	-1.178	3.191	1.570	-0.696	-0.280	-0.247	0.982	-2.878	126.974716	37.295002
1685512425781	1685512425771	-9.965	-1.199	3.304	1.373	-0.436	-0.261	-0.802	0.958	-2.686	126.974716	37.295002
1685512425791	1685512425781	-10.113	-1.140	3.292	1.234	-0.147	-0.206	-1.573	0.900	-2.394	126.974716	37.295002
1685512425799	1685512425791	-9.881	-1.128	3.259	1.090	0.083	-0.119	-2.210	0.821	-2.342	126.974716	37.295002
1685512425814	1685512425800	-9.352	-1.039	3.431	0.933	0.283	-0.016	-2.370	0.828	-2.389	126.974716	37.295002
1685512425831	1685512425815	-8.863	-0.848	3.464	0.739	0.453	0.086	-2.136	0.788	-2.440	126.974716	37.295002
1685512425832	1685512425832	-8.574	-0.630	3.357	0.530	0.580	0.165	-1.592	0.824	-2.263	126.974716	37.295002
1685512425841	1685512425832	-8.679	-0.438	3.139	0.298	0.690	0.204	-1.073	0.962	-2.205	126.974716	37.295002
1685512425851	1685512425841	-9.136	-0.330	2.859	0.097	0.808	0.204	-0.752	1.142	-2.279	126.974716	37.295002
1685512425861	1685512425851	-9.859	-0.139	2.782	-0.031	0.920	0.183	-0.814	1.300	-2.449	126.974716	37.295002
1685512425871	1685512425861	-10.551	0.022	2.763	-0.089	1.034	0.153	-1.176	1.372	-2.605	126.974716	37.295002
1685512425880	1685512425871	-10.963	0.213	2.643	-0.122	1.161	0.147	-1.796	1.530	-2.538	126.974716	37.295002
1685512425890	1685512425880	-10.800	0.575	2.363	-0.184	1.286	0.165	-2.392	1.659	-2.418	126.974716	37.295002
1685512425900	1685512425890	-10.175	0.273	1.935	-0.351	1.376	0.232	-2.701	1.824	-2.382	126.974716	37.295002
1685512425910	1685512425901	-9.687	0.007	1.714	-0.596	1.440	0.375	-2.478	2.181	-2.564	126.974716	37.295002
1685512425920	1685512425912	-9.474	-0.177	1.535	-0.858	1.541	0.524	-1.776	1.877	-2.859	126.974716	37.295002
1685512425932	1685512425921	-9.438	-0.086	1.487	-1.113	1.663	0.638	-1.221	1.609	-2.962	126.974716	37.295002
1685512425941	1685512425932	-9.175	-0.278	1.492	-1.349	1.779	0.734	-0.919	1.417	-2.983	126.974716	37.295002
1685512425953	1685512425941	-8.715	-0.280	1.396	-1.554	1.878	0.833	-0.809	1.504	-2.885	126.974716	37.295002
1685512425962	1685512425953	-8.157	-0.199	1.173	-1.668	1.940	0.888	-0.419	1.281	-2.636	126.974716	37.295002
1685512425970	1685512425962	-7.582	-0.290	0.989	-1.721	1.976	0.904	0.134	1.238	-2.538	126.974716	37.295002
1685512425979	1685512425970	-7.008	-0.436	0.869	-1.731	1.985	0.924	0.826	1.259	-2.471	126.974716	37.295002
1685512425990	1685512425979	-6.615	-0.771	0.886	-1.704	1.991	0.936	1.468	1.154	-2.492	126.974716	37.295002
1685512425999	1685512425990	-6.359	-0.860	0.958	-1.659	1.994	0.925	2.131	0.979	-2.385	126.974716	37.295002
1685512426009	1685512425999	-6.230	-0.881	1.056	-1.591	2.018	0.878	2.591	0.615	-2.184	126.974716	37.295002
1685512426019	1685512426009	-6.302	-0.927	1.391	-1.495	2.073	0.812	2.933	0.481	-1.863	126.974716	37.295002
1685512426030	1685512426019	-6.582	-0.998	1.681	-1.350	2.139	0.778	3.122	0.426	-1.575	126.974716	37.295002
1685512426039	1685512426030	-6.972	-1.008	2.021	-1.181	2.226	0.748	3.112	0.342	-1.027	126.974716	37.295002
1685512426051	1685512426039	-7.400	-0.893	2.160	-0.986	2.345	0.712	2.892	0.227	-0.517	126.974716	37.295002
1685512426059	1685512426051	-7.642	-0.809	2.176	-0.772	2.437	0.700	2.557	0.172	0.045	126.974716	37.295002
1685512426069	1685512426059	-7.963	-0.809	2.195	-0.568	2.500	0.705	2.181	0.237	0.419	126.974716	37.295002
1685512426079	1685512426069	-8.234	-0.804	2.277	-0.401	2.545	0.694	1.994	0.254	0.728	126.974716	37.295002
1685512426089	1685512426080	-8.636	-0.658	2.433	-0.270	2.593	0.652	1.707	0.206	0.946	126.974716	37.295002
1685512426098	1685512426090	-9.175	-0.654	2.741	-0.182	2.619	0.615	1.470	0.148	1.276	126.974716	37.295002
1685512426109	1685512426098	-9.697	-0.630	2.990	-0.144	2.646	0.595	1.097	0.235	1.688	126.974716	37.295002
1685512426118	1685512426109	-10.259	-0.326	3.328	-0.150	2.674	0.563	0.579	0.180	2.253	126.974716	37.295002
1685512426128	1685512426118	-10.719	-0.213	3.701	-0.208	2.685	0.531	0.072	0.146	2.763	126.974716	37.295002
1685512426138	1685512426128	-10.944	-0.314	3.847	-0.292	2.665	0.535	-0.481	0.390	3.388	126.974716	37.295002
1685512426149	1685512426138	-11.030	0.005	4.013	-0.356	2.619	0.555	-0.943	0.455	4.001	126.974716	37.295002
1685512426158	1685512426149	-10.913	0.014	4.008	-0.386	2.552	0.567	-1.176	0.302	4.408	126.974716	37.295002
1685512426169	1685512426158	-11.035	-0.180	4.152	-0.445	2.446	0.584	-1.276	0.563	4.831	126.974716	37.295002
1685512426178	1685512426169	-11.356	-0.283	4.243	-0.527	2.346	0.578	-1.183	0.508	5.102	126.974716	37.295002
1685512426188	1685512426178	-11.720	-0.328	4.436	-0.610	2.277	0.552	-1.329	0.259	5.461	126.974716	37.295002
1685512426198	1685512426188	-12.165	-0.369	4.666	-0.674	2.215	0.541	-1.683	0.084	5.806	126.974716	37.295002
1685512426208	1685512426198	-12.316	-0.156	5.069	-0.698	2.145	0.539	-2.081	-0.014	6.199	126.974716	37.295002
1685512426218	1685512426208	-12.261	-0.290	5.174	-0.689	2.051	0.527	-2.567	-0.120	6.644	126.974716	37.295002
1685512426233	1685512426218	-11.873	-0.591	5.217	-0.678	1.922	0.502	-2.761	0.024	7.254	126.974701	37.295013
1685512426238	1685512426234	-11.576	-0.577	5.270	-0.695	1.754	0.461	-2.751	-0.175	7.556	126.974701	37.295013
1685512426249	1685512426238	-11.473	-0.436	5.320	-0.711	1.585	0.414	-2.411	-0.541	7.781	126.974701	37.295013
1685512426258	1685512426249	-11.437	-0.500	5.325	-0.731	1.438	0.390	-2.164	-0.594	8.016	126.974701	37.295013
1685512426268	1685512426258	-11.526	-0.687	5.152	-0.775	1.300	0.368	-2.102	-0.505	8.200	126.974701	37.295013
1685512426278	1685512426268	-12.057	-0.749	5.291	-0.820	1.163	0.310	-2.114	-0.634	8.353	126.974701	37.295013
1685512426290	1685512426278	-12.974	-1.199	5.523	-0.855	1.045	0.225	-2.239	-0.874	8.289	126.974701	37.295013
1685512426299	1685512426290	-13.336	-1.195	5.569	-0.812	0.976	0.151	-2.808	-0.991	8.533	126.974701	37.295013
1685512426309	1685512426299	-12.668	-1.259	5.490	-0.611	0.883	0.116	-3.759	-1.489	8.859	126.974701	37.295013
1685512426320	1685512426309	-11.952	-1.269	5.531	-0.414	0.626	0.104	-4.159	-1.530	9.000	126.974701	37.295013
1685512426329	1685512426320	-10.975	-0.939	5.619	-0.277	0.351	0.044	-3.517	-1.623	8.993	126.974701	37.295013
1685512426340	1685512426330	-10.072	-0.790	5.234	-0.160	0.136	-0.012	-2.825	-1.657	9.088	126.974701	37.295013
1685512426351	1685512426341	-9.716	-0.939	4.896	-0.121	-0.094	-0.034	-1.860	-1.341	9.208	126.974701	37.295013
1685512426360	1685512426351	-10.549	-1.008	4.855	-0.134	-0.282	-0.098	-0.962	-1.197	8.835	126.974701	37.295013
1685512426370	1685512426361	-11.993	-1.128	5.047	-0.123	-0.365	-0.205	-0.601	-1.346	8.487	126.974701	37.295013
1685512426382	1685512426372	-13.144	-1.547	4.978	-0.048	-0.387	-0.280	-1.422	-1.410	8.416	126.974701	37.295013
1685512426392	1685512426382	-14.123	-1.676	4.647	0.079	-0.461	-0.309	-2.856	-1.520	8.581	126.974701	37.295013
1685512426402	1685512426392	-14.729	-1.432	4.190	0.308	-0.596	-0.321	-3.994	-1.915	8.475	126.974701	37.295013
1685512426413	1685512426402	-15.009	-1.511	3.752	0.556	-0.767	-0.298	-4.956	-2.014	8.102	126.974701	37.295013
1685512426428	1685512426413	-15.100	-1.674	3.409	0.679	-0.941	-0.252	-5.540	-1.729	7.592	126.974701	37.295013
1685512426431	1685512426430	-15.009	-1.767	3.038	0.670	-1.091	-0.216	-5.794	-1.762	7.084	126.974701	37.295013
1685512426440	1685512426431	-14.887	-1.832	2.835	0.553	-1.236	-0.195	-5.849	-1.875	6.646	126.974701	37.295013
1685512426452	1685512426441	-14.375	-1.805	2.689	0.358	-1.373	-0.205	-5.727	-1.930	6.187	126.974701	37.295013
1685512426461	1685512426452	-13.680	-1.750	2.466	0.106	-1.508	-0.244	-5.567	-1.958	5.868	126.974701	37.295013
1685512426472	1685512426462	-12.665	-1.599	2.179	-0.203	-1.673	-0.312	-5.013	-1.903	5.595	126.974701	37.295013
1685512426481	1685512426472	-11.691	-1.487	2.037	-0.596	-1.870	-0.423	-4.271	-1.820	5.217	126.974701	37.295013
1685512426491	1685512426481	-10.745	-1.341	1.803	-1.069	-2.044	-0.577	-3.215	-1.647	4.786	126.974701	37.295013
1685512426501	1685512426491	-9.967	-1.403	1.642	-1.600	-2.193	-0.760	-2.188	-1.506	4.451	126.974701	37.295013
1685512426512	1685512426501	-9.323	-1.425	1.504	-2.158	-2.329	-0.965	-1.199	-1.334	4.039	126.974701	37.295013
1685512426522	1685512426512	-8.792	-1.528	1.326	-2.689	-2.453	-1.191	-0.376	-1.358	3.670	126.974701	37.295013
1685512426534	1685512426522	-8.492	-1.585	1.176	-3.159	-2.555	-1.448	0.311	-1.326	3.309	126.974701	37.295013
1685512426542	1685512426535	-8.203	-1.856	1.039	-3.548	-2.621	-1.725	0.883	-1.360	2.897	126.974701	37.295013
1685512426552	1685512426543	-8.116	-2.234	0.893	-3.840	-2.669	-2.009	1.216	-1.324	2.507	126.974701	37.295013
1685512426563	1685512426553	-8.001	-2.088	0.946	-4.005	-2.689	-2.286	1.535	-1.456	2.102	126.974701	37.295013
1685512426573	1685512426563	-7.918	-2.124	0.871	-4.038	-2.693	-2.544	1.635	-1.693	1.738	126.974701	37.295013
1685512426583	1685512426574	-7.736	-2.289	0.843	-4.023	-2.716	-2.764	1.755	-1.331	1.530	126.974701	37.295013
1685512426594	1685512426583	-7.611	-2.571	0.759	-3.952	-2.707	-2.944	1.832	-1.161	1.252	126.974701	37.295013
1685512426612	1685512426595	-7.417	-2.916	0.675	-3.850	-2.650	-3.098	1.990	-1.070	1.001	126.974701	37.295013
1685512426613	1685512426613	-7.326	-3.057	0.697	-3.702	-2.546	-3.209	2.076	-1.068	0.709	126.974701	37.295013
1685512426634	1685512426614	-7.424	-3.081	0.864	-3.470	-2.404	-3.253	2.203	-1.046	0.395	126.974701	37.295013
1685512426634	1685512426634	-7.503	-3.299	0.687	-3.135	-2.232	-3.227	2.231	-0.927	0.259	126.974701	37.295013
1685512426642	1685512426634	-7.697	-3.072	0.654	-2.700	-2.024	-3.186	2.047	-0.622	0.266	126.974701	37.295013
1685512426655	1685512426642	-7.709	-2.837	0.498	-2.285	-1.830	-3.158	1.867	-0.515	-0.036	126.974701	37.295013
1685512426662	1685512426655	-7.544	-2.986	0.488	-1.935	-1.687	-3.053	1.563	0.029	-0.180	126.974701	37.295013
1685512426671	1685512426663	-7.444	-2.861	0.558	-1.592	-1.577	-2.866	1.434	0.575	-0.429	126.974701	37.295013
1685512426680	1685512426671	-7.331	-2.710	0.565	-1.295	-1.464	-2.684	1.434	0.809	-0.546	126.974701	37.295013
1685512426691	1685512426680	-7.439	-2.576	0.503	-1.037	-1.354	-2.517	1.444	1.125	-0.532	126.974701	37.295013
1685512426701	1685512426692	-7.599	-2.468	0.491	-0.804	-1.235	-2.335	1.417	1.554	-0.608	126.974701	37.295013
1685512426713	1685512426701	-7.728	-2.351	0.486	-0.595	-1.122	-2.125	1.195	1.896	-0.735	126.974701	37.295013
1685512426721	1685512426713	-7.851	-2.243	0.457	-0.398	-1.002	-1.895	0.900	2.234	-0.824	126.974701	37.295013
1685512426732	1685512426721	-7.815	-2.102	0.335	-0.228	-0.893	-1.652	0.666	2.521	-0.888	126.974701	37.295013
1685512426741	1685512426732	-7.695	-2.035	0.271	-0.109	-0.816	-1.395	0.414	2.825	-0.994	126.974701	37.295013
1685512426753	1685512426741	-7.736	-2.018	0.184	-0.044	-0.764	-1.119	0.371	3.077	-1.166	126.974701	37.295013
1685512426761	1685512426754	-7.681	-1.980	0.115	-0.037	-0.699	-0.841	0.395	3.270	-1.298	126.974701	37.295013
1685512426774	1685512426761	-7.740	-2.052	0.053	-0.082	-0.604	-0.580	0.283	3.378	-1.441	126.974701	37.295013
1685512426781	1685512426774	-7.934	-2.035	-0.081	-0.167	-0.500	-0.334	0.275	3.491	-1.571	126.974701	37.295013
1685512426792	1685512426781	-8.349	-2.045	-0.134	-0.274	-0.396	-0.086	0.177	3.462	-1.671	126.974701	37.295013
1685512426805	1685512426793	-9.153	-2.294	0.010	-0.391	-0.271	0.164	-0.043	3.512	-1.839	126.974701	37.295013
1685512426814	1685512426805	-10.151	-2.569	0.251	-0.509	-0.103	0.406	-0.469	3.512	-1.906	126.974701	37.295013
1685512426859	1685512426814	-10.894	-2.799	0.421	-0.607	0.112	0.634	-1.269	3.259	-1.762	126.974701	37.295013
1685512426859	1685512426859	-11.140	-2.878	0.474	-0.657	0.316	0.887	-2.248	2.959	-1.501	126.974701	37.295013
1685512426860	1685512426859	-10.908	-2.986	0.510	-0.660	0.431	1.202	-2.952	2.689	-1.288	126.974701	37.295013
1685512426860	1685512426860	-10.082	-3.115	0.644	-0.640	0.464	1.558	-3.146	2.550	-1.173	126.974701	37.295013
1685512426860	1685512426860	-9.476	-2.998	0.761	-0.626	0.465	1.883	-2.835	2.349	-1.061	126.974701	37.295013
1685512426870	1685512426860	-9.541	-2.995	0.745	-0.643	0.487	2.112	-1.927	2.114	-0.862	126.974701	37.295013
1685512426879	1685512426870	-10.405	-2.950	0.625	-0.695	0.600	2.237	-1.207	2.071	-0.668	126.974701	37.295013
1685512426891	1685512426879	-11.756	-2.942	0.283	-0.732	0.828	2.279	-1.171	1.925	-0.620	126.974701	37.295013
1685512426900	1685512426892	-13.252	-2.832	0.237	-0.726	1.101	2.281	-1.920	1.791	-0.656	126.974701	37.295013
1685512426911	1685512426902	-14.590	-3.273	0.678	-0.679	1.318	2.285	-3.156	1.611	-0.893	126.974701	37.295013
1685512426920	1685512426911	-15.409	-3.960	1.087	-0.586	1.412	2.304	-4.527	1.513	-0.797	126.974701	37.295013
1685512426929	1685512426920	-15.490	-4.439	1.298	-0.453	1.343	2.341	-5.765	0.898	-0.227	126.974701	37.295013
1685512426940	1685512426930	-14.870	-4.709	1.437	-0.312	1.148	2.421	-6.479	0.010	0.330	126.974701	37.295013
1685512426952	1685512426940	-13.807	-4.559	1.338	-0.189	0.921	2.574	-6.462	-0.673	0.678	126.974701	37.295013
1685512426960	1685512426952	-12.663	-4.302	1.132	-0.111	0.742	2.759	-5.746	-1.161	0.934	126.974701	37.295013
1685512426971	1685512426961	-11.700	-4.027	1.010	-0.105	0.644	2.891	-4.590	-1.247	0.927	126.974701	37.295013
1685512426982	1685512426971	-10.781	-3.699	1.022	-0.177	0.621	2.938	-3.338	-1.298	0.807	126.974701	37.295013
1685512426992	1685512426982	-9.637	-3.699	1.240	-0.340	0.602	2.926	-2.306	-1.238	0.735	126.974701	37.295013
1685512427004	1685512426992	-8.581	-3.589	1.614	-0.555	0.571	2.861	-1.307	-1.188	0.812	126.974701	37.295013
1685512427013	1685512427004	-7.606	-3.517	1.999	-0.766	0.558	2.744	-0.091	-1.465	1.094	126.974701	37.295013
1685512427024	1685512427014	-6.953	-3.474	2.215	-0.946	0.567	2.584	1.022	-1.628	1.535	126.974701	37.295013
1685512427031	1685512427025	-6.606	-3.606	2.325	-1.071	0.610	2.395	2.049	-1.820	1.987	126.974701	37.295013
1685512427040	1685512427031	-6.555	-3.891	2.212	-1.136	0.690	2.193	2.746	-2.052	2.279	126.974701	37.295013
1685512427054	1685512427040	-6.651	-4.046	2.133	-1.130	0.776	2.005	3.122	-2.394	2.456	126.974701	37.295013
1685512427061	1685512427054	-6.651	-4.231	1.951	-1.056	0.836	1.851	3.194	-2.895	2.423	126.974701	37.295013
1685512427073	1685512427062	-6.632	-4.211	1.738	-0.927	0.848	1.740	3.115	-3.249	2.430	126.974701	37.295013
1685512427082	1685512427073	-6.697	-4.101	1.535	-0.764	0.801	1.669	3.127	-3.637	2.346	126.974701	37.295013
1685512427092	1685512427082	-6.644	-4.015	1.360	-0.605	0.723	1.622	3.151	-3.773	2.212	126.974701	37.295013
1685512427103	1685512427092	-6.697	-3.922	1.293	-0.475	0.641	1.580	3.086	-3.847	2.097	126.974701	37.295013
1685512427111	1685512427104	-6.905	-3.958	1.310	-0.392	0.582	1.527	3.139	-3.907	1.987	126.974701	37.295013
1685512427121	1685512427112	-7.319	-3.986	1.293	-0.364	0.535	1.461	3.081	-3.972	1.982	126.974701	37.295013
1685512427131	1685512427122	-7.597	-3.991	1.350	-0.393	0.505	1.389	2.868	-4.161	2.057	126.974701	37.295013
1685512427140	1685512427132	-8.135	-4.008	1.458	-0.463	0.490	1.332	2.444	-4.334	2.090	126.974701	37.295013
1685512427151	1685512427140	-8.466	-4.096	1.475	-0.558	0.476	1.300	2.157	-4.477	2.195	126.974701	37.295013
1685512427159	1685512427151	-8.811	-4.168	1.353	-0.671	0.464	1.289	1.607	-4.642	2.354	126.974701	37.295013
1685512427169	1685512427159	-9.076	-4.152	1.331	-0.776	0.474	1.282	1.262	-4.848	2.409	126.974701	37.295013
1685512427179	1685512427169	-9.256	-4.307	1.240	-0.874	0.486	1.275	0.903	-5.066	2.330	126.974701	37.295013
1685512427190	1685512427179	-9.330	-4.434	1.197	-0.974	0.465	1.272	0.620	-5.169	2.342	126.974701	37.295013
1685512427202	1685512427190	-9.567	-4.503	1.319	-1.065	0.446	1.262	0.421	-5.456	2.289	126.974701	37.295013
1685512427209	1685512427202	-9.795	-4.638	1.532	-1.137	0.439	1.229	0.328	-5.717	2.279	126.974701	37.295013
1685512427219	1685512427209	-10.192	-4.944	1.712	-1.180	0.439	1.177	0.067	-5.933	2.433	126.974701	37.295013
1685512427229	1685512427219	-10.338	-5.164	1.894	-1.186	0.442	1.114	-0.180	-6.184	2.670	126.974701	37.295013
1685512427239	1685512427229	-10.362	-5.449	2.078	-1.155	0.446	1.053	-0.601	-6.618	2.871	126.974701	37.295013
1685512427251	1685512427239	-10.264	-5.665	2.143	-1.069	0.442	1.008	-0.773	-6.960	3.077	126.974701	37.295013
1685512427259	1685512427251	-10.221	-5.737	2.069	-0.932	0.426	0.983	-0.819	-7.350	3.278	126.974701	37.295013
1685512427269	1685512427259	-10.156	-5.784	2.138	-0.757	0.404	0.958	-0.745	-7.673	3.364	126.974686	37.295013
1685512427282	1685512427269	-10.113	-5.722	2.009	-0.578	0.385	0.898	-0.733	-7.872	3.314	126.974686	37.295013
1685512427289	1685512427282	-9.957	-5.382	1.865	-0.412	0.362	0.804	-0.690	-7.999	3.402	126.974686	37.295013
1685512427300	1685512427290	-10.046	-5.325	1.683	-0.298	0.304	0.685	-0.670	-8.030	3.294	126.974686	37.295013
1685512427311	1685512427300	-10.654	-5.667	1.865	-0.271	0.233	0.528	-0.539	-7.772	3.177	126.974686	37.295013
1685512427320	1685512427311	-11.598	-5.918	2.231	-0.302	0.237	0.312	-0.649	-7.781	3.014	126.974686	37.295013
1685512427332	1685512427321	-12.402	-6.215	2.423	-0.326	0.315	0.051	-1.274	-8.176	3.213	126.974686	37.295013
1685512427341	1685512427332	-12.737	-6.208	2.483	-0.280	0.391	-0.189	-2.229	-8.466	3.596	126.974686	37.295013
1685512427353	1685512427341	-12.347	-6.091	2.583	-0.151	0.392	-0.356	-3.038	-8.770	3.807	126.974686	37.295013
1685512427361	1685512427353	-11.025	-5.825	2.569	0.028	0.303	-0.445	-3.373	-8.751	3.895	126.974686	37.295013
1685512427372	1685512427362	-9.943	-5.507	2.401	0.257	0.142	-0.481	-2.981	-8.602	4.029	126.974686	37.295013
1685512427381	1685512427373	-9.677	-5.497	2.325	0.481	-0.035	-0.535	-1.652	-8.289	4.046	126.974686	37.295013
1685512427391	1685512427382	-10.647	-5.792	2.267	0.681	-0.088	-0.671	-0.560	-7.927	3.895	126.974686	37.295013
1685512427406	1685512427391	-11.976	-5.878	2.255	0.871	0.023	-0.908	-0.278	-7.848	3.828	126.974686	37.295013
1685512427412	1685512427406	-13.084	-6.033	2.071	1.046	0.150	-1.167	-1.235	-8.083	3.778	126.974686	37.295013
1685512427424	1685512427412	-13.759	-5.902	1.863	1.233	0.159	-1.334	-2.543	-8.061	3.790	126.974686	37.295013
1685512427433	1685512427424	-14.020	-5.703	1.671	1.434	0.054	-1.406	-3.632	-8.104	3.639	126.974686	37.295013
1685512427441	1685512427433	-14.277	-5.626	1.274	1.640	-0.089	-1.434	-4.281	-7.810	3.474	126.974686	37.295013
1685512427453	1685512427442	-14.382	-5.387	1.118	1.813	-0.221	-1.456	-4.518	-7.470	3.311	126.974686	37.295013
1685512427462	1685512427453	-14.248	-5.198	0.759	1.918	-0.337	-1.487	-4.745	-7.197	2.935	126.974686	37.295013
1685512427471	1685512427462	-13.836	-4.946	0.606	1.946	-0.470	-1.511	-4.829	-6.823	2.784	126.974686	37.295013
1685512427482	1685512427472	-13.233	-4.578	0.429	1.902	-0.629	-1.532	-4.664	-6.426	2.416	126.974686	37.295013
1685512427494	1685512427483	-12.400	-4.290	0.426	1.789	-0.787	-1.570	-4.231	-6.014	2.243	126.974686	37.295013
1685512427503	1685512427494	-11.631	-4.063	0.481	1.611	-0.935	-1.633	-3.601	-5.466	2.023	126.974686	37.295013
1685512427513	1685512427504	-10.707	-3.745	0.436	1.383	-1.068	-1.724	-2.744	-4.999	1.961	126.974686	37.295013
1685512427523	1685512427513	-10.003	-3.644	0.443	1.111	-1.181	-1.847	-1.949	-4.573	1.927	126.974686	37.295013
1685512427535	1685512427523	-9.419	-3.443	0.407	0.811	-1.261	-2.004	-1.003	-4.087	1.793	126.974686	37.295013
1685512427546	1685512427535	-8.892	-3.407	0.436	0.516	-1.305	-2.193	-0.280	-3.792	1.688	126.974686	37.295013
1685512427555	1685512427547	-8.729	-3.393	0.472	0.243	-1.326	-2.404	0.318	-3.385	1.530	126.974686	37.295013
1685512427563	1685512427555	-8.528	-3.330	0.450	0.015	-1.322	-2.632	0.855	-3.132	1.429	126.974686	37.295013
1685512427575	1685512427564	-8.478	-3.333	0.419	-0.160	-1.297	-2.850	1.022	-2.880	1.336	126.974686	37.295013
1685512427586	1685512427575	-8.461	-3.369	0.357	-0.275	-1.278	-3.047	1.214	-2.509	1.159	126.974686	37.295013
1685512427593	1685512427588	-8.485	-3.481	0.297	-0.335	-1.256	-3.213	1.250	-2.291	1.030	126.974686	37.295013
1685512427602	1685512427593	-8.428	-3.558	0.275	-0.337	-1.230	-3.339	1.238	-2.033	0.845	126.974686	37.295013
1685512427616	1685512427616	-8.461	-3.347	0.151	-0.275	-1.200	-3.427	1.171	-1.834	0.668	126.974686	37.295013
1685512427635	1685512427617	-8.514	-3.316	0.029	-0.158	-1.168	-3.476	1.171	-1.590	0.536	126.974686	37.295013
1685512427636	1685512427636	-8.473	-3.168	0.026	-0.002	-1.128	-3.482	1.068	-1.053	0.302	126.974686	37.295013
1685512427644	1685512427636	-8.480	-3.112	-0.024	0.162	-1.089	-3.457	0.915	-0.634	0.050	126.974686	37.295013
1685512427654	1685512427644	-8.600	-2.971	-0.050	0.324	-1.052	-3.404	0.860	-0.170	-0.055	126.974686	37.295013
1685512427664	1685512427655	-8.660	-2.823	-0.237	0.472	-1.008	-3.322	0.740	0.211	-0.215	126.974686	37.295013
1685512427674	1685512427664	-8.885	-2.717	-0.335	0.596	-0.962	-3.217	0.498	0.663	-0.350	126.974686	37.295013
1685512427682	1685512427674	-8.892	-2.629	-0.275	0.678	-0.926	-3.082	0.306	1.116	-0.646	126.974686	37.295013
1685512427693	1685512427682	-8.928	-2.535	-0.275	0.706	-0.913	-2.910	-0.019	1.441	-0.826	126.974686	37.295013
1685512427703	1685512427693	-8.983	-2.569	-0.299	0.678	-0.926	-2.715	-0.153	1.776	-0.864	126.974686	37.295013
1685512427713	1685512427703	-9.100	-2.394	-0.529	0.602	-0.937	-2.522	-0.280	2.035	-0.936	126.974686	37.295013
1685512427723	1685512427713	-9.187	-2.260	-0.603	0.501	-0.932	-2.337	-0.436	2.174	-1.041	126.974686	37.295013
1685512427734	1685512427724	-9.201	-2.184	-0.632	0.365	-0.924	-2.147	-0.646	2.502	-1.353	126.974686	37.295013
1685512427743	1685512427734	-8.985	-2.205	-0.644	0.193	-0.951	-1.940	-0.824	2.775	-1.501	126.974686	37.295013
1685512427755	1685512427743	-8.729	-2.318	-0.622	-0.011	-0.979	-1.732	-0.919	2.974	-1.595	126.974686	37.295013
1685512427763	1685512427756	-8.416	-2.248	-0.785	-0.210	-0.994	-1.534	-0.785	3.069	-1.674	126.974686	37.295013
1685512427774	1685512427764	-8.234	-2.255	-0.845	-0.382	-0.996	-1.348	-0.584	3.033	-1.693	126.974686	37.295013
1685512427783	1685512427774	-8.097	-2.143	-0.852	-0.522	-0.953	-1.169	-0.338	3.194	-1.903	126.974686	37.295013
1685512427795	1685512427783	-7.994	-2.102	-0.898	-0.644	-0.893	-0.986	-0.201	3.249	-1.990	126.974686	37.295013
1685512427811	1685512427797	-8.267	-2.210	-0.900	-0.760	-0.833	-0.787	-0.113	3.426	-2.023	126.974686	37.295013
1685512427812	1685512427811	-8.959	-2.502	-0.950	-0.850	-0.729	-0.567	-0.055	3.527	-2.085	126.974686	37.295013
1685512427828	1685512427812	-9.948	-2.715	-1.030	-0.896	-0.563	-0.324	-0.373	3.479	-2.100	126.974686	37.295013
1685512427832	1685512427828	-10.795	-3.010	-1.089	-0.897	-0.352	-0.044	-1.087	3.220	-2.148	126.974686	37.295013
1685512427843	1685512427833	-11.040	-3.134	-1.185	-0.860	-0.159	0.315	-2.085	3.021	-2.205	126.974686	37.295013
1685512427856	1685512427843	-10.534	-3.225	-1.094	-0.794	-0.031	0.773	-2.911	2.705	-2.215	126.974686	37.295013
1685512427876	1685512427859	-9.486	-3.242	-0.912	-0.721	0.042	1.288	-3.139	2.567	-2.274	126.974686	37.295013
1685512427876	1685512427876	-8.526	-3.208	-0.539	-0.666	0.088	1.784	-2.591	2.423	-2.140	126.974686	37.295013
1685512427882	1685512427876	-8.152	-3.443	0.017	-0.643	0.191	2.180	-1.453	2.291	-1.906	126.974686	37.295013
1685512427891	1685512427883	-8.516	-3.895	0.589	-0.646	0.406	2.445	-0.414	2.215	-1.499	126.974686	37.295013
1685512427902	1685512427892	-9.572	-4.355	1.106	-0.644	0.690	2.580	0.074	1.808	-0.893	126.974686	37.295013
1685512427912	1685512427903	-10.949	-4.824	1.547	-0.556	1.002	2.635	-0.158	1.156	-0.254	126.974686	37.295013
1685512427920	1685512427913	-12.268	-5.255	1.733	-0.331	1.321	2.691	-1.080	0.486	0.352	126.974686	37.295013
1685512427932	1685512427920	-13.357	-5.428	1.889	0.033	1.618	2.784	-2.325	-0.204	0.905	126.974686	37.295013
1685512427942	1685512427932	-14.071	-5.329	1.697	0.511	1.846	2.913	-3.505	-0.891	1.233	126.974686	37.295013
1685512427952	1685512427942	-14.193	-5.025	1.331	1.052	2.001	3.086	-4.482	-1.283	1.516	126.974686	37.295013
1685512427963	1685512427952	-14.064	-4.865	0.883	1.572	2.111	3.307	-5.073	-1.446	1.470	126.974686	37.295013
1685512427973	1685512427963	-13.563	-4.697	0.539	1.994	2.181	3.515	-5.076	-1.425	1.245	126.974686	37.295013
1685512427981	1685512427973	-13.080	-4.487	0.232	2.283	2.198	3.660	-4.822	-1.599	0.950	126.974686	37.295013
1685512427991	1685512427981	-12.543	-4.391	0.271	2.443	2.172	3.730	-4.223	-1.721	0.733	126.974686	37.295013
1685512428001	1685512427991	-11.717	-4.365	0.563	2.508	2.109	3.740	-3.634	-1.882	0.584	126.974686	37.295013
1685512428012	1685512428001	-10.817	-4.185	1.092	2.531	2.024	3.701	-3.024	-2.097	0.754	126.974686	37.295013
1685512428022	1685512428012	-10.001	-3.819	1.674	2.527	1.930	3.608	-2.131	-2.413	1.192	126.974686	37.295013
1685512428032	1685512428022	-9.237	-3.464	2.212	2.503	1.855	3.473	-1.178	-2.571	1.872	126.974686	37.295013
1685512428043	1685512428032	-8.674	-3.012	2.727	2.496	1.831	3.310	-0.323	-2.564	2.619	126.974686	37.295013
1685512428054	1685512428043	-8.368	-2.514	3.000	2.481	1.829	3.098	0.457	-2.490	3.294	126.974686	37.295013
1685512428062	1685512428054	-8.203	-2.172	3.232	2.408	1.848	2.831	1.025	-2.387	3.998	126.974686	37.295013
1685512428072	1685512428062	-7.985	-2.002	3.232	2.252	1.874	2.540	1.324	-2.102	4.403	126.974686	37.295013
1685512428082	1685512428072	-7.999	-2.004	3.153	1.968	1.844	2.263	1.468	-2.023	4.827	126.974686	37.295013
1685512428094	1685512428082	-7.946	-2.160	2.840	1.593	1.753	2.015	1.659	-2.040	4.987	126.974686	37.295013
1685512428102	1685512428094	-7.858	-2.313	2.691	1.183	1.618	1.801	1.604	-2.241	5.107	126.974686	37.295013
1685512428112	1685512428102	-7.827	-2.306	2.512	0.775	1.458	1.627	1.618	-2.543	4.949	126.974686	37.295013
1685512428122	1685512428112	-7.884	-2.389	2.471	0.402	1.297	1.498	1.654	-2.871	4.992	126.974686	37.295013
1685512428131	1685512428122	-7.951	-2.617	2.447	0.056	1.153	1.396	1.650	-2.971	4.927	126.974686	37.295013
1685512428141	1685512428131	-8.308	-2.820	2.519	-0.248	1.040	1.311	1.566	-3.151	4.961	126.974686	37.295013
1685512428153	1685512428141	-8.554	-2.962	2.626	-0.476	0.959	1.233	1.482	-3.452	4.978	126.974686	37.295013
1685512428161	1685512428153	-8.636	-3.002	2.674	-0.644	0.872	1.170	1.099	-3.761	5.107	126.974686	37.295013
1685512428170	1685512428161	-8.535	-3.251	2.717	-0.794	0.745	1.119	0.836	-3.982	5.243	126.974686	37.295013
1685512428181	1685512428172	-8.533	-3.436	2.749	-0.905	0.621	1.068	0.728	-4.149	5.341	126.974686	37.295013
1685512428190	1685512428181	-8.344	-3.577	2.756	-0.986	0.522	1.016	0.824	-4.446	5.377	126.974686	37.295013
1685512428200	1685512428191	-8.296	-3.766	2.849	-1.032	0.451	0.971	0.814	-4.724	5.409	126.974686	37.295013
1685512428212	1685512428201	-8.260	-3.915	2.978	-1.035	0.413	0.932	0.998	-4.927	5.397	126.974686	37.295013
1685512428221	1685512428212	-8.389	-4.051	3.115	-0.992	0.411	0.889	1.041	-5.198	5.468	126.974686	37.295013
1685512428231	1685512428221	-8.751	-4.254	3.266	-0.898	0.436	0.847	1.075	-5.413	5.569	126.974686	37.295013
1685512428240	1685512428231	-9.029	-4.324	3.316	-0.746	0.483	0.808	0.943	-5.617	5.677	126.974663	37.295013
1685512428252	1685512428241	-9.146	-4.324	3.297	-0.546	0.527	0.775	0.584	-5.856	5.796	126.974663	37.295013
1685512428261	1685512428252	-9.316	-4.310	3.299	-0.325	0.545	0.748	0.304	-5.966	5.827	126.974663	37.295013
1685512428272	1685512428261	-9.328	-4.326	3.309	-0.116	0.525	0.733	0.180	-6.007	5.804	126.974663	37.295013
1685512428282	1685512428272	-9.282	-4.336	3.129	0.059	0.468	0.722	0.000	-6.043	5.820	126.974663	37.295013
1685512428291	1685512428282	-9.402	-4.243	2.921	0.200	0.407	0.700	-0.024	-6.096	5.847	126.974663	37.295013
1685512428301	1685512428291	-9.778	-4.118	2.672	0.304	0.358	0.659	0.000	-6.158	5.696	126.974663	37.295013
1685512428312	1685512428301	-10.369	-4.161	2.547	0.341	0.315	0.594	-0.129	-6.103	5.511	126.974663	37.295013
1685512428322	1685512428312	-11.382	-4.348	2.495	0.299	0.276	0.507	-0.524	-6.019	5.291	126.974663	37.295013
1685512428334	1685512428323	-12.668	-4.511	2.710	0.206	0.255	0.396	-1.132	-6.103	5.198	126.974663	37.295013
1685512428343	1685512428334	-13.872	-4.767	2.911	0.134	0.275	0.264	-2.162	-6.330	5.176	126.974663	37.295013
1685512428354	1685512428343	-14.363	-4.755	2.990	0.108	0.283	0.126	-3.464	-6.524	5.420	126.974663	37.295013
1685512428363	1685512428354	-13.654	-4.764	3.031	0.098	0.165	0.004	-4.683	-6.802	5.653	126.974663	37.295013
1685512428374	1685512428364	-11.966	-4.616	2.825	0.094	-0.105	-0.077	-5.183	-6.797	5.756	126.974663	37.295013
1685512428384	1685512428374	-10.281	-4.508	2.332	0.093	-0.484	-0.133	-4.480	-6.804	5.816	126.974663	37.295013
1685512428396	1685512428385	-9.510	-4.515	2.042	0.057	-0.839	-0.231	-2.787	-6.649	5.602	126.974663	37.295013
1685512428404	1685512428396	-10.046	-4.482	1.841	0.006	-0.983	-0.402	-1.085	-6.524	5.066	126.974663	37.295013
1685512428413	1685512428404	-11.559	-4.549	1.700	-0.048	-0.911	-0.661	-0.285	-6.510	4.702	126.974663	37.295013
1685512428428	1685512428414	-13.250	-4.719	1.609	-0.049	-0.733	-0.968	-0.785	-6.436	4.401	126.974663	37.295013
1685512428433	1685512428428	-14.406	-4.621	1.346	0.002	-0.619	-1.241	-2.267	-6.448	4.183	126.974663	37.295013
1685512428444	1685512428433	-15.012	-4.508	0.958	0.077	-0.666	-1.456	-3.922	-6.529	4.022	126.974663	37.295013
1685512428457	1685512428445	-15.225	-4.374	0.551	0.160	-0.843	-1.632	-5.042	-6.314	3.701	126.974663	37.295013
1685512428464	1685512428457	-15.237	-4.290	0.218	0.226	-1.065	-1.758	-5.610	-6.065	3.251	126.974663	37.295013
1685512428473	1685512428465	-15.158	-4.310	0.057	0.248	-1.241	-1.823	-5.780	-5.772	2.768	126.974663	37.295013
1685512428484	1685512428473	-14.969	-4.288	0.031	0.230	-1.362	-1.848	-5.737	-5.483	2.318	126.974663	37.295013
1685512428493	1685512428484	-14.413	-4.228	0.055	0.186	-1.476	-1.862	-5.619	-5.358	2.064	126.974663	37.295013
1685512428503	1685512428493	-13.726	-4.039	0.124	0.136	-1.598	-1.868	-5.387	-5.155	1.908	126.974663	37.295013
1685512428515	1685512428504	-12.649	-3.833	0.113	0.079	-1.739	-1.873	-4.791	-4.913	1.793	126.974663	37.295013
1685512428524	1685512428515	-11.581	-3.567	0.134	-0.004	-1.870	-1.903	-4.065	-4.542	1.709	126.974663	37.295013
1685512428534	1685512428525	-10.499	-3.354	0.194	-0.108	-1.956	-1.976	-2.954	-4.154	1.530	126.974663	37.295013
1685512428547	1685512428534	-9.517	-3.201	0.213	-0.232	-1.982	-2.083	-1.853	-3.685	1.350	126.974663	37.295013
1685512428558	1685512428547	-8.679	-3.036	0.230	-0.370	-1.958	-2.219	-0.752	-3.299	1.240	126.974663	37.295013
1685512428564	1685512428559	-8.071	-2.777	0.175	-0.496	-1.901	-2.380	0.244	-2.945	1.065	126.974663	37.295013
1685512428578	1685512428567	-7.740	-2.880	0.213	-0.611	-1.825	-2.566	1.089	-2.567	0.893	126.974663	37.295013
1685512428586	1685512428578	-7.707	-3.031	0.266	-0.701	-1.698	-2.779	1.695	-2.054	0.637	126.974663	37.295013
1685512428596	1685512428586	-7.819	-3.038	0.215	-0.740	-1.534	-3.001	2.011	-1.935	0.517	126.974663	37.295013
1685512428606	1685512428598	-8.030	-3.069	0.180	-0.724	-1.377	-3.202	2.016	-1.788	0.397	126.974663	37.295013
1685512428623	1685512428606	-8.195	-3.165	0.074	-0.666	-1.251	-3.352	1.867	-1.535	0.223	126.974663	37.295013
1685512428624	1685512428623	-8.171	-3.062	-0.139	-0.572	-1.172	-3.443	1.602	-1.255	0.065	126.974663	37.295013
1685512428657	1685512428626	-8.135	-3.079	-0.239	-0.445	-1.130	-3.481	1.369	-1.027	-0.144	126.974663	37.295013
1685512428657	1685512428657	-8.157	-3.093	-0.280	-0.288	-1.089	-3.481	1.310	-0.596	-0.457	126.974663	37.295013
1685512428658	1685512428658	-8.207	-3.031	-0.283	-0.119	-1.032	-3.453	1.250	-0.283	-0.651	126.974663	37.295013
1685512428664	1685512428658	-8.236	-2.923	-0.323	0.065	-0.968	-3.396	1.109	0.067	-0.776	126.974663	37.295013
1685512428674	1685512428664	-8.248	-2.813	-0.275	0.250	-0.915	-3.306	0.953	0.412	-0.838	126.974663	37.295013
1685512428685	1685512428674	-8.241	-2.559	-0.232	0.425	-0.877	-3.181	0.790	0.843	-0.955	126.974663	37.295013
1685512428695	1685512428686	-8.092	-2.413	-0.172	0.568	-0.852	-3.030	0.670	1.197	-0.965	126.974663	37.295013
1685512428704	1685512428696	-8.004	-2.377	-0.225	0.665	-0.827	-2.860	0.553	1.702	-0.994	126.974663	37.295013
1685512428714	1685512428705	-7.949	-2.401	-0.338	0.706	-0.794	-2.678	0.579	2.081	-1.008	126.974663	37.295013
1685512428724	1685512428714	-8.013	-2.370	-0.429	0.689	-0.755	-2.492	0.529	2.356	-1.156	126.974663	37.295013
1685512428734	1685512428724	-8.150	-2.265	-0.587	0.632	-0.715	-2.298	0.472	2.512	-1.348	126.974663	37.295013
1685512428744	1685512428734	-8.289	-2.217	-0.462	0.552	-0.672	-2.088	0.275	2.744	-1.537	126.974663	37.295013
1685512428756	1685512428744	-8.399	-2.198	-0.354	0.448	-0.622	-1.862	0.010	3.031	-1.786	126.974663	37.295013
1685512428764	1685512428757	-8.631	-2.169	-0.362	0.320	-0.560	-1.633	-0.247	3.242	-1.745	126.974663	37.295013
1685512428775	1685512428765	-8.715	-2.136	-0.306	0.186	-0.484	-1.410	-0.469	3.405	-1.714	126.974663	37.295013
1685512428784	1685512428776	-8.607	-2.109	-0.364	0.060	-0.413	-1.180	-0.821	3.582	-1.796	126.974663	37.295013
1685512428795	1685512428784	-8.559	-2.112	-0.340	-0.053	-0.352	-0.943	-0.977	3.701	-1.779	126.974663	37.295013
1685512428805	1685512428795	-8.317	-2.061	-0.273	-0.156	-0.292	-0.706	-0.943	3.816	-1.872	126.974663	37.295013
1685512428817	1685512428805	-8.270	-2.284	-0.091	-0.253	-0.222	-0.473	-0.958	3.888	-1.872	126.974663	37.295013
1685512428825	1685512428817	-8.437	-2.385	-0.079	-0.327	-0.126	-0.250	-0.769	3.998	-1.817	126.974663	37.295013
1685512428835	1685512428825	-8.954	-2.502	0.108	-0.376	-0.009	-0.039	-0.749	3.812	-1.638	126.974663	37.295013
1685512428855	1685512428836	-9.606	-2.782	0.302	-0.389	0.143	0.155	-0.936	3.740	-1.614	126.974663	37.295013
1685512428855	1685512428855	-10.360	-2.842	0.474	-0.354	0.341	0.347	-1.456	3.630	-1.408	126.974663	37.295013
1685512428863	1685512428855	-11.083	-2.887	0.469	-0.280	0.524	0.561	-2.097	3.342	-1.180	126.974663	37.295013
1685512428874	1685512428863	-11.705	-2.806	0.261	-0.189	0.663	0.811	-2.801	3.237	-0.948	126.974663	37.295013
1685512428883	1685512428874	-11.641	-2.763	0.065	-0.115	0.754	1.096	-3.436	3.100	-0.864	126.974663	37.295013
1685512428892	1685512428883	-11.126	-2.674	0.091	-0.098	0.797	1.403	-4.013	3.134	-1.022	126.974663	37.295013
1685512428902	1685512428892	-10.427	-2.751	0.251	-0.158	0.768	1.708	-3.859	3.077	-1.142	126.974663	37.295013
1685512428912	1685512428902	-9.981	-2.954	0.582	-0.276	0.734	1.983	-3.273	3.079	-1.061	126.974663	37.295013
1685512428922	1685512428912	-10.125	-3.237	0.950	-0.397	0.782	2.192	-2.456	2.856	-0.824	126.974663	37.295013
1685512428934	1685512428922	-10.743	-3.417	1.343	-0.473	0.936	2.324	-1.906	2.512	-0.426	126.974663	37.295013
1685512428943	1685512428934	-11.478	-3.498	1.621	-0.475	1.142	2.406	-1.913	2.037	0.034	126.974663	37.295013
1685512428954	1685512428944	-12.208	-3.589	1.721	-0.396	1.352	2.484	-2.413	1.688	0.517	126.974663	37.295013
1685512428963	1685512428955	-12.598	-3.682	1.803	-0.258	1.514	2.589	-2.995	1.367	0.941	126.974663	37.295013
1685512428973	1685512428963	-12.878	-3.668	1.812	-0.106	1.610	2.717	-3.625	1.109	1.147	126.974663	37.295013
1685512428983	1685512428973	-13.053	-3.716	1.829	0.043	1.664	2.858	-3.864	0.749	1.401	126.974663	37.295013
1685512428994	1685512428984	-13.058	-3.735	1.707	0.186	1.707	3.004	-4.032	0.548	1.542	126.974663	37.295013
1685512429002	1685512428994	-12.759	-3.804	1.506	0.304	1.726	3.151	-4.087	0.244	1.705	126.974663	37.295013
1685512429013	1685512429002	-12.191	-3.721	1.269	0.382	1.706	3.278	-3.977	-0.043	1.731	126.974663	37.295013
1685512429023	1685512429013	-11.406	-3.503	1.142	0.414	1.632	3.368	-3.558	-0.429	1.690	126.974663	37.295013
1685512429033	1685512429023	-10.460	-3.306	1.123	0.389	1.508	3.415	-2.897	-0.618	1.585	126.974663	37.295013
1685512429044	1685512429033	-9.644	-3.062	1.159	0.290	1.363	3.407	-2.018	-0.711	1.597	126.974663	37.295013
1685512429056	1685512429044	-8.842	-2.871	1.298	0.116	1.227	3.354	-0.991	-0.836	1.709	126.974663	37.295013
1685512429064	1685512429056	-8.274	-2.942	1.513	-0.109	1.112	3.255	-0.105	-0.915	1.870	126.974663	37.295013
1685512429074	1685512429064	-7.831	-3.050	1.724	-0.340	1.046	3.113	0.754	-1.041	2.124	126.974663	37.295013
1685512429085	1685512429074	-7.743	-3.065	1.717	-0.539	1.026	2.937	1.372	-1.492	2.468	126.974663	37.295013
1685512429094	1685512429085	-7.824	-3.225	1.815	-0.684	1.049	2.749	1.841	-1.841	2.765	126.974663	37.295013
