1685512384045	1685512384045	-9.694	-2.284	-0.259	-0.261	-0.414	-0.436	-3.637	4.709	-2.737	126.975189	37.295292
1685512384046	1685512384045	-10.048	-2.162	-0.328	-0.298	-0.343	-0.214	-3.512	4.891	-2.775	126.975189	37.295292
1685512384051	1685512384046	-10.810	-2.152	-0.146	-0.330	-0.219	-0.001	-3.531	4.891	-2.835	126.975189	37.295292
1685512384061	1685512384051	-11.296	-2.330	-0.196	-0.332	-0.093	0.192	-3.859	5.001	-2.880	126.975189	37.295292
1685512384071	1685512384061	-11.779	-2.437	-0.268	-0.308	0.018	0.395	-4.585	4.990	-2.667	126.975189	37.295292
1685512384082	1685512384071	-11.875	-2.787	-0.352	-0.318	0.108	0.655	-5.028	4.786	-2.686	126.975189	37.295292
1685512384093	1685512384082	-11.487	-2.986	-0.280	-0.337	0.161	0.943	-5.468	4.650	-2.727	126.975189	37.295292
1685512384102	1685512384093	-10.743	-3.117	-0.086	-0.348	0.193	1.223	-5.516	4.266	-2.782	126.975189	37.295292
1685512384111	1685512384103	-9.893	-3.096	0.359	-0.338	0.232	1.515	-5.049	4.010	-2.672	126.975189	37.295292
1685512384122	1685512384111	-9.321	-2.914	0.742	-0.308	0.282	1.765	-4.223	3.814	-2.444	126.975189	37.295292
1685512384131	1685512384122	-9.239	-2.581	0.905	-0.255	0.351	1.932	-3.254	3.735	-1.958	126.975189	37.295292
1685512384141	1685512384131	-9.589	-2.181	1.087	-0.160	0.459	2.035	-2.567	3.816	-1.539	126.975189	37.295292
1685512384151	1685512384142	-10.245	-2.054	1.465	-0.087	0.589	2.085	-2.349	4.022	-1.336	126.975189	37.295292
1685512384162	1685512384151	-11.126	-2.193	1.657	-0.070	0.676	2.095	-2.555	4.286	-1.111	126.975189	37.295292
1685512384171	1685512384163	-11.940	-2.715	1.865	-0.099	0.716	2.082	-3.065	4.266	-0.685	126.975189	37.295292
1685512384182	1685512384171	-12.519	-3.127	1.760	-0.150	0.721	2.076	-3.802	3.977	-0.441	126.975189	37.295292
1685512384191	1685512384183	-12.507	-3.385	1.681	-0.215	0.683	2.111	-4.446	3.270	-0.160	126.975189	37.295292
1685512384201	1685512384192	-12.316	-3.519	1.480	-0.269	0.594	2.217	-4.915	2.737	-0.215	126.975189	37.295292
1685512384211	1685512384202	-11.904	-3.261	1.235	-0.302	0.484	2.376	-4.755	2.303	-0.223	126.975189	37.295292
1685512384222	1685512384212	-11.325	-3.129	1.168	-0.359	0.392	2.527	-4.441	2.018	-0.369	126.975189	37.295292
1685512384232	1685512384223	-10.819	-3.077	0.967	-0.465	0.301	2.629	-3.891	2.095	-0.558	126.975189	37.295292
1685512384241	1685512384232	-10.192	-3.124	0.958	-0.663	0.221	2.674	-3.172	2.028	-0.575	126.975189	37.295292
1685512384251	1685512384242	-9.431	-3.129	0.917	-0.937	0.156	2.685	-2.502	1.829	-0.718	126.975189	37.295292
1685512384261	1685512384252	-8.543	-3.220	0.922	-1.247	0.108	2.669	-1.767	1.611	-0.687	126.975189	37.295292
1685512384295	1685512384262	-7.803	-3.273	0.962	-1.556	0.072	2.628	-0.867	1.372	-0.666	126.975189	37.295292
1685512384296	1685512384296	-7.307	-3.503	0.962	-1.828	0.066	2.558	0.127	1.092	-0.603	126.975189	37.295292
1685512384296	1685512384296	-7.032	-3.759	1.030	-2.031	0.094	2.457	0.989	0.812	-0.484	126.975189	37.295292
1685512384302	1685512384296	-7.010	-4.219	1.123	-2.138	0.142	2.342	1.578	0.402	-0.412	126.975189	37.295292
1685512384311	1685512384302	-7.065	-4.345	1.092	-2.123	0.182	2.235	1.975	-0.103	-0.235	126.975189	37.295292
1685512384325	1685512384312	-7.159	-4.556	1.202	-2.013	0.215	2.137	2.057	-0.692	-0.079	126.975182	37.295288
1685512384336	1685512384326	-7.250	-4.652	1.259	-1.807	0.222	2.066	2.088	-1.018	-0.012	126.975182	37.295288
1685512384343	1685512384336	-7.293	-4.690	1.259	-1.510	0.233	2.032	2.066	-1.403	0.182	126.975182	37.295288
1685512384351	1685512384343	-7.420	-4.578	1.235	-1.183	0.238	2.015	2.042	-1.671	0.316	126.975182	37.295288
1685512384362	1685512384352	-7.752	-4.439	1.154	-0.872	0.239	1.996	2.059	-1.887	0.381	126.975182	37.295288
1685512384372	1685512384362	-7.872	-4.319	0.912	-0.618	0.253	1.972	1.994	-1.970	0.417	126.975182	37.295288
1685512384383	1685512384372	-8.004	-4.204	0.508	-0.453	0.268	1.923	1.700	-1.958	0.366	126.975182	37.295288
1685512384392	1685512384383	-8.191	-4.226	0.486	-0.382	0.281	1.856	1.618	-1.987	0.156	126.975182	37.295288
1685512384403	1685512384392	-8.447	-4.118	0.438	-0.398	0.285	1.780	1.523	-2.016	-0.218	126.975182	37.295288
1685512384412	1685512384403	-8.717	-4.580	0.551	-0.494	0.274	1.682	1.374	-2.193	-0.208	126.975182	37.295288
1685512384422	1685512384412	-8.911	-4.982	0.781	-0.584	0.272	1.594	1.142	-2.198	-0.230	126.975182	37.295288
1685512384432	1685512384422	-8.930	-4.949	0.989	-0.632	0.291	1.532	0.900	-2.789	-0.084	126.975182	37.295288
1685512384442	1685512384432	-8.890	-4.829	1.070	-0.696	0.282	1.447	0.721	-3.270	0.172	126.975182	37.295288
1685512384452	1685512384442	-8.880	-4.896	1.058	-0.761	0.241	1.334	0.716	-3.311	0.412	126.975182	37.295288
1685512384463	1685512384452	-9.206	-5.016	1.053	-0.814	0.222	1.222	0.769	-3.247	0.522	126.975182	37.295288
1685512384472	1685512384463	-9.555	-4.843	0.881	-0.848	0.235	1.102	0.788	-3.361	0.536	126.975182	37.295288
1685512384483	1685512384472	-9.972	-4.757	0.967	-0.871	0.259	0.960	0.469	-3.527	0.555	126.975182	37.295288
1685512384492	1685512384483	-10.242	-4.987	1.130	-0.886	0.286	0.827	0.129	-3.409	0.412	126.975182	37.295288
1685512384502	1685512384492	-10.250	-5.112	1.216	-0.885	0.296	0.722	-0.278	-3.359	0.527	126.975182	37.295288
1685512384512	1685512384502	-10.127	-5.133	1.231	-0.852	0.296	0.634	-0.539	-3.644	0.728	126.975182	37.295288
1685512384524	1685512384512	-9.969	-5.236	1.166	-0.781	0.298	0.563	-0.539	-3.816	0.848	126.975182	37.295288
1685512384532	1685512384524	-9.811	-5.219	1.106	-0.687	0.299	0.508	-0.407	-3.898	0.903	126.975182	37.295288
1685512384542	1685512384532	-10.127	-5.253	0.883	-0.594	0.309	0.447	-0.242	-4.051	0.876	126.975182	37.295288
1685512384552	1685512384542	-11.016	-5.430	0.886	-0.524	0.340	0.363	-0.077	-4.087	0.857	126.975182	37.295288
1685512384562	1685512384552	-12.246	-5.691	1.041	-0.487	0.403	0.257	-0.388	-4.159	0.668	126.975182	37.295288
1685512384572	1685512384562	-13.386	-6.021	1.262	-0.440	0.508	0.120	-1.271	-4.372	0.709	126.975182	37.295288
1685512384585	1685512384572	-13.925	-6.297	1.566	-0.326	0.616	-0.002	-2.500	-4.657	0.907	126.975182	37.295288
1685512384592	1685512384585	-13.537	-6.519	2.059	-0.147	0.635	-0.034	-3.637	-4.997	1.183	126.975182	37.295288
1685512384602	1685512384592	-12.234	-6.512	2.265	0.078	0.563	0.031	-4.175	-5.272	1.551	126.975182	37.295288
1685512384612	1685512384602	-10.678	-6.270	2.160	0.358	0.459	0.122	-3.788	-5.492	2.119	126.975182	37.295288
1685512384622	1685512384612	-9.452	-5.964	1.863	0.663	0.325	0.171	-2.485	-5.488	2.370	126.975182	37.295288
1685512384632	1685512384622	-9.009	-5.734	1.767	0.900	0.178	0.133	-0.929	-5.255	2.306	126.975182	37.295288
1685512384645	1685512384632	-9.474	-5.679	1.745	1.035	0.126	-0.015	0.297	-4.966	2.033	126.975182	37.295288
1685512384652	1685512384645	-10.685	-5.622	1.719	1.124	0.180	-0.272	0.742	-4.748	1.946	126.975182	37.295288
1685512384663	1685512384652	-12.182	-5.667	1.623	1.217	0.272	-0.595	0.275	-4.688	1.927	126.975182	37.295288
1685512384672	1685512384664	-13.527	-5.717	1.547	1.324	0.327	-0.900	-0.936	-4.599	1.906	126.975182	37.295288
1685512384683	1685512384672	-14.157	-5.598	1.250	1.439	0.286	-1.130	-2.440	-4.590	1.824	126.975182	37.295288
1685512384692	1685512384683	-14.241	-5.521	0.939	1.523	0.125	-1.277	-3.797	-4.551	1.765	126.975182	37.295288
1685512384706	1685512384692	-13.975	-5.265	0.673	1.542	-0.104	-1.370	-4.441	-4.317	1.477	126.975182	37.295288
1685512384714	1685512384706	-13.455	-5.028	0.546	1.493	-0.340	-1.443	-4.544	-4.101	1.156	126.975182	37.295288
1685512384722	1685512384714	-13.048	-4.721	0.479	1.384	-0.530	-1.534	-4.295	-3.723	0.862	126.975182	37.295288
1685512384734	1685512384723	-12.780	-4.408	0.464	1.214	-0.673	-1.668	-3.802	-3.330	0.670	126.975182	37.295288
1685512384742	1685512384735	-12.419	-4.197	0.608	0.985	-0.761	-1.847	-3.419	-2.887	0.536	126.975182	37.295288
1685512384755	1685512384743	-12.019	-4.003	0.591	0.726	-0.816	-2.059	-3.182	-2.413	0.433	126.975182	37.295288
1685512384764	1685512384755	-11.507	-3.838	0.591	0.484	-0.842	-2.275	-2.859	-2.028	0.484	126.975182	37.295288
1685512384774	1685512384764	-11.028	-3.563	0.543	0.288	-0.854	-2.490	-2.507	-1.638	0.373	126.975182	37.295288
1685512384784	1685512384775	-10.628	-3.496	0.613	0.142	-0.854	-2.710	-2.054	-1.257	0.280	126.975182	37.295288
1685512384792	1685512384784	-10.240	-3.469	0.529	0.029	-0.832	-2.928	-1.652	-0.725	0.136	126.975182	37.295288
1685512384804	1685512384792	-9.871	-3.503	0.503	-0.057	-0.800	-3.131	-1.326	-0.431	0.129	126.975182	37.295288
1685512384812	1685512384805	-9.517	-3.452	0.429	-0.109	-0.772	-3.313	-1.049	-0.108	-0.038	126.975182	37.295288
1685512384823	1685512384812	-9.383	-3.481	0.421	-0.109	-0.743	-3.467	-0.781	0.115	-0.127	126.975182	37.295288
1685512384832	1685512384824	-9.345	-3.455	0.421	-0.061	-0.709	-3.593	-0.558	0.464	-0.268	126.975182	37.295288
1685512384843	1685512384832	-9.345	-3.409	0.299	0.040	-0.657	-3.693	-0.570	0.745	-0.335	126.975182	37.295288
1685512384853	1685512384843	-9.249	-3.314	0.249	0.188	-0.602	-3.764	-0.728	1.147	-0.407	126.975182	37.295288
1685512384862	1685512384853	-9.143	-3.127	0.108	0.360	-0.567	-3.802	-0.871	1.446	-0.575	126.975182	37.295288
1685512384872	1685512384863	-8.947	-3.010	0.041	0.542	-0.555	-3.801	-0.972	1.856	-0.685	126.975182	37.295288
1685512384886	1685512384873	-8.722	-2.880	-0.019	0.713	-0.549	-3.760	-1.073	2.349	-0.893	126.975182	37.295288
1685512384892	1685512384886	-8.483	-2.732	-0.065	0.852	-0.557	-3.696	-1.120	2.792	-1.041	126.975182	37.295288
1685512384903	1685512384892	-8.147	-2.593	-0.110	0.954	-0.566	-3.607	-1.099	3.175	-1.178	126.975182	37.295288
1685512384914	1685512384903	-7.961	-2.476	-0.134	1.024	-0.572	-3.492	-1.154	3.656	-1.341	126.975182	37.295288
1685512384923	1685512384915	-7.685	-2.322	-0.204	1.056	-0.578	-3.356	-0.962	3.941	-1.448	126.975182	37.295288
1685512384936	1685512384923	-7.484	-2.210	-0.180	1.048	-0.577	-3.202	-0.996	4.271	-1.578	126.975182	37.295288
1685512384946	1685512384936	-7.286	-2.172	-0.206	1.021	-0.567	-3.030	-0.876	4.566	-1.726	126.975182	37.295288
1685512384956	1685512384948	-7.020	-2.102	-0.194	0.986	-0.544	-2.843	-0.883	4.853	-1.805	126.975182	37.295288
1685512384965	1685512384956	-6.862	-1.980	-0.192	0.933	-0.518	-2.643	-0.855	5.028	-1.920	126.975182	37.295288
1685512384977	1685512384967	-6.792	-1.884	-0.160	0.874	-0.491	-2.432	-0.831	5.277	-2.028	126.975182	37.295288
1685512384989	1685512384978	-6.761	-1.966	-0.187	0.804	-0.462	-2.211	-0.838	5.514	-2.107	126.975182	37.295288
1685512384998	1685512384990	-6.888	-1.882	-0.086	0.726	-0.419	-1.980	-0.982	5.748	-2.179	126.975182	37.295288
1685512385009	1685512384998	-7.135	-1.978	-0.048	0.645	-0.367	-1.743	-1.130	5.777	-2.294	126.975182	37.295288
1685512385018	1685512385009	-7.489	-2.033	-0.105	0.574	-0.303	-1.500	-1.437	5.966	-2.282	126.975182	37.295288
1685512385031	1685512385018	-7.829	-2.035	-0.120	0.517	-0.230	-1.249	-1.815	5.940	-2.308	126.975182	37.295288
1685512385035	1685512385031	-8.183	-2.090	-0.168	0.467	-0.175	-0.983	-2.308	5.959	-2.433	126.975182	37.295288
1685512385047	1685512385036	-8.294	-2.164	-0.194	0.415	-0.132	-0.704	-2.741	6.002	-2.495	126.975182	37.295288
1685512385067	1685512385047	-8.444	-2.162	-0.215	0.358	-0.095	-0.420	-3.179	5.986	-2.588	126.975182	37.295288
1685512385067	1685512385067	-8.547	-2.025	-0.261	0.290	-0.067	-0.143	-3.349	5.938	-2.655	126.975182	37.295288
1685512385077	1685512385068	-8.938	-2.083	-0.189	0.210	-0.044	0.125	-3.539	5.952	-2.710	126.975182	37.295288
1685512385088	1685512385077	-9.838	-2.212	-0.072	0.112	0.004	0.380	-3.654	6.086	-2.782	126.975182	37.295288
1685512385099	1685512385088	-11.032	-2.409	-0.074	0.001	0.097	0.618	-4.034	6.017	-2.732	126.975182	37.295288
1685512385105	1685512385099	-12.244	-2.638	-0.194	-0.110	0.236	0.834	-4.908	5.868	-2.622	126.975182	37.295288
1685512385113	1685512385111	-12.816	-2.682	-0.560	-0.209	0.369	1.068	-6.045	5.638	-2.619	126.975182	37.295288
1685512385128	1685512385113	-12.641	-2.806	-0.678	-0.304	0.411	1.377	-7.192	5.373	-2.722	126.975182	37.295288
1685512385133	1685512385128	-11.823	-2.928	-0.577	-0.424	0.358	1.763	-7.669	5.282	-3.053	126.975182	37.295288
1685512385143	1685512385134	-10.750	-3.134	-0.395	-0.579	0.263	2.150	-7.374	5.092	-3.124	126.975182	37.295288
1685512385154	1685512385144	-10.355	-3.330	-0.067	-0.749	0.191	2.470	-6.395	4.877	-2.966	126.975182	37.295288
1685512385163	1685512385154	-10.618	-3.634	0.350	-0.894	0.237	2.693	-5.164	4.578	-2.729	126.975182	37.295288
1685512385173	1685512385164	-11.655	-3.926	0.792	-0.982	0.409	2.815	-4.578	4.257	-2.334	126.975182	37.295288
1685512385185	1685512385173	-12.687	-4.118	1.199	-0.982	0.639	2.850	-4.633	3.814	-1.836	126.975182	37.295288
1685512385193	1685512385185	-13.657	-4.274	1.381	-0.875	0.871	2.859	-5.454	3.371	-1.295	126.975182	37.295288
1685512385203	1685512385193	-14.406	-4.243	1.259	-0.666	1.070	2.896	-6.266	3.019	-0.778	126.975182	37.295288
1685512385213	1685512385203	-14.681	-4.075	1.044	-0.415	1.183	2.966	-6.974	2.660	-0.453	126.975182	37.295288
1685512385223	1685512385213	-14.406	-4.137	0.764	-0.191	1.190	3.047	-7.551	2.543	-0.481	126.975182	37.295288
1685512385233	1685512385223	-13.898	-4.233	0.567	-0.021	1.146	3.126	-7.606	2.512	-0.587	126.975182	37.295288
1685512385244	1685512385233	-13.288	-4.257	0.366	0.099	1.078	3.208	-7.116	2.234	-0.769	126.975182	37.295288
1685512385253	1685512385244	-12.479	-4.238	0.378	0.176	0.996	3.274	-6.395	1.906	-0.879	126.975182	37.295288
1685512385263	1685512385253	-11.559	-4.130	0.524	0.214	0.913	3.300	-5.576	1.638	-1.003	126.975182	37.295288
1685512385273	1685512385263	-10.594	-4.013	0.735	0.206	0.821	3.278	-4.544	1.372	-0.917	126.975182	37.295280
1685512385284	1685512385273	-9.565	-3.773	0.874	0.151	0.716	3.220	-3.452	1.238	-0.716	126.975182	37.295280
1685512385293	1685512385284	-8.629	-3.622	1.130	0.064	0.621	3.135	-2.306	1.085	-0.448	126.975182	37.295280
1685512385304	1685512385293	-7.810	-3.378	1.312	-0.044	0.568	3.010	-1.106	1.053	-0.256	126.975182	37.295280
1685512385314	1685512385305	-7.400	-3.316	1.358	-0.161	0.555	2.859	-0.002	0.907	0.053	126.975182	37.295280
1685512385324	1685512385314	-7.113	-3.342	1.393	-0.286	0.572	2.689	0.941	0.917	0.280	126.975182	37.295280
1685512385334	1685512385324	-7.190	-3.543	1.398	-0.403	0.616	2.514	1.487	0.704	0.388	126.975182	37.295280
1685512385344	1685512385334	-7.345	-3.778	1.489	-0.500	0.674	2.343	1.875	0.464	0.479	126.975182	37.295280
1685512385355	1685512385344	-7.630	-3.924	1.472	-0.567	0.701	2.193	1.896	0.038	0.555	126.975182	37.295280
1685512385366	1685512385355	-7.839	-3.836	1.341	-0.613	0.694	2.066	1.827	-0.405	0.725	126.975182	37.295280
1685512385374	1685512385366	-7.860	-3.857	1.176	-0.661	0.643	1.962	1.618	-0.747	0.790	126.975182	37.295280
1685512385387	1685512385375	-7.889	-3.814	0.984	-0.733	0.557	1.884	1.477	-0.848	0.742	126.975182	37.295280
1685512385395	1685512385387	-7.882	-3.761	0.747	-0.832	0.441	1.822	1.523	-1.065	0.666	126.975182	37.295280
1685512385408	1685512385395	-7.841	-3.888	0.819	-0.958	0.331	1.757	1.542	-1.180	0.539	126.975182	37.295280
1685512385417	1685512385408	-7.956	-4.101	0.797	-1.103	0.230	1.681	1.587	-1.259	0.340	126.975182	37.295280
1685512385430	1685512385417	-8.162	-4.207	0.778	-1.242	0.155	1.597	1.654	-1.482	0.438	126.975182	37.295280
1685512385445	1685512385430	-8.507	-4.341	0.781	-1.366	0.109	1.502	1.568	-1.808	0.443	126.975182	37.295280
1685512385446	1685512385446	-8.823	-4.453	0.788	-1.455	0.086	1.403	1.389	-2.016	0.450	126.975182	37.295280
1685512385456	1685512385446	-9.012	-4.482	0.783	-1.509	0.075	1.305	1.070	-2.272	0.484	126.975182	37.295280
1685512385466	1685512385456	-9.134	-4.482	0.728	-1.541	0.053	1.217	0.766	-2.440	0.505	126.975182	37.295280
1685512385475	1685512385466	-9.199	-4.518	0.654	-1.560	0.027	1.141	0.589	-2.528	0.517	126.975182	37.295280
1685512385489	1685512385476	-9.182	-4.669	0.486	-1.582	0.001	1.070	0.476	-2.569	0.476	126.975182	37.295280
1685512385496	1685512385489	-9.282	-4.719	0.364	-1.616	-0.017	0.997	0.419	-2.641	0.417	126.975182	37.295280
1685512385507	1685512385496	-9.457	-4.793	0.474	-1.651	-0.023	0.919	0.441	-2.811	0.256	126.975182	37.295280
1685512385516	1685512385508	-9.831	-5.181	0.658	-1.664	0.005	0.839	0.352	-2.921	0.156	126.975182	37.295280
1685512385528	1685512385517	-10.082	-5.411	0.962	-1.629	0.050	0.764	0.177	-3.000	0.275	126.975182	37.295280
1685512385537	1685512385529	-10.015	-5.646	1.156	-1.515	0.112	0.702	-0.187	-3.431	0.484	126.975182	37.295280
1685512385549	1685512385538	-9.938	-5.653	1.233	-1.322	0.156	0.668	-0.431	-3.697	0.812	126.975182	37.295280
1685512385558	1685512385550	-9.809	-5.636	1.228	-1.070	0.177	0.663	-0.352	-3.994	1.044	126.975182	37.295280
1685512385568	1685512385558	-9.730	-5.562	1.094	-0.801	0.200	0.655	-0.266	-4.056	1.154	126.975182	37.295280
1685512385577	1685512385569	-10.056	-5.507	0.927	-0.557	0.228	0.621	-0.124	-4.116	1.190	126.975182	37.295280
1685512385590	1685512385577	-10.807	-5.557	0.879	-0.371	0.264	0.557	-0.036	-4.092	1.080	126.975182	37.295280
1685512385597	1685512385590	-11.741	-5.710	0.934	-0.239	0.327	0.467	-0.352	-4.104	0.946	126.975182	37.295280
1685512385610	1685512385598	-12.524	-5.729	0.931	-0.136	0.404	0.358	-1.097	-4.209	0.929	126.975182	37.295280
1685512385617	1685512385610	-13.039	-5.796	0.860	-0.037	0.451	0.261	-2.025	-4.413	1.022	126.975182	37.295280
1685512385633	1685512385618	-12.967	-5.940	1.288	0.054	0.430	0.211	-2.804	-4.463	1.056	126.975182	37.295280
1685512385649	1685512385633	-11.918	-6.091	1.592	0.123	0.359	0.199	-3.316	-4.559	1.034	126.975182	37.295280
1685512385650	1685512385649	-10.214	-5.947	1.640	0.227	0.274	0.194	-3.242	-4.719	1.499	126.975182	37.295280
1685512385657	1685512385650	-8.825	-5.748	1.568	0.382	0.131	0.197	-2.191	-4.889	1.836	126.975182	37.295280
1685512385667	1685512385657	-8.226	-5.770	1.456	0.535	-0.020	0.169	-0.486	-4.764	1.908	126.975182	37.295280
1685512385676	1685512385667	-8.899	-5.799	1.403	0.673	-0.033	0.027	0.903	-4.583	1.846	126.975182	37.295280
1685512385691	1685512385677	-10.736	-5.835	1.362	0.817	0.112	-0.265	1.504	-4.621	1.724	126.975182	37.295280
1685512385697	1685512385692	-12.656	-6.074	1.314	0.986	0.321	-0.632	0.831	-4.650	1.659	126.975182	37.295280
1685512385706	1685512385697	-14.360	-6.005	1.188	1.172	0.464	-0.946	-1.006	-4.662	1.621	126.975182	37.295280
1685512385716	1685512385707	-15.253	-5.748	0.864	1.351	0.446	-1.152	-2.935	-4.829	1.595	126.975182	37.295280
1685512385729	1685512385717	-15.313	-5.497	0.426	1.495	0.275	-1.258	-4.654	-4.673	1.494	126.975182	37.295280
1685512385737	1685512385729	-14.861	-5.030	0.172	1.563	0.009	-1.304	-5.564	-4.302	1.195	126.975182	37.295280
1685512385747	1685512385737	-14.169	-4.688	-0.012	1.521	-0.279	-1.346	-5.643	-3.924	0.761	126.975182	37.295280
1685512385756	1685512385747	-13.403	-4.451	-0.048	1.357	-0.525	-1.427	-5.215	-3.314	0.479	126.975182	37.295280
1685512385767	1685512385756	-12.819	-4.362	0.034	1.093	-0.709	-1.559	-4.544	-2.849	0.247	126.975182	37.295280
1685512385778	1685512385767	-12.251	-4.108	0.218	0.782	-0.832	-1.731	-3.804	-2.471	0.134	126.975182	37.295280
1685512385788	1685512385778	-11.818	-3.895	0.314	0.458	-0.913	-1.935	-3.249	-2.231	0.124	126.975182	37.295280
1685512385798	1685512385789	-11.356	-3.723	0.383	0.154	-0.965	-2.160	-2.720	-1.812	0.213	126.975182	37.295280
1685512385807	1685512385798	-10.779	-3.694	0.433	-0.099	-0.975	-2.390	-2.334	-1.415	0.211	126.975182	37.295280
1685512385817	1685512385808	-10.305	-3.646	0.460	-0.280	-0.953	-2.617	-1.939	-0.998	0.165	126.975182	37.295280
1685512385830	1685512385817	-9.998	-3.737	0.321	-0.381	-0.911	-2.837	-1.420	-0.790	0.146	126.975182	37.295280
1685512385848	1685512385831	-9.673	-3.814	0.350	-0.407	-0.849	-3.047	-1.027	-0.498	0.091	126.975182	37.295280
1685512385849	1685512385848	-9.483	-3.867	0.364	-0.362	-0.775	-3.244	-0.816	-0.326	-0.117	126.975182	37.295280
1685512385858	1685512385849	-9.448	-3.780	0.273	-0.254	-0.690	-3.417	-0.603	-0.122	-0.151	126.975182	37.295280
1685512385868	1685512385858	-9.491	-3.773	0.175	-0.084	-0.607	-3.556	-0.543	0.117	-0.194	126.975182	37.295280
1685512385877	1685512385868	-9.462	-3.630	0.031	0.130	-0.542	-3.660	-0.668	0.539	-0.340	126.975182	37.295280
1685512385890	1685512385877	-9.404	-3.519	0.000	0.362	-0.494	-3.730	-0.857	0.826	-0.481	126.975182	37.295280
1685512385898	1685512385891	-9.280	-3.385	-0.146	0.595	-0.474	-3.760	-1.006	1.281	-0.678	126.975182	37.295280
1685512385908	1685512385898	-9.258	-3.280	-0.208	0.817	-0.464	-3.757	-1.142	1.700	-0.769	126.975182	37.295280
1685512385917	1685512385909	-9.117	-3.129	-0.139	1.014	-0.451	-3.730	-1.245	2.167	-0.994	126.975182	37.295280
1685512385927	1685512385918	-9.175	-2.969	-0.132	1.173	-0.440	-3.687	-1.417	2.533	-1.130	126.975182	37.295280
1685512385937	1685512385927	-9.038	-2.801	-0.084	1.294	-0.432	-3.621	-1.528	2.990	-1.166	126.975182	37.295280
1685512385947	1685512385937	-8.930	-2.559	-0.175	1.379	-0.428	-3.531	-1.793	3.385	-1.252	126.975182	37.295280
1685512385957	1685512385948	-8.808	-2.337	-0.244	1.426	-0.431	-3.415	-1.889	3.792	-1.317	126.975182	37.295280
1685512385969	1685512385957	-8.526	-2.195	-0.306	1.432	-0.447	-3.273	-2.004	4.247	-1.523	126.975182	37.295280
1685512385978	1685512385969	-8.332	-2.107	-0.309	1.395	-0.467	-3.107	-2.095	4.657	-1.709	126.975182	37.295280
1685512385989	1685512385978	-8.145	-2.081	-0.338	1.324	-0.476	-2.928	-2.014	4.958	-1.889	126.975182	37.295280
1685512385997	1685512385990	-7.958	-2.054	-0.285	1.233	-0.472	-2.743	-2.023	5.200	-2.016	126.975182	37.295280
1685512386008	1685512385997	-7.932	-2.057	-0.247	1.123	-0.463	-2.551	-1.973	5.320	-2.133	126.975182	37.295280
1685512386016	1685512386008	-8.030	-2.011	-0.417	1.005	-0.437	-2.358	-1.966	5.466	-2.193	126.975182	37.295280
1685512386031	1685512386017	-8.164	-1.875	-0.352	0.882	-0.401	-2.169	-2.081	5.552	-2.241	126.975182	37.295280
1685512386048	1685512386032	-8.262	-1.858	-0.316	0.759	-0.352	-1.972	-2.337	5.693	-2.502	126.975182	37.295280
1685512386049	1685512386049	-8.243	-1.925	-0.261	0.635	-0.325	-1.745	-2.624	5.918	-2.519	126.975182	37.295280
1685512386057	1685512386049	-8.334	-1.925	-0.287	0.519	-0.307	-1.497	-2.899	6.033	-2.571	126.975182	37.295280
1685512386067	1685512386057	-8.368	-1.927	-0.457	0.421	-0.269	-1.250	-3.012	6.038	-2.576	126.975182	37.295280
1685512386078	1685512386067	-8.246	-1.932	-0.584	0.331	-0.235	-1.008	-3.230	6.103	-2.660	126.975182	37.295280
1685512386094	1685512386079	-8.124	-1.987	-0.745	0.242	-0.206	-0.751	-3.371	6.153	-2.878	126.975182	37.295280
1685512386098	1685512386095	-8.071	-1.793	-0.807	0.147	-0.177	-0.484	-3.335	6.189	-3.043	126.975182	37.295280
1685512386106	1685512386098	-8.188	-1.820	-0.919	0.043	-0.140	-0.217	-3.280	6.165	-3.232	126.975182	37.295280
1685512386116	1685512386107	-8.722	-1.946	-0.991	-0.067	-0.093	0.051	-3.280	6.383	-3.321	126.975182	37.295280
1685512386126	1685512386116	-9.584	-2.392	-0.821	-0.177	0.010	0.321	-3.414	6.364	-3.440	126.975182	37.295280
1685512386151	1685512386126	-10.441	-2.629	-0.788	-0.263	0.180	0.586	-3.948	6.237	-3.512	126.975182	37.295280
1685512386151	1685512386151	-11.066	-2.770	-0.735	-0.308	0.357	0.860	-4.784	5.780	-3.326	126.975182	37.295280
1685512386155	1685512386151	-10.970	-2.964	-0.649	-0.323	0.467	1.184	-5.588	5.521	-3.263	126.975182	37.295280
1685512386166	1685512386156	-10.264	-3.146	-0.433	-0.323	0.513	1.566	-6.134	5.346	-3.168	126.975182	37.295280
1685512386175	1685512386166	-9.313	-3.242	-0.263	-0.331	0.531	1.949	-5.909	5.090	-3.021	126.975182	37.295280
1685512386185	1685512386175	-8.633	-3.316	0.024	-0.354	0.539	2.281	-5.092	4.851	-2.765	126.975182	37.295280
1685512386194	1685512386186	-8.753	-3.486	0.251	-0.371	0.586	2.529	-3.958	4.650	-2.535	126.975182	37.295280
1685512386205	1685512386195	-9.622	-3.548	0.417	-0.369	0.735	2.671	-3.108	4.470	-2.195	126.975182	37.295280
1685512386214	1685512386206	-11.018	-3.539	0.589	-0.315	0.959	2.696	-2.976	4.140	-1.894	126.975182	37.295280
1685512386225	1685512386215	-12.730	-3.658	0.567	-0.186	1.217	2.677	-3.673	3.958	-1.674	126.975182	37.295280
1685512386235	1685512386225	-14.123	-3.783	0.488	-0.001	1.449	2.695	-4.805	3.778	-1.403	126.975182	37.295280
1685512386244	1685512386235	-15.186	-3.874	0.354	0.203	1.600	2.766	-6.342	3.527	-1.350	126.975182	37.295280
1685512386254	1685512386245	-15.572	-3.965	0.134	0.392	1.625	2.878	-7.496	3.208	-1.326	126.975182	37.295280
1685512386266	1685512386255	-15.299	-4.063	-0.010	0.529	1.531	3.043	-8.363	2.947	-1.377	126.975182	37.295280
1685512386277	1685512386266	-14.571	-4.142	-0.132	0.588	1.372	3.234	-8.507	2.629	-1.501	126.975182	37.295269
1685512386289	1685512386277	-13.726	-4.202	-0.129	0.566	1.192	3.396	-8.011	2.303	-1.571	126.975182	37.295269
1685512386294	1685512386289	-12.986	-4.197	0.026	0.469	1.023	3.490	-7.039	1.951	-1.621	126.975182	37.295269
1685512386305	1685512386295	-12.155	-4.168	0.230	0.321	0.892	3.522	-5.995	1.650	-1.566	126.975182	37.295269
1685512386315	1685512386305	-11.193	-4.192	0.587	0.148	0.803	3.501	-5.021	1.346	-1.353	126.975182	37.295269
1685512386327	1685512386315	-10.202	-4.020	1.013	-0.029	0.732	3.433	-4.005	1.116	-1.099	126.975182	37.295269
1685512386335	1685512386327	-9.242	-3.663	1.456	-0.186	0.690	3.315	-2.854	0.800	-0.685	126.975182	37.295269
1685512386346	1685512386335	-8.631	-3.419	1.800	-0.309	0.689	3.152	-1.686	0.685	-0.194	126.975182	37.295269
1685512386357	1685512386346	-8.109	-3.349	2.083	-0.397	0.731	2.959	-0.551	0.730	0.321	126.975182	37.295269
1685512386367	1685512386357	-7.999	-3.508	2.023	-0.462	0.798	2.746	0.187	0.728	0.733	126.975182	37.295269
1685512386376	1685512386367	-7.954	-3.754	1.906	-0.496	0.887	2.523	0.833	0.539	1.097	126.975182	37.295269
1685512386389	1685512386377	-7.939	-4.013	1.805	-0.489	0.969	2.315	1.056	0.139	1.125	126.975182	37.295269
1685512386397	1685512386390	-7.884	-4.147	1.805	-0.464	1.003	2.133	1.197	-0.333	1.106	126.975182	37.295269
1685512386408	1685512386397	-7.817	-4.295	1.803	-0.451	0.964	1.978	1.295	-0.800	1.111	126.975182	37.295269
1685512386418	1685512386408	-7.736	-4.274	1.741	-0.423	0.900	1.847	1.439	-1.168	1.240	126.975182	37.295269
1685512386433	1685512386419	-7.927	-3.941	1.621	-0.370	0.855	1.721	1.556	-1.463	1.319	126.975182	37.295269
1685512386449	1685512386433	-7.872	-3.790	1.379	-0.331	0.804	1.587	1.690	-1.614	1.355	126.975182	37.295269
1685512386450	1685512386450	-7.793	-3.898	1.195	-0.365	0.702	1.455	1.547	-1.441	1.324	126.975182	37.295269
1685512386457	1685512386450	-7.563	-4.046	1.161	-0.447	0.577	1.335	1.628	-1.386	1.125	126.975182	37.295269
1685512386468	1685512386457	-7.621	-4.034	1.343	-0.502	0.479	1.224	1.726	-1.566	0.967	126.975182	37.295269
1685512386476	1685512386468	-7.566	-4.183	1.578	-0.536	0.398	1.117	1.975	-1.793	0.962	126.975182	37.295269
1685512386489	1685512386477	-7.630	-4.178	1.702	-0.562	0.323	1.018	1.930	-1.832	1.161	126.975182	37.295269
1685512386498	1685512386489	-7.798	-3.965	1.650	-0.545	0.307	0.927	1.999	-2.037	1.415	126.975182	37.295269
1685512386509	1685512386498	-7.717	-3.924	1.559	-0.517	0.294	0.850	1.946	-2.088	1.556	126.975182	37.295269
1685512386518	1685512386510	-7.887	-4.056	1.393	-0.512	0.258	0.793	1.791	-1.932	1.525	126.975182	37.295269
1685512386529	1685512386518	-8.159	-4.037	1.231	-0.528	0.227	0.740	1.879	-1.927	1.446	126.975182	37.295269
1685512386539	1685512386530	-8.636	-4.187	1.106	-0.551	0.227	0.678	1.721	-2.109	1.298	126.975182	37.295269
1685512386549	1685512386540	-9.086	-4.240	1.008	-0.584	0.235	0.607	1.453	-2.121	1.144	126.975182	37.295269
1685512386560	1685512386549	-9.732	-4.319	0.931	-0.619	0.235	0.546	0.984	-2.301	1.032	126.975182	37.295269
1685512386571	1685512386561	-10.077	-4.405	0.893	-0.640	0.221	0.501	0.536	-2.370	0.943	126.975182	37.295269
1685512386579	1685512386571	-10.180	-4.544	0.800	-0.639	0.178	0.475	-0.108	-2.447	0.871	126.975182	37.295269
1685512386592	1685512386580	-10.362	-4.784	0.788	-0.616	0.123	0.468	-0.457	-2.509	0.828	126.975182	37.295269
1685512386598	1685512386595	-10.525	-5.013	0.723	-0.573	0.070	0.469	-0.551	-2.698	0.766	126.975182	37.295269
1685512386609	1685512386598	-11.047	-5.186	0.491	-0.525	0.057	0.450	-0.725	-2.978	0.776	126.975182	37.295269
1685512386620	1685512386611	-11.921	-5.289	0.347	-0.496	0.084	0.400	-0.879	-3.256	0.730	126.975182	37.295269
1685512386635	1685512386620	-12.955	-5.447	0.242	-0.497	0.103	0.338	-1.393	-3.469	0.510	126.975182	37.295269
1685512386638	1685512386637	-13.963	-5.672	0.172	-0.505	0.126	0.277	-2.263	-3.610	0.383	126.975182	37.295269
1685512386651	1685512386638	-14.475	-5.562	0.261	-0.498	0.159	0.209	-3.292	-3.802	0.297	126.975182	37.295269
1685512386672	1685512386651	-13.886	-5.820	0.596	-0.496	0.121	0.149	-4.295	-4.056	0.249	126.975182	37.295269
1685512386673	1685512386673	-12.301	-5.904	0.912	-0.491	-0.020	0.117	-4.805	-3.965	0.359	126.975182	37.295269
1685512386678	1685512386674	-10.345	-5.744	1.144	-0.440	-0.221	0.101	-4.214	-4.238	0.713	126.975182	37.295269
1685512386690	1685512386679	-8.684	-5.406	1.128	-0.323	-0.413	0.054	-2.626	-4.334	1.037	126.975182	37.295269
1685512386697	1685512386690	-7.906	-5.145	1.080	-0.181	-0.552	-0.057	-0.666	-4.185	1.255	126.975182	37.295269
1685512386710	1685512386697	-8.210	-5.033	1.276	-0.035	-0.552	-0.265	0.994	-3.852	1.202	126.975182	37.295269
1685512386718	1685512386710	-9.536	-5.152	1.410	0.132	-0.403	-0.584	1.772	-3.584	1.094	126.975182	37.295269
1685512386729	1685512386719	-11.358	-5.444	1.439	0.312	-0.189	-0.990	1.465	-3.450	1.247	126.975182	37.295269
1685512386739	1685512386729	-13.178	-5.734	1.233	0.475	-0.017	-1.398	0.127	-3.515	1.341	126.975182	37.295269
1685512386749	1685512386739	-14.459	-5.856	0.855	0.629	0.055	-1.684	-1.709	-3.711	1.346	126.975182	37.295269
1685512386757	1685512386750	-15.004	-5.756	0.438	0.793	0.000	-1.801	-3.555	-3.867	1.130	126.975182	37.295269
1685512386768	1685512386758	-14.959	-5.490	0.115	0.953	-0.160	-1.775	-4.870	-3.828	0.745	126.975182	37.295269
1685512386778	1685512386769	-14.329	-5.145	-0.077	1.084	-0.360	-1.693	-5.461	-3.522	0.306	126.975182	37.295269
1685512386791	1685512386779	-13.510	-4.882	-0.124	1.129	-0.558	-1.642	-5.449	-3.122	-0.043	126.975182	37.295269
1685512386799	1685512386793	-12.694	-4.480	-0.017	1.065	-0.707	-1.647	-4.865	-2.602	-0.302	126.975182	37.295269
1685512386811	1685512386802	-12.076	-4.365	0.043	0.925	-0.779	-1.685	-4.087	-2.203	-0.424	126.975182	37.295269
1685512386819	1685512386812	-11.554	-4.056	0.010	0.739	-0.797	-1.752	-3.328	-1.618	-0.431	126.975182	37.295269
1685512386839	1685512386821	-10.980	-3.962	0.091	0.544	-0.797	-1.872	-2.751	-1.381	-0.453	126.975182	37.295269
1685512386840	1685512386839	-10.439	-3.886	0.134	0.353	-0.801	-2.028	-2.298	-0.881	-0.601	126.975182	37.295269
1685512386848	1685512386840	-9.946	-3.675	0.208	0.208	-0.797	-2.182	-1.776	-0.651	-0.594	126.975182	37.295269
1685512386871	1685512386848	-9.292	-3.663	0.266	0.128	-0.766	-2.318	-1.319	-0.373	-0.644	126.975182	37.295269
1685512386872	1685512386871	-8.734	-3.869	0.223	0.087	-0.732	-2.436	-0.903	0.012	-0.642	126.975182	37.295269
1685512386877	1685512386872	-8.452	-3.816	0.204	0.098	-0.690	-2.549	-0.352	0.251	-0.666	126.975182	37.295269
1685512386890	1685512386878	-8.195	-3.761	0.175	0.159	-0.622	-2.658	0.110	0.239	-0.771	126.975182	37.295269
1685512386900	1685512386892	-8.073	-3.728	0.089	0.276	-0.547	-2.734	0.254	0.560	-0.867	126.975182	37.295269
1685512386910	1685512386900	-7.879	-3.639	0.024	0.436	-0.494	-2.768	0.397	0.821	-0.950	126.975182	37.295269
1685512386918	1685512386910	-7.652	-3.472	-0.069	0.615	-0.459	-2.775	0.371	1.106	-1.101	126.975182	37.295269
1685512386929	1685512386919	-7.463	-3.318	-0.153	0.800	-0.448	-2.764	0.436	1.398	-1.223	126.975182	37.295269
1685512386938	1685512386929	-7.422	-3.179	-0.237	0.971	-0.431	-2.746	0.515	1.788	-1.386	126.975182	37.295269
1685512386948	1685512386938	-7.523	-3.153	-0.184	1.115	-0.396	-2.727	0.548	2.155	-1.549	126.975182	37.295269
1685512386958	1685512386949	-7.688	-3.043	-0.318	1.229	-0.357	-2.706	0.414	2.516	-1.731	126.975182	37.295269
1685512386968	1685512386958	-7.757	-2.863	-0.285	1.310	-0.331	-2.674	0.165	2.717	-1.765	126.975182	37.295269
1685512386978	1685512386969	-7.784	-2.837	-0.321	1.362	-0.321	-2.618	-0.129	2.978	-1.968	126.975182	37.295269
1685512386991	1685512386978	-7.891	-2.792	-0.273	1.389	-0.324	-2.525	-0.340	3.309	-2.016	126.975182	37.295269
1685512387000	1685512386992	-7.882	-2.701	-0.333	1.384	-0.342	-2.407	-0.512	3.481	-2.145	126.975182	37.295269
1685512387009	1685512387000	-8.064	-2.650	-0.297	1.344	-0.362	-2.283	-0.773	3.670	-2.198	126.975182	37.295269
1685512387019	1685512387010	-8.250	-2.567	-0.393	1.278	-0.363	-2.161	-0.960	3.931	-2.394	126.975182	37.295269
1685512387028	1685512387020	-8.396	-2.531	-0.546	1.200	-0.351	-2.032	-1.271	4.082	-2.452	126.975182	37.295269
1685512387038	1685512387029	-8.507	-2.330	-0.795	1.096	-0.359	-1.889	-1.614	4.283	-2.658	126.975182	37.295269
1685512387051	1685512387038	-8.729	-2.236	-0.903	0.960	-0.387	-1.739	-1.908	4.424	-2.916	126.975182	37.295269
1685512387068	1685512387051	-9.064	-2.270	-0.922	0.803	-0.389	-1.593	-2.160	4.721	-3.266	126.975182	37.295269
1685512387069	1685512387068	-9.342	-2.413	-0.919	0.624	-0.363	-1.456	-2.514	4.899	-3.467	126.975182	37.295269
1685512387079	1685512387069	-9.550	-2.550	-0.824	0.428	-0.362	-1.316	-2.986	4.951	-3.575	126.975182	37.295269
1685512387090	1685512387079	-9.744	-2.715	-0.792	0.253	-0.351	-1.148	-3.349	4.860	-3.622	126.975182	37.295269
1685512387100	1685512387093	-9.941	-2.935	-0.663	0.137	-0.327	-0.942	-3.637	4.774	-3.563	126.975182	37.295269
1685512387108	1685512387100	-10.151	-2.993	-0.589	0.073	-0.299	-0.721	-3.888	4.647	-3.551	126.975182	37.295269
1685512387118	1685512387109	-10.257	-2.887	-0.893	0.055	-0.259	-0.513	-4.123	4.456	-3.426	126.975182	37.295269
1685512387138	1685512387118	-10.534	-2.775	-1.204	0.064	-0.214	-0.314	-4.326	4.398	-3.338	126.975182	37.295269
1685512387139	1685512387138	-11.040	-2.715	-1.408	0.066	-0.170	-0.117	-4.422	4.501	-3.630	126.975182	37.295269
1685512387147	1685512387139	-11.789	-2.938	-1.518	0.033	-0.094	0.065	-4.678	4.599	-3.929	126.975182	37.295269
1685512387157	1685512387147	-12.438	-3.086	-1.575	-0.034	0.024	0.230	-5.162	4.645	-4.128	126.975182	37.295269
1685512387167	1685512387157	-12.888	-3.280	-1.614	-0.117	0.173	0.391	-5.890	4.405	-4.235	126.975182	37.295269
1685512387176	1685512387167	-12.479	-3.335	-1.405	-0.187	0.281	0.589	-6.522	4.245	-4.288	126.975182	37.295269
1685512387187	1685512387176	-11.174	-3.457	-1.073	-0.238	0.314	0.841	-6.938	4.029	-4.307	126.975182	37.295269
1685512387196	1685512387187	-9.658	-3.560	-0.632	-0.259	0.292	1.133	-6.474	3.943	-4.065	126.975182	37.295269
1685512387206	1685512387196	-8.540	-3.630	-0.122	-0.248	0.258	1.394	-5.107	3.780	-3.701	126.975182	37.295269
1685512387216	1685512387206	-8.325	-3.790	0.302	-0.219	0.332	1.545	-3.493	3.608	-3.220	126.975182	37.295269
1685512387227	1685512387216	-9.000	-3.807	0.536	-0.143	0.538	1.566	-2.277	3.467	-2.679	126.975182	37.295269
1685512387236	1685512387227	-10.333	-3.709	0.611	0.013	0.837	1.480	-1.944	3.213	-2.219	126.975182	37.295269
1685512387246	1685512387236	-11.964	-3.618	0.709	0.249	1.180	1.356	-2.497	3.100	-1.939	126.975182	37.295269
1685512387256	1685512387246	-13.216	-3.484	0.599	0.519	1.470	1.290	-3.699	3.091	-1.805	126.975182	37.295269
1685512387266	1685512387256	-13.678	-3.582	0.357	0.768	1.608	1.308	-5.222	3.096	-1.652	126.975182	37.295269
1685512387278	1685512387266	-13.312	-3.761	0.036	0.957	1.571	1.416	-6.354	3.129	-1.697	126.975174	37.295254
1685512387293	1685512387278	-12.426	-3.812	-0.069	1.087	1.422	1.618	-6.694	2.923	-1.877	126.975174	37.295254
1685512387296	1685512387293	-11.538	-3.618	-0.249	1.179	1.242	1.839	-6.201	2.622	-2.150	126.975174	37.295254
1685512387306	1685512387296	-10.829	-3.280	-0.117	1.221	1.096	1.985	-5.181	2.433	-2.222	126.975174	37.295254
1685512387316	1685512387306	-10.434	-2.964	0.156	1.178	0.986	2.045	-4.125	2.435	-2.377	126.975174	37.295254
1685512387326	1685512387317	-9.934	-2.729	0.326	1.036	0.922	2.062	-3.304	2.631	-2.239	126.975174	37.295254
1685512387336	1685512387326	-9.220	-2.653	0.776	0.799	0.861	2.055	-2.768	2.768	-1.961	126.975174	37.295254
1685512387348	1685512387336	-8.420	-2.528	1.041	0.492	0.782	2.020	-2.131	2.820	-1.776	126.975174	37.295254
1685512387356	1685512387348	-7.697	-2.531	1.413	0.150	0.712	1.951	-1.288	2.720	-1.302	126.975174	37.295254
1685512387367	1685512387356	-7.089	-2.576	1.487	-0.182	0.666	1.858	-0.364	2.672	-1.001	126.975174	37.295254
1685512387377	1685512387367	-6.663	-2.751	1.566	-0.479	0.656	1.746	0.481	2.492	-0.575	126.975174	37.295254
1685512387389	1685512387377	-6.483	-2.928	1.511	-0.710	0.684	1.625	1.185	2.313	-0.443	126.975174	37.295254
1685512387398	1685512387389	-6.337	-3.127	1.578	-0.863	0.728	1.514	1.707	2.002	-0.285	126.975174	37.295254
1685512387410	1685512387398	-6.266	-3.424	1.719	-0.948	0.755	1.426	1.975	1.700	-0.249	126.975174	37.295254
1685512387420	1685512387410	-6.285	-3.673	1.743	-0.977	0.750	1.356	2.212	1.377	-0.072	126.975174	37.295254
1685512387429	1685512387420	-6.428	-3.565	1.839	-0.948	0.723	1.289	2.351	0.982	0.165	126.975174	37.295254
1685512387439	1685512387429	-6.493	-3.405	1.719	-0.865	0.712	1.238	2.411	0.620	0.306	126.975174	37.295254
1685512387451	1685512387440	-6.682	-3.266	1.611	-0.755	0.705	1.208	2.325	0.639	0.496	126.975174	37.295254
1685512387466	1685512387451	-6.701	-3.328	1.487	-0.662	0.657	1.194	2.320	0.702	0.474	126.975174	37.295254
1685512387471	1685512387466	-6.771	-3.419	1.422	-0.633	0.597	1.179	2.188	0.742	0.460	126.975174	37.295254
1685512387479	1685512387471	-6.905	-3.567	1.381	-0.654	0.551	1.161	2.224	0.582	0.419	126.975174	37.295254
1685512387490	1685512387480	-7.173	-3.479	1.427	-0.688	0.507	1.142	2.207	0.390	0.433	126.975174	37.295254
1685512387499	1685512387491	-7.597	-3.498	1.463	-0.733	0.472	1.129	2.131	0.124	0.481	126.975174	37.295254
1685512387511	1685512387499	-8.155	-3.505	1.535	-0.773	0.453	1.119	1.899	0.134	0.584	126.975174	37.295254
1685512387519	1685512387511	-8.712	-3.689	1.702	-0.809	0.452	1.104	1.525	0.010	0.694	126.975174	37.295254
1685512387530	1685512387520	-9.268	-3.716	1.717	-0.866	0.456	1.079	1.003	-0.081	0.828	126.975174	37.295254
1685512387540	1685512387531	-9.376	-3.773	1.573	-0.932	0.446	1.053	0.491	-0.373	1.073	126.975174	37.295254
1685512387550	1685512387540	-9.390	-3.761	1.298	-1.004	0.381	1.043	-0.029	-0.484	1.149	126.975174	37.295254
1685512387561	1685512387550	-9.342	-3.780	1.118	-1.102	0.271	1.047	-0.093	-0.651	1.092	126.975174	37.295254
1685512387571	1685512387562	-9.290	-3.967	1.020	-1.230	0.175	1.038	-0.081	-0.713	0.869	126.975174	37.295254
1685512387581	1685512387571	-9.505	-4.058	1.178	-1.340	0.114	0.999	0.000	-0.836	0.754	126.975174	37.295254
1685512387594	1685512387581	-9.989	-4.288	1.348	-1.421	0.112	0.925	0.081	-1.106	0.702	126.975174	37.295254
1685512387602	1685512387597	-10.417	-4.544	1.434	-1.480	0.144	0.845	-0.101	-1.298	0.912	126.975174	37.295254
1685512387611	1685512387602	-10.623	-4.808	1.599	-1.486	0.187	0.790	-0.563	-1.602	1.128	126.975174	37.295254
1685512387620	1685512387612	-10.549	-4.966	1.674	-1.440	0.198	0.766	-0.974	-1.913	1.240	126.975174	37.295254
1685512387630	1685512387621	-10.376	-5.131	1.745	-1.351	0.177	0.776	-1.173	-2.207	1.425	126.975174	37.295254
1685512387643	1685512387631	-10.087	-5.188	1.676	-1.221	0.150	0.823	-1.080	-2.423	1.544	126.975174	37.295254
1685512387651	1685512387643	-9.802	-5.231	1.432	-1.049	0.128	0.860	-0.888	-2.662	1.669	126.975174	37.295254
1685512387671	1685512387651	-9.989	-5.294	1.223	-0.859	0.133	0.866	-0.579	-2.796	1.642	126.975174	37.295254
1685512387672	1685512387672	-10.858	-5.466	1.290	-0.644	0.167	0.854	-0.273	-2.921	1.434	126.975174	37.295254
1685512387681	1685512387672	-11.806	-5.689	1.590	-0.434	0.239	0.799	-0.438	-3.074	1.262	126.975174	37.295254
1685512387691	1685512387681	-12.354	-6.033	1.820	-0.224	0.359	0.716	-1.290	-3.321	1.355	126.975174	37.295254
1685512387700	1685512387691	-12.388	-6.309	1.975	0.032	0.439	0.672	-2.224	-3.620	1.688	126.975174	37.295254
1685512387712	1685512387700	-11.973	-6.378	2.131	0.315	0.411	0.709	-2.758	-4.034	1.956	126.975174	37.295254
1685512387719	1685512387712	-11.188	-6.318	2.361	0.574	0.321	0.783	-2.777	-4.381	2.157	126.975174	37.295254
1685512387729	1685512387719	-10.396	-6.160	2.279	0.826	0.274	0.827	-2.351	-4.511	2.344	126.975174	37.295254
1685512387739	1685512387729	-9.936	-6.060	2.085	1.092	0.225	0.820	-1.551	-4.532	2.595	126.975174	37.295254
1685512387749	1685512387739	-10.211	-5.875	1.918	1.328	0.172	0.750	-0.747	-4.444	2.526	126.975174	37.295254
1685512387759	1685512387749	-10.970	-5.732	1.853	1.473	0.162	0.599	-0.273	-4.420	2.334	126.975174	37.295254
1685512387770	1685512387759	-12.079	-5.657	1.987	1.527	0.192	0.376	-0.536	-4.305	2.162	126.975174	37.295254
1685512387780	1685512387770	-13.223	-5.729	2.073	1.536	0.203	0.128	-1.288	-4.216	2.090	126.975174	37.295254
1685512387792	1685512387780	-14.083	-5.569	1.860	1.515	0.156	-0.104	-2.392	-4.175	2.219	126.975174	37.295254
1685512387799	1685512387792	-14.516	-5.243	1.554	1.466	0.033	-0.303	-3.534	-4.257	2.303	126.975174	37.295254
1685512387811	1685512387800	-14.432	-5.090	1.135	1.367	-0.195	-0.480	-4.396	-4.085	2.083	126.975174	37.295254
1685512387822	1685512387811	-13.865	-5.109	0.788	1.207	-0.485	-0.632	-4.834	-3.723	1.757	126.975174	37.295254
1685512387832	1685512387822	-13.436	-5.097	0.622	1.002	-0.742	-0.783	-4.757	-3.524	1.300	126.975174	37.295254
1685512387844	1685512387832	-13.144	-4.870	0.419	0.805	-0.909	-0.971	-4.199	-3.481	0.888	126.975174	37.295254
1685512387850	1685512387844	-12.797	-4.571	0.409	0.637	-1.040	-1.191	-3.783	-3.393	0.634	126.975174	37.295254
1685512387873	1685512387850	-12.254	-4.223	0.359	0.505	-1.152	-1.414	-3.510	-3.062	0.318	126.975174	37.295254
1685512387874	1685512387874	-11.636	-3.958	0.223	0.371	-1.245	-1.631	-3.184	-2.660	0.208	126.975174	37.295254
1685512387880	1685512387874	-10.906	-3.694	0.206	0.211	-1.343	-1.848	-2.672	-2.179	0.036	126.975174	37.295254
1685512387894	1685512387881	-10.321	-3.517	0.220	0.033	-1.423	-2.078	-2.093	-1.760	-0.225	126.975174	37.295254
1685512387903	1685512387894	-9.653	-3.407	0.211	-0.148	-1.471	-2.310	-1.410	-1.322	-0.373	126.975174	37.295254
1685512387911	1685512387903	-9.230	-3.352	0.160	-0.319	-1.486	-2.539	-0.888	-0.946	-0.496	126.975174	37.295254
1685512387920	1685512387911	-8.914	-3.323	0.122	-0.465	-1.459	-2.751	-0.309	-0.575	-0.666	126.975174	37.295254
1685512387930	1685512387922	-8.684	-3.409	0.235	-0.573	-1.399	-2.946	0.043	-0.328	-0.819	126.975174	37.295254
1685512387940	1685512387931	-8.554	-3.469	0.261	-0.637	-1.306	-3.117	0.256	-0.041	-0.977	126.975174	37.295254
1685512387951	1685512387940	-8.519	-3.594	0.225	-0.640	-1.205	-3.262	0.371	0.146	-0.972	126.975174	37.295254
1685512387960	1685512387953	-8.430	-3.587	0.227	-0.564	-1.112	-3.379	0.369	0.373	-1.039	126.975174	37.295254
1685512387970	1685512387960	-8.406	-3.575	0.208	-0.411	-1.032	-3.457	0.256	0.548	-1.156	126.975174	37.295254
1685512387979	1685512387970	-8.298	-3.503	0.096	-0.204	-0.971	-3.489	0.168	0.886	-1.233	126.975174	37.295254
1685512387992	1685512387980	-8.248	-3.364	-0.072	0.033	-0.924	-3.472	0.036	1.168	-1.314	126.975174	37.295254
1685512388000	1685512387992	-8.109	-3.282	-0.096	0.281	-0.876	-3.412	-0.041	1.535	-1.499	126.975174	37.295254
1685512388012	1685512388000	-8.013	-3.182	-0.187	0.527	-0.827	-3.327	-0.163	1.930	-1.721	126.975174	37.295254
1685512388021	1685512388012	-7.915	-2.974	-0.292	0.757	-0.797	-3.223	-0.213	2.270	-1.808	126.975174	37.295254
1685512388030	1685512388021	-7.805	-2.746	-0.362	0.955	-0.768	-3.109	-0.256	2.550	-1.946	126.975174	37.295254
1685512388043	1685512388030	-7.659	-2.471	-0.421	1.097	-0.753	-2.981	-0.333	2.962	-2.126	126.975174	37.295254
1685512388050	1685512388043	-7.499	-2.349	-0.455	1.170	-0.743	-2.828	-0.362	3.342	-2.265	126.975174	37.295254
1685512388071	1685512388050	-7.499	-2.236	-0.522	1.178	-0.733	-2.647	-0.381	3.785	-2.423	126.975174	37.295254
1685512388072	1685512388071	-7.422	-2.157	-0.611	1.129	-0.715	-2.456	-0.390	4.065	-2.567	126.975174	37.295254
1685512388079	1685512388072	-7.482	-2.028	-0.603	1.038	-0.687	-2.268	-0.579	4.338	-2.761	126.975174	37.295254
1685512388093	1685512388080	-7.657	-1.970	-0.551	0.915	-0.655	-2.077	-0.682	4.559	-2.974	126.975174	37.295254
1685512388099	1685512388093	-7.908	-2.030	-0.532	0.767	-0.618	-1.872	-0.929	4.827	-3.093	126.975174	37.295254
1685512388111	1685512388100	-8.349	-2.169	-0.453	0.608	-0.571	-1.660	-1.250	4.985	-3.136	126.975174	37.295254
1685512388120	1685512388111	-8.835	-2.284	-0.407	0.452	-0.512	-1.448	-1.662	5.033	-3.220	126.975174	37.295254
1685512388130	1685512388121	-9.098	-2.279	-0.517	0.312	-0.441	-1.222	-2.224	4.970	-3.211	126.975174	37.295254
1685512388138	1685512388131	-9.311	-2.413	-0.663	0.194	-0.391	-0.977	-2.828	4.932	-3.230	126.975174	37.295254
1685512388148	1685512388139	-9.297	-2.356	-0.778	0.089	-0.364	-0.723	-3.191	4.999	-3.388	126.975174	37.295254
1685512388158	1685512388149	-9.299	-2.351	-1.044	-0.015	-0.363	-0.468	-3.496	4.922	-3.575	126.975174	37.295254
1685512388168	1685512388159	-9.754	-2.483	-1.188	-0.117	-0.346	-0.226	-3.539	5.016	-3.716	126.975174	37.295254
1685512388177	1685512388168	-10.657	-2.672	-1.135	-0.226	-0.274	-0.018	-3.587	5.047	-4.001	126.975174	37.295254
1685512388190	1685512388177	-11.863	-2.890	-1.233	-0.342	-0.154	0.155	-4.070	4.932	-4.156	126.975174	37.295254
1685512388197	1685512388190	-12.914	-3.194	-1.128	-0.457	0.009	0.315	-4.982	4.750	-4.101	126.975174	37.295254
1685512388207	1685512388197	-13.285	-3.484	-0.967	-0.531	0.183	0.519	-6.182	4.535	-4.183	126.975174	37.295254
1685512388217	1685512388208	-12.651	-3.512	-0.666	-0.551	0.293	0.810	-7.204	4.226	-4.037	126.975174	37.295254
1685512388227	1685512388218	-11.157	-3.591	-0.268	-0.546	0.297	1.170	-7.542	3.924	-3.836	126.975166	37.295242
1685512388239	1685512388228	-9.680	-3.764	0.089	-0.511	0.244	1.520	-6.838	3.864	-3.476	126.975166	37.295242
1685512388249	1685512388239	-9.084	-3.986	0.484	-0.442	0.255	1.746	-5.250	3.730	-3.021	126.975166	37.295242
1685512388257	1685512388249	-9.304	-4.156	0.836	-0.348	0.396	1.813	-3.654	3.481	-2.612	126.975166	37.295242
1685512388267	1685512388258	-10.350	-4.087	0.886	-0.171	0.656	1.750	-2.926	3.165	-2.169	126.975166	37.295242
1685512388277	1685512388268	-11.954	-3.871	0.986	0.111	0.983	1.615	-2.993	2.880	-1.765	126.975166	37.295242
1685512388288	1685512388277	-13.307	-3.843	0.888	0.451	1.272	1.502	-3.915	2.854	-1.664	126.975166	37.295242
1685512388297	1685512388288	-14.109	-3.809	0.773	0.765	1.416	1.475	-5.382	2.962	-1.508	126.975166	37.295242
1685512388308	1685512388298	-14.056	-3.757	0.591	1.013	1.404	1.534	-6.603	2.878	-1.551	126.975166	37.295242
1685512388317	1685512388308	-13.211	-3.505	0.275	1.189	1.273	1.665	-7.259	2.782	-1.618	126.975166	37.295242
1685512388328	1685512388317	-12.088	-3.218	0.136	1.282	1.047	1.841	-7.087	2.717	-1.772	126.975166	37.295242
1685512388338	1685512388328	-11.059	-2.859	0.067	1.260	0.803	2.004	-6.076	2.794	-2.071	126.975166	37.295242
1685512388349	1685512388338	-10.367	-2.413	0.268	1.101	0.623	2.087	-4.843	2.952	-2.215	126.975166	37.295242
1685512388358	1685512388350	-9.833	-2.150	0.555	0.800	0.527	2.083	-3.673	3.134	-2.301	126.975166	37.295242
1685512388370	1685512388359	-9.108	-2.270	0.848	0.374	0.497	2.028	-2.842	3.397	-2.119	126.975166	37.295242
1685512388381	1685512388371	-8.394	-2.313	1.041	-0.130	0.476	1.945	-2.176	3.484	-1.836	126.975166	37.295242
1685512388392	1685512388381	-7.772	-2.447	1.243	-0.623	0.469	1.857	-1.326	3.199	-1.528	126.975166	37.295242
1685512388401	1685512388392	-7.199	-2.634	1.401	-1.037	0.472	1.780	-0.472	2.976	-1.281	126.975166	37.295242
1685512388411	1685512388402	-6.833	-2.904	1.429	-1.348	0.495	1.724	0.235	2.734	-1.022	126.975166	37.295242
1685512388421	1685512388411	-6.582	-3.275	1.460	-1.552	0.542	1.682	0.929	2.404	-0.757	126.975166	37.295242
1685512388432	1685512388422	-6.522	-3.622	1.554	-1.655	0.601	1.643	1.372	2.042	-0.642	126.975166	37.295242
1685512388440	1685512388434	-6.591	-3.867	1.630	-1.647	0.637	1.611	1.726	1.554	-0.476	126.975166	37.295242
1685512388450	1685512388441	-6.721	-3.852	1.659	-1.508	0.639	1.597	1.867	1.111	-0.266	126.975166	37.295242
1685512388464	1685512388450	-6.721	-3.656	1.554	-1.275	0.633	1.600	1.901	0.737	-0.034	126.975166	37.295242
1685512388470	1685512388465	-6.747	-3.555	1.463	-1.054	0.571	1.603	1.839	0.663	0.091	126.975166	37.295242
1685512388479	1685512388470	-6.673	-3.567	1.437	-0.874	0.498	1.614	1.927	0.728	0.108	126.975166	37.295242
1685512388490	1685512388479	-6.756	-3.591	1.391	-0.733	0.459	1.636	1.970	0.716	0.103	126.975166	37.295242
1685512388498	1685512388490	-7.013	-3.484	1.446	-0.673	0.441	1.643	2.126	0.563	0.165	126.975166	37.295242
1685512388508	1685512388498	-7.429	-3.541	1.489	-0.670	0.437	1.632	2.107	0.417	0.182	126.975166	37.295242
1685512388518	1685512388508	-7.810	-3.462	1.456	-0.694	0.442	1.619	1.942	0.345	0.323	126.975166	37.295242
1685512388528	1685512388518	-8.143	-3.596	1.391	-0.735	0.463	1.614	1.578	0.175	0.419	126.975166	37.295242
1685512388540	1685512388528	-8.382	-3.670	1.365	-0.809	0.463	1.629	1.262	0.115	0.450	126.975166	37.295242
1685512388549	1685512388540	-8.526	-3.845	1.427	-0.908	0.441	1.648	0.989	-0.158	0.453	126.975166	37.295242
1685512388560	1685512388549	-8.667	-4.154	1.475	-1.004	0.428	1.657	0.809	-0.373	0.496	126.975166	37.295242
1685512388568	1685512388561	-8.753	-4.221	1.434	-1.089	0.414	1.649	0.721	-0.692	0.630	126.975166	37.295242
1685512388579	1685512388568	-8.993	-4.372	1.468	-1.157	0.396	1.637	0.639	-1.161	0.754	126.975166	37.295242
1685512388590	1685512388579	-9.464	-4.578	1.434	-1.203	0.393	1.624	0.601	-1.362	0.778	126.975166	37.295242
1685512388600	1685512388590	-10.036	-4.776	1.437	-1.227	0.420	1.598	0.409	-1.659	0.881	126.975166	37.295242
1685512388611	1685512388600	-10.036	-4.776	1.437	-1.227	0.451	1.556	-0.017	-2.011	0.915	126.975166	37.295242
1685512388621	1685512388611	-11.032	-5.169	1.597	-1.194	0.486	1.514	-0.560	-2.308	0.960	126.975166	37.295242
1685512388630	1685512388621	-11.032	-5.169	1.597	-1.124	0.503	1.494	-0.524	-2.437	1.025	126.975166	37.295242
1685512388640	1685512388630	-11.195	-5.626	1.846	-1.025	0.481	1.499	-1.482	-2.983	1.267	126.975166	37.295242
1685512388650	1685512388640	-11.109	-5.713	1.846	-0.899	0.430	1.520	-1.451	-3.110	1.331	126.975166	37.295242
1685512388668	1685512388650	-10.839	-5.756	1.966	-0.899	0.430	1.520	-1.583	-3.709	1.647	126.975166	37.295242
1685512388672	1685512388669	-10.621	-5.765	2.047	-0.578	0.364	1.478	-1.468	-3.938	1.705	126.975166	37.295242
1685512388680	1685512388672	-10.525	-5.691	1.745	-0.578	0.364	1.478	-1.171	-4.128	1.882	126.975166	37.295242
1685512388691	1685512388680	-10.724	-5.691	1.745	-0.349	0.349	1.247	-0.929	-4.281	2.006	126.975166	37.295242
1685512388700	1685512388691	-11.341	-5.760	1.712	-0.335	0.356	1.079	-0.812	-4.365	1.753	126.975166	37.295242
1685512388710	1685512388700	-12.172	-5.823	1.839	-0.335	0.356	1.079	-0.996	-4.472	1.786	126.975166	37.295242
1685512388720	1685512388710	-12.608	-6.088	1.966	-0.362	0.379	0.891	-1.599	-4.659	1.796	126.975166	37.295242
1685512388731	1685512388722	-12.443	-6.292	2.116	-0.376	0.375	0.717	-2.421	-4.815	1.956	126.975166	37.295242
1685512388740	1685512388732	-11.681	-6.373	2.416	-0.346	0.291	0.575	-2.849	-5.169	2.124	126.975166	37.295242
1685512388751	1685512388740	-10.568	-6.328	2.442	-0.269	0.169	0.458	-2.679	-5.444	2.315	126.975166	37.295242
1685512388760	1685512388751	-9.704	-6.345	2.330	-0.138	0.042	0.345	-1.913	-5.588	2.648	126.975166	37.295242
1685512388770	1685512388761	-9.455	-6.292	2.222	0.037	-0.061	0.194	-0.795	-5.583	2.691	126.975166	37.295242
1685512388780	1685512388772	-10.266	-6.232	2.102	0.216	-0.104	-0.018	0.069	-5.634	2.586	126.975166	37.295242
1685512388793	1685512388780	-11.593	-6.179	1.980	0.381	-0.061	-0.293	0.321	-5.600	2.471	126.975166	37.295242
1685512388800	1685512388794	-12.869	-6.187	1.774	0.681	0.038	-0.814	-0.491	-5.538	2.339	126.975166	37.295242
1685512388813	1685512388800	-13.611	-6.160	1.480	0.681	0.038	-0.814	-1.820	-5.456	2.207	126.975166	37.295242
1685512388821	1685512388813	-14.004	-5.995	1.087	0.817	-0.050	-0.959	-3.103	-5.365	2.002	126.975166	37.295242
1685512388830	1685512388821	-14.064	-5.760	0.742	0.948	-0.192	-1.031	-3.850	-5.274	1.705	126.975166	37.295242
1685512388844	1685512388832	-14.001	-5.358	0.314	1.037	-0.353	-1.084	-4.252	-5.013	1.300	126.975166	37.295242
1685512388859	1685512388844	-13.793	-5.078	0.053	1.035	-0.505	-1.162	-4.322	-4.676	0.927	126.975166	37.295242
1685512388860	1685512388860	-13.544	-4.820	-0.239	0.921	-0.648	-1.268	-4.271	-4.166	0.450	126.975166	37.295242
1685512388872	1685512388861	-12.929	-4.628	-0.333	0.712	-0.778	-1.393	-4.077	-3.773	0.127	126.975166	37.295242
1685512388894	1685512388872	-12.062	-4.554	-0.249	0.430	-0.887	-1.523	-3.847	-3.378	-0.244	126.975166	37.295242
1685512388895	1685512388895	-11.085	-4.338	-0.144	0.112	-0.977	-1.651	-3.251	-3.065	-0.417	126.975166	37.295242
1685512388900	1685512388896	-10.032	-4.283	0.055	-0.456	-1.087	-1.957	-2.411	-2.844	-0.426	126.975166	37.295242
1685512388913	1685512388901	-9.222	-4.190	0.194	-0.456	-1.087	-1.957	-1.465	-2.471	-0.417	126.975166	37.295242
1685512388923	1685512388916	-8.598	-4.202	0.263	-0.639	-1.068	-2.153	-0.457	-2.207	-0.323	126.975166	37.295242
1685512388932	1685512388923	-8.157	-4.175	0.271	-0.744	-1.009	-2.373	0.306	-1.944	-0.268	126.975166	37.295242
1685512388944	1685512388932	-7.867	-4.259	0.266	-0.766	-0.943	-2.608	0.871	-1.726	-0.294	126.975166	37.295242
1685512388952	1685512388944	-7.898	-4.250	0.388	-0.716	-0.869	-2.833	1.250	-1.494	-0.354	126.975166	37.295242
1685512388961	1685512388954	-8.030	-4.307	0.302	-0.607	-0.790	-3.019	1.460	-1.329	-0.426	126.975166	37.295242
1685512388972	1685512388961	-8.176	-4.113	0.304	-0.437	-0.716	-3.163	1.336	-1.051	-0.364	126.975166	37.295242
1685512388981	1685512388972	-8.241	-4.041	0.251	-0.220	-0.656	-3.274	1.099	-0.826	-0.503	126.975166	37.295242
1685512388992	1685512388981	-8.267	-3.879	0.204	0.033	-0.617	-3.356	0.831	-0.342	-0.548	126.975166	37.295242
1685512389001	1685512388992	-8.339	-3.654	0.065	0.571	-0.560	-3.423	0.620	0.053	-0.656	126.975166	37.295242
1685512389011	1685512389001	-8.310	-3.493	-0.036	0.571	-0.560	-3.423	0.460	0.481	-0.754	126.975166	37.295242
1685512389020	1685512389011	-8.404	-3.237	-0.098	0.798	-0.536	-3.418	0.220	1.013	-0.955	126.975166	37.295242
1685512389033	1685512389021	-8.533	-3.227	-0.180	0.975	-0.517	-3.396	0.113	1.405	-1.097	126.975166	37.295242
