1685512353999	1685512353999	-6.275	-2.746	2.045	-0.569	0.619	1.054	2.342	-0.134	1.997	126.975555	37.295570
1685512354001	1685512353999	-5.926	-2.825	1.954	-0.864	0.476	1.013	2.677	-0.335	1.973	126.975555	37.295570
1685512354010	1685512354001	-5.612	-2.710	2.033	-1.074	0.348	0.985	3.299	-0.639	1.915	126.975555	37.295570
1685512354020	1685512354011	-5.329	-2.885	1.994	-1.262	0.221	0.955	3.668	-0.814	1.887	126.975555	37.295570
1685512354029	1685512354020	-5.212	-3.175	2.049	-1.433	0.115	0.924	4.003	-0.802	2.025	126.975555	37.295570
1685512354041	1685512354029	-5.277	-3.414	2.069	-1.561	0.061	0.887	4.302	-1.061	2.028	126.975555	37.295570
1685512354050	1685512354041	-5.277	-3.414	2.069	-1.649	0.038	0.854	4.436	-1.439	2.121	126.975555	37.295570
1685512354061	1685512354050	-5.698	-3.953	2.234	-1.674	0.028	0.843	4.386	-1.767	2.172	126.975555	37.295570
1685512354070	1685512354061	-5.959	-4.202	2.332	-1.635	0.038	0.854	4.403	-1.860	2.205	126.975555	37.295570
1685512354080	1685512354070	-5.959	-4.276	2.344	-1.523	0.059	0.877	3.991	-2.473	2.394	126.975555	37.295570
1685512354091	1685512354080	-6.227	-4.276	2.344	-1.351	0.083	0.904	3.745	-2.818	2.523	126.975555	37.295570
1685512354101	1685512354091	-6.290	-4.238	2.397	-1.351	0.083	0.904	3.754	-2.971	2.559	126.975555	37.295570
1685512354110	1685512354101	-6.211	-4.223	2.342	-1.170	0.077	0.944	3.498	-3.062	2.583	126.975555	37.295570
1685512354123	1685512354110	-6.167	-4.410	2.365	-1.007	0.043	0.991	3.445	-3.115	2.660	126.975555	37.295570
1685512354129	1685512354123	-6.383	-4.547	2.435	-0.845	0.034	1.026	3.534	-3.196	2.626	126.975555	37.295570
1685512354141	1685512354130	-6.821	-4.685	2.521	-0.678	0.076	1.038	3.587	-3.484	2.662	126.975555	37.295570
1685512354150	1685512354141	-7.398	-4.836	2.550	-0.321	0.255	1.005	3.381	-3.733	2.744	126.975555	37.295570
1685512354160	1685512354150	-7.985	-4.693	2.610	-0.321	0.255	1.005	2.950	-3.965	2.842	126.975555	37.295570
1685512354170	1685512354160	-8.363	-4.820	2.454	-0.154	0.310	0.983	2.380	-4.223	2.902	126.975555	37.295570
1685512354181	1685512354170	-8.751	-5.011	2.363	-0.027	0.319	0.959	1.796	-4.171	2.986	126.975555	37.295570
1685512354189	1685512354181	-9.117	-5.040	2.239	0.076	0.314	0.921	1.422	-4.393	2.861	126.975555	37.295570
1685512354200	1685512354190	-9.541	-4.918	1.944	0.160	0.292	0.863	1.037	-4.681	2.801	126.975555	37.295570
1685512354209	1685512354200	-9.862	-4.899	1.834	0.217	0.258	0.782	0.670	-4.808	2.710	126.975555	37.295570
1685512354220	1685512354210	-10.240	-5.136	1.609	0.216	0.195	0.677	0.247	-4.760	2.440	126.975555	37.295570
1685512354230	1685512354220	-11.169	-5.394	1.875	0.159	0.125	0.545	-0.072	-4.817	2.356	126.975555	37.295570
1685512354246	1685512354230	-12.383	-5.662	2.078	0.098	0.117	0.367	-0.450	-5.119	2.150	126.975555	37.295570
1685512354250	1685512354246	-13.731	-5.540	2.083	0.148	0.271	-0.087	-1.381	-5.430	2.428	126.975555	37.295570
1685512354260	1685512354250	-14.497	-5.717	2.514	0.148	0.271	-0.087	-2.595	-5.734	2.643	126.975555	37.295570
1685512354270	1685512354260	-14.782	-5.976	2.567	0.143	0.230	-0.293	-3.946	-5.600	2.679	126.975555	37.295570
1685512354283	1685512354270	-14.535	-5.540	2.351	0.161	0.126	-0.462	-4.714	-5.770	3.132	126.975540	37.295559
1685512354290	1685512354283	-13.963	-5.325	1.999	0.243	-0.032	-0.602	-4.999	-6.000	3.206	126.975540	37.295559
1685512354302	1685512354290	-13.659	-5.217	1.614	0.280	-0.255	-0.755	-4.755	-5.516	3.002	126.975540	37.295559
1685512354310	1685512354302	-13.884	-5.076	1.379	0.265	-0.407	-0.952	-4.183	-5.241	2.648	126.975540	37.295559
1685512354323	1685512354310	-14.305	-5.035	1.286	0.206	-0.467	-1.188	-3.876	-5.057	2.236	126.975540	37.295559
1685512354330	1685512354323	-14.863	-5.049	1.209	0.159	-0.495	-1.427	-4.101	-4.812	1.958	126.975540	37.295559
1685512354341	1685512354330	-15.256	-4.820	1.274	0.155	-0.531	-1.654	-4.525	-4.666	1.822	126.975540	37.295559
1685512354350	1685512354341	-15.500	-4.676	1.077	0.219	-0.695	-2.067	-5.085	-4.539	1.697	126.975540	37.295559
1685512354361	1685512354350	-15.629	-4.480	0.888	0.219	-0.695	-2.067	-5.485	-4.147	1.709	126.975540	37.295559
1685512354370	1685512354362	-15.625	-4.530	0.675	0.238	-0.804	-2.243	-5.746	-3.780	1.437	126.975540	37.295559
1685512354380	1685512354370	-15.404	-4.305	0.553	0.244	-0.905	-2.388	-5.892	-3.402	1.183	126.975540	37.295559
1685512354390	1685512354380	-14.894	-4.168	0.532	0.243	-1.014	-2.500	-5.914	-3.211	0.881	126.975540	37.295559
1685512354403	1685512354390	-14.159	-4.003	0.381	0.222	-1.158	-2.591	-5.722	-2.777	0.678	126.975540	37.295559
1685512354410	1685512354403	-13.376	-3.780	0.405	0.194	-1.304	-2.673	-5.253	-2.399	0.553	126.975540	37.295559
1685512354424	1685512354411	-12.392	-3.546	0.426	0.164	-1.421	-2.749	-4.566	-1.985	0.287	126.975540	37.295559
1685512354431	1685512354424	-11.523	-3.177	0.505	0.128	-1.506	-2.830	-3.843	-1.506	0.182	126.975540	37.295559
1685512354443	1685512354432	-10.649	-3.108	0.484	0.082	-1.565	-2.919	-2.928	-1.010	0.065	126.975540	37.295559
1685512354452	1685512354445	-9.876	-2.990	0.589	-0.040	-1.602	-3.124	-2.150	-0.350	-0.014	126.975540	37.295559
1685512354460	1685512354452	-9.335	-2.816	0.682	-0.040	-1.602	-3.124	-1.362	-0.036	-0.170	126.975540	37.295559
1685512354472	1685512354460	-8.806	-2.780	0.709	-0.095	-1.565	-3.249	-0.711	0.397	-0.225	126.975540	37.295559
1685512354481	1685512354472	-8.569	-2.749	0.831	-0.136	-1.504	-3.377	-0.283	0.828	-0.261	126.975540	37.295559
1685512354493	1685512354482	-8.334	-2.737	0.838	-0.150	-1.415	-3.494	0.105	1.156	-0.371	126.975540	37.295559
1685512354500	1685512354493	-8.076	-2.816	0.797	-0.145	-1.330	-3.589	0.187	1.487	-0.378	126.975540	37.295559
1685512354510	1685512354500	-7.918	-2.655	0.790	-0.106	-1.261	-3.652	0.232	1.834	-0.498	126.975540	37.295559
1685512354521	1685512354510	-7.649	-2.586	0.804	-0.042	-1.213	-3.675	0.323	2.033	-0.634	126.975540	37.295559
1685512354530	1685512354521	-7.357	-2.492	0.879	0.035	-1.183	-3.657	0.280	2.497	-0.740	126.975540	37.295559
1685512354543	1685512354530	-7.075	-2.428	0.974	0.122	-1.157	-3.608	0.333	2.866	-0.821	126.975540	37.295559
1685512354550	1685512354543	-6.989	-2.253	0.982	0.351	-1.096	-3.459	0.402	3.247	-0.843	126.975540	37.295559
1685512354560	1685512354550	-6.874	-1.944	0.893	0.351	-1.096	-3.459	0.450	3.584	-0.843	126.975540	37.295559
1685512354570	1685512354560	-6.756	-1.848	0.816	0.457	-1.064	-3.357	0.256	4.058	-0.958	126.975540	37.295559
1685512354580	1685512354570	-6.524	-1.767	0.603	0.518	-1.065	-3.234	0.177	4.559	-1.128	126.975540	37.295559
1685512354592	1685512354580	-6.184	-1.781	0.630	0.530	-1.087	-3.082	0.050	4.877	-1.307	126.975540	37.295559
1685512354601	1685512354592	-5.962	-1.492	0.553	0.507	-1.114	-2.911	0.038	5.164	-1.628	126.975540	37.295559
1685512354610	1685512354601	-5.760	-1.245	0.431	0.463	-1.130	-2.733	0.136	5.337	-1.709	126.975540	37.295559
1685512354620	1685512354610	-5.739	-1.223	0.395	0.404	-1.130	-2.546	0.124	5.794	-1.891	126.975540	37.295559
1685512354630	1685512354620	-5.768	-1.044	0.402	0.318	-1.108	-2.349	0.072	6.208	-2.126	126.975540	37.295559
1685512354641	1685512354630	-5.854	-1.092	0.522	0.202	-1.062	-2.153	-0.103	6.352	-2.246	126.975540	37.295559
1685512354650	1685512354641	-5.921	-1.231	0.570	-0.033	-0.977	-1.715	-0.340	6.653	-2.325	126.975540	37.295559
1685512354661	1685512354650	-5.990	-1.358	0.515	-0.033	-0.977	-1.715	-0.622	6.713	-2.277	126.975540	37.295559
1685512354672	1685512354661	-6.045	-1.642	0.450	-0.128	-0.926	-1.471	-0.869	6.673	-2.282	126.975540	37.295559
1685512354681	1685512354672	-6.019	-1.836	0.412	-0.224	-0.877	-1.221	-1.087	6.625	-2.380	126.975540	37.295559
1685512354690	1685512354681	-6.050	-2.028	0.543	-0.307	-0.825	-0.966	-1.300	6.421	-2.480	126.975540	37.295559
1685512354700	1685512354690	-5.930	-2.047	0.445	-0.370	-0.760	-0.706	-1.386	6.285	-2.540	126.975540	37.295559
1685512354710	1685512354700	-5.607	-2.186	0.527	-0.398	-0.696	-0.435	-1.520	6.146	-2.421	126.975540	37.295559
1685512354722	1685512354710	-5.768	-2.538	0.685	-0.393	-0.624	-0.156	-1.482	6.170	-2.523	126.975540	37.295559
1685512354731	1685512354722	-6.232	-2.909	0.869	-0.384	-0.512	0.112	-1.214	6.062	-2.440	126.975540	37.295559
1685512354741	1685512354732	-6.934	-3.127	0.852	-0.359	-0.330	0.358	-1.408	5.729	-2.277	126.975540	37.295559
1685512354752	1685512354742	-7.932	-3.338	0.723	-0.271	0.070	0.877	-1.877	5.365	-2.083	126.975540	37.295559
1685512354761	1685512354752	-9.146	-3.685	0.670	-0.271	0.070	0.877	-2.562	5.143	-2.085	126.975540	37.295559
1685512354770	1685512354761	-10.482	-4.132	0.431	-0.227	0.269	1.201	-3.479	4.896	-2.186	126.975540	37.295559
1685512354781	1685512354770	-11.557	-4.108	0.108	-0.189	0.484	1.567	-4.626	4.523	-2.217	126.975540	37.295559
1685512354791	1685512354781	-12.050	-3.970	-0.148	-0.181	0.652	1.980	-5.847	4.020	-2.421	126.975540	37.295559
1685512354800	1685512354791	-12.052	-4.252	-0.132	-0.236	0.704	2.439	-6.795	3.982	-2.710	126.975540	37.295559
1685512354810	1685512354800	-12.325	-4.635	0.306	-0.359	0.720	2.902	-7.075	4.013	-2.911	126.975540	37.295559
1685512354820	1685512354810	-12.938	-4.968	0.766	-0.525	0.808	3.295	-6.907	3.637	-2.851	126.975540	37.295559
1685512354831	1685512354820	-13.922	-5.176	1.377	-0.651	0.991	3.594	-6.910	3.093	-2.339	126.975540	37.295559
1685512354843	1685512354831	-14.861	-5.358	2.025	-0.676	1.238	3.822	-7.276	2.610	-1.803	126.975540	37.295559
1685512354851	1685512354844	-15.438	-5.413	2.456	-0.497	1.618	4.134	-7.937	2.188	-1.075	126.975540	37.295559
1685512354863	1685512354851	-15.637	-5.186	2.622	-0.497	1.618	4.134	-8.600	1.810	-0.314	126.975540	37.295559
1685512354871	1685512354863	-15.380	-5.174	2.619	-0.407	1.666	4.224	-8.753	1.422	0.297	126.975540	37.295559
1685512354883	1685512354872	-15.057	-5.138	2.349	-0.353	1.676	4.266	-8.734	1.460	0.560	126.975540	37.295559
1685512354892	1685512354883	-14.772	-5.133	2.049	-0.331	1.669	4.260	-8.138	1.152	0.718	126.975540	37.295559
1685512354904	1685512354892	-14.272	-5.112	1.901	-0.312	1.651	4.213	-7.551	0.910	0.577	126.975540	37.295559
1685512354913	1685512354904	-13.570	-4.975	1.848	-0.258	1.608	4.134	-6.960	0.563	0.441	126.975540	37.295559
1685512354931	1685512354913	-12.687	-4.580	1.863	-0.176	1.530	4.027	-6.225	0.287	0.426	126.975540	37.295559
1685512354932	1685512354931	-11.633	-3.953	1.908	-0.103	1.409	3.891	-5.239	0.022	0.548	126.975540	37.295559
1685512354944	1685512354932	-10.779	-3.572	2.804	-0.082	1.267	3.736	-4.161	0.113	0.685	126.975540	37.295559
1685512354953	1685512354944	-10.501	-4.405	3.768	-0.436	0.980	3.315	-2.916	0.407	0.857	126.975540	37.295559
1685512354964	1685512354953	-9.634	-3.704	2.861	-0.436	0.980	3.315	-1.891	0.460	1.867	126.975540	37.295559
1685512354973	1685512354964	-8.454	-3.606	2.377	-0.662	0.626	3.090	-1.463	-0.694	2.947	126.975540	37.295559
1685512354983	1685512354973	-8.107	-3.972	2.246	-0.991	0.465	2.828	-0.484	-0.261	2.136	126.975540	37.295559
1685512354994	1685512354984	-7.980	-3.883	2.033	-1.150	0.586	2.641	0.812	-0.472	1.738	126.975540	37.295559
1685512355003	1685512354994	-7.939	-4.259	1.932	-1.295	0.604	2.473	1.238	-1.070	1.674	126.975540	37.295559
1685512355014	1685512355004	-8.030	-4.420	1.860	-1.470	0.575	2.285	1.441	-1.223	1.547	126.975540	37.295559
1685512355026	1685512355014	-8.018	-4.511	1.894	-1.577	0.562	2.092	1.549	-1.827	1.535	126.975540	37.295559
1685512355035	1685512355026	-8.073	-4.463	1.832	-1.640	0.512	1.938	1.513	-2.200	1.554	126.975540	37.295559
1685512355047	1685512355036	-7.992	-4.597	1.753	-1.701	0.429	1.837	1.571	-2.488	1.674	126.975540	37.295559
1685512355053	1685512355048	-7.846	-4.846	1.590	-1.826	0.243	1.649	1.559	-2.641	1.700	126.975540	37.295559
1685512355065	1685512355053	-7.707	-4.963	1.432	-1.826	0.243	1.649	1.669	-2.933	1.686	126.975540	37.295559
1685512355075	1685512355065	-7.666	-5.023	1.355	-1.831	0.162	1.542	1.844	-3.357	1.580	126.975540	37.295559
1685512355086	1685512355076	-7.616	-5.100	1.331	-1.786	0.097	1.454	1.999	-3.587	1.446	126.975540	37.295559
1685512355093	1685512355086	-7.580	-5.126	1.405	-1.703	0.046	1.383	2.054	-3.757	1.386	126.975540	37.295559
1685512355104	1685512355093	-7.628	-5.334	1.439	-1.602	0.011	1.306	2.116	-3.922	1.365	126.975540	37.295559
1685512355115	1685512355104	-7.824	-5.351	1.458	-1.482	-0.007	1.217	2.162	-4.037	1.437	126.975540	37.295559
1685512355129	1685512355116	-8.265	-5.389	1.405	-1.349	0.006	1.120	2.119	-4.293	1.456	126.975540	37.295559
1685512355132	1685512355129	-8.770	-5.511	1.326	-1.214	0.043	1.025	1.927	-4.355	1.458	126.975540	37.295559
1685512355144	1685512355132	-9.213	-5.540	1.298	-1.100	0.067	0.938	1.492	-4.429	1.391	126.975540	37.295559
1685512355151	1685512355144	-9.455	-5.617	1.298	-0.999	0.072	0.864	0.989	-4.580	1.300	126.975540	37.295559
1685512355162	1685512355151	-9.567	-5.665	1.252	-0.916	0.050	0.805	0.548	-4.642	1.267	126.975540	37.295559
1685512355171	1685512355162	-9.481	-5.895	1.252	-0.855	0.001	0.766	0.311	-4.772	1.269	126.975540	37.295559
1685512355181	1685512355171	-9.416	-5.799	1.295	-0.810	-0.062	0.729	0.201	-4.853	1.223	126.975540	37.295559
1685512355191	1685512355181	-9.067	-5.775	1.147	-0.770	-0.101	0.681	0.292	-5.157	1.231	126.975540	37.295559
1685512355202	1685512355191	-8.772	-5.657	1.111	-0.744	-0.137	0.607	0.364	-5.131	1.274	126.975540	37.295559
1685512355211	1685512355202	-8.464	-5.708	0.972	-0.764	-0.178	0.509	0.716	-5.174	1.120	126.975540	37.295559
1685512355222	1685512355211	-8.669	-5.775	0.986	-0.843	-0.213	0.382	1.015	-5.116	1.075	126.975540	37.295559
1685512355232	1685512355222	-9.045	-5.691	1.022	-0.938	-0.198	0.209	1.326	-5.222	0.922	126.975540	37.295559
1685512355242	1685512355232	-9.603	-5.729	0.917	-1.010	-0.140	0.000	1.123	-5.322	0.919	126.975540	37.295559
1685512355251	1685512355242	-10.424	-6.009	1.140	-1.052	-0.079	-0.211	0.747	-5.258	0.941	126.975540	37.295559
1685512355262	1685512355251	-11.557	-6.965	1.595	-1.073	-0.024	-0.400	0.189	-5.296	0.826	126.975540	37.295559
1685512355271	1685512355262	-13.233	-7.793	1.765	-1.021	0.081	-0.593	-0.632	-5.552	1.046	126.975540	37.295559
1685512355281	1685512355271	-15.076	-7.920	1.781	-0.767	0.299	-0.798	-1.767	-6.472	1.504	126.975525	37.295551
1685512355292	1685512355281	-16.228	-7.958	1.420	-0.347	0.495	-0.937	-3.445	-7.235	1.688	126.975525	37.295551
1685512355301	1685512355293	-16.649	-7.616	1.077	0.098	0.511	-0.938	-5.294	-7.290	1.736	126.975525	37.295551
1685512355312	1685512355301	-16.249	-7.056	0.716	0.505	0.404	-0.858	-6.452	-7.238	1.425	126.975525	37.295551
1685512355324	1685512355312	-15.383	-6.507	0.479	0.794	0.203	-0.815	-6.881	-6.804	1.130	126.975525	37.295551
1685512355332	1685512355324	-14.595	-5.981	0.553	0.958	-0.023	-0.863	-6.488	-6.158	0.804	126.975525	37.295551
1685512355343	1685512355332	-14.183	-5.660	0.802	1.015	-0.181	-0.990	-5.629	-5.531	0.579	126.975525	37.295551
1685512355352	1685512355343	-14.090	-5.320	0.958	1.009	-0.265	-1.181	-4.851	-4.911	0.642	126.975525	37.295551
1685512355363	1685512355352	-14.262	-4.851	0.962	0.982	-0.280	-1.438	-4.448	-4.501	0.864	126.975525	37.295551
1685512355372	1685512355363	-14.533	-4.379	0.836	0.940	-0.293	-1.753	-4.372	-4.034	0.977	126.975525	37.295551
1685512355384	1685512355373	-14.631	-4.164	0.802	0.856	-0.325	-2.092	-4.561	-3.438	0.946	126.975525	37.295551
1685512355393	1685512355384	-14.530	-4.005	0.769	0.721	-0.395	-2.414	-4.858	-2.796	0.776	126.975525	37.295551
1685512355404	1685512355393	-14.236	-3.977	0.673	0.528	-0.511	-2.709	-4.992	-2.380	0.697	126.975525	37.295551
1685512355413	1685512355404	-13.700	-3.905	0.668	0.309	-0.645	-2.970	-4.944	-1.968	0.606	126.975525	37.295551
1685512355425	1685512355413	-12.866	-3.979	0.680	0.117	-0.779	-3.185	-4.702	-1.707	0.457	126.975525	37.295551
1685512355433	1685512355425	-12.273	-3.747	0.730	-0.007	-0.877	-3.376	-4.238	-1.353	0.383	126.975525	37.295551
1685512355447	1685512355433	-11.648	-3.508	0.699	-0.055	-0.943	-3.559	-3.493	-1.128	0.318	126.975525	37.295551
1685512355455	1685512355447	-11.190	-3.364	0.790	-0.070	-1.002	-3.737	-3.005	-0.582	0.287	126.975525	37.295551
1685512355463	1685512355455	-10.736	-3.302	0.816	-0.046	-1.015	-3.905	-2.502	-0.014	0.172	126.975525	37.295551
1685512355474	1685512355464	-10.403	-3.163	0.883	0.018	-0.986	-4.052	-2.217	0.534	0.156	126.975525	37.295551
1685512355486	1685512355474	-10.039	-3.007	0.907	0.111	-0.952	-4.176	-1.894	0.876	0.113	126.975525	37.295551
1685512355496	1685512355487	-9.661	-2.954	0.962	0.225	-0.922	-4.263	-1.745	1.369	0.091	126.975525	37.295551
1685512355507	1685512355496	-9.275	-2.818	1.025	0.347	-0.900	-4.304	-1.587	1.882	0.029	126.975525	37.295551
1685512355519	1685512355507	-8.777	-2.653	0.989	0.474	-0.882	-4.298	-1.432	2.286	-0.002	126.975525	37.295551
1685512355535	1685512355520	-8.344	-2.555	1.077	0.597	-0.863	-4.254	-1.288	2.770	-0.031	126.975525	37.295551
1685512355535	1685512355535	-7.954	-2.389	1.094	0.707	-0.842	-4.176	-1.075	3.299	-0.172	126.975525	37.295551
1685512355545	1685512355536	-7.535	-2.219	1.061	0.801	-0.831	-4.063	-0.883	3.682	-0.177	126.975525	37.295551
1685512355555	1685512355545	-7.209	-1.908	1.006	0.872	-0.827	-3.928	-0.771	4.144	-0.266	126.975525	37.295551
1685512355565	1685512355555	-6.730	-1.748	0.922	0.927	-0.826	-3.770	-0.634	4.587	-0.412	126.975525	37.295551
1685512355574	1685512355565	-6.366	-1.676	0.972	0.957	-0.831	-3.586	-0.622	5.176	-0.596	126.975525	37.295551
1685512355584	1685512355574	-5.918	-1.477	0.876	0.955	-0.834	-3.382	-0.400	5.543	-0.788	126.975525	37.295551
1685512355594	1685512355584	-5.657	-1.259	0.891	0.946	-0.826	-3.168	-0.345	5.839	-0.871	126.975525	37.295551
1685512355604	1685512355594	-5.497	-1.056	0.807	0.924	-0.799	-2.948	-0.141	6.201	-1.077	126.975525	37.295551
1685512355614	1685512355604	-5.262	-0.907	0.721	0.876	-0.782	-2.712	-0.144	6.579	-1.183	126.975525	37.295551
1685512355626	1685512355614	-5.116	-0.864	0.606	0.803	-0.767	-2.462	-0.235	6.922	-1.381	126.975525	37.295551
1685512355635	1685512355627	-4.875	-0.833	0.711	0.702	-0.746	-2.202	-0.235	7.190	-1.580	126.975525	37.295551
1685512355647	1685512355636	-4.877	-1.085	0.709	0.571	-0.720	-1.939	-0.306	7.336	-1.798	126.975525	37.295551
1685512355656	1685512355648	-4.908	-1.353	0.709	0.436	-0.676	-1.675	-0.285	7.460	-1.793	126.975525	37.295551
1685512355667	1685512355657	-5.131	-1.441	0.737	0.326	-0.599	-1.415	-0.450	7.276	-1.867	126.975525	37.295551
1685512355673	1685512355667	-5.389	-1.688	0.790	0.246	-0.500	-1.153	-0.654	7.075	-1.942	126.975525	37.295551
1685512355684	1685512355673	-5.480	-1.851	0.752	0.182	-0.418	-0.872	-0.998	7.032	-1.958	126.975525	37.295551
1685512355693	1685512355685	-5.531	-1.992	0.654	0.130	-0.346	-0.571	-1.369	6.826	-1.949	126.975525	37.295551
1685512355703	1685512355693	-5.705	-2.150	0.472	0.087	-0.270	-0.259	-1.547	6.692	-2.018	126.975525	37.295551
1685512355714	1685512355703	-6.088	-2.447	0.292	0.044	-0.195	0.059	-1.662	6.572	-2.143	126.975525	37.295551
1685512355729	1685512355714	-6.761	-2.921	0.249	-0.012	-0.097	0.378	-1.863	6.419	-2.342	126.975525	37.295551
1685512355732	1685512355729	-7.858	-3.361	0.215	-0.084	0.048	0.696	-2.246	6.120	-2.533	126.975525	37.295551
1685512355743	1685512355732	-8.971	-4.020	0.194	-0.151	0.236	1.027	-2.890	5.631	-2.579	126.975525	37.295551
1685512355752	1685512355744	-9.855	-4.642	0.328	-0.204	0.429	1.399	-3.926	5.164	-2.602	126.975525	37.295551
1685512355763	1685512355752	-10.250	-4.853	0.584	-0.238	0.591	1.825	-4.946	4.470	-2.602	126.975525	37.295551
1685512355773	1685512355763	-9.608	-4.954	0.716	-0.258	0.684	2.283	-5.660	3.780	-2.423	126.975525	37.295551
1685512355782	1685512355774	-8.633	-4.973	1.003	-0.243	0.704	2.726	-5.935	3.519	-2.136	126.975525	37.295551
1685512355792	1685512355783	-7.970	-5.035	1.264	-0.232	0.699	3.085	-5.066	3.316	-1.946	126.975525	37.295551
1685512355803	1685512355794	-8.212	-5.013	1.556	-0.249	0.739	3.302	-3.871	3.187	-1.611	126.975525	37.295551
1685512355812	1685512355803	-9.373	-4.834	1.757	-0.200	0.883	3.381	-2.914	2.964	-1.293	126.975525	37.295551
1685512355823	1685512355812	-11.049	-4.463	2.184	-0.059	1.089	3.373	-2.904	2.837	-0.948	126.975525	37.295551
1685512355833	1685512355823	-13.084	-4.345	2.411	0.104	1.291	3.348	-3.725	2.801	-0.670	126.975525	37.295551
1685512355845	1685512355833	-14.803	-4.288	2.344	0.237	1.476	3.338	-5.150	2.998	-0.182	126.975525	37.295551
1685512355854	1685512355847	-15.751	-4.166	2.059	0.319	1.564	3.339	-6.907	2.911	0.113	126.975525	37.295551
1685512355866	1685512355854	-15.809	-4.149	1.760	0.310	1.450	3.350	-8.356	2.753	0.122	126.975525	37.295551
1685512355874	1685512355866	-15.289	-4.264	1.489	0.194	1.194	3.409	-9.012	2.624	-0.072	126.975525	37.295551
1685512355886	1685512355875	-14.753	-4.341	1.317	0.015	0.931	3.526	-8.842	2.430	-0.299	126.975525	37.295551
1685512355896	1685512355886	-14.418	-4.468	1.161	-0.209	0.760	3.637	-8.054	2.042	-0.491	126.975525	37.295551
1685512355905	1685512355896	-14.190	-4.695	1.178	-0.468	0.677	3.670	-7.305	1.733	-0.603	126.975525	37.295551
1685512355919	1685512355906	-13.707	-4.592	1.393	-0.749	0.662	3.633	-6.737	1.336	-0.690	126.975525	37.295551
1685512355935	1685512355919	-12.804	-4.590	1.724	-1.074	0.601	3.560	-6.290	0.831	-0.591	126.975525	37.295551
1685512355936	1685512355936	-11.624	-4.496	2.004	-1.418	0.475	3.465	-5.600	0.656	-0.283	126.975525	37.295551
1685512355945	1685512355936	-10.427	-4.630	2.313	-1.736	0.359	3.349	-4.503	0.383	0.148	126.975525	37.295551
1685512355953	1685512355945	-9.503	-4.659	2.456	-1.991	0.277	3.197	-3.132	0.180	0.548	126.975525	37.295551
1685512355964	1685512355953	-8.957	-4.762	2.433	-2.143	0.239	2.996	-1.793	-0.189	0.955	126.975525	37.295551
1685512355974	1685512355964	-8.581	-4.884	2.222	-2.187	0.244	2.754	-0.713	-0.496	1.221	126.975525	37.295551
1685512355985	1685512355974	-8.480	-4.994	2.021	-2.147	0.265	2.503	-0.055	-0.814	1.293	126.975525	37.295551
1685512355995	1685512355985	-8.401	-4.987	1.757	-2.039	0.280	2.265	0.426	-1.159	1.190	126.975525	37.295551
1685512356005	1685512355995	-8.212	-4.999	1.604	-1.879	0.259	2.053	0.620	-1.475	1.089	126.975525	37.295551
1685512356016	1685512356005	-7.973	-4.968	1.468	-1.674	0.203	1.875	0.788	-1.676	0.931	126.975525	37.295551
1685512356026	1685512356016	-7.693	-4.922	1.290	-1.443	0.134	1.729	1.039	-1.846	0.855	126.975525	37.295551
1685512356036	1685512356026	-7.518	-4.848	1.190	-1.212	0.072	1.598	1.338	-1.975	0.788	126.975525	37.295551
1685512356048	1685512356036	-7.427	-4.843	1.267	-1.005	0.029	1.472	1.669	-2.083	0.666	126.975525	37.295551
1685512356056	1685512356049	-7.379	-4.760	1.355	-0.833	0.009	1.350	1.889	-2.150	0.606	126.975525	37.295551
1685512356066	1685512356056	-7.463	-4.669	1.477	-0.682	-0.002	1.238	2.018	-2.279	0.711	126.975525	37.295551
1685512356077	1685512356066	-7.446	-4.448	1.511	-0.561	0.004	1.141	2.100	-2.318	0.814	126.975525	37.295551
1685512356088	1685512356077	-7.537	-4.286	1.595	-0.492	0.005	1.070	2.028	-2.274	0.931	126.975525	37.295551
1685512356096	1685512356088	-7.448	-4.228	1.602	-0.497	-0.011	1.021	2.057	-2.102	0.955	126.975525	37.295551
1685512356105	1685512356096	-7.309	-4.405	1.652	-0.560	-0.035	0.988	1.970	-1.968	1.025	126.975525	37.295551
1685512356116	1685512356105	-7.281	-4.427	1.585	-0.644	-0.057	0.964	2.064	-1.932	1.013	126.975525	37.295551
1685512356130	1685512356116	-7.271	-4.647	1.686	-0.722	-0.073	0.942	2.207	-2.136	1.046	126.975525	37.295551
1685512356133	1685512356131	-7.544	-4.719	1.726	-0.789	-0.077	0.924	2.246	-2.198	0.967	126.975525	37.295551
1685512356144	1685512356136	-7.906	-4.841	1.772	-0.845	-0.067	0.902	2.260	-2.447	1.056	126.975525	37.295551
1685512356152	1685512356144	-8.325	-5.049	1.791	-0.878	-0.054	0.874	1.997	-2.559	1.089	126.975525	37.295551
1685512356163	1685512356152	-8.648	-5.255	1.769	-0.887	-0.044	0.852	1.642	-2.720	1.130	126.975525	37.295551
1685512356172	1685512356163	-9.041	-5.598	1.798	-0.875	-0.033	0.841	1.233	-2.969	1.147	126.975525	37.295551
1685512356182	1685512356173	-9.206	-5.650	1.829	-0.833	-0.031	0.825	0.912	-3.187	1.116	126.975525	37.295551
1685512356192	1685512356182	-9.304	-5.796	1.815	-0.757	-0.055	0.817	0.522	-3.541	1.135	126.975525	37.295551
1685512356202	1685512356192	-9.074	-5.722	1.812	-0.656	-0.090	0.827	0.354	-3.591	1.154	126.975525	37.295551
1685512356212	1685512356202	-8.792	-5.892	1.676	-0.555	-0.133	0.834	0.273	-3.809	1.149	126.975525	37.295551
1685512356223	1685512356212	-8.511	-5.782	1.432	-0.491	-0.180	0.816	0.517	-3.812	1.152	126.975525	37.295551
1685512356232	1685512356224	-8.777	-5.878	1.322	-0.475	-0.217	0.761	0.814	-4.058	1.013	126.975525	37.295551
1685512356245	1685512356232	-9.397	-5.988	1.508	-0.503	-0.221	0.666	1.104	-4.003	0.754	126.975510	37.295547
1685512356252	1685512356245	-10.376	-6.266	1.446	-0.553	-0.176	0.522	0.848	-4.159	0.625	126.975510	37.295547
1685512356262	1685512356252	-11.152	-6.369	1.336	-0.578	-0.100	0.336	0.235	-4.310	0.797	126.975510	37.295547
1685512356273	1685512356263	-11.815	-6.553	1.516	-0.567	-0.049	0.145	-0.735	-4.638	0.725	126.975510	37.295547
1685512356284	1685512356273	-12.129	-6.929	1.547	-0.555	-0.053	-0.028	-1.508	-4.764	0.615	126.975510	37.295547
1685512356292	1685512356284	-12.107	-6.960	1.355	-0.487	-0.057	-0.187	-2.169	-4.961	0.800	126.975510	37.295547
1685512356303	1685512356293	-12.160	-6.891	1.085	-0.324	-0.057	-0.326	-2.483	-5.329	0.836	126.975510	37.295547
1685512356315	1685512356303	-12.289	-6.874	0.795	-0.147	-0.105	-0.443	-2.466	-5.337	0.646	126.975510	37.295547
1685512356333	1685512356316	-12.716	-6.809	0.661	0.013	-0.142	-0.584	-2.523	-5.236	0.376	126.975510	37.295547
1685512356334	1685512356333	-13.458	-6.653	0.551	0.182	-0.112	-0.771	-2.660	-5.176	0.077	126.975510	37.295547
1685512356346	1685512356334	-14.126	-6.519	0.522	0.358	-0.064	-0.975	-3.098	-5.057	-0.067	126.975510	37.295547
1685512356354	1685512356346	-14.526	-6.505	0.436	0.518	-0.044	-1.159	-3.855	-4.827	-0.192	126.975510	37.295547
1685512356364	1685512356354	-14.688	-6.194	0.412	0.656	-0.051	-1.315	-4.542	-4.602	-0.235	126.975510	37.295547
1685512356374	1685512356364	-14.585	-5.911	0.306	0.772	-0.093	-1.445	-4.970	-4.460	-0.338	126.975510	37.295547
1685512356384	1685512356374	-14.303	-5.717	0.249	0.867	-0.167	-1.556	-5.155	-4.051	-0.376	126.975510	37.295547
1685512356395	1685512356384	-13.946	-5.478	0.050	0.918	-0.257	-1.671	-5.085	-3.637	-0.508	126.975510	37.295547
1685512356406	1685512356395	-13.496	-5.282	0.022	0.920	-0.329	-1.803	-4.841	-3.304	-0.601	126.975510	37.295547
1685512356415	1685512356407	-12.948	-4.939	0.014	0.900	-0.368	-1.939	-4.527	-2.914	-0.848	126.975510	37.295547
1685512356425	1685512356415	-12.265	-4.566	0.062	0.866	-0.414	-2.072	-4.128	-2.557	-0.931	126.975510	37.295547
1685512356434	1685512356425	-11.523	-4.168	0.089	0.815	-0.470	-2.206	-3.649	-2.006	-1.010	126.975510	37.295547
1685512356448	1685512356435	-10.781	-3.984	0.244	0.731	-0.509	-2.353	-3.021	-1.487	-1.013	126.975510	37.295547
1685512356456	1685512356449	-10.166	-3.859	0.373	0.607	-0.534	-2.525	-2.361	-0.876	-1.063	126.975510	37.295547
1685512356468	1685512356456	-9.689	-3.596	0.448	0.465	-0.531	-2.717	-1.695	-0.508	-0.972	126.975510	37.295547
1685512356476	1685512356469	-9.431	-3.591	0.464	0.336	-0.508	-2.908	-1.197	-0.117	-0.927	126.975510	37.295547
1685512356488	1685512356477	-9.297	-3.553	0.515	0.236	-0.464	-3.093	-0.809	0.333	-0.905	126.975510	37.295547
1685512356496	1685512356490	-9.234	-3.596	0.570	0.158	-0.423	-3.269	-0.702	0.639	-0.958	126.975510	37.295547
1685512356508	1685512356497	-9.165	-3.417	0.443	0.108	-0.385	-3.420	-0.680	0.891	-0.948	126.975510	37.295547
1685512356521	1685512356508	-8.971	-3.335	0.373	0.094	-0.359	-3.531	-0.790	1.152	-0.941	126.975510	37.295547
1685512356539	1685512356522	-8.820	-3.393	0.333	0.120	-0.348	-3.591	-0.876	1.587	-1.101	126.975510	37.295547
1685512356539	1685512356539	-8.521	-3.338	0.426	0.181	-0.334	-3.614	-0.891	1.985	-1.209	126.975510	37.295547
1685512356546	1685512356540	-8.274	-3.326	0.397	0.279	-0.315	-3.625	-0.919	2.184	-1.281	126.975510	37.295547
1685512356560	1685512356547	-8.121	-3.136	0.503	0.412	-0.298	-3.620	-0.876	2.571	-1.231	126.975510	37.295547
1685512356564	1685512356560	-7.963	-2.921	0.503	0.555	-0.266	-3.583	-0.831	2.825	-1.295	126.975510	37.295547
1685512356575	1685512356566	-7.688	-2.775	0.551	0.696	-0.235	-3.520	-0.922	3.285	-1.235	126.975510	37.295547
1685512356586	1685512356575	-7.513	-2.557	0.536	0.826	-0.210	-3.422	-0.948	3.694	-1.274	126.975510	37.295547
1685512356595	1685512356586	-7.262	-2.449	0.577	0.929	-0.197	-3.296	-0.869	4.029	-1.269	126.975510	37.295547
1685512356606	1685512356597	-6.874	-2.186	0.546	1.002	-0.191	-3.142	-0.871	4.410	-1.331	126.975510	37.295547
1685512356616	1685512356606	-6.567	-1.980	0.584	1.048	-0.193	-2.964	-0.836	4.695	-1.360	126.975510	37.295547
1685512356627	1685512356617	-6.261	-1.867	0.565	1.069	-0.187	-2.771	-0.625	5.097	-1.458	126.975510	37.295547
1685512356636	1685512356627	-6.079	-1.865	0.522	1.069	-0.175	-2.569	-0.539	5.464	-1.508	126.975510	37.295547
1685512356649	1685512356636	-6.017	-1.841	0.543	1.035	-0.145	-2.363	-0.445	5.717	-1.618	126.975510	37.295547
1685512356657	1685512356649	-6.026	-1.865	0.491	0.958	-0.106	-2.151	-0.464	5.844	-1.755	126.975510	37.295547
1685512356667	1685512356657	-6.081	-1.769	0.467	0.848	-0.065	-1.928	-0.589	5.974	-1.822	126.975510	37.295547
1685512356678	1685512356668	-6.208	-1.609	0.306	0.734	-0.018	-1.697	-0.804	6.060	-1.970	126.975510	37.295547
1685512356689	1685512356678	-6.084	-1.583	0.249	0.623	0.018	-1.449	-0.984	6.218	-2.052	126.975510	37.295547
1685512356695	1685512356689	-6.062	-1.623	0.163	0.501	0.028	-1.179	-1.247	6.445	-2.272	126.975510	37.295547
1685512356706	1685512356696	-5.976	-1.810	0.287	0.353	0.043	-0.903	-1.240	6.527	-2.380	126.975510	37.295547
1685512356720	1685512356706	-6.014	-1.867	0.254	0.202	0.077	-0.640	-1.312	6.529	-2.504	126.975510	37.295547
1685512356731	1685512356720	-6.120	-2.025	0.364	0.076	0.126	-0.380	-1.300	6.376	-2.406	126.975510	37.295547
1685512356734	1685512356731	-6.426	-2.210	0.479	-0.026	0.180	-0.116	-1.393	6.345	-2.454	126.975510	37.295547
1685512356744	1685512356734	-7.101	-2.356	0.555	-0.111	0.247	0.153	-1.523	6.201	-2.344	126.975510	37.295547
1685512356755	1685512356744	-8.143	-2.591	0.496	-0.178	0.343	0.417	-1.834	6.021	-2.219	126.975510	37.295547
1685512356765	1685512356755	-9.278	-2.593	0.441	-0.209	0.478	0.683	-2.490	5.871	-2.121	126.975510	37.295547
1685512356774	1685512356766	-10.305	-2.579	0.263	-0.220	0.607	0.972	-3.486	5.622	-2.148	126.975510	37.295547
1685512356783	1685512356774	-11.066	-2.899	-0.034	-0.257	0.668	1.316	-4.559	5.595	-2.169	126.975510	37.295547
1685512356794	1685512356786	-11.547	-3.354	-0.057	-0.302	0.699	1.740	-5.480	5.564	-2.294	126.975510	37.295547
1685512356805	1685512356795	-11.732	-3.745	0.074	-0.335	0.750	2.193	-6.132	5.191	-2.543	126.975510	37.295547
1685512356815	1685512356806	-11.621	-4.118	0.476	-0.370	0.778	2.600	-6.455	4.657	-2.507	126.975510	37.295547
1685512356825	1685512356815	-11.566	-4.741	1.255	-0.367	0.775	2.977	-6.448	4.161	-2.310	126.975510	37.295547
1685512356834	1685512356825	-11.660	-5.162	2.160	-0.283	0.812	3.330	-6.115	3.656	-1.836	126.975510	37.295547
1685512356845	1685512356835	-12.014	-5.157	2.883	-0.104	0.914	3.597	-5.813	2.873	-0.986	126.975510	37.295547
1685512356853	1685512356846	-13.082	-4.700	3.438	0.243	1.100	3.763	-5.612	2.241	-0.005	126.975510	37.295547
1685512356865	1685512356854	-14.533	-3.879	3.555	0.729	1.371	3.856	-5.713	2.049	0.773	126.975510	37.295547
1685512356876	1685512356865	-15.723	-3.426	3.144	1.167	1.589	3.884	-6.462	2.234	1.389	126.975510	37.295547
1685512356887	1685512356876	-16.269	-2.895	2.576	1.450	1.669	3.839	-7.652	2.806	1.544	126.975510	37.295547
1685512356896	1685512356887	-15.969	-2.761	1.992	1.526	1.611	3.723	-8.557	2.964	1.168	126.975510	37.295547
1685512356905	1685512356896	-15.148	-2.935	1.690	1.385	1.389	3.587	-8.830	3.187	0.632	126.975510	37.295547
1685512356921	1685512356905	-14.087	-3.179	1.666	1.107	1.111	3.453	-8.255	2.978	0.084	126.975510	37.295547
1685512356936	1685512356921	-13.374	-3.235	2.016	0.773	0.870	3.267	-7.228	2.526	-0.189	126.975510	37.295547
1685512356937	1685512356936	-12.479	-3.493	2.497	0.380	0.732	3.045	-5.964	1.985	-0.182	126.975510	37.295547
1685512356947	1685512356937	-11.528	-3.668	2.890	-0.066	0.622	2.867	-5.071	1.647	0.199	126.975510	37.295547
1685512356955	1685512356948	-10.247	-3.450	3.124	-0.461	0.476	2.716	-4.017	1.125	0.723	126.975510	37.295547
1685512356966	1685512356955	-8.940	-3.486	3.230	-0.839	0.314	2.535	-2.926	0.706	1.171	126.975510	37.295547
1685512356974	1685512356966	-8.114	-3.278	3.261	-1.183	0.183	2.355	-1.496	0.651	1.480	126.975510	37.295547
1685512356986	1685512356975	-7.681	-3.287	3.242	-1.447	0.145	2.215	-0.103	0.448	1.633	126.975510	37.295547
1685512356996	1685512356987	-7.369	-3.225	3.010	-1.625	0.160	2.101	0.814	0.467	1.726	126.975510	37.295547
1685512357008	1685512356996	-7.247	-3.129	2.739	-1.736	0.175	1.982	1.331	0.280	1.774	126.975510	37.295547
1685512357016	1685512357009	-7.094	-3.017	2.351	-1.828	0.164	1.857	1.717	0.175	1.611	126.975510	37.295547
1685512357026	1685512357016	-6.819	-3.053	2.076	-1.916	0.137	1.751	1.908	0.113	1.415	126.975510	37.295547
1685512357037	1685512357026	-6.792	-3.091	1.884	-1.957	0.105	1.658	2.128	0.065	1.106	126.975510	37.295547
1685512357049	1685512357037	-6.891	-3.321	1.575	-1.914	0.077	1.556	2.452	-0.093	0.895	126.975510	37.295547
1685512357057	1685512357050	-6.744	-3.400	1.207	-1.787	0.056	1.434	2.528	-0.263	0.771	126.975510	37.295547
1685512357069	1685512357057	-6.991	-3.577	1.300	-1.632	0.016	1.282	2.473	-0.620	0.522	126.975510	37.295547
1685512357077	1685512357069	-7.254	-4.113	1.425	-1.550	-0.009	1.189	2.662	-0.826	0.211	126.975510	37.295547
1685512357088	1685512357078	-7.618	-4.355	1.607	-1.444	-0.015	1.148	2.444	-1.099	0.342	126.975510	37.295547
1685512357096	1685512357089	-7.958	-4.377	1.604	-1.299	-0.051	1.093	2.217	-1.753	0.510	126.975510	37.295547
1685512357105	1685512357096	-8.030	-4.427	1.709	-1.148	-0.070	1.078	1.872	-2.071	0.718	126.975510	37.295547
1685512357115	1685512357105	-8.219	-4.204	1.697	-1.003	-0.086	1.101	1.559	-2.193	0.742	126.975510	37.295547
1685512357135	1685512357115	-8.363	-4.108	1.626	-0.880	-0.097	1.124	1.504	-2.308	0.852	126.975510	37.295547
1685512357135	1685512357135	-8.344	-4.197	1.556	-0.790	-0.104	1.135	1.329	-2.157	0.840	126.975510	37.295547
1685512357145	1685512357135	-8.298	-4.211	1.535	-0.754	-0.123	1.124	1.199	-2.128	0.761	126.975510	37.295547
1685512357158	1685512357146	-8.246	-3.955	1.539	-0.801	-0.128	1.090	1.233	-2.301	0.680	126.975510	37.295547
1685512357163	1685512357158	-8.401	-3.862	1.398	-0.894	-0.139	1.052	1.286	-2.354	0.644	126.975510	37.295547
1685512357174	1685512357163	-8.442	-3.903	1.307	-1.007	-0.154	1.001	1.348	-2.155	0.632	126.975510	37.295547
1685512357184	1685512357174	-8.806	-4.125	1.398	-1.144	-0.147	0.922	1.197	-2.097	0.476	126.975510	37.295547
1685512357193	1685512357185	-9.057	-4.448	1.396	-1.302	-0.144	0.823	1.164	-2.181	0.371	126.975510	37.295547
1685512357203	1685512357193	-9.297	-4.714	1.401	-1.428	-0.131	0.727	0.800	-2.418	0.450	126.975510	37.295547
1685512357213	1685512357203	-9.254	-5.069	1.343	-1.478	-0.109	0.639	0.551	-2.758	0.438	126.975510	37.295547
1685512357225	1685512357213	-9.256	-5.382	1.386	-1.460	-0.089	0.558	0.304	-2.993	0.433	126.975502	37.295528
1685512357233	1685512357225	-9.052	-5.476	1.302	-1.365	-0.049	0.503	0.345	-3.326	0.373	126.975502	37.295528
1685512357246	1685512357233	-8.823	-5.655	1.197	-1.253	-0.016	0.459	0.338	-3.615	0.419	126.975502	37.295528
1685512357254	1685512357246	-8.792	-5.559	1.063	-1.119	0.005	0.431	0.541	-3.699	0.347	126.975502	37.295528
1685512357264	1685512357254	-9.052	-5.392	0.795	-0.963	0.027	0.400	0.769	-3.871	0.254	126.975502	37.295528
1685512357274	1685512357264	-9.797	-5.231	0.666	-0.790	0.056	0.343	0.804	-3.783	0.141	126.975502	37.295528
1685512357284	1685512357274	-10.561	-5.188	0.577	-0.630	0.120	0.239	0.543	-3.610	-0.113	126.975502	37.295528
1685512357295	1685512357284	-11.353	-5.490	0.687	-0.520	0.181	0.108	-0.196	-3.455	-0.225	126.975502	37.295528
1685512357306	1685512357295	-11.791	-5.895	0.900	-0.441	0.213	0.004	-0.958	-3.417	-0.292	126.975502	37.295528
1685512357314	1685512357306	-11.897	-6.304	1.312	-0.337	0.246	-0.055	-1.748	-3.725	-0.156	126.975502	37.295528
1685512357335	1685512357314	-11.349	-6.622	1.504	-0.181	0.283	-0.078	-2.184	-4.128	0.084	126.975502	37.295528
1685512357336	1685512357335	-10.834	-6.871	1.255	0.017	0.298	-0.077	-2.286	-4.527	0.527	126.975502	37.295528
1685512357347	1685512357336	-10.992	-6.677	1.025	0.243	0.301	-0.078	-1.738	-4.839	0.747	126.975502	37.295528
1685512357355	1685512357348	-11.844	-6.601	1.539	0.464	0.352	-0.171	-1.223	-5.080	0.527	126.975502	37.295528
1685512357366	1685512357356	-13.041	-6.692	1.520	0.634	0.432	-0.376	-1.379	-4.879	0.321	126.975502	37.295528
1685512357376	1685512357366	-13.968	-7.891	1.518	0.767	0.487	-0.606	-2.234	-4.788	0.864	126.975502	37.295528
1685512357386	1685512357376	-14.729	-7.994	1.300	1.062	0.492	-0.781	-3.433	-4.851	0.871	126.975502	37.295528
1685512357396	1685512357386	-14.882	-7.300	0.883	1.615	0.479	-0.858	-4.369	-5.993	0.905	126.975502	37.295528
1685512357406	1685512357396	-14.748	-6.491	0.491	2.133	0.430	-0.946	-5.143	-6.033	0.711	126.975502	37.295528
1685512357416	1685512357407	-14.724	-5.971	0.101	2.373	0.335	-1.085	-5.310	-5.265	0.306	126.975502	37.295528
1685512357428	1685512357416	-14.739	-5.938	-0.034	2.275	0.216	-1.284	-5.193	-4.379	-0.086	126.975502	37.295528
1685512357437	1685512357428	-14.811	-5.765	0.036	2.033	0.111	-1.547	-5.191	-3.768	-0.496	126.975502	37.295528
1685512357449	1685512357437	-14.511	-5.499	0.127	1.844	0.050	-1.804	-5.234	-3.627	-0.661	126.975502	37.295528
1685512357457	1685512357449	-13.776	-4.796	0.129	1.741	-0.050	-2.012	-5.344	-3.309	-0.632	126.975502	37.295528
1685512357468	1685512357457	-12.936	-4.286	0.268	1.660	-0.170	-2.192	-5.085	-2.899	-0.579	126.975502	37.295528
1685512357477	1685512357468	-12.191	-3.759	0.371	1.554	-0.259	-2.391	-4.410	-2.002	-0.634	126.975502	37.295528
1685512357487	1685512357479	-11.487	-3.464	0.522	1.400	-0.331	-2.629	-3.627	-1.319	-0.553	126.975502	37.295528
1685512357496	1685512357488	-10.807	-3.139	0.668	1.216	-0.374	-2.887	-2.959	-0.584	-0.522	126.975502	37.295528
1685512357509	1685512357497	-10.376	-2.935	0.828	1.023	-0.395	-3.135	-2.344	-0.060	-0.448	126.975502	37.295528
1685512357516	1685512357509	-10.096	-2.799	0.864	0.817	-0.402	-3.374	-1.781	0.539	-0.385	126.975502	37.295528
1685512357531	1685512357517	-9.907	-2.878	0.797	0.630	-0.407	-3.611	-1.460	0.984	-0.292	126.975502	37.295528
1685512357547	1685512357531	-9.804	-2.883	0.826	0.513	-0.386	-3.825	-1.322	1.410	-0.326	126.975502	37.295528
1685512357549	1685512357549	-9.720	-2.610	0.792	0.480	-0.360	-3.989	-1.295	1.638	-0.455	126.975502	37.295528
1685512357556	1685512357549	-9.424	-2.373	0.668	0.517	-0.356	-4.104	-1.377	1.951	-0.484	126.975502	37.295528
1685512357566	1685512357556	-9.026	-2.310	0.546	0.600	-0.368	-4.165	-1.496	2.550	-0.570	126.975502	37.295528
1685512357577	1685512357566	-8.794	-2.442	0.453	0.696	-0.376	-4.181	-1.470	3.177	-0.764	126.975502	37.295528
1685512357586	1685512357577	-8.444	-2.540	0.397	0.771	-0.367	-4.197	-1.267	3.496	-0.936	126.975502	37.295528
1685512357596	1685512357587	-8.236	-2.923	0.354	0.812	-0.359	-4.222	-1.288	3.673	-1.099	126.975502	37.295528
1685512357608	1685512357597	-8.112	-3.139	0.436	0.856	-0.346	-4.219	-1.207	3.871	-1.228	126.975502	37.295528
1685512357616	1685512357608	-7.939	-3.079	0.342	0.940	-0.337	-4.145	-1.279	3.771	-1.350	126.975502	37.295528
1685512357627	1685512357617	-7.975	-2.950	0.311	1.073	-0.335	-4.001	-1.429	3.809	-1.346	126.975502	37.295528
1685512357637	1685512357628	-7.877	-2.658	0.366	1.235	-0.331	-3.802	-1.549	4.118	-1.525	126.975502	37.295528
1685512357648	1685512357637	-7.709	-2.380	0.433	1.354	-0.335	-3.570	-1.800	4.413	-1.630	126.975502	37.295528
1685512357657	1685512357648	-7.448	-2.229	0.407	1.396	-0.392	-3.337	-1.925	4.863	-1.671	126.975502	37.295528
1685512357669	1685512357657	-7.120	-2.054	0.405	1.399	-0.458	-3.107	-1.982	5.282	-1.709	126.975502	37.295528
1685512357677	1685512357670	-6.941	-1.836	0.450	1.407	-0.500	-2.865	-1.973	5.578	-1.870	126.975502	37.295528
1685512357688	1685512357677	-6.931	-1.707	0.534	1.407	-0.511	-2.606	-1.851	5.859	-1.987	126.975502	37.295528
1685512357698	1685512357688	-7.010	-1.568	0.666	1.394	-0.501	-2.347	-1.935	6.201	-2.093	126.975502	37.295528
1685512357708	1685512357698	-6.938	-1.336	0.788	1.362	-0.475	-2.087	-2.128	6.412	-2.133	126.975502	37.295528
1685512357717	1685512357708	-6.931	-0.828	0.479	1.306	-0.451	-1.826	-2.411	6.625	-2.140	126.975502	37.295528
1685512357740	1685512357717	-7.061	-0.555	0.165	1.213	-0.432	-1.576	-2.526	6.912	-2.150	126.975502	37.295528
1685512357742	1685512357741	-7.049	-0.333	-0.093	1.034	-0.389	-1.317	-2.682	7.458	-2.588	126.975502	37.295528
1685512357748	1685512357742	-7.003	-0.680	-0.148	0.728	-0.332	-1.032	-2.957	7.760	-3.019	126.975502	37.295528
1685512357756	1685512357749	-7.257	-0.797	-0.251	0.354	-0.310	-0.739	-3.079	8.004	-3.390	126.975502	37.295528
1685512357767	1685512357759	-8.009	-1.132	-0.328	0.017	-0.270	-0.465	-3.120	7.671	-3.512	126.975502	37.295528
1685512357778	1685512357768	-9.179	-1.188	-0.158	-0.235	-0.175	-0.186	-3.455	7.573	-3.661	126.975502	37.295528
1685512357788	1685512357779	-10.379	-1.097	0.091	-0.385	-0.031	0.151	-4.250	7.252	-3.747	126.975502	37.295528
1685512357797	1685512357790	-11.138	-1.472	0.036	-0.512	0.106	0.555	-5.442	7.211	-3.565	126.975502	37.295528
1685512357807	1685512357797	-11.270	-1.884	0.129	-0.586	0.211	1.019	-6.630	7.309	-3.285	126.975502	37.295528
1685512357817	1685512357807	-10.853	-2.251	0.060	-0.644	0.298	1.533	-7.333	6.931	-3.287	126.975502	37.295528
1685512357828	1685512357817	-10.166	-2.885	0.227	-0.699	0.369	2.054	-7.384	6.500	-3.141	126.975502	37.295528
1685512357836	1685512357831	-10.305	-2.801	0.558	-0.737	0.489	2.512	-6.828	6.093	-3.146	126.975502	37.295528
1685512357848	1685512357836	-10.908	-2.739	0.728	-0.839	0.689	2.823	-5.959	5.397	-2.904	126.975502	37.295528
1685512357855	1685512357849	-11.978	-2.928	0.883	-0.975	0.905	2.998	-5.875	5.394	-2.492	126.975502	37.295528
1685512357866	1685512357859	-13.340	-3.455	1.173	-1.051	1.125	3.096	-6.227	5.353	-2.222	126.975502	37.295528
1685512357875	1685512357867	-14.784	-3.812	1.686	-0.985	1.312	3.178	-6.979	5.023	-1.920	126.975502	37.295528
1685512357885	1685512357876	-15.957	-4.089	1.851	-0.759	1.442	3.250	-8.121	4.393	-1.518	126.975502	37.295528
1685512357894	1685512357886	-16.719	-4.264	1.832	-0.396	1.493	3.357	-9.285	3.893	-0.860	126.975502	37.295528
1685512357907	1685512357895	-16.704	-4.391	1.647	-0.002	1.470	3.510	-10.173	3.450	-0.555	126.975502	37.295528
1685512357916	1685512357907	-16.170	-4.266	1.386	0.281	1.399	3.671	-10.649	3.084	-0.455	126.975502	37.295528
1685512357932	1685512357917	-15.344	-4.032	1.030	0.442	1.282	3.815	-10.348	2.739	-0.548	126.975502	37.295528
1685512357936	1685512357933	-14.578	-3.812	0.783	0.476	1.152	3.899	-9.498	2.595	-0.730	126.975502	37.295528
1685512357946	1685512357936	-13.484	-3.598	0.749	0.378	1.037	3.906	-8.416	2.588	-1.037	126.975502	37.295528
1685512357955	1685512357946	-12.495	-3.721	0.795	0.167	0.951	3.866	-7.374	2.521	-1.233	126.975502	37.295528
1685512357965	1685512357955	-11.456	-3.836	0.931	-0.104	0.867	3.797	-6.017	2.442	-1.214	126.975502	37.295528
1685512357974	1685512357966	-10.594	-3.792	1.405	-0.376	0.799	3.692	-4.757	1.992	-1.099	126.975502	37.295528
1685512357986	1685512357975	-9.941	-3.546	1.745	-0.601	0.755	3.555	-3.512	1.611	-0.895	126.975502	37.295528
1685512357995	1685512357986	-9.483	-3.833	1.896	-0.772	0.734	3.393	-2.421	1.334	-0.328	126.975502	37.295528
1685512358006	1685512357995	-9.163	-4.180	2.090	-0.870	0.731	3.212	-1.595	1.326	0.091	126.975502	37.295528
1685512358017	1685512358006	-9.076	-4.219	2.162	-0.894	0.724	3.020	-0.965	0.764	0.342	126.975502	37.295528
1685512358028	1685512358017	-8.878	-4.295	2.040	-0.916	0.720	2.825	-0.491	0.153	0.637	126.975502	37.295528
1685512358036	1685512358028	-8.653	-4.310	1.894	-0.902	0.698	2.689	-0.254	-0.158	0.819	126.975502	37.295528
1685512358049	1685512358036	-8.411	-4.164	1.602	-0.845	0.656	2.605	0.053	-0.450	0.788	126.975502	37.295528
1685512358058	1685512358049	-8.121	-4.197	1.319	-0.803	0.593	2.527	0.407	-0.742	0.757	126.975502	37.295528
1685512358068	1685512358058	-7.841	-4.398	1.355	-0.795	0.540	2.443	0.728	-0.778	0.536	126.975502	37.295528
1685512358077	1685512358068	-7.781	-4.458	1.362	-0.809	0.512	2.346	1.123	-1.082	0.350	126.975502	37.295528
1685512358091	1685512358079	-7.855	-4.499	1.420	-0.828	0.492	2.231	1.465	-1.458	0.445	126.975502	37.295528
1685512358097	1685512358091	-7.877	-4.432	1.362	-0.849	0.469	2.107	1.604	-1.750	0.532	126.975502	37.295528
1685512358107	1685512358098	-7.843	-4.441	1.233	-0.877	0.428	1.994	1.580	-1.954	0.639	126.975502	37.295528
1685512358116	1685512358107	-7.831	-4.396	1.120	-0.918	0.365	1.900	1.614	-2.085	0.646	126.975502	37.295528
1685512358126	1685512358118	-7.726	-4.381	1.085	-0.964	0.312	1.817	1.674	-2.193	0.546	126.975502	37.295528
1685512358135	1685512358133	-7.659	-4.451	1.149	-1.008	0.253	1.739	1.719	-2.282	0.472	126.975502	37.295528
1685512358147	1685512358135	-7.640	-4.551	1.137	-1.051	0.202	1.655	1.844	-2.349	0.457	126.975502	37.295528
1685512358155	1685512358147	-7.554	-4.659	1.180	-1.086	0.165	1.558	1.932	-2.516	0.546	126.975502	37.295528
1685512358165	1685512358155	-7.549	-4.719	1.142	-1.118	0.136	1.445	1.968	-2.698	0.551	126.975502	37.295528
1685512358175	1685512358165	-7.657	-4.743	1.032	-1.146	0.110	1.333	2.076	-2.911	0.618	126.975502	37.295528
1685512358185	1685512358175	-7.851	-4.800	1.041	-1.168	0.098	1.219	2.090	-3.017	0.589	126.975502	37.295528
1685512358194	1685512358185	-8.322	-4.987	1.099	-1.189	0.105	1.093	1.994	-3.108	0.493	126.975502	37.295528
1685512358206	1685512358195	-8.736	-5.315	1.140	-1.207	0.123	0.953	1.810	-3.223	0.517	126.975502	37.295528
1685512358214	1685512358207	-8.959	-5.452	1.094	-1.196	0.137	0.814	1.346	-3.455	0.591	126.975502	37.295528
1685512358225	1685512358215	-9.177	-5.499	1.063	-1.144	0.128	0.699	0.936	-3.807	0.646	126.975502	37.295528
1685512358235	1685512358225	-9.483	-5.629	1.044	-1.064	0.110	0.606	0.716	-3.948	0.618	126.975494	37.295517
1685512358246	1685512358235	-9.819	-5.710	0.761	-0.974	0.099	0.522	0.496	-3.977	0.599	126.975494	37.295517
1685512358255	1685512358246	-10.606	-5.887	0.515	-0.891	0.106	0.430	0.189	-4.101	0.594	126.975494	37.295517
1685512358266	1685512358255	-11.830	-6.287	0.587	-0.822	0.137	0.324	-0.144	-4.185	0.326	126.975494	37.295517
1685512358275	1685512358266	-13.285	-6.687	0.721	-0.767	0.198	0.198	-0.924	-4.405	0.105	126.975494	37.295517
1685512358286	1685512358275	-14.346	-6.867	0.931	-0.665	0.316	0.049	-2.143	-4.831	0.201	126.975494	37.295517
1685512358297	1685512358286	-14.370	-6.902	1.520	-0.490	0.407	-0.076	-3.596	-5.248	0.369	126.975494	37.295517
1685512358306	1685512358297	-12.584	-6.936	1.865	-0.281	0.345	-0.110	-4.654	-5.430	0.615	126.975494	37.295517
1685512358317	1685512358307	-10.297	-6.780	1.712	-0.032	0.143	-0.055	-4.678	-5.456	1.250	126.975494	37.295517
1685512358337	1685512358317	-8.775	-6.474	1.369	0.244	-0.097	0.000	-2.892	-5.480	1.633	126.975494	37.295517
1685512358338	1685512358338	-8.590	-6.321	1.087	0.443	-0.248	-0.060	-0.606	-5.318	1.494	126.975494	37.295517
1685512358347	1685512358338	-9.864	-6.316	0.809	0.549	-0.191	-0.310	0.915	-5.013	1.140	126.975494	37.295517
1685512358357	1685512358348	-12.234	-6.366	0.766	0.632	0.055	-0.726	1.099	-4.853	0.824	126.975494	37.295517
1685512358367	1685512358357	-14.518	-6.349	0.675	0.753	0.352	-1.179	-0.180	-4.824	0.522	126.975494	37.295517
1685512358376	1685512358368	-16.206	-6.270	0.316	0.927	0.531	-1.541	-2.562	-4.798	0.474	126.975494	37.295517
1685512358388	1685512358376	-16.829	-5.976	-0.041	1.123	0.507	-1.758	-4.863	-4.681	0.402	126.975494	37.295517
1685512358397	1685512358389	-16.630	-5.650	-0.314	1.275	0.294	-1.864	-6.577	-4.456	0.077	126.975494	37.295517
1685512358408	1685512358397	-15.938	-5.406	-0.639	1.346	-0.006	-1.935	-7.233	-3.994	-0.249	126.975494	37.295517
1685512358417	1685512358408	-15.170	-5.248	-0.697	1.340	-0.287	-2.026	-7.075	-3.476	-0.522	126.975494	37.295517
1685512358426	1685512358418	-14.772	-4.942	-0.551	1.288	-0.483	-2.148	-6.421	-3.067	-0.874	126.975494	37.295517
1685512358436	1685512358426	-14.485	-4.683	-0.342	1.212	-0.569	-2.303	-5.703	-2.720	-0.991	126.975494	37.295517
1685512358447	1685512358436	-14.023	-4.415	-0.036	1.128	-0.604	-2.490	-5.363	-2.215	-0.924	126.975494	37.295517
1685512358456	1685512358448	-13.460	-4.094	0.148	1.040	-0.632	-2.685	-5.145	-1.745	-0.804	126.975494	37.295517
1685512358466	1685512358457	-12.682	-3.883	0.304	0.953	-0.655	-2.872	-4.760	-1.252	-0.589	126.975494	37.295517
1685512358475	1685512358466	-11.875	-3.668	0.330	0.876	-0.688	-3.051	-4.310	-0.642	-0.515	126.975494	37.295517
1685512358486	1685512358476	-11.320	-3.608	0.385	0.804	-0.693	-3.224	-3.615	-0.227	-0.433	126.975494	37.295517
1685512358495	1685512358486	-10.740	-3.577	0.520	0.738	-0.665	-3.384	-2.931	0.254	-0.503	126.975494	37.295517
1685512358507	1685512358495	-10.228	-3.512	0.488	0.687	-0.626	-3.536	-2.512	0.594	-0.541	126.975494	37.295517
1685512358516	1685512358507	-9.883	-3.472	0.409	0.656	-0.579	-3.669	-2.085	0.912	-0.498	126.975494	37.295517
1685512358527	1685512358516	-9.629	-3.436	0.366	0.649	-0.536	-3.789	-1.743	1.274	-0.615	126.975494	37.295517
1685512358537	1685512358527	-9.515	-3.290	0.261	0.674	-0.496	-3.891	-1.607	1.645	-0.783	126.975494	37.295517
1685512358548	1685512358537	-9.390	-3.261	0.194	0.722	-0.457	-3.969	-1.537	1.951	-0.895	126.975494	37.295517
1685512358556	1685512358548	-9.309	-3.148	0.208	0.794	-0.429	-4.019	-1.645	2.399	-1.077	126.975494	37.295517
1685512358568	1685512358556	-9.163	-3.010	0.081	0.889	-0.413	-4.043	-1.757	2.727	-1.223	126.975494	37.295517
1685512358577	1685512358568	-8.976	-2.921	0.151	0.990	-0.411	-4.040	-1.956	3.158	-1.298	126.975494	37.295517
1685512358587	1685512358578	-8.892	-2.746	0.029	1.086	-0.419	-4.015	-2.049	3.548	-1.504	126.975494	37.295517
1685512358597	1685512358587	-8.789	-2.614	0.014	1.168	-0.435	-3.971	-2.167	3.926	-1.537	126.975494	37.295517
1685512358608	1685512358598	-8.590	-2.442	-0.041	1.234	-0.461	-3.910	-2.342	4.326	-1.753	126.975494	37.295517
1685512358618	1685512358609	-8.320	-2.337	-0.069	1.277	-0.492	-3.826	-2.533	4.690	-1.879	126.975494	37.295517
1685512358629	1685512358618	-8.133	-2.203	0.034	1.291	-0.527	-3.715	-2.622	5.071	-2.052	126.975494	37.295517
1685512358638	1685512358629	-8.054	-2.131	0.196	1.284	-0.562	-3.583	-2.626	5.356	-2.198	126.975494	37.295517
1685512358649	1685512358638	-7.982	-2.102	0.187	1.258	-0.579	-3.437	-2.696	5.641	-2.210	126.975494	37.295517
1685512358659	1685512358650	-8.150	-1.870	0.146	1.223	-0.574	-3.293	-2.909	5.868	-2.186	126.975494	37.295517
1685512358668	1685512358659	-8.068	-1.736	0.148	1.177	-0.564	-3.140	-3.005	5.976	-2.279	126.975494	37.295517
1685512358680	1685512358669	-7.932	-1.508	0.057	1.111	-0.571	-2.957	-3.431	6.323	-2.447	126.975494	37.295517
1685512358691	1685512358681	-7.736	-1.429	0.050	1.019	-0.590	-2.734	-3.555	6.541	-2.543	126.975494	37.295517
1685512358700	1685512358691	-7.539	-1.374	0.136	0.904	-0.612	-2.486	-3.675	6.864	-2.756	126.975494	37.295517
1685512358710	1685512358701	-7.422	-1.417	0.225	0.772	-0.622	-2.226	-3.682	7.010	-2.856	126.975494	37.295517
1685512358720	1685512358710	-7.523	-1.532	0.163	0.635	-0.610	-1.962	-3.759	7.151	-2.892	126.975494	37.295517
1685512358732	1685512358721	-7.728	-1.532	0.110	0.517	-0.568	-1.708	-3.809	7.154	-2.875	126.975494	37.295517
1685512358738	1685512358733	-7.848	-1.336	0.034	0.423	-0.498	-1.461	-4.118	7.094	-3.019	126.975494	37.295517
1685512358769	1685512358738	-7.649	-1.365	-0.041	0.325	-0.448	-1.199	-4.472	7.130	-3.129	126.975494	37.295517
1685512358771	1685512358771	-7.444	-1.358	-0.129	0.206	-0.443	-0.907	-4.750	7.362	-3.266	126.975494	37.295517
1685512358772	1685512358771	-7.412	-1.415	-0.093	0.076	-0.445	-0.600	-4.659	7.355	-3.376	126.975494	37.295517
1685512358778	1685512358772	-7.887	-1.539	-0.117	-0.046	-0.403	-0.313	-4.575	7.389	-3.505	126.975494	37.295517
1685512358789	1685512358779	-8.593	-1.664	-0.122	-0.140	-0.296	-0.045	-4.597	7.343	-3.486	126.975494	37.295517
1685512358799	1685512358792	-9.548	-1.786	-0.184	-0.203	-0.145	0.225	-5.114	7.228	-3.517	126.975494	37.295517
1685512358808	1685512358799	-10.333	-1.927	-0.381	-0.260	-0.001	0.524	-5.835	7.111	-3.517	126.975494	37.295517
1685512358817	1685512358809	-10.958	-2.236	-0.443	-0.332	0.110	0.875	-6.776	6.989	-3.565	126.975494	37.295517
1685512358827	1685512358818	-11.001	-2.581	-0.441	-0.417	0.198	1.283	-7.513	6.840	-3.740	126.975494	37.295517
1685512358836	1685512358828	-10.489	-2.873	-0.220	-0.500	0.246	1.721	-8.052	6.517	-3.766	126.975494	37.295517
1685512358847	1685512358837	-10.099	-2.942	-0.204	-0.590	0.242	2.154	-7.987	6.151	-3.725	126.975494	37.295517
1685512358856	1685512358847	-10.168	-3.033	0.041	-0.687	0.249	2.547	-7.317	5.820	-3.455	126.975494	37.295517
1685512358869	1685512358856	-10.767	-3.151	0.309	-0.776	0.357	2.875	-6.732	5.701	-3.378	126.975494	37.295517
1685512358876	1685512358870	-11.811	-3.431	0.555	-0.854	0.539	3.133	-6.551	5.535	-3.060	126.975494	37.295517
1685512358887	1685512358877	-12.838	-3.785	0.632	-0.902	0.751	3.329	-6.919	5.341	-2.720	126.975494	37.295517
1685512358896	1685512358887	-13.788	-3.953	0.642	-0.885	0.954	3.500	-7.654	4.951	-2.370	126.975494	37.295517
1685512358906	1685512358896	-14.679	-4.197	0.606	-0.794	1.123	3.671	-8.413	4.492	-2.195	126.975494	37.295517
1685512358916	1685512358906	-15.419	-4.240	0.587	-0.655	1.234	3.846	-9.050	4.190	-2.071	126.975494	37.295517
1685512358933	1685512358916	-15.876	-4.492	0.455	-0.506	1.296	4.022	-9.615	3.785	-1.987	126.975494	37.295517
1685512358936	1685512358933	-15.866	-4.853	0.280	-0.375	1.321	4.202	-10.020	3.558	-1.889	126.975494	37.295517
1685512358948	1685512358936	-15.325	-5.030	0.263	-0.263	1.295	4.380	-10.137	3.093	-1.911	126.975494	37.295517
1685512358957	1685512358949	-14.423	-4.939	0.402	-0.164	1.224	4.528	-9.749	2.468	-1.968	126.975494	37.295517
1685512358968	1685512358957	-13.384	-4.860	0.373	-0.083	1.114	4.611	-8.899	2.049	-1.896	126.975494	37.295517
1685512358977	1685512358968	-12.352	-4.762	0.651	-0.042	1.010	4.622	-7.623	1.815	-1.654	126.975494	37.295517
1685512358989	1685512358978	-11.248	-4.515	0.869	-0.044	0.933	4.574	-6.290	1.607	-1.609	126.975494	37.295517
