1685512253870	1685512253870	-9.969	-2.801	-0.421	1.273	-0.624	-2.689	-0.199	-2.172	1.566	126.974686	37.295677
1685512253870	1685512253870	-10.123	-2.703	-0.572	1.229	-0.657	-2.533	-0.261	-1.674	1.487	126.974686	37.295677
1685512253873	1685512253870	-10.190	-2.363	-0.759	1.146	-0.691	-2.382	-0.457	-1.305	1.425	126.974686	37.295677
1685512253884	1685512253873	-10.072	-2.203	-0.809	1.031	-0.734	-2.246	-0.637	-0.955	1.183	126.974686	37.295677
1685512253894	1685512253884	-10.015	-2.109	-0.833	0.870	-0.806	-2.106	-0.735	-0.357	0.893	126.974686	37.295677
1685512253905	1685512253894	-9.931	-2.152	-0.807	0.663	-0.883	-1.962	-0.654	0.036	0.740	126.974686	37.295677
1685512253914	1685512253905	-10.132	-2.219	-0.725	0.439	-0.922	-1.835	-0.632	0.345	0.608	126.974686	37.295677
1685512253923	1685512253914	-10.257	-2.318	-0.656	0.227	-0.905	-1.732	-0.587	0.493	0.527	126.974686	37.295677
1685512253934	1685512253923	-10.424	-2.473	-0.723	0.046	-0.871	-1.632	-0.831	0.634	0.481	126.974686	37.295677
1685512253943	1685512253934	-10.592	-2.564	-0.783	-0.099	-0.843	-1.510	-0.986	0.661	0.474	126.974686	37.295677
1685512253953	1685512253943	-10.568	-2.500	-0.860	-0.208	-0.819	-1.368	-1.190	0.651	0.321	126.974686	37.295677
1685512253965	1685512253953	-10.489	-2.497	-0.972	-0.288	-0.793	-1.223	-1.396	0.694	0.184	126.974686	37.295677
1685512253973	1685512253965	-10.271	-2.567	-1.113	-0.349	-0.766	-1.070	-1.410	0.881	0.038	126.974686	37.295677
1685512253983	1685512253973	-10.226	-2.535	-1.195	-0.391	-0.733	-0.900	-1.367	0.994	-0.134	126.974686	37.295677
1685512253993	1685512253983	-10.733	-2.514	-1.116	-0.411	-0.666	-0.727	-1.183	1.027	-0.340	126.974686	37.295677
1685512254004	1685512253993	-11.317	-2.672	-1.039	-0.408	-0.533	-0.561	-1.161	1.130	-0.467	126.974686	37.295677
1685512254015	1685512254004	-11.779	-2.782	-0.977	-0.378	-0.357	-0.386	-1.693	1.214	-0.433	126.974686	37.295677
1685512254024	1685512254015	-11.858	-2.895	-0.955	-0.329	-0.215	-0.175	-2.294	1.104	-0.390	126.974686	37.295677
1685512254033	1685512254024	-11.691	-3.060	-0.857	-0.275	-0.142	0.100	-2.770	1.030	-0.347	126.974686	37.295677
1685512254043	1685512254033	-11.260	-3.124	-0.764	-0.205	-0.083	0.426	-2.854	0.929	-0.333	126.974686	37.295677
1685512254053	1685512254043	-10.266	-3.017	-0.702	-0.116	0.007	0.766	-2.682	0.752	-0.237	126.974686	37.295677
1685512254063	1685512254053	-9.069	-2.789	-0.385	-0.028	0.092	1.082	-2.234	0.651	-0.141	126.974686	37.295677
1685512254073	1685512254063	-8.262	-2.610	-0.084	0.032	0.156	1.362	-1.211	0.690	-0.074	126.974686	37.295677
1685512254084	1685512254073	-7.999	-2.655	0.297	0.055	0.275	1.581	0.022	0.819	0.249	126.974686	37.295677
1685512254093	1685512254084	-8.399	-2.555	0.560	0.071	0.479	1.698	0.876	0.874	0.563	126.974686	37.295677
1685512254104	1685512254093	-9.275	-2.473	0.675	0.123	0.723	1.709	1.192	0.685	0.967	126.974686	37.295677
1685512254113	1685512254104	-10.166	-2.538	0.673	0.239	0.987	1.665	0.850	0.613	1.276	126.974686	37.295677
1685512254123	1685512254113	-10.810	-2.444	0.687	0.407	1.234	1.643	0.014	0.553	1.448	126.974686	37.295677
1685512254133	1685512254123	-11.016	-2.516	0.721	0.577	1.403	1.674	-0.828	0.321	1.539	126.974686	37.295677
1685512254144	1685512254133	-10.728	-2.521	0.555	0.711	1.440	1.757	-1.441	0.278	1.647	126.974686	37.295677
1685512254153	1685512254144	-10.305	-2.535	0.503	0.781	1.385	1.884	-1.616	0.055	1.798	126.974686	37.295677
1685512254163	1685512254153	-9.797	-2.437	0.364	0.789	1.316	2.031	-1.302	-0.105	1.750	126.974686	37.295677
1685512254173	1685512254163	-9.392	-2.330	0.321	0.753	1.260	2.167	-0.850	-0.304	1.822	126.974686	37.295677
1685512254183	1685512254173	-9.029	-2.109	0.256	0.666	1.214	2.260	-0.318	-0.369	1.779	126.974686	37.295677
1685512254193	1685512254183	-8.669	-1.980	0.342	0.531	1.169	2.315	0.108	-0.455	1.841	126.974686	37.295677
1685512254205	1685512254193	-8.329	-1.930	0.407	0.373	1.128	2.359	0.493	-0.441	1.879	126.974686	37.295677
1685512254213	1685512254205	-7.994	-1.808	0.527	0.191	1.075	2.376	0.869	-0.522	2.069	126.974686	37.295677
1685512254223	1685512254213	-7.661	-1.968	0.678	-0.005	1.036	2.354	1.221	-0.692	2.236	126.974686	37.295677
1685512254237	1685512254223	-7.405	-2.377	0.970	-0.199	0.999	2.309	1.563	-0.838	2.478	126.974693	37.295685
1685512254243	1685512254237	-7.350	-2.650	1.259	-0.371	0.969	2.254	1.896	-1.178	2.708	126.974693	37.295685
1685512254253	1685512254243	-7.544	-2.971	1.446	-0.491	0.981	2.195	2.148	-1.812	3.096	126.974693	37.295685
1685512254267	1685512254253	-7.882	-3.127	1.556	-0.546	1.036	2.147	2.191	-2.308	3.481	126.974693	37.295685
1685512254273	1685512254267	-8.258	-3.213	1.595	-0.536	1.095	2.126	1.980	-2.849	3.761	126.974693	37.295685
1685512254283	1685512254273	-8.588	-3.141	1.489	-0.492	1.124	2.120	1.618	-3.223	3.972	126.974693	37.295685
1685512254294	1685512254283	-8.803	-3.146	1.432	-0.435	1.115	2.128	1.207	-3.546	4.123	126.974693	37.295685
1685512254305	1685512254294	-8.859	-3.093	1.427	-0.392	1.070	2.150	0.843	-3.666	4.111	126.974693	37.295685
1685512254313	1685512254305	-8.940	-3.148	1.286	-0.397	1.005	2.167	0.584	-3.881	4.156	126.974693	37.295685
1685512254326	1685512254313	-9.012	-3.357	1.233	-0.454	0.935	2.162	0.488	-4.020	4.228	126.974693	37.295685
1685512254335	1685512254326	-9.172	-3.539	1.331	-0.536	0.866	2.143	0.362	-4.283	4.161	126.974693	37.295685
1685512254344	1685512254335	-9.524	-3.723	1.334	-0.621	0.817	2.122	0.256	-4.652	4.152	126.974693	37.295685
1685512254356	1685512254344	-9.816	-3.912	1.372	-0.715	0.790	2.095	0.050	-5.030	4.298	126.974693	37.295685
1685512254364	1685512254356	-10.271	-4.125	1.487	-0.816	0.766	2.059	-0.330	-5.361	4.322	126.974693	37.295685
1685512254373	1685512254364	-10.534	-4.135	1.511	-0.899	0.735	2.024	-0.656	-5.703	4.374	126.974693	37.295685
1685512254386	1685512254373	-10.611	-4.207	1.487	-0.949	0.699	1.988	-1.147	-6.072	4.501	126.974693	37.295685
1685512254393	1685512254386	-10.410	-4.197	1.410	-0.987	0.629	1.954	-1.456	-6.254	4.544	126.974693	37.295685
1685512254407	1685512254394	-10.139	-4.386	1.489	-1.021	0.551	1.928	-1.585	-6.507	4.544	126.974693	37.295685
1685512254415	1685512254407	-10.142	-4.506	1.441	-1.062	0.484	1.886	-1.451	-6.716	4.499	126.974693	37.295685
1685512254424	1685512254415	-10.242	-4.630	1.551	-1.100	0.447	1.798	-1.243	-7.089	4.597	126.974693	37.295685
1685512254435	1685512254424	-10.530	-4.860	1.731	-1.128	0.439	1.676	-1.319	-7.429	4.563	126.974693	37.295685
1685512254445	1685512254436	-10.798	-5.004	1.856	-1.141	0.453	1.549	-1.482	-7.726	4.678	126.974693	37.295685
1685512254453	1685512254445	-11.061	-5.121	1.990	-1.135	0.472	1.418	-1.836	-8.138	4.860	126.974693	37.295685
1685512254463	1685512254454	-11.236	-5.239	2.002	-1.090	0.470	1.289	-2.169	-8.452	4.987	126.974693	37.295685
1685512254474	1685512254464	-11.152	-5.258	2.025	-1.003	0.447	1.180	-2.512	-8.758	5.121	126.974693	37.295685
1685512254484	1685512254474	-11.032	-5.294	1.927	-0.893	0.403	1.089	-2.737	-8.990	5.133	126.974693	37.295685
1685512254495	1685512254484	-10.930	-5.200	1.724	-0.776	0.358	1.004	-2.713	-9.141	5.157	126.974693	37.295685
1685512254506	1685512254495	-11.047	-5.160	1.401	-0.673	0.316	0.911	-2.648	-9.297	5.057	126.974693	37.295685
1685512254516	1685512254506	-11.571	-5.243	1.334	-0.607	0.277	0.804	-2.602	-9.323	4.851	126.974693	37.295685
1685512254524	1685512254516	-12.179	-5.521	1.369	-0.582	0.283	0.678	-2.763	-9.369	4.527	126.974693	37.295685
1685512254534	1685512254524	-12.572	-5.583	1.331	-0.572	0.309	0.534	-3.342	-9.562	4.456	126.974693	37.295685
1685512254546	1685512254534	-12.582	-5.720	1.302	-0.563	0.279	0.387	-3.977	-9.893	4.492	126.974693	37.295685
1685512254553	1685512254546	-12.333	-5.866	1.520	-0.553	0.175	0.286	-4.408	-10.022	4.453	126.974693	37.295685
1685512254565	1685512254554	-11.732	-5.885	1.585	-0.533	0.054	0.226	-4.439	-10.204	4.422	126.974693	37.295685
1685512254574	1685512254565	-10.918	-5.842	1.583	-0.489	-0.048	0.150	-4.211	-10.393	4.628	126.974693	37.295685
1685512254584	1685512254574	-10.063	-5.777	1.568	-0.406	-0.143	0.056	-3.620	-10.444	4.673	126.974693	37.295685
1685512254594	1685512254584	-9.428	-5.856	1.410	-0.299	-0.235	-0.049	-2.813	-10.434	4.640	126.974693	37.295685
1685512254605	1685512254594	-9.222	-5.938	1.319	-0.191	-0.292	-0.181	-1.956	-10.384	4.602	126.974693	37.295685
1685512254615	1685512254605	-9.735	-6.060	1.350	-0.057	-0.286	-0.367	-1.312	-10.467	4.408	126.974693	37.295685
1685512254625	1685512254616	-10.772	-6.409	1.365	0.140	-0.205	-0.612	-1.089	-10.539	4.283	126.974693	37.295685
1685512254636	1685512254625	-11.772	-6.610	1.312	0.430	-0.087	-0.876	-1.573	-10.630	4.286	126.974693	37.295685
1685512254645	1685512254636	-12.649	-6.431	1.073	0.762	-0.001	-1.108	-2.579	-10.932	4.293	126.974693	37.295685
1685512254654	1685512254645	-13.056	-6.275	0.778	1.126	-0.007	-1.255	-3.534	-11.040	4.252	126.974693	37.295685
1685512254666	1685512254654	-13.223	-6.024	0.476	1.472	-0.104	-1.319	-4.367	-10.757	4.044	126.974693	37.295685
1685512254674	1685512254666	-13.269	-5.638	0.189	1.750	-0.257	-1.378	-4.721	-10.465	3.795	126.974693	37.295685
1685512254686	1685512254674	-13.053	-5.222	0.017	1.952	-0.402	-1.456	-4.831	-10.058	3.546	126.974693	37.295685
1685512254696	1685512254687	-12.917	-4.867	-0.136	2.072	-0.528	-1.565	-4.815	-9.503	3.306	126.974693	37.295685
1685512254705	1685512254696	-12.598	-4.503	-0.134	2.093	-0.639	-1.704	-4.532	-8.899	3.172	126.974693	37.295685
1685512254714	1685512254705	-12.263	-4.135	-0.041	2.031	-0.724	-1.870	-4.314	-8.327	3.050	126.974693	37.295685
1685512254726	1685512254714	-11.827	-3.773	-0.101	1.894	-0.798	-2.060	-3.926	-7.769	3.067	126.974693	37.295685
1685512254734	1685512254726	-11.346	-3.539	-0.108	1.696	-0.871	-2.258	-3.500	-7.149	3.160	126.974693	37.295685
1685512254745	1685512254734	-10.944	-3.261	-0.029	1.461	-0.940	-2.454	-2.988	-6.570	3.089	126.974693	37.295685
1685512254755	1685512254745	-10.582	-3.144	-0.029	1.197	-0.980	-2.658	-2.418	-6.081	3.048	126.974693	37.295685
1685512254765	1685512254756	-10.369	-2.966	-0.010	0.911	-0.999	-2.866	-1.927	-5.538	3.079	126.974693	37.295685
1685512254774	1685512254765	-10.116	-2.914	-0.065	0.630	-1.004	-3.063	-1.472	-5.114	3.010	126.974693	37.295685
1685512254784	1685512254774	-9.807	-2.787	-0.024	0.363	-0.997	-3.231	-1.183	-4.676	2.959	126.974693	37.295685
1685512254795	1685512254785	-9.531	-2.978	-0.160	0.101	-1.018	-3.352	-0.852	-4.322	2.823	126.974693	37.295685
1685512254808	1685512254796	-9.474	-3.038	-0.230	-0.139	-1.051	-3.421	-0.474	-3.883	2.775	126.974693	37.295685
1685512254815	1685512254808	-9.270	-2.921	-0.467	-0.329	-1.054	-3.457	-0.139	-3.759	2.545	126.974693	37.295685
1685512254826	1685512254816	-9.050	-3.036	-0.678	-0.479	-1.054	-3.471	-0.034	-3.500	2.375	126.974693	37.295685
1685512254837	1685512254826	-8.780	-3.318	-0.838	-0.602	-1.074	-3.451	0.211	-3.000	2.016	126.974693	37.295685
1685512254847	1685512254837	-8.557	-3.553	-0.917	-0.698	-1.086	-3.395	0.450	-2.861	1.726	126.974693	37.295685
1685512254857	1685512254847	-8.418	-3.546	-1.034	-0.760	-1.064	-3.322	0.735	-2.830	1.465	126.974693	37.295685
1685512254869	1685512254857	-8.396	-3.493	-0.974	-0.772	-1.023	-3.244	0.960	-2.758	1.288	126.974693	37.295685
1685512254878	1685512254869	-8.334	-3.371	-1.063	-0.724	-0.952	-3.168	1.092	-2.437	1.065	126.974693	37.295685
1685512254888	1685512254878	-8.411	-3.373	-1.075	-0.616	-0.859	-3.100	1.094	-2.066	1.018	126.974693	37.295685
1685512254898	1685512254888	-8.399	-3.263	-1.207	-0.453	-0.761	-3.029	1.120	-1.592	0.814	126.974693	37.295685
1685512254910	1685512254898	-8.478	-3.266	-1.214	-0.270	-0.665	-2.950	1.003	-1.293	0.702	126.974693	37.295685
1685512254918	1685512254911	-8.456	-3.175	-1.317	-0.086	-0.562	-2.856	0.955	-0.860	0.467	126.974693	37.295685
1685512254930	1685512254919	-8.583	-3.179	-1.286	0.103	-0.457	-2.746	0.809	-0.555	0.366	126.974693	37.295685
1685512254938	1685512254930	-8.590	-3.060	-1.314	0.291	-0.360	-2.619	0.747	-0.151	0.177	126.974693	37.295685
1685512254957	1685512254939	-8.689	-3.072	-1.336	0.463	-0.266	-2.481	0.548	0.079	0.144	126.974693	37.295685
1685512254958	1685512254957	-8.859	-2.971	-1.460	0.605	-0.182	-2.337	0.453	0.462	0.053	126.974693	37.295685
1685512254992	1685512254959	-8.926	-2.919	-1.551	0.709	-0.095	-2.186	0.285	0.644	-0.014	126.974693	37.295685
1685512254992	1685512254992	-9.055	-2.789	-1.468	0.772	-0.015	-2.028	0.038	0.939	-0.184	126.974693	37.295685
1685512254994	1685512254994	-9.244	-2.792	-1.470	0.801	0.062	-1.868	-0.098	1.161	-0.314	126.974693	37.295685
1685512254997	1685512254994	-9.361	-2.784	-1.398	0.808	0.138	-1.709	-0.292	1.439	-0.261	126.974693	37.295685
1685512255011	1685512254997	-9.476	-2.761	-1.314	0.805	0.221	-1.553	-0.536	1.556	-0.285	126.974693	37.295685
1685512255020	1685512255011	-9.546	-2.741	-1.286	0.799	0.313	-1.390	-0.709	1.674	-0.232	126.974693	37.295685
1685512255028	1685512255021	-9.565	-2.775	-1.113	0.800	0.402	-1.224	-0.852	1.755	-0.153	126.974693	37.295685
1685512255038	1685512255028	-9.665	-2.660	-0.900	0.814	0.498	-1.068	-0.960	1.846	-0.127	126.974693	37.295685
1685512255049	1685512255038	-9.833	-2.619	-0.754	0.831	0.594	-0.905	-0.998	1.851	0.048	126.974693	37.295685
1685512255057	1685512255049	-10.307	-2.756	-0.764	0.859	0.696	-0.724	-1.123	2.006	0.271	126.974693	37.295685
1685512255067	1685512255057	-10.989	-2.942	-0.548	0.911	0.820	-0.528	-1.310	2.078	0.431	126.974693	37.295685
1685512255076	1685512255067	-11.813	-3.112	-0.292	1.010	0.969	-0.312	-1.803	1.968	0.441	126.974693	37.295685
1685512255086	1685512255076	-12.380	-3.208	-0.218	1.153	1.125	-0.072	-2.492	1.791	0.675	126.974693	37.295685
1685512255095	1685512255086	-12.644	-3.108	-0.268	1.326	1.222	0.227	-3.330	1.638	0.962	126.974693	37.295685
1685512255107	1685512255095	-12.242	-2.981	-0.237	1.506	1.250	0.601	-3.917	1.563	1.077	126.974693	37.295685
1685512255115	1685512255108	-11.234	-2.624	-0.127	1.668	1.257	1.014	-4.185	1.662	1.068	126.974693	37.295685
1685512255125	1685512255115	-10.127	-2.361	0.065	1.775	1.246	1.421	-3.771	1.757	1.132	126.974693	37.295685
1685512255134	1685512255125	-9.079	-2.282	0.464	1.813	1.210	1.789	-2.727	2.040	1.279	126.974693	37.295685
1685512255145	1685512255134	-8.626	-2.437	0.979	1.795	1.224	2.053	-1.580	2.227	1.489	126.974693	37.295685
1685512255154	1685512255145	-8.818	-2.485	1.602	1.740	1.334	2.178	-0.469	2.179	1.911	126.974693	37.295685
1685512255166	1685512255154	-9.493	-2.547	2.085	1.684	1.497	2.191	0.055	1.870	2.452	126.974693	37.295685
1685512255174	1685512255166	-10.444	-2.423	2.303	1.676	1.666	2.169	-0.062	1.659	3.117	126.974693	37.295685
1685512255184	1685512255174	-11.492	-2.131	2.215	1.754	1.829	2.180	-0.673	1.429	3.666	126.974693	37.295685
1685512255195	1685512255184	-12.225	-1.638	1.798	1.875	1.960	2.236	-1.561	1.374	3.972	126.974693	37.295685
1685512255206	1685512255195	-12.433	-1.185	1.403	1.935	1.938	2.312	-2.564	1.518	3.972	126.974693	37.295685
1685512255215	1685512255206	-12.124	-1.092	1.293	1.846	1.746	2.385	-3.254	1.846	3.663	126.974693	37.295685
1685512255225	1685512255215	-11.559	-1.233	1.113	1.594	1.473	2.447	-3.421	2.126	3.378	126.974693	37.295685
1685512255234	1685512255225	-11.064	-1.341	1.219	1.225	1.192	2.450	-3.067	2.025	3.376	126.974693	37.295685
1685512255244	1685512255234	-10.527	-1.566	1.425	0.754	0.958	2.391	-2.461	1.714	3.273	126.974693	37.295685
1685512255254	1685512255244	-10.089	-1.733	1.652	0.216	0.788	2.335	-1.915	1.369	3.467	126.974693	37.295685
1685512255264	1685512255254	-9.730	-1.709	1.784	-0.346	0.674	2.286	-1.346	0.984	3.728	126.974693	37.295685
1685512255274	1685512255264	-9.392	-1.791	1.733	-0.909	0.596	2.220	-0.864	0.584	4.029	126.974693	37.295685
1685512255289	1685512255274	-9.009	-1.956	1.559	-1.436	0.546	2.147	-0.474	0.412	4.223	126.974693	37.295708
1685512255295	1685512255289	-8.600	-2.212	1.271	-1.900	0.496	2.071	-0.105	0.079	4.254	126.974693	37.295708
1685512255306	1685512255295	-8.193	-2.464	1.075	-2.319	0.441	1.994	0.299	-0.297	4.149	126.974693	37.295708
1685512255315	1685512255306	-7.879	-3.014	1.147	-2.674	0.397	1.928	0.730	-0.845	3.950	126.974693	37.295708
1685512255326	1685512255315	-7.755	-3.737	1.343	-2.897	0.356	1.877	1.147	-1.295	3.812	126.974693	37.295708
1685512255335	1685512255326	-7.843	-4.175	1.626	-2.942	0.302	1.819	1.472	-2.152	3.960	126.974693	37.295708
1685512255348	1685512255335	-8.212	-4.326	1.776	-2.821	0.292	1.750	1.599	-3.081	4.199	126.974693	37.295708
1685512255355	1685512255348	-8.447	-4.257	1.741	-2.566	0.302	1.723	1.511	-3.800	4.530	126.974693	37.295708
1685512255366	1685512255355	-8.485	-4.159	1.535	-2.215	0.297	1.775	1.140	-4.173	4.712	126.974693	37.295708
1685512255377	1685512255366	-8.504	-3.970	1.135	-1.829	0.252	1.836	0.893	-4.389	4.712	126.974693	37.295708
1685512255386	1685512255377	-8.535	-3.792	0.996	-1.469	0.195	1.861	0.845	-4.475	4.523	126.974693	37.295708
1685512255396	1685512255386	-8.657	-3.792	0.979	-1.159	0.148	1.861	0.809	-4.535	4.140	126.974693	37.295708
1685512255408	1685512255397	-8.909	-3.941	1.135	-0.941	0.094	1.833	0.761	-4.554	4.008	126.974693	37.295708
1685512255416	1685512255409	-9.218	-4.161	1.233	-0.837	0.044	1.767	0.618	-4.781	3.996	126.974693	37.295708
1685512255427	1685512255417	-9.452	-4.096	0.958	-0.808	0.042	1.717	0.366	-5.052	4.104	126.974693	37.295708
1685512255438	1685512255427	-9.673	-3.709	0.895	-0.828	0.044	1.701	0.053	-5.454	4.147	126.974693	37.295708
1685512255448	1685512255439	-9.747	-3.807	0.687	-0.936	0.049	1.706	-0.177	-5.473	3.821	126.974693	37.295708
1685512255457	1685512255448	-9.809	-4.015	0.414	-1.082	0.031	1.720	-0.402	-5.212	3.713	126.974693	37.295708
1685512255470	1685512255458	-9.833	-4.142	0.409	-1.246	0.013	1.692	-0.488	-5.447	3.462	126.974693	37.295708
1685512255478	1685512255470	-9.931	-4.357	0.326	-1.417	0.016	1.627	-0.565	-5.804	3.148	126.974693	37.295708
1685512255490	1685512255479	-10.178	-4.463	0.220	-1.558	0.006	1.578	-0.608	-6.088	3.100	126.974693	37.295708
1685512255500	1685512255490	-10.396	-4.592	0.175	-1.699	0.015	1.545	-0.733	-6.483	2.974	126.974693	37.295708
1685512255511	1685512255500	-10.436	-4.896	0.261	-1.820	0.040	1.520	-1.003	-6.737	2.828	126.974693	37.295708
1685512255520	1685512255511	-10.511	-5.320	0.395	-1.883	0.059	1.506	-1.255	-7.041	2.739	126.974693	37.295708
1685512255530	1685512255520	-10.453	-5.511	0.563	-1.874	0.093	1.504	-1.336	-7.532	2.782	126.974693	37.295708
1685512255540	1685512255531	-10.312	-5.782	0.608	-1.786	0.138	1.511	-1.458	-8.157	2.866	126.974693	37.295708
1685512255559	1685512255540	-10.120	-5.940	0.627	-1.609	0.169	1.522	-1.441	-8.514	2.993	126.974693	37.295708
1685512255560	1685512255559	-9.895	-6.019	0.555	-1.370	0.188	1.522	-1.355	-8.981	2.990	126.974693	37.295708
1685512255569	1685512255560	-9.969	-6.033	0.515	-1.097	0.203	1.500	-1.211	-9.294	2.976	126.974693	37.295708
1685512255588	1685512255569	-10.436	-6.404	0.630	-0.812	0.235	1.455	-1.044	-9.541	2.873	126.974693	37.295708
1685512255589	1685512255589	-11.253	-6.603	0.960	-0.544	0.293	1.372	-1.176	-9.713	2.811	126.974693	37.295708
1685512255598	1685512255589	-12.112	-6.948	1.192	-0.304	0.363	1.245	-1.702	-10.230	2.916	126.974693	37.295708
1685512255609	1685512255599	-12.486	-7.159	1.290	-0.082	0.462	1.125	-2.581	-10.561	3.251	126.974693	37.295708
1685512255618	1685512255610	-12.074	-7.360	1.516	0.128	0.527	1.047	-3.505	-11.032	3.505	126.974693	37.295708
1685512255627	1685512255618	-11.147	-7.506	2.035	0.327	0.494	0.981	-3.929	-11.332	3.634	126.974693	37.295708
1685512255638	1685512255628	-10.135	-7.525	2.363	0.550	0.426	0.894	-3.579	-11.629	3.915	126.974693	37.295708
1685512255649	1685512255638	-9.553	-7.508	2.318	0.823	0.363	0.766	-2.701	-11.842	4.487	126.974693	37.295708
1685512255658	1685512255649	-9.735	-7.365	2.502	1.101	0.303	0.568	-1.738	-11.923	4.875	126.974693	37.295708
1685512255668	1685512255659	-10.657	-7.518	2.799	1.337	0.290	0.269	-1.199	-11.949	4.894	126.974693	37.295708
1685512255678	1685512255668	-11.827	-7.592	2.942	1.564	0.307	-0.103	-1.417	-11.825	5.162	126.974693	37.295708
1685512255688	1685512255679	-12.780	-7.527	2.710	1.783	0.291	-0.469	-2.358	-11.966	5.533	126.974693	37.295708
1685512255700	1685512255692	-13.343	-7.283	2.246	1.973	0.224	-0.772	-3.534	-11.988	5.772	126.974693	37.295708
1685512255712	1685512255700	-13.455	-7.005	1.729	2.115	0.087	-1.010	-4.475	-11.835	5.641	126.974693	37.295708
1685512255720	1685512255712	-13.475	-6.582	1.470	2.178	-0.109	-1.225	-5.011	-11.466	5.279	126.974693	37.295708
1685512255731	1685512255721	-13.448	-6.354	1.219	2.147	-0.291	-1.459	-5.085	-11.040	4.855	126.974693	37.295708
1685512255740	1685512255731	-13.482	-5.911	0.924	2.037	-0.435	-1.718	-5.042	-10.408	4.688	126.974693	37.295708
1685512255749	1685512255740	-13.089	-5.600	0.781	1.862	-0.545	-1.987	-4.963	-10.027	4.482	126.974693	37.295708
1685512255764	1685512255749	-12.491	-5.286	0.620	1.652	-0.650	-2.235	-4.922	-9.371	4.223	126.974693	37.295708
1685512255786	1685512255764	-11.849	-4.990	0.622	1.440	-0.762	-2.459	-4.446	-8.827	4.094	126.974693	37.295708
1685512255787	1685512255787	-11.262	-4.712	0.558	1.247	-0.866	-2.688	-3.757	-8.262	3.929	126.974693	37.295708
1685512255789	1685512255788	-10.822	-4.302	0.591	1.085	-0.954	-2.920	-3.019	-7.702	3.905	126.974693	37.295708
1685512255797	1685512255789	-10.482	-4.094	0.529	0.952	-1.004	-3.144	-2.325	-7.118	3.790	126.974693	37.295708
1685512255811	1685512255798	-10.161	-4.056	0.536	0.830	-1.021	-3.362	-1.798	-6.440	3.768	126.974693	37.295708
1685512255818	1685512255811	-10.094	-4.094	0.505	0.738	-1.019	-3.564	-1.362	-5.916	3.634	126.974693	37.295708
1685512255828	1685512255818	-10.104	-4.128	0.608	0.695	-1.004	-3.740	-0.955	-5.545	3.563	126.974693	37.295708
1685512255838	1685512255828	-10.068	-3.934	0.620	0.720	-0.990	-3.879	-0.804	-5.198	3.438	126.974693	37.295708
1685512255847	1685512255838	-10.034	-3.871	0.527	0.812	-0.975	-3.967	-0.757	-4.899	3.462	126.974693	37.295708
1685512255856	1685512255847	-9.986	-3.536	0.242	0.955	-0.962	-4.006	-0.666	-4.283	3.376	126.974693	37.295708
1685512255866	1685512255856	-9.874	-3.472	0.158	1.137	-0.955	-4.000	-0.601	-3.864	3.201	126.974693	37.295708
1685512255875	1685512255866	-9.527	-3.436	0.089	1.324	-0.963	-3.944	-0.536	-3.124	2.823	126.974693	37.295708
1685512255887	1685512255875	-9.074	-3.335	-0.002	1.522	-0.987	-3.834	-0.426	-2.653	2.643	126.974693	37.295708
1685512255896	1685512255887	-8.724	-2.995	-0.180	1.707	-1.004	-3.682	-0.093	-2.212	2.468	126.974693	37.295708
1685512255908	1685512255896	-8.487	-2.784	-0.271	1.830	-1.005	-3.505	0.323	-1.717	2.263	126.974693	37.295708
1685512255916	1685512255908	-8.272	-2.598	-0.256	1.892	-0.990	-3.323	0.625	-0.955	1.949	126.974693	37.295708
1685512255927	1685512255916	-8.135	-2.540	-0.429	1.891	-0.955	-3.144	0.809	-0.417	1.736	126.974693	37.295708
1685512255936	1685512255927	-8.155	-2.502	-0.381	1.851	-0.921	-2.971	0.955	0.151	1.587	126.974693	37.295708
1685512255948	1685512255936	-8.258	-2.440	-0.378	1.802	-0.877	-2.793	1.027	0.508	1.255	126.974693	37.295708
1685512255957	1685512255948	-8.296	-2.452	-0.491	1.753	-0.833	-2.602	0.929	0.845	1.159	126.974693	37.295708
1685512255967	1685512255957	-8.401	-2.387	-0.520	1.690	-0.801	-2.406	0.740	1.188	1.020	126.974693	37.295708
1685512255976	1685512255967	-8.428	-2.435	-0.503	1.593	-0.764	-2.199	0.627	1.427	0.697	126.974693	37.295708
1685512255986	1685512255978	-8.566	-2.478	-0.627	1.483	-0.723	-1.979	0.464	1.664	0.508	126.974693	37.295708
1685512255997	1685512255986	-8.782	-2.294	-0.632	1.372	-0.672	-1.758	0.376	1.786	0.366	126.974693	37.295708
1685512256008	1685512255998	-9.072	-2.423	-0.630	1.262	-0.597	-1.539	0.180	1.887	0.101	126.974693	37.295708
1685512256015	1685512256008	-9.474	-2.629	-0.443	1.153	-0.529	-1.315	-0.091	2.207	-0.043	126.974693	37.295708
1685512256026	1685512256016	-9.943	-2.792	-0.376	1.058	-0.458	-1.084	-0.419	2.160	-0.141	126.974693	37.295708
1685512256035	1685512256026	-10.221	-2.667	-0.460	0.977	-0.379	-0.842	-0.874	2.061	-0.081	126.974693	37.295708
1685512256045	1685512256036	-10.118	-2.531	-0.675	0.902	-0.314	-0.601	-1.348	1.913	-0.072	126.974693	37.295708
1685512256056	1685512256046	-9.969	-2.294	-0.754	0.805	-0.285	-0.376	-1.630	2.052	-0.235	126.974693	37.295708
1685512256067	1685512256056	-9.847	-2.298	-0.831	0.655	-0.253	-0.195	-1.516	2.169	-0.505	126.974693	37.295708
1685512256076	1685512256067	-9.991	-2.600	-0.812	0.440	-0.182	-0.070	-1.386	2.442	-0.654	126.974693	37.295708
1685512256087	1685512256077	-10.566	-2.756	-0.759	0.188	-0.073	0.031	-1.245	2.401	-0.766	126.974693	37.295708
1685512256096	1685512256087	-11.581	-2.782	-0.692	-0.026	0.084	0.138	-1.367	2.061	-0.778	126.974693	37.295708
1685512256108	1685512256097	-12.498	-3.062	-0.666	-0.158	0.276	0.269	-1.918	1.860	-0.728	126.974693	37.295708
1685512256116	1685512256108	-13.012	-3.575	-0.622	-0.209	0.470	0.447	-2.911	1.793	-0.644	126.974693	37.295708
1685512256127	1685512256116	-12.895	-3.699	-0.567	-0.170	0.671	0.700	-3.812	1.482	-0.584	126.974693	37.295708
1685512256136	1685512256128	-12.055	-3.670	-0.342	-0.066	0.850	1.009	-4.305	0.927	-0.486	126.974693	37.295708
1685512256146	1685512256136	-10.623	-3.522	-0.026	0.079	0.981	1.312	-4.161	0.747	-0.371	126.974693	37.295708
1685512256156	1685512256146	-9.596	-3.467	0.400	0.233	1.064	1.536	-3.273	0.678	-0.060	126.974693	37.295708
1685512256166	1685512256156	-9.301	-3.352	0.788	0.381	1.168	1.642	-1.793	0.723	0.328	126.974693	37.295708
1685512256176	1685512256166	-9.795	-3.361	1.034	0.533	1.332	1.637	-0.706	0.642	0.840	126.974693	37.295708
1685512256187	1685512256176	-10.697	-3.510	1.396	0.729	1.514	1.565	-0.352	0.613	1.317	126.974693	37.295708
1685512256196	1685512256187	-11.571	-3.615	1.788	1.020	1.684	1.511	-0.788	0.460	1.662	126.974693	37.295708
1685512256207	1685512256196	-12.163	-3.433	1.755	1.388	1.790	1.517	-1.642	0.175	2.133	126.974693	37.295708
1685512256216	1685512256207	-12.306	-2.971	1.554	1.757	1.802	1.564	-2.471	-0.069	2.653	126.974693	37.295708
1685512256226	1685512256216	-12.081	-2.485	1.209	2.026	1.743	1.633	-3.031	-0.002	2.722	126.974693	37.295708
1685512256236	1685512256226	-11.509	-2.150	0.986	2.103	1.636	1.709	-3.136	0.321	2.638	126.974693	37.295708
1685512256254	1685512256236	-10.918	-1.721	0.685	1.946	1.492	1.743	-2.883	0.692	2.377	126.974709	37.295723
1685512256256	1685512256254	-10.321	-1.489	0.555	1.541	1.356	1.724	-2.274	0.895	2.241	126.974709	37.295723
1685512256266	1685512256256	-9.756	-1.820	0.630	0.911	1.257	1.671	-1.652	1.188	2.018	126.974709	37.295723
1685512256276	1685512256266	-9.294	-2.172	0.840	0.156	1.179	1.599	-1.022	1.269	1.980	126.974709	37.295723
1685512256286	1685512256276	-8.842	-2.332	1.152	-0.560	1.124	1.515	-0.433	0.809	2.138	126.974709	37.295723
1685512256296	1685512256286	-8.420	-2.579	1.267	-1.129	1.053	1.445	0.050	0.311	2.454	126.974709	37.295723
1685512256308	1685512256296	-7.966	-2.940	1.633	-1.533	0.965	1.405	0.520	0.000	2.885	126.974709	37.295723
1685512256316	1685512256308	-7.597	-3.242	1.786	-1.723	0.915	1.387	0.955	-0.402	3.124	126.974709	37.295723
1685512256328	1685512256317	-7.307	-3.345	1.729	-1.712	0.855	1.363	1.422	-0.924	3.613	126.974709	37.295723
1685512256337	1685512256328	-7.032	-3.316	1.781	-1.538	0.805	1.349	1.800	-1.425	3.910	126.974709	37.295723
1685512256348	1685512256337	-6.871	-3.208	1.817	-1.277	0.773	1.356	2.093	-1.659	3.941	126.974709	37.295723
1685512256358	1685512256348	-6.828	-3.026	1.877	-0.964	0.757	1.377	2.373	-1.793	4.094	126.974709	37.295723
1685512256369	1685512256359	-6.941	-2.907	1.817	-0.682	0.777	1.388	2.533	-1.844	4.221	126.974709	37.295723
1685512256379	1685512256369	-7.168	-2.842	1.846	-0.490	0.803	1.390	2.576	-1.815	4.365	126.974709	37.295723
1685512256388	1685512256379	-7.475	-2.684	1.812	-0.396	0.828	1.394	2.459	-1.841	4.384	126.974709	37.295723
1685512256399	1685512256388	-7.774	-2.835	1.863	-0.382	0.848	1.395	2.224	-1.935	4.501	126.974709	37.295723
1685512256409	1685512256400	-8.303	-2.916	1.927	-0.420	0.853	1.387	1.908	-1.903	4.542	126.974709	37.295723
1685512256418	1685512256410	-8.571	-2.873	2.042	-0.497	0.844	1.367	1.595	-2.198	4.673	126.974709	37.295723
1685512256429	1685512256418	-8.717	-2.885	1.992	-0.599	0.803	1.357	1.049	-2.421	4.820	126.974709	37.295723
1685512256438	1685512256430	-8.770	-3.146	1.908	-0.721	0.735	1.362	0.761	-2.533	5.025	126.974709	37.295723
1685512256448	1685512256439	-8.837	-3.175	1.863	-0.859	0.673	1.366	0.596	-2.677	5.042	126.974709	37.295723
1685512256457	1685512256449	-8.950	-3.187	1.884	-0.997	0.632	1.361	0.520	-3.100	5.035	126.974709	37.295723
1685512256467	1685512256459	-9.163	-3.464	1.958	-1.148	0.595	1.351	0.433	-3.268	5.047	126.974709	37.295723
1685512256476	1685512256468	-9.251	-3.639	1.911	-1.310	0.569	1.343	0.299	-3.438	5.124	126.974709	37.295723
1685512256488	1685512256476	-9.333	-3.709	1.906	-1.440	0.544	1.319	0.062	-3.879	5.250	126.974709	37.295723
1685512256498	1685512256488	-9.323	-3.747	1.791	-1.543	0.507	1.285	-0.034	-4.185	5.205	126.974709	37.295723
1685512256509	1685512256498	-9.474	-3.912	1.709	-1.633	0.456	1.253	-0.117	-4.379	5.188	126.974709	37.295723
1685512256519	1685512256509	-9.625	-4.070	1.719	-1.713	0.418	1.214	-0.113	-4.551	5.052	126.974709	37.295723
1685512256528	1685512256519	-9.862	-4.195	1.674	-1.791	0.391	1.163	-0.261	-4.817	4.942	126.974709	37.295723
1685512256539	1685512256529	-10.118	-4.434	1.757	-1.853	0.389	1.118	-0.419	-5.114	4.930	126.974709	37.295723
1685512256550	1685512256540	-10.343	-4.662	2.028	-1.895	0.401	1.092	-0.663	-5.349	4.863	126.974709	37.295723
1685512256561	1685512256550	-10.374	-4.760	2.059	-1.910	0.421	1.084	-0.931	-5.722	4.932	126.974709	37.295723
1685512256570	1685512256561	-10.226	-4.803	2.064	-1.879	0.442	1.093	-1.176	-6.091	5.198	126.974709	37.295723
1685512256584	1685512256570	-10.151	-5.028	2.126	-1.790	0.473	1.117	-1.238	-6.361	5.236	126.974709	37.295723
1685512256588	1685512256584	-10.206	-5.152	2.195	-1.625	0.496	1.139	-1.118	-6.548	5.248	126.974709	37.295723
1685512256598	1685512256588	-10.764	-5.365	2.054	-1.416	0.511	1.139	-1.085	-6.948	5.322	126.974709	37.295723
1685512256612	1685512256599	-11.614	-5.653	1.932	-1.211	0.517	1.115	-1.173	-7.211	5.404	126.974709	37.295723
1685512256619	1685512256613	-12.514	-5.787	1.958	-1.047	0.540	1.086	-1.776	-7.587	5.279	126.974709	37.295723
1685512256629	1685512256620	-13.132	-5.964	1.908	-0.903	0.578	1.062	-2.665	-8.001	5.174	126.974709	37.295723
1685512256639	1685512256629	-13.379	-5.947	1.803	-0.728	0.584	1.053	-3.622	-8.305	5.229	126.974709	37.295723
1685512256649	1685512256640	-12.917	-6.220	2.131	-0.577	0.534	1.049	-4.271	-8.569	5.198	126.974709	37.295723
1685512256659	1685512256650	-11.923	-6.381	2.303	-0.475	0.425	1.029	-4.571	-8.681	5.128	126.974709	37.295723
1685512256670	1685512256659	-10.774	-6.203	2.227	-0.351	0.299	0.960	-4.152	-9.055	5.485	126.974709	37.295723
1685512256680	1685512256670	-9.953	-6.179	2.397	-0.199	0.176	0.834	-3.206	-9.330	5.684	126.974709	37.295723
1685512256692	1685512256681	-9.450	-6.201	2.567	-0.049	0.056	0.643	-2.095	-9.249	5.622	126.974709	37.295723
1685512256701	1685512256692	-9.852	-6.163	2.638	0.105	-0.038	0.369	-1.310	-9.313	5.801	126.974709	37.295723
1685512256713	1685512256702	-10.613	-6.378	2.617	0.281	-0.077	0.029	-0.826	-9.385	5.974	126.974709	37.295723
1685512256720	1685512256713	-11.346	-6.383	2.382	0.472	-0.090	-0.316	-1.238	-9.376	6.048	126.974709	37.295723
1685512256732	1685512256721	-12.031	-6.409	2.164	0.681	-0.122	-0.601	-1.999	-9.584	6.029	126.974709	37.295723
1685512256742	1685512256733	-12.371	-6.311	1.788	0.900	-0.192	-0.816	-2.717	-9.541	5.801	126.974709	37.295723
1685512256752	1685512256742	-12.438	-6.177	1.429	1.133	-0.304	-0.979	-3.381	-9.500	5.593	126.974709	37.295723
1685512256765	1685512256752	-12.400	-5.942	1.164	1.343	-0.420	-1.114	-3.687	-9.290	5.229	126.974709	37.295723
1685512256771	1685512256765	-12.330	-5.669	0.795	1.480	-0.531	-1.234	-3.718	-9.043	4.875	126.974709	37.295723
1685512256787	1685512256772	-11.976	-5.394	0.632	1.566	-0.607	-1.351	-3.634	-8.665	4.609	126.974709	37.295723
1685512256790	1685512256787	-11.435	-5.083	0.476	1.615	-0.673	-1.469	-3.515	-8.234	4.233	126.974709	37.295723
1685512256799	1685512256790	-10.872	-4.645	0.335	1.621	-0.740	-1.588	-3.105	-7.784	4.056	126.974709	37.295723
1685512256811	1685512256799	-10.259	-4.501	0.378	1.571	-0.801	-1.725	-2.507	-7.288	3.876	126.974709	37.295723
1685512256820	1685512256812	-9.708	-4.386	0.362	1.482	-0.867	-1.879	-1.879	-6.632	3.699	126.974709	37.295723
1685512256831	1685512256820	-9.275	-4.161	0.287	1.381	-0.926	-2.051	-1.214	-6.302	3.704	126.974709	37.295723
1685512256839	1685512256832	-8.909	-4.087	0.204	1.271	-0.970	-2.228	-0.596	-5.945	3.630	126.974709	37.295723
1685512256851	1685512256840	-8.710	-3.958	0.182	1.161	-1.004	-2.391	-0.110	-5.509	3.496	126.974709	37.295723
1685512256860	1685512256852	-8.576	-3.895	0.206	1.075	-1.024	-2.539	0.314	-5.191	3.340	126.974709	37.295723
1685512256870	1685512256860	-8.523	-3.936	0.232	1.023	-1.025	-2.678	0.565	-4.803	3.235	126.974709	37.295723
1685512256879	1685512256871	-8.550	-3.869	0.141	1.009	-1.029	-2.798	0.754	-4.446	3.163	126.974709	37.295723
1685512256890	1685512256880	-8.533	-3.833	0.093	1.042	-1.023	-2.888	0.843	-4.235	3.108	126.974709	37.295723
1685512256900	1685512256890	-8.598	-3.752	-0.086	1.122	-1.015	-2.937	0.850	-3.876	2.921	126.974709	37.295723
1685512256912	1685512256900	-8.610	-3.536	-0.172	1.238	-0.996	-2.946	0.891	-3.541	2.775	126.974709	37.295723
1685512256920	1685512256913	-8.684	-3.467	-0.213	1.368	-0.968	-2.917	0.840	-3.153	2.495	126.974709	37.295723
1685512256931	1685512256921	-8.535	-3.417	-0.271	1.500	-0.951	-2.861	0.833	-2.605	2.289	126.974709	37.295723
1685512256940	1685512256931	-8.612	-3.299	-0.366	1.621	-0.938	-2.788	0.749	-2.136	2.093	126.974709	37.295723
1685512256950	1685512256941	-8.875	-3.158	-0.424	1.724	-0.898	-2.689	0.883	-1.805	1.913	126.974709	37.295723
1685512256963	1685512256950	-8.945	-3.108	-0.443	1.795	-0.849	-2.563	0.778	-1.348	1.657	126.974709	37.295723
1685512256985	1685512256963	-9.155	-3.077	-0.479	1.824	-0.812	-2.426	0.476	-0.874	1.429	126.974709	37.295723
1685512256987	1685512256985	-9.428	-2.981	-0.622	1.822	-0.781	-2.280	0.357	-0.508	1.228	126.974709	37.295723
1685512256989	1685512256987	-9.663	-2.684	-0.761	1.797	-0.753	-2.122	0.091	-0.182	1.003	126.974709	37.295723
1685512256999	1685512256990	-9.821	-2.705	-0.737	1.735	-0.749	-1.963	-0.242	0.192	0.666	126.974709	37.295723
1685512257011	1685512257000	-9.910	-2.679	-0.749	1.632	-0.778	-1.807	-0.529	0.690	0.371	126.974709	37.295723
1685512257022	1685512257013	-9.941	-2.579	-0.838	1.472	-0.826	-1.663	-0.740	0.857	0.239	126.974709	37.295723
1685512257032	1685512257022	-9.883	-2.394	-1.022	1.258	-0.858	-1.533	-0.879	1.044	0.081	126.974709	37.295723
1685512257039	1685512257032	-9.778	-2.373	-1.099	0.993	-0.881	-1.415	-0.960	1.298	-0.156	126.974709	37.295723
1685512257050	1685512257039	-9.790	-2.574	-1.068	0.684	-0.902	-1.310	-0.941	1.583	-0.457	126.974709	37.295723
1685512257060	1685512257050	-9.859	-2.686	-0.924	0.367	-0.878	-1.228	-0.879	1.717	-0.661	126.974709	37.295723
1685512257071	1685512257061	-9.993	-2.813	-0.862	0.089	-0.800	-1.159	-0.919	1.587	-0.718	126.974709	37.295723
1685512257080	1685512257073	-9.967	-2.964	-0.903	-0.117	-0.721	-1.071	-1.022	1.547	-0.656	126.974709	37.295723
1685512257092	1685512257080	-10.060	-3.089	-0.922	-0.253	-0.646	-0.957	-1.188	1.489	-0.656	126.974709	37.295723
1685512257100	1685512257093	-10.183	-3.194	-0.972	-0.324	-0.538	-0.833	-1.192	1.403	-0.745	126.974709	37.295723
1685512257110	1685512257100	-10.372	-3.098	-1.068	-0.336	-0.420	-0.716	-1.314	1.338	-0.800	126.974709	37.295723
1685512257118	1685512257110	-10.623	-3.079	-1.058	-0.294	-0.301	-0.594	-1.468	1.293	-0.876	126.974709	37.295723
1685512257153	1685512257118	-10.927	-3.055	-1.094	-0.227	-0.175	-0.454	-1.678	1.429	-0.986	126.974709	37.295723
1685512257153	1685512257153	-11.451	-3.127	-1.063	-0.158	-0.039	-0.310	-1.954	1.499	-0.986	126.974709	37.295723
1685512257153	1685512257153	-11.866	-2.983	-1.154	-0.104	0.101	-0.151	-2.277	1.559	-1.027	126.974709	37.295723
1685512257158	1685512257154	-11.995	-2.945	-1.120	-0.070	0.254	0.045	-2.816	1.513	-0.991	126.974709	37.295723
1685512257168	1685512257158	-11.801	-2.964	-1.061	-0.053	0.396	0.291	-3.237	1.669	-1.068	126.974709	37.295723
1685512257177	1685512257169	-11.344	-2.983	-0.781	-0.049	0.500	0.566	-3.364	1.702	-1.008	126.974709	37.295723
1685512257188	1685512257177	-10.807	-3.038	-0.457	-0.064	0.600	0.817	-3.160	1.662	-0.915	126.974709	37.295723
1685512257197	1685512257188	-10.082	-2.923	-0.204	-0.070	0.715	1.020	-2.677	1.592	-0.589	126.974709	37.295723
1685512257209	1685512257197	-9.349	-2.835	-0.002	-0.043	0.826	1.184	-2.105	1.468	-0.211	126.974709	37.295723
1685512257217	1685512257210	-8.789	-2.789	0.364	0.006	0.918	1.300	-1.336	1.492	0.105	126.974709	37.295723
1685512257227	1685512257217	-8.449	-2.715	0.690	0.075	1.001	1.356	-0.553	1.477	0.381	126.974709	37.295723
1685512257237	1685512257227	-9.062	-2.531	0.740	0.175	1.084	1.345	0.067	1.386	0.845	126.974709	37.295723
1685512257247	1685512257237	-10.032	-2.337	0.757	0.315	1.203	1.278	0.448	1.362	1.240	126.974709	37.295723
1685512257257	1685512257248	-11.059	-2.212	0.749	0.472	1.333	1.213	-0.117	1.429	1.379	126.974709	37.295723
1685512257268	1685512257257	-11.827	-2.011	0.654	0.597	1.405	1.188	-1.044	1.511	1.492	126.974709	37.295723
1685512257281	1685512257269	-11.911	-1.743	0.572	0.667	1.403	1.211	-2.037	1.530	1.587	126.974701	37.295734
1685512257289	1685512257281	-11.562	-1.717	0.503	0.678	1.329	1.294	-2.775	1.628	1.597	126.974701	37.295734
1685512257297	1685512257289	-11.054	-1.472	0.223	0.597	1.207	1.409	-2.825	1.784	1.628	126.974701	37.295734
1685512257308	1685512257297	-10.508	-1.317	0.156	0.392	1.101	1.517	-2.449	1.709	1.647	126.974701	37.295734
1685512257317	1685512257308	-10.005	-1.477	0.251	0.082	1.018	1.596	-1.908	1.834	1.456	126.974701	37.295734
1685512257328	1685512257317	-9.495	-1.566	0.450	-0.285	0.959	1.615	-1.326	1.856	1.477	126.974701	37.295734
1685512257337	1685512257328	-9.019	-1.647	0.603	-0.643	0.936	1.588	-0.785	1.535	1.674	126.974701	37.295734
1685512257348	1685512257337	-8.516	-1.856	0.730	-0.960	0.919	1.574	-0.244	1.307	1.958	126.974701	37.295734
1685512257359	1685512257348	-8.025	-2.105	0.802	-1.225	0.889	1.585	0.263	1.053	2.229	126.974701	37.295734
1685512257369	1685512257359	-7.760	-2.296	1.010	-1.411	0.898	1.596	0.788	0.699	2.454	126.974701	37.295734
1685512257379	1685512257369	-7.568	-2.519	1.221	-1.503	0.905	1.592	1.302	0.280	2.638	126.974701	37.295734
1685512257390	1685512257379	-7.451	-2.825	1.271	-1.504	0.911	1.587	1.590	-0.086	2.964	126.974701	37.295734
1685512257400	1685512257390	-7.446	-3.038	1.355	-1.416	0.927	1.596	1.796	-0.488	3.292	126.974701	37.295734
1685512257411	1685512257400	-7.472	-3.021	1.362	-1.263	0.949	1.616	1.925	-0.974	3.457	126.974701	37.295734
1685512257419	1685512257411	-7.479	-3.232	1.578	-1.080	0.969	1.646	1.937	-1.389	3.663	126.974701	37.295734
1685512257429	1685512257419	-7.714	-3.280	1.585	-0.878	0.974	1.677	1.913	-1.535	3.768	126.974701	37.295734
1685512257440	1685512257430	-7.829	-3.191	1.599	-0.679	0.968	1.691	1.906	-1.944	4.101	126.974701	37.295734
1685512257451	1685512257440	-7.839	-3.297	1.563	-0.530	0.965	1.688	1.666	-2.155	4.199	126.974701	37.295734
1685512257460	1685512257451	-8.059	-3.395	1.451	-0.443	0.952	1.693	1.542	-2.243	4.312	126.974701	37.295734
1685512257471	1685512257460	-8.236	-3.431	1.448	-0.417	0.941	1.696	1.520	-2.521	4.372	126.974701	37.295734
1685512257480	1685512257471	-8.562	-3.452	1.422	-0.450	0.930	1.674	1.281	-2.825	4.369	126.974701	37.295734
1685512257491	1685512257480	-8.861	-3.606	1.542	-0.533	0.916	1.646	1.089	-2.998	4.439	126.974701	37.295734
1685512257501	1685512257492	-9.158	-3.759	1.554	-0.656	0.897	1.629	0.742	-3.187	4.501	126.974701	37.295734
1685512257515	1685512257502	-9.369	-3.850	1.523	-0.792	0.869	1.615	0.421	-3.498	4.690	126.974701	37.295734
1685512257523	1685512257515	-9.531	-3.970	1.571	-0.926	0.832	1.588	0.103	-3.819	4.767	126.974701	37.295734
1685512257532	1685512257523	-9.471	-4.238	1.674	-1.046	0.777	1.558	-0.120	-4.034	4.772	126.974701	37.295734
1685512257542	1685512257533	-9.450	-4.460	1.767	-1.137	0.716	1.528	-0.306	-4.343	4.870	126.974701	37.295734
1685512257553	1685512257543	-9.543	-4.494	1.820	-1.197	0.662	1.486	-0.247	-4.683	4.966	126.974701	37.295734
1685512257566	1685512257553	-9.433	-4.611	1.662	-1.228	0.613	1.426	-0.239	-5.049	5.073	126.974701	37.295734
1685512257595	1685512257567	-9.390	-4.640	1.724	-1.245	0.563	1.360	-0.342	-5.200	5.131	126.974701	37.295734
1685512257596	1685512257595	-9.476	-4.611	1.666	-1.268	0.514	1.290	-0.251	-5.471	4.992	126.974701	37.295734
1685512257596	1685512257596	-9.608	-4.853	1.791	-1.295	0.476	1.205	-0.225	-5.622	5.066	126.974701	37.295734
1685512257602	1685512257597	-9.811	-5.148	2.045	-1.302	0.463	1.098	-0.338	-5.760	5.028	126.974701	37.295734
1685512257612	1685512257603	-10.209	-5.349	2.081	-1.271	0.470	0.996	-0.486	-6.108	5.160	126.974701	37.295734
1685512257623	1685512257613	-10.484	-5.349	2.215	-1.183	0.485	0.909	-0.718	-6.551	5.432	126.974701	37.295734
1685512257631	1685512257623	-10.537	-5.310	2.169	-1.051	0.494	0.833	-1.147	-6.883	5.492	126.974701	37.295734
1685512257642	1685512257631	-10.396	-5.277	2.071	-0.908	0.454	0.768	-1.456	-7.020	5.653	126.974701	37.295734
1685512257650	1685512257642	-10.269	-5.260	1.970	-0.776	0.379	0.701	-1.537	-7.080	5.631	126.974701	37.295734
1685512257659	1685512257650	-10.393	-5.250	1.729	-0.673	0.302	0.617	-1.429	-7.159	5.559	126.974701	37.295734
1685512257672	1685512257660	-10.910	-5.267	1.635	-0.606	0.239	0.509	-1.326	-7.221	5.476	126.974701	37.295734
1685512257680	1685512257673	-11.665	-5.401	1.865	-0.588	0.220	0.384	-1.472	-7.290	5.248	126.974701	37.295734
1685512257692	1685512257680	-12.256	-5.602	1.896	-0.600	0.236	0.248	-2.009	-7.374	5.164	126.974701	37.295734
1685512257701	1685512257692	-12.380	-5.756	1.863	-0.600	0.230	0.133	-2.780	-7.563	5.401	126.974701	37.295734
1685512257712	1685512257701	-12.186	-5.906	2.004	-0.585	0.170	0.066	-3.385	-7.807	5.440	126.974701	37.295734
1685512257722	1685512257713	-11.384	-6.084	2.167	-0.549	0.090	0.043	-3.522	-7.999	5.413	126.974701	37.295734
1685512257733	1685512257722	-10.424	-6.033	2.018	-0.440	-0.001	0.029	-3.335	-8.174	5.557	126.974701	37.295734
1685512257742	1685512257733	-9.692	-5.895	1.882	-0.277	-0.123	-0.022	-2.535	-8.375	5.715	126.974701	37.295734
1685512257754	1685512257742	-9.620	-5.844	1.781	-0.131	-0.244	-0.133	-1.578	-8.341	5.557	126.974701	37.295734
1685512257769	1685512257754	-10.185	-5.935	1.820	-0.024	-0.298	-0.309	-0.838	-8.210	5.404	126.974701	37.295734
1685512257772	1685512257770	-11.226	-6.148	1.937	0.090	-0.280	-0.541	-0.757	-8.152	5.277	126.974701	37.295734
1685512257795	1685512257772	-12.103	-6.388	1.961	0.269	-0.246	-0.775	-1.302	-8.215	5.286	126.974701	37.295734
1685512257796	1685512257795	-12.756	-6.500	1.822	0.522	-0.233	-0.959	-2.325	-8.382	5.382	126.974701	37.295734
1685512257800	1685512257796	-12.998	-6.366	1.504	0.814	-0.261	-1.076	-3.175	-8.543	5.392	126.974701	37.295734
1685512257815	1685512257800	-13.147	-6.280	1.149	1.114	-0.345	-1.142	-3.800	-8.552	5.241	126.974701	37.295734
1685512257820	1685512257815	-13.118	-6.179	0.800	1.392	-0.447	-1.184	-4.013	-8.294	4.915	126.974701	37.295734
1685512257831	1685512257821	-13.190	-5.892	0.577	1.611	-0.545	-1.241	-4.128	-8.066	4.551	126.974701	37.295734
1685512257842	1685512257831	-13.144	-5.708	0.347	1.758	-0.634	-1.349	-4.056	-7.781	4.180	126.974701	37.295734
1685512257851	1685512257842	-12.845	-5.387	0.251	1.820	-0.716	-1.489	-4.099	-7.360	3.938	126.974701	37.295734
1685512257861	1685512257851	-12.321	-5.160	0.175	1.800	-0.803	-1.636	-4.013	-6.993	3.675	126.974701	37.295734
1685512257872	1685512257861	-11.787	-4.867	0.189	1.725	-0.904	-1.778	-3.673	-6.476	3.536	126.974701	37.295734
1685512257880	1685512257873	-11.210	-4.575	0.072	1.616	-0.990	-1.932	-3.105	-6.038	3.402	126.974701	37.295734
1685512257890	1685512257881	-10.822	-4.319	0.055	1.480	-1.046	-2.116	-2.528	-5.528	3.347	126.974701	37.295734
1685512257901	1685512257891	-10.482	-4.183	0.156	1.319	-1.095	-2.330	-1.906	-4.982	3.139	126.974701	37.295734
1685512257912	1685512257901	-10.187	-4.089	0.065	1.150	-1.133	-2.556	-1.484	-4.508	3.038	126.974701	37.295734
1685512257920	1685512257914	-10.025	-4.104	0.067	0.993	-1.157	-2.771	-1.111	-4.116	3.036	126.974701	37.295734
1685512257934	1685512257921	-9.898	-3.996	0.050	0.864	-1.170	-2.963	-0.790	-3.749	2.837	126.974701	37.295734
1685512257942	1685512257934	-9.936	-3.955	-0.031	0.772	-1.175	-3.130	-0.608	-3.448	2.715	126.974701	37.295734
1685512257951	1685512257942	-9.852	-3.931	-0.067	0.734	-1.177	-3.271	-0.474	-3.069	2.593	126.974701	37.295734
1685512257966	1685512257953	-9.867	-3.766	-0.148	0.757	-1.178	-3.382	-0.520	-2.682	2.380	126.974701	37.295734
1685512257970	1685512257966	-9.819	-3.692	-0.204	0.834	-1.174	-3.460	-0.453	-2.365	2.234	126.974701	37.295734
1685512257982	1685512257970	-9.797	-3.651	-0.290	0.943	-1.164	-3.498	-0.498	-1.865	2.030	126.974701	37.295734
1685512257994	1685512257982	-9.845	-3.433	-0.438	1.073	-1.142	-3.499	-0.498	-1.451	1.846	126.974701	37.295734
1685512257999	1685512257994	-9.728	-3.218	-0.481	1.213	-1.107	-3.464	-0.536	-1.065	1.630	126.974701	37.295734
1685512258009	1685512257999	-9.618	-3.136	-0.594	1.344	-1.074	-3.394	-0.661	-0.505	1.346	126.974701	37.295734
1685512258019	1685512258009	-9.534	-2.990	-0.608	1.445	-1.047	-3.301	-0.639	0.079	1.152	126.974701	37.295734
1685512258029	1685512258019	-9.392	-2.942	-0.611	1.513	-1.027	-3.191	-0.620	0.455	0.910	126.974701	37.295734
1685512258039	1685512258030	-9.318	-2.751	-0.757	1.549	-1.002	-3.054	-0.656	0.948	0.733	126.974701	37.295734
1685512258051	1685512258039	-9.177	-2.629	-0.804	1.555	-0.974	-2.888	-0.620	1.267	0.591	126.974701	37.295734
1685512258060	1685512258052	-9.052	-2.543	-0.910	1.528	-0.942	-2.707	-0.668	1.743	0.292	126.974701	37.295734
1685512258071	1685512258060	-8.863	-2.507	-0.881	1.464	-0.918	-2.529	-0.646	2.121	0.086	126.974701	37.295734
1685512258080	1685512258071	-8.882	-2.452	-0.809	1.374	-0.897	-2.345	-0.649	2.454	-0.192	126.974701	37.295734
1685512258092	1685512258080	-8.811	-2.385	-0.874	1.267	-0.877	-2.154	-0.553	2.662	-0.299	126.974701	37.295734
1685512258100	1685512258092	-8.803	-2.251	-0.802	1.146	-0.861	-1.966	-0.666	2.878	-0.371	126.974701	37.295734
1685512258112	1685512258102	-8.861	-2.294	-0.728	1.013	-0.822	-1.784	-0.678	3.079	-0.570	126.974701	37.295734
1685512258119	1685512258114	-8.918	-2.315	-0.737	0.864	-0.781	-1.599	-0.740	3.321	-0.620	126.974701	37.295734
1685512258129	1685512258120	-8.866	-2.198	-0.735	0.707	-0.732	-1.417	-0.855	3.361	-0.654	126.974701	37.295734
1685512258139	1685512258130	-8.815	-2.215	-0.742	0.562	-0.670	-1.232	-0.974	3.428	-0.778	126.974701	37.295734
1685512258149	1685512258139	-8.839	-2.291	-0.702	0.425	-0.616	-1.040	-0.939	3.570	-0.836	126.974701	37.295734
1685512258160	1685512258149	-8.866	-2.222	-0.721	0.290	-0.563	-0.858	-0.915	3.589	-0.910	126.974701	37.295734
1685512258171	1685512258160	-9.038	-2.356	-0.761	0.151	-0.492	-0.695	-0.958	3.536	-0.922	126.974701	37.295734
1685512258180	1685512258171	-9.050	-2.272	-0.816	0.013	-0.413	-0.542	-0.996	3.618	-0.984	126.974701	37.295734
1685512258190	1685512258180	-9.349	-2.349	-0.871	-0.117	-0.329	-0.381	-1.171	3.486	-1.053	126.974701	37.295734
1685512258198	1685512258190	-10.089	-2.349	-0.891	-0.239	-0.221	-0.216	-1.180	3.565	-1.128	126.974701	37.295734
1685512258210	1685512258199	-11.111	-2.480	-0.919	-0.354	-0.075	-0.046	-1.460	3.464	-1.180	126.974701	37.295734
1685512258218	1685512258210	-12.112	-2.468	-1.003	-0.435	0.103	0.143	-2.172	3.426	-1.180	126.974701	37.295734
1685512258229	1685512258219	-12.555	-2.670	-1.168	-0.461	0.294	0.389	-3.151	3.235	-1.171	126.974701	37.295734
1685512258238	1685512258230	-12.230	-2.672	-1.073	-0.450	0.446	0.723	-4.142	3.235	-1.219	126.974701	37.295734
1685512258255	1685512258239	-11.047	-2.763	-0.682	-0.434	0.564	1.136	-4.563	3.007	-1.341	126.974716	37.295750
1685512258264	1685512258255	-9.646	-2.801	-0.345	-0.456	0.617	1.558	-4.192	2.940	-1.178	126.974716	37.295750
1685512258268	1685512258264	-8.756	-2.921	-0.010	-0.492	0.660	1.892	-2.952	2.768	-0.723	126.974716	37.295750
1685512258278	1685512258269	-8.586	-2.921	0.347	-0.490	0.790	2.065	-1.465	2.602	-0.311	126.974716	37.295750
1685512258290	1685512258279	-9.175	-2.813	0.579	-0.441	0.970	2.076	-0.474	2.327	0.103	126.974716	37.295750
1685512258299	1685512258290	-10.259	-2.969	0.891	-0.330	1.146	1.980	-0.189	2.136	0.560	126.974716	37.295750
1685512258310	1685512258299	-11.471	-3.098	1.216	-0.131	1.329	1.864	-0.687	2.085	0.886	126.974716	37.295750
1685512258318	1685512258310	-12.289	-3.148	1.281	0.130	1.478	1.820	-1.664	1.724	1.334	126.974716	37.295750
1685512258329	1685512258319	-12.644	-2.926	1.156	0.428	1.536	1.883	-2.811	1.465	1.755	126.974716	37.295750
1685512258338	1685512258329	-12.297	-2.567	0.893	0.716	1.521	2.035	-3.543	1.226	1.968	126.974716	37.295750
1685512258350	1685512258339	-11.691	-2.330	0.737	0.921	1.444	2.228	-3.843	1.319	1.937	126.974716	37.295750
1685512258358	1685512258350	-11.171	-2.126	0.651	0.960	1.343	2.373	-3.417	1.487	1.788	126.974716	37.295750
1685512258369	1685512258360	-10.712	-2.045	0.606	0.817	1.253	2.410	-2.744	1.554	1.717	126.974716	37.295750
1685512258379	1685512258369	-10.446	-1.915	0.584	0.539	1.212	2.366	-2.133	1.513	1.731	126.974716	37.295750
1685512258389	1685512258379	-10.082	-1.949	0.637	0.160	1.199	2.307	-1.616	1.427	1.753	126.974716	37.295750
1685512258399	1685512258389	-9.627	-2.184	0.804	-0.281	1.179	2.257	-1.279	1.326	1.834	126.974716	37.295750
1685512258411	1685512258399	-9.321	-2.428	0.939	-0.716	1.164	2.216	-0.862	1.104	1.980	126.974716	37.295750
1685512258419	1685512258411	-9.084	-2.629	1.092	-1.073	1.153	2.176	-0.354	0.634	2.277	126.974716	37.295750
1685512258429	1685512258419	-8.899	-2.897	1.228	-1.344	1.134	2.140	-0.005	0.172	2.540	126.974716	37.295750
1685512258439	1685512258429	-8.787	-3.091	1.202	-1.519	1.090	2.116	0.271	-0.292	2.854	126.974716	37.295750
1685512258450	1685512258439	-8.679	-3.239	1.209	-1.585	1.067	2.095	0.479	-0.740	3.098	126.974716	37.295750
1685512258461	1685512258450	-8.566	-3.280	1.262	-1.563	1.029	2.078	0.613	-1.161	3.206	126.974716	37.295750
1685512258471	1685512258461	-8.598	-3.591	1.511	-1.487	0.980	2.065	0.737	-1.539	3.342	126.974716	37.295750
1685512258482	1685512258471	-8.715	-3.589	1.472	-1.387	0.937	2.062	0.860	-1.810	3.517	126.974716	37.295750
1685512258492	1685512258482	-8.808	-3.618	1.470	-1.263	0.919	2.061	0.833	-2.351	3.879	126.974716	37.295750
1685512258501	1685512258492	-9.017	-3.598	1.393	-1.157	0.909	2.056	0.725	-2.569	3.905	126.974716	37.295750
1685512258514	1685512258501	-9.172	-3.752	1.365	-1.067	0.893	2.057	0.639	-2.768	3.938	126.974716	37.295750
1685512258523	1685512258514	-9.352	-3.804	1.226	-1.008	0.885	2.051	0.436	-2.933	3.903	126.974716	37.295750
1685512258533	1685512258523	-9.474	-3.919	1.147	-0.982	0.866	2.038	0.280	-3.266	3.912	126.974716	37.295750
1685512258543	1685512258534	-9.639	-4.027	1.082	-0.976	0.844	2.022	0.096	-3.522	3.824	126.974716	37.295750
1685512258554	1685512258543	-9.795	-4.187	1.025	-0.999	0.830	2.013	-0.031	-3.795	3.778	126.974716	37.295750
1685512258570	1685512258554	-9.898	-4.365	1.039	-1.041	0.819	2.007	-0.208	-4.106	3.766	126.974716	37.295750
1685512258571	1685512258570	-9.895	-4.606	1.123	-1.089	0.790	1.998	-0.378	-4.429	3.747	126.974716	37.295750
1685512258582	1685512258571	-9.754	-4.820	1.140	-1.136	0.762	1.977	-0.505	-4.800	3.814	126.974716	37.295750
1685512258614	1685512258582	-9.584	-4.980	1.219	-1.164	0.756	1.952	-0.529	-5.243	3.950	126.974716	37.295750
1685512258614	1685512258614	-9.493	-5.157	1.312	-1.161	0.767	1.921	-0.421	-5.665	4.025	126.974716	37.295750
1685512258615	1685512258615	-9.522	-5.308	1.453	-1.118	0.788	1.869	-0.290	-6.036	4.159	126.974716	37.295750
1685512258621	1685512258615	-9.697	-5.466	1.518	-1.023	0.827	1.796	-0.249	-6.448	4.317	126.974716	37.295750
1685512258632	1685512258624	-9.953	-5.550	1.666	-0.877	0.859	1.712	-0.323	-6.785	4.508	126.974716	37.295750
1685512258643	1685512258632	-10.314	-5.586	1.817	-0.687	0.891	1.620	-0.558	-7.159	4.640	126.974716	37.295750
1685512258652	1685512258644	-10.649	-5.832	1.994	-0.463	0.905	1.530	-0.864	-7.408	4.843	126.974716	37.295750
1685512258661	1685512258655	-10.764	-5.916	2.162	-0.214	0.899	1.455	-1.288	-7.611	5.061	126.974716	37.295750
1685512258672	1685512258663	-11.004	-5.890	2.231	0.044	0.881	1.390	-1.683	-8.011	5.310	126.974716	37.295750
1685512258683	1685512258673	-11.262	-5.765	2.172	0.277	0.854	1.337	-1.867	-8.246	5.562	126.974716	37.295750
1685512258692	1685512258683	-11.686	-5.741	2.119	0.452	0.812	1.289	-2.164	-8.329	5.703	126.974716	37.295750
1685512258702	1685512258693	-12.402	-5.835	2.136	0.539	0.772	1.224	-2.488	-8.313	5.725	126.974716	37.295750
1685512258715	1685512258702	-13.103	-5.978	2.112	0.523	0.732	1.115	-2.974	-8.384	5.756	126.974716	37.295750
1685512258723	1685512258717	-13.659	-5.880	1.954	0.447	0.696	0.977	-3.752	-8.566	5.854	126.974716	37.295750
1685512258735	1685512258723	-13.510	-5.878	2.028	0.337	0.616	0.847	-4.511	-8.787	5.906	126.974716	37.295750
1685512258742	1685512258735	-12.775	-5.918	2.085	0.180	0.424	0.733	-5.133	-8.768	5.835	126.974716	37.295750
1685512258755	1685512258744	-11.808	-5.945	2.023	-0.039	0.156	0.596	-5.023	-8.813	5.959	126.974716	37.295750
1685512258764	1685512258756	-11.009	-6.086	1.913	-0.297	-0.081	0.398	-4.326	-8.909	6.057	126.974716	37.295750
1685512258777	1685512258776	-10.333	-6.050	1.858	-0.557	-0.253	0.140	-3.383	-8.985	6.007	126.974716	37.295750
1685512258795	1685512258777	-9.876	-5.885	1.781	-0.781	-0.375	-0.143	-2.591	-9.172	5.883	126.974716	37.295750
1685512258795	1685512258795	-9.627	-6.007	1.822	-0.980	-0.501	-0.441	-1.911	-9.170	5.789	126.974716	37.295750
1685512258802	1685512258796	-9.713	-6.206	1.767	-1.118	-0.623	-0.755	-1.432	-9.026	5.650	126.974716	37.295750
1685512258813	1685512258802	-10.080	-6.335	1.647	-1.152	-0.678	-1.064	-1.154	-9.148	5.624	126.974716	37.295750
1685512258822	1685512258813	-10.544	-6.438	1.484	-1.084	-0.673	-1.337	-1.192	-9.325	5.483	126.974716	37.295750
1685512258833	1685512258823	-11.059	-6.572	1.427	-0.900	-0.644	-1.545	-1.501	-9.404	5.270	126.974716	37.295750
1685512258843	1685512258833	-11.545	-6.507	1.350	-0.612	-0.608	-1.701	-1.894	-9.424	5.006	126.974716	37.295750
1685512258853	1685512258843	-11.892	-6.431	1.235	-0.242	-0.585	-1.815	-2.349	-9.467	4.875	126.974716	37.295750
