1685512414090	1685512414089	-12.505	-6.120	1.944	-0.020	0.371	-0.117	-4.353	-7.479	2.468	126.974831	37.295078
1685512414092	1685512414090	-11.068	-5.837	1.726	0.227	0.182	-0.076	-4.053	-7.582	2.720	126.974831	37.295078
1685512414100	1685512414092	-10.252	-5.602	1.748	0.414	-0.072	-0.089	-2.799	-7.235	2.749	126.974831	37.295078
1685512414111	1685512414101	-10.630	-5.729	1.863	0.522	-0.167	-0.200	-1.362	-6.943	2.547	126.974831	37.295078
1685512414120	1685512414112	-12.100	-5.607	1.997	0.641	-0.006	-0.430	-0.543	-6.694	2.567	126.974831	37.295078
1685512414131	1685512414121	-13.604	-5.416	1.954	0.830	0.258	-0.742	-0.919	-6.800	2.672	126.974831	37.295078
1685512414140	1685512414132	-14.696	-5.195	1.630	1.054	0.442	-1.032	-2.385	-6.632	2.813	126.974831	37.295078
1685512414152	1685512414141	-15.069	-4.911	1.233	1.280	0.451	-1.253	-3.883	-6.361	2.801	126.974831	37.295078
1685512414160	1685512414152	-14.937	-4.712	0.730	1.448	0.272	-1.440	-4.970	-6.019	2.535	126.974831	37.295078
1685512414171	1685512414161	-14.607	-4.731	0.390	1.525	-0.015	-1.619	-5.339	-5.614	2.188	126.974831	37.295078
1685512414180	1685512414171	-14.327	-4.752	0.230	1.527	-0.265	-1.765	-5.200	-5.246	1.724	126.974831	37.295078
1685512414199	1685512414181	-14.025	-4.520	0.237	1.500	-0.424	-1.880	-4.863	-5.109	1.389	126.974831	37.295078
1685512414200	1685512414199	-13.561	-4.168	0.309	1.475	-0.541	-1.969	-4.575	-4.944	1.207	126.974831	37.295078
1685512414212	1685512414201	-12.730	-3.709	0.438	1.436	-0.674	-2.044	-4.266	-4.513	1.173	126.974831	37.295078
1685512414220	1685512414212	-11.715	-3.373	0.462	1.357	-0.845	-2.114	-3.800	-3.955	1.190	126.974831	37.295078
1685512414232	1685512414221	-10.757	-3.045	0.541	1.228	-0.998	-2.203	-2.969	-3.282	1.250	126.974831	37.295078
1685512414240	1685512414232	-9.924	-2.995	0.603	1.064	-1.087	-2.323	-1.961	-2.710	1.176	126.974831	37.295078
1685512414251	1685512414241	-9.143	-2.885	0.646	0.888	-1.120	-2.459	-1.010	-2.181	1.159	126.974831	37.295078
1685512414261	1685512414251	-8.581	-2.892	0.687	0.722	-1.106	-2.606	-0.196	-1.875	1.092	126.974831	37.295078
1685512414272	1685512414261	-8.193	-2.892	0.649	0.583	-1.047	-2.753	0.560	-1.547	1.027	126.974831	37.295078
1685512414281	1685512414272	-7.963	-2.950	0.625	0.485	-0.958	-2.892	1.087	-1.300	0.950	126.974815	37.295063
1685512414291	1685512414281	-7.851	-2.966	0.603	0.430	-0.856	-3.019	1.429	-1.032	0.800	126.974815	37.295063
1685512414301	1685512414291	-7.738	-2.986	0.594	0.417	-0.757	-3.123	1.597	-0.783	0.666	126.974815	37.295063
1685512414311	1685512414301	-7.685	-3.000	0.572	0.435	-0.671	-3.196	1.647	-0.541	0.560	126.974815	37.295063
1685512414321	1685512414311	-7.594	-3.062	0.493	0.486	-0.602	-3.233	1.678	-0.266	0.469	126.974815	37.295063
1685512414333	1685512414321	-7.506	-3.021	0.431	0.574	-0.545	-3.229	1.640	0.017	0.371	126.974815	37.295063
1685512414341	1685512414333	-7.503	-2.909	0.373	0.690	-0.494	-3.191	1.626	0.254	0.223	126.974815	37.295063
1685512414351	1685512414342	-7.422	-2.844	0.409	0.825	-0.461	-3.122	1.602	0.589	0.089	126.974815	37.295063
1685512414361	1685512414351	-7.321	-2.787	0.464	0.966	-0.434	-3.025	1.456	1.044	-0.050	126.974815	37.295063
1685512414371	1685512414361	-7.422	-2.677	0.541	1.102	-0.415	-2.905	1.446	1.305	-0.077	126.974815	37.295063
1685512414382	1685512414372	-7.432	-2.507	0.493	1.217	-0.400	-2.773	1.425	1.604	-0.103	126.974815	37.295063
1685512414392	1685512414383	-7.568	-2.219	0.390	1.294	-0.393	-2.633	1.190	1.958	-0.113	126.974815	37.295063
1685512414403	1685512414393	-7.585	-2.169	0.350	1.317	-0.408	-2.478	1.046	2.358	-0.251	126.974815	37.295063
1685512414411	1685512414404	-7.661	-2.126	0.424	1.296	-0.435	-2.303	0.776	2.856	-0.453	126.974815	37.295063
1685512414421	1685512414411	-7.702	-2.059	0.213	1.241	-0.464	-2.114	0.613	3.120	-0.606	126.974815	37.295063
1685512414433	1685512414422	-7.798	-1.958	0.163	1.159	-0.497	-1.917	0.421	3.318	-0.625	126.974815	37.295063
1685512414441	1685512414433	-7.925	-1.822	0.201	1.049	-0.525	-1.718	0.259	3.541	-0.941	126.974815	37.295063
1685512414452	1685512414441	-7.930	-1.788	0.273	0.902	-0.551	-1.513	0.048	3.780	-1.097	126.974815	37.295063
1685512414463	1685512414452	-8.102	-1.836	0.297	0.731	-0.577	-1.299	-0.194	4.049	-1.171	126.974815	37.295063
1685512414471	1685512414464	-8.313	-1.908	0.292	0.561	-0.578	-1.084	-0.285	4.175	-1.185	126.974815	37.295063
1685512414481	1685512414471	-8.526	-1.872	0.350	0.401	-0.564	-0.872	-0.553	4.223	-1.257	126.974815	37.295063
1685512414493	1685512414482	-8.607	-1.997	0.297	0.239	-0.562	-0.657	-0.833	4.216	-1.331	126.974815	37.295063
1685512414501	1685512414493	-8.528	-2.014	0.230	0.073	-0.558	-0.436	-1.109	4.312	-1.341	126.974815	37.295063
1685512414513	1685512414501	-8.475	-2.064	0.184	-0.087	-0.547	-0.215	-1.240	4.231	-1.451	126.974815	37.295063
1685512414521	1685512414514	-8.420	-1.973	0.048	-0.231	-0.535	-0.004	-1.199	4.245	-1.563	126.974815	37.295063
1685512414532	1685512414521	-8.760	-2.172	0.098	-0.363	-0.508	0.203	-1.168	4.211	-1.642	126.974815	37.295063
1685512414541	1685512414532	-9.297	-2.514	0.201	-0.479	-0.443	0.402	-1.125	4.310	-1.808	126.974815	37.295063
1685512414551	1685512414541	-10.101	-2.737	0.316	-0.578	-0.324	0.591	-1.463	4.104	-1.769	126.974815	37.295063
1685512414561	1685512414552	-10.836	-2.825	0.376	-0.629	-0.172	0.775	-1.980	3.737	-1.669	126.974815	37.295063
1685512414572	1685512414561	-11.169	-3.098	0.405	-0.641	-0.043	0.985	-2.758	3.486	-1.542	126.974815	37.295063
1685512414581	1685512414573	-11.145	-3.206	0.488	-0.635	0.016	1.245	-3.421	3.323	-1.444	126.974815	37.295063
1685512414591	1685512414581	-10.508	-3.196	0.340	-0.627	0.028	1.528	-3.694	2.988	-1.379	126.974815	37.295063
1685512414601	1685512414592	-9.797	-3.127	0.268	-0.641	-0.011	1.801	-3.589	2.789	-1.252	126.974815	37.295063
1685512414612	1685512414602	-9.558	-3.124	0.247	-0.689	-0.065	2.038	-2.868	2.705	-1.365	126.974815	37.295063
1685512414621	1685512414613	-10.099	-3.117	0.316	-0.757	-0.018	2.217	-2.052	2.646	-1.401	126.974815	37.295063
1685512414633	1685512414621	-11.056	-3.347	0.508	-0.821	0.158	2.316	-1.697	2.502	-1.389	126.974815	37.295063
1685512414641	1685512414634	-12.045	-3.591	0.666	-0.861	0.376	2.362	-2.116	2.346	-1.279	126.974815	37.295063
1685512414651	1685512414641	-12.725	-3.850	0.843	-0.863	0.558	2.417	-2.947	1.942	-1.030	126.974815	37.295063
1685512414661	1685512414652	-13.089	-3.979	0.910	-0.816	0.690	2.512	-3.780	1.477	-0.778	126.974815	37.295063
1685512414671	1685512414662	-13.171	-3.871	0.883	-0.733	0.753	2.633	-4.357	1.068	-0.529	126.974815	37.295063
1685512414681	1685512414671	-13.154	-3.946	0.680	-0.649	0.759	2.775	-4.592	0.737	-0.366	126.974815	37.295063
1685512414692	1685512414682	-13.046	-4.085	0.603	-0.588	0.757	2.928	-4.542	0.627	-0.294	126.974815	37.295063
1685512414701	1685512414693	-12.833	-4.243	0.491	-0.567	0.762	3.070	-4.396	0.321	-0.402	126.974815	37.295063
1685512414712	1685512414701	-12.378	-4.302	0.524	-0.578	0.759	3.168	-4.159	-0.069	-0.388	126.974815	37.295063
1685512414722	1685512414713	-11.688	-4.245	0.589	-0.605	0.723	3.224	-3.807	-0.524	-0.402	126.974815	37.295063
1685512414734	1685512414722	-10.817	-4.149	0.740	-0.639	0.657	3.247	-3.244	-0.838	-0.287	126.974815	37.295063
1685512414743	1685512414735	-9.821	-4.046	0.864	-0.672	0.583	3.239	-2.440	-1.073	-0.136	126.974815	37.295063
1685512414753	1685512414743	-8.868	-3.864	1.013	-0.700	0.528	3.195	-1.465	-1.274	0.093	126.974815	37.295063
1685512414764	1685512414753	-8.112	-3.666	1.166	-0.722	0.506	3.113	-0.369	-1.501	0.297	126.974815	37.295063
1685512414772	1685512414764	-7.597	-3.682	1.381	-0.746	0.524	2.996	0.654	-1.590	0.508	126.974815	37.295063
1685512414781	1685512414772	-7.391	-3.790	1.563	-0.766	0.588	2.852	1.484	-1.714	0.730	126.974815	37.295063
1685512414793	1685512414781	-7.448	-3.843	1.753	-0.767	0.684	2.691	2.052	-1.987	1.003	126.974815	37.295063
1685512414801	1685512414793	-7.659	-3.982	1.860	-0.735	0.799	2.523	2.303	-2.368	1.255	126.974815	37.295063
1685512414814	1685512414802	-7.740	-4.077	1.932	-0.679	0.897	2.363	2.282	-2.682	1.520	126.974815	37.295063
1685512414822	1685512414814	-7.700	-4.135	1.925	-0.617	0.946	2.236	2.100	-3.065	1.712	126.974815	37.295063
1685512414833	1685512414822	-7.666	-4.106	1.846	-0.553	0.942	2.151	2.037	-3.390	1.877	126.974815	37.295063
1685512414841	1685512414833	-7.649	-4.231	1.808	-0.508	0.892	2.101	2.093	-3.711	1.985	126.974815	37.295063
1685512414853	1685512414842	-7.659	-4.235	1.688	-0.492	0.828	2.066	2.133	-3.850	1.982	126.974815	37.295063
1685512414862	1685512414854	-7.724	-4.319	1.633	-0.495	0.760	2.022	2.150	-4.223	2.049	126.974815	37.295063
1685512414873	1685512414862	-7.846	-4.302	1.504	-0.516	0.705	1.967	2.140	-4.324	1.966	126.974815	37.295063
1685512414881	1685512414874	-8.006	-4.199	1.626	-0.558	0.659	1.906	2.071	-4.566	1.963	126.974815	37.295063
1685512414894	1685512414882	-8.119	-4.185	1.642	-0.632	0.599	1.841	1.944	-4.666	1.870	126.974815	37.295063
1685512414902	1685512414894	-8.035	-4.183	1.717	-0.718	0.528	1.765	1.772	-4.736	2.045	126.974815	37.295063
1685512414912	1685512414903	-7.980	-4.290	1.753	-0.815	0.456	1.679	1.654	-4.815	2.083	126.974815	37.295063
1685512414924	1685512414912	-7.889	-4.472	1.791	-0.932	0.370	1.582	1.726	-4.951	2.186	126.974815	37.295063
1685512414937	1685512414924	-7.918	-4.630	1.927	-1.038	0.305	1.472	1.772	-5.155	2.234	126.974815	37.295063
1685512414944	1685512414939	-8.313	-4.817	2.004	-1.111	0.302	1.344	1.851	-5.459	2.279	126.974815	37.295063
1685512414952	1685512414944	-8.921	-5.061	2.176	-1.157	0.329	1.210	1.815	-5.696	2.411	126.974815	37.295063
1685512414962	1685512414952	-9.462	-5.274	2.229	-1.173	0.367	1.080	1.405	-6.005	2.488	126.974815	37.295063
1685512414972	1685512414962	-9.931	-5.488	2.169	-1.150	0.414	0.958	0.792	-6.285	2.648	126.974815	37.295063
1685512414983	1685512414973	-10.206	-5.660	2.150	-1.093	0.435	0.849	0.249	-6.531	2.691	126.974815	37.295063
1685512414993	1685512414983	-10.271	-5.787	2.186	-1.009	0.418	0.764	-0.223	-6.783	2.634	126.974815	37.295063
1685512415001	1685512414993	-10.297	-5.969	2.102	-0.902	0.371	0.695	-0.508	-7.008	2.626	126.974815	37.295063
1685512415013	1685512415002	-10.475	-5.950	2.152	-0.755	0.338	0.629	-0.584	-7.214	2.689	126.974815	37.295063
1685512415024	1685512415014	-10.532	-5.880	1.836	-0.589	0.318	0.550	-0.625	-7.475	2.631	126.974815	37.295063
1685512415036	1685512415024	-11.200	-6.093	1.848	-0.453	0.294	0.453	-0.812	-7.513	2.698	126.974815	37.295063
1685512415044	1685512415037	-12.435	-6.448	2.195	-0.343	0.332	0.334	-0.879	-7.501	2.404	126.974815	37.295063
1685512415056	1685512415046	-13.534	-6.591	2.131	-0.216	0.454	0.176	-1.556	-7.760	2.437	126.974815	37.295063
1685512415065	1685512415057	-14.293	-6.572	2.191	-0.039	0.575	-0.005	-2.801	-8.152	2.813	126.974815	37.295063
1685512415078	1685512415065	-14.370	-6.754	2.581	0.142	0.578	-0.145	-3.905	-8.313	2.784	126.974815	37.295063
1685512415087	1685512415078	-13.645	-6.651	2.765	0.303	0.463	-0.221	-4.669	-8.294	2.904	126.974815	37.295063
1685512415095	1685512415087	-12.366	-6.081	2.593	0.541	0.319	-0.279	-4.748	-8.461	3.347	126.974815	37.295063
1685512415103	1685512415095	-11.116	-5.514	2.272	0.801	0.115	-0.360	-4.022	-8.334	3.582	126.974815	37.295063
1685512415114	1685512415103	-10.616	-5.325	2.140	0.955	-0.130	-0.481	-2.741	-7.733	3.450	126.974815	37.295063
1685512415123	1685512415114	-11.339	-5.306	2.138	1.010	-0.214	-0.676	-1.484	-7.123	3.153	126.974815	37.295063
1685512415134	1685512415123	-12.842	-5.277	2.155	1.069	-0.100	-0.970	-0.977	-6.881	3.024	126.974815	37.295063
1685512415143	1685512415134	-14.475	-5.198	2.037	1.170	0.062	-1.311	-1.686	-6.778	3.014	126.974815	37.295063
1685512415153	1685512415143	-15.392	-5.078	1.659	1.275	0.114	-1.597	-3.177	-6.658	3.036	126.974815	37.295063
1685512415162	1685512415153	-15.835	-4.822	1.075	1.354	0.009	-1.806	-4.793	-6.428	2.942	126.974815	37.295063
1685512415173	1685512415162	-15.778	-4.537	0.565	1.377	-0.230	-1.961	-5.693	-6.158	2.588	126.974815	37.295063
1685512415182	1685512415173	-15.490	-4.436	0.194	1.307	-0.523	-2.077	-6.120	-5.713	2.018	126.974815	37.295063
1685512415194	1685512415182	-15.225	-4.211	0.019	1.161	-0.779	-2.170	-6.045	-5.224	1.496	126.974815	37.295063
1685512415203	1685512415194	-14.894	-3.859	-0.014	0.993	-0.962	-2.264	-5.739	-4.889	1.077	126.974815	37.295063
1685512415212	1685512415203	-14.229	-3.610	0.053	0.797	-1.125	-2.377	-5.459	-4.463	0.838	126.974815	37.295063
1685512415235	1685512415235	-13.329	-3.469	0.038	0.549	-1.308	-2.522	-5.119	-3.883	0.711	126.974815	37.295063
1685512415236	1685512415236	-12.443	-3.323	0.148	0.299	-1.461	-2.691	-4.448	-3.395	0.668	126.974815	37.295063
1685512415242	1685512415236	-11.657	-3.247	0.117	0.083	-1.538	-2.885	-3.548	-3.005	0.522	126.974815	37.295063
1685512415252	1685512415242	-10.987	-3.124	0.074	-0.084	-1.542	-3.091	-2.672	-2.595	0.488	126.974815	37.295063
1685512415262	1685512415252	-10.420	-3.120	0.072	-0.202	-1.487	-3.295	-1.913	-2.179	0.275	126.974815	37.295063
1685512415272	1685512415262	-9.979	-3.184	0.024	-0.281	-1.396	-3.481	-1.271	-1.817	0.115	126.974815	37.295063
1685512415282	1685512415272	-9.675	-3.263	-0.045	-0.314	-1.282	-3.641	-0.752	-1.492	-0.026	126.974815	37.295044
1685512415293	1685512415282	-9.440	-3.383	-0.022	-0.290	-1.150	-3.779	-0.376	-1.221	-0.206	126.974815	37.295044
1685512415302	1685512415293	-9.242	-3.407	0.129	-0.211	-1.013	-3.884	-0.153	-0.950	-0.390	126.974815	37.295044
1685512415313	1685512415302	-9.081	-3.496	0.081	-0.078	-0.874	-3.949	-0.017	-0.711	-0.467	126.974815	37.295044
1685512415322	1685512415313	-9.134	-3.493	0.189	0.109	-0.735	-3.971	0.050	-0.335	-0.414	126.974815	37.295044
1685512415335	1685512415322	-9.064	-3.433	0.086	0.341	-0.608	-3.958	0.091	-0.093	-0.534	126.974815	37.295044
1685512415343	1685512415335	-8.902	-3.280	0.081	0.595	-0.509	-3.912	-0.105	0.266	-0.496	126.974815	37.295044
1685512415356	1685512415344	-8.696	-3.043	0.010	0.838	-0.441	-3.835	-0.196	0.678	-0.668	126.974815	37.295044
1685512415364	1685512415364	-8.504	-2.914	-0.041	1.048	-0.406	-3.729	-0.223	1.204	-0.749	126.974815	37.295044
1685512415374	1685512415364	-8.337	-2.617	-0.122	1.217	-0.396	-3.604	-0.180	1.731	-0.891	126.974815	37.295044
1685512415384	1685512415374	-8.215	-2.387	-0.163	1.340	-0.402	-3.465	-0.192	2.191	-1.032	126.974815	37.295044
1685512415395	1685512415384	-8.167	-2.191	-0.220	1.407	-0.415	-3.318	-0.184	2.722	-1.192	126.974815	37.295044
1685512415404	1685512415395	-8.033	-2.014	-0.333	1.421	-0.434	-3.161	-0.230	3.182	-1.322	126.974815	37.295044
1685512415416	1685512415404	-7.910	-1.937	-0.275	1.385	-0.456	-2.992	-0.335	3.575	-1.468	126.974815	37.295044
1685512415424	1685512415416	-7.817	-1.820	-0.249	1.313	-0.484	-2.811	-0.340	3.917	-1.666	126.974815	37.295044
1685512415435	1685512415424	-7.784	-1.681	-0.268	1.214	-0.518	-2.623	-0.364	4.156	-1.705	126.974815	37.295044
1685512415444	1685512415436	-7.671	-1.563	-0.256	1.093	-0.544	-2.428	-0.438	4.448	-1.788	126.974815	37.295044
1685512415455	1685512415444	-7.499	-1.484	-0.263	0.953	-0.574	-2.221	-0.539	4.719	-1.899	126.974815	37.295044
1685512415465	1685512415455	-7.369	-1.539	-0.256	0.795	-0.599	-2.001	-0.608	5.009	-2.009	126.974815	37.295044
1685512415477	1685512415466	-7.355	-1.604	-0.148	0.634	-0.617	-1.772	-0.579	5.212	-2.109	126.974815	37.295044
1685512415487	1685512415477	-7.384	-1.664	-0.057	0.487	-0.606	-1.541	-0.596	5.279	-2.195	126.974815	37.295044
1685512415498	1685512415487	-7.508	-1.750	-0.029	0.369	-0.566	-1.317	-0.716	5.320	-2.174	126.974815	37.295044
1685512415507	1685512415499	-7.508	-1.851	-0.045	0.271	-0.512	-1.089	-0.876	5.361	-2.164	126.974815	37.295044
1685512415516	1685512415507	-7.432	-1.889	0.005	0.192	-0.472	-0.844	-1.094	5.344	-2.191	126.974815	37.295044
1685512415526	1685512415518	-7.259	-1.911	-0.005	0.126	-0.428	-0.585	-1.185	5.306	-2.260	126.974815	37.295044
1685512415539	1685512415529	-7.307	-1.853	0.014	0.075	-0.381	-0.323	-1.178	5.318	-2.253	126.974815	37.295044
1685512415547	1685512415540	-7.752	-1.987	0.057	0.032	-0.313	-0.064	-1.058	5.329	-2.298	126.974815	37.295044
1685512415564	1685512415547	-8.722	-2.330	0.146	-0.011	-0.199	0.192	-1.137	5.404	-2.308	126.974815	37.295044
1685512415565	1685512415565	-9.874	-2.784	0.249	-0.045	-0.028	0.446	-1.597	5.274	-2.291	126.974815	37.295044
1685512415577	1685512415566	-10.896	-3.184	0.347	-0.046	0.191	0.713	-2.562	4.922	-2.212	126.974815	37.295044
1685512415598	1685512415578	-11.315	-3.469	0.302	-0.005	0.370	1.031	-3.677	4.439	-2.107	126.974815	37.295044
1685512415599	1685512415598	-10.906	-3.603	0.333	0.033	0.443	1.407	-4.650	3.998	-1.994	126.974815	37.295044
1685512415604	1685512415599	-9.828	-3.486	0.213	0.027	0.409	1.800	-4.980	3.644	-2.014	126.974815	37.295044
1685512415616	1685512415604	-9.088	-3.431	0.223	-0.029	0.320	2.155	-4.470	3.426	-1.961	126.974815	37.295044
1685512415627	1685512415616	-8.801	-3.419	0.426	-0.132	0.281	2.435	-3.232	3.402	-2.049	126.974815	37.295044
1685512415638	1685512415627	-9.239	-3.560	0.721	-0.265	0.384	2.607	-2.368	3.345	-2.021	126.974815	37.295044
1685512415646	1685512415639	-10.285	-3.689	1.077	-0.368	0.612	2.684	-1.894	3.177	-1.786	126.974815	37.295044
1685512415656	1685512415648	-11.449	-3.795	1.223	-0.385	0.889	2.712	-2.172	2.875	-1.453	126.974815	37.295044
1685512415665	1685512415657	-12.526	-3.783	1.252	-0.298	1.164	2.746	-3.000	2.526	-1.015	126.974815	37.295044
1685512415676	1685512415665	-13.250	-3.790	1.262	-0.153	1.390	2.815	-4.015	2.267	-0.797	126.974815	37.295044
1685512415684	1685512415676	-13.494	-3.766	1.209	-0.020	1.511	2.910	-4.870	2.037	-0.642	126.974815	37.295044
1685512415694	1685512415685	-13.381	-3.926	1.020	0.056	1.541	3.026	-5.442	1.858	-0.541	126.974815	37.295044
1685512415705	1685512415694	-13.245	-4.039	0.795	0.077	1.533	3.168	-5.483	1.628	-0.460	126.974815	37.295044
1685512415715	1685512415705	-12.893	-4.290	0.570	0.056	1.520	3.326	-5.203	1.247	-0.539	126.974815	37.295044
1685512415723	1685512415715	-12.649	-4.159	0.503	0.009	1.502	3.460	-4.865	0.845	-0.630	126.974815	37.295044
1685512415735	1685512415724	-12.129	-4.209	0.642	-0.059	1.480	3.547	-4.353	0.340	-0.740	126.974815	37.295044
1685512415744	1685512415735	-11.533	-4.132	0.905	-0.136	1.443	3.591	-3.900	0.113	-0.654	126.974815	37.295044
1685512415757	1685512415744	-10.783	-3.898	1.250	-0.208	1.390	3.604	-3.251	-0.187	-0.407	126.974815	37.295044
1685512415764	1685512415757	-10.089	-3.826	1.650	-0.265	1.339	3.589	-2.473	-0.496	0.014	126.974815	37.295044
1685512415780	1685512415764	-9.541	-3.824	1.970	-0.310	1.317	3.543	-1.611	-0.522	0.467	126.974815	37.295044
1685512415783	1685512415780	-9.129	-3.824	2.205	-0.327	1.333	3.462	-0.781	-0.812	1.013	126.974815	37.295044
1685512415794	1685512415783	-8.904	-3.938	2.365	-0.298	1.396	3.356	-0.134	-1.106	1.453	126.974815	37.295044
1685512415803	1685512415794	-8.768	-4.046	2.535	-0.233	1.488	3.231	0.388	-1.499	1.848	126.974815	37.295044
1685512415813	1685512415803	-8.820	-4.144	2.634	-0.160	1.574	3.100	0.682	-1.901	2.136	126.974815	37.295044
1685512415823	1685512415813	-8.753	-4.132	2.662	-0.084	1.620	2.969	0.881	-2.320	2.452	126.974815	37.295044
1685512415835	1685512415823	-8.571	-4.137	2.619	-0.016	1.605	2.847	0.876	-2.717	2.705	126.974815	37.295044
1685512415844	1685512415835	-8.430	-4.020	2.519	0.037	1.543	2.746	0.979	-2.995	2.892	126.974815	37.295044
1685512415855	1685512415844	-8.250	-3.910	2.349	0.075	1.462	2.660	1.185	-3.278	3.007	126.974815	37.295044
1685512415864	1685512415855	-8.116	-3.836	2.179	0.087	1.379	2.572	1.341	-3.481	3.086	126.974815	37.295044
1685512415875	1685512415864	-8.092	-3.874	2.167	0.062	1.299	2.478	1.523	-3.579	3.031	126.974815	37.295044
1685512415885	1685512415875	-8.193	-3.828	2.282	0.013	1.224	2.377	1.652	-3.742	2.986	126.974815	37.295044
1685512415897	1685512415885	-8.418	-3.934	2.483	-0.039	1.169	2.270	1.666	-3.996	3.081	126.974815	37.295044
1685512415905	1685512415897	-8.619	-3.886	2.567	-0.078	1.123	2.160	1.551	-4.144	3.290	126.974815	37.295044
1685512415916	1685512415905	-8.665	-3.754	2.612	-0.112	1.075	2.042	1.312	-4.427	3.572	126.974815	37.295044
1685512415925	1685512415916	-8.586	-3.776	2.576	-0.182	0.991	1.921	1.089	-4.563	3.742	126.974815	37.295044
1685512415937	1685512415925	-8.531	-3.867	2.502	-0.294	0.876	1.795	1.025	-4.563	3.847	126.974815	37.295044
1685512415947	1685512415937	-8.408	-4.063	2.423	-0.442	0.761	1.663	1.085	-4.726	3.869	126.974815	37.295044
1685512415967	1685512415947	-8.698	-4.312	2.351	-0.591	0.670	1.530	1.120	-4.946	3.843	126.974815	37.295044
1685512415968	1685512415968	-9.263	-4.444	2.392	-0.691	0.626	1.398	1.221	-5.274	3.802	126.974815	37.295044
1685512415996	1685512415968	-9.783	-4.793	2.483	-0.770	0.608	1.264	0.917	-5.612	3.745	126.974815	37.295044
1685512415997	1685512415997	-10.331	-5.069	2.660	-0.831	0.590	1.135	0.333	-5.851	3.807	126.974815	37.295044
1685512415998	1685512415997	-10.697	-5.164	2.761	-0.838	0.571	1.005	-0.196	-6.278	3.912	126.974815	37.295044
1685512416005	1685512415998	-10.764	-5.480	2.684	-0.804	0.516	0.889	-0.764	-6.646	4.113	126.974815	37.295044
1685512416016	1685512416006	-10.731	-5.705	2.533	-0.740	0.425	0.797	-1.154	-6.843	4.250	126.974815	37.295044
1685512416026	1685512416016	-10.846	-5.916	2.442	-0.637	0.349	0.717	-1.243	-7.257	4.209	126.974815	37.295044
1685512416036	1685512416026	-11.279	-6.091	2.337	-0.481	0.312	0.630	-1.231	-7.568	4.085	126.974815	37.295044
1685512416045	1685512416037	-12.110	-6.366	2.418	-0.279	0.315	0.527	-1.367	-7.865	4.017	126.974815	37.295044
1685512416056	1685512416046	-13.063	-6.771	2.358	-0.059	0.346	0.401	-1.817	-8.100	3.929	126.974815	37.295044
1685512416066	1685512416056	-13.874	-6.735	2.071	0.186	0.393	0.249	-2.665	-8.435	4.037	126.974815	37.295044
1685512416077	1685512416066	-14.437	-6.505	1.999	0.511	0.415	0.083	-3.630	-8.875	4.005	126.974815	37.295044
1685512416086	1685512416077	-14.530	-6.495	2.066	0.832	0.320	-0.064	-4.456	-8.861	3.759	126.974815	37.295044
1685512416096	1685512416086	-14.325	-6.254	2.193	1.104	0.142	-0.204	-5.025	-8.629	3.737	126.974815	37.295044
1685512416105	1685512416096	-13.300	-5.734	2.145	1.345	-0.054	-0.389	-5.124	-8.598	3.857	126.974815	37.295044
1685512416148	1685512416106	-12.081	-5.258	2.045	1.515	-0.314	-0.595	-4.918	-8.320	4.017	126.974815	37.295044
1685512416148	1685512416148	-11.317	-5.069	1.875	1.614	-0.612	-0.800	-3.883	-7.738	3.991	126.974815	37.295044
1685512416148	1685512416148	-11.401	-4.932	1.927	1.684	-0.790	-1.029	-2.646	-7.178	3.891	126.974815	37.295044
1685512416148	1685512416148	-12.483	-4.623	1.970	1.801	-0.789	-1.308	-1.856	-6.883	3.692	126.974815	37.295044
1685512416156	1685512416148	-13.623	-5.030	1.882	1.945	-0.694	-1.610	-1.908	-6.620	3.701	126.974815	37.295044
1685512416163	1685512416156	-14.672	-5.416	1.504	2.093	-0.633	-1.889	-2.950	-6.122	3.687	126.974815	37.295044
1685512416173	1685512416163	-15.428	-5.301	0.924	2.334	-0.661	-2.110	-4.061	-6.381	3.567	126.974815	37.295044
1685512416183	1685512416173	-15.725	-5.171	0.443	2.661	-0.817	-2.257	-5.076	-6.551	3.156	126.974815	37.295044
1685512416194	1685512416183	-15.663	-5.655	0.038	2.972	-1.062	-2.347	-5.801	-6.194	2.535	126.974815	37.295044
1685512416203	1685512416195	-15.682	-6.029	-0.819	3.311	-1.272	-2.392	-6.067	-5.806	1.997	126.974815	37.295044
1685512416213	1685512416203	-15.625	-5.557	-1.116	3.802	-1.411	-2.386	-5.978	-6.017	1.504	126.974815	37.295044
1685512416223	1685512416214	-15.309	-4.642	-1.238	4.463	-1.588	-2.320	-5.971	-6.084	0.517	126.974815	37.295044
1685512416234	1685512416223	-14.861	-3.797	-1.025	5.102	-1.798	-2.224	-5.899	-5.361	0.093	126.974815	37.295044
1685512416243	1685512416234	-14.111	-3.467	-1.420	5.530	-2.004	-2.153	-5.574	-4.168	-0.194	126.974815	37.295044
1685512416254	1685512416243	-13.451	-2.488	-1.760	5.659	-2.205	-2.133	-5.121	-3.060	-0.187	126.974815	37.295044
1685512416263	1685512416254	-12.629	-1.827	-1.398	5.672	-2.321	-2.167	-4.377	-2.456	-0.850	126.974815	37.295044
1685512416273	1685512416263	-11.655	-1.626	-0.836	5.585	-2.492	-2.175	-3.730	-1.267	-1.441	126.974815	37.295044
1685512416283	1685512416274	-10.719	-2.342	-0.263	5.343	-2.706	-2.236	-2.935	-0.364	-1.410	126.974808	37.295036
1685512416295	1685512416283	-10.221	-3.381	-0.364	4.954	-2.806	-2.419	-1.994	0.017	-1.144	126.974808	37.295036
1685512416303	1685512416295	-10.187	-3.661	-0.158	4.628	-2.760	-2.625	-1.111	-0.508	-0.924	126.974808	37.295036
1685512416315	1685512416304	-10.142	-3.709	-0.297	4.452	-2.668	-2.718	-0.682	-1.358	-1.389	126.974808	37.295036
1685512416323	1685512416315	-10.089	-3.642	0.093	4.374	-2.629	-2.680	-0.737	-1.444	-1.544	126.974808	37.295036
1685512416335	1685512416324	-9.828	-3.591	0.057	4.408	-2.585	-2.610	-0.797	-1.307	-2.035	126.974808	37.295036
1685512416344	1685512416335	-9.536	-3.373	0.330	4.508	-2.569	-2.549	-0.874	-1.058	-2.035	126.974808	37.295036
1685512416355	1685512416345	-9.220	-3.321	0.321	4.649	-2.551	-2.503	-0.728	-0.883	-2.387	126.974808	37.295036
1685512416365	1685512416355	-9.096	-3.203	0.158	4.762	-2.518	-2.448	-0.589	-0.543	-2.507	126.974808	37.295036
1685512416376	1685512416366	-8.885	-2.974	-0.007	4.870	-2.458	-2.380	-0.405	-0.417	-2.842	126.974808	37.295036
1685512416386	1685512416385	-8.418	-3.201	-0.486	4.858	-2.407	-2.313	-0.436	-0.244	-3.364	126.974808	37.295036
1685512416395	1685512416386	-7.968	-3.378	-0.433	4.737	-2.357	-2.235	-0.388	0.007	-3.883	126.974808	37.295036
1685512416405	1685512416395	-7.834	-2.995	-0.194	4.622	-2.254	-2.142	-0.122	-0.223	-4.779	126.974808	37.295036
1685512416415	1685512416405	-7.829	-2.684	0.510	4.563	-2.145	-2.039	0.189	-0.421	-4.994	126.974808	37.295036
1685512416425	1685512416415	-7.784	-2.806	1.223	4.487	-2.051	-1.939	0.136	-0.089	-5.104	126.974808	37.295036
1685512416438	1685512416425	-7.810	-2.945	1.482	4.319	-1.963	-1.866	-0.005	0.158	-4.671	126.974808	37.295036
1685512416446	1685512416438	-7.791	-2.294	1.736	4.129	-1.852	-1.817	-0.139	-0.060	-4.269	126.974808	37.295036
1685512416456	1685512416446	-7.424	-2.212	1.774	3.911	-1.763	-1.752	-0.311	-0.290	-4.250	126.974808	37.295036
1685512416466	1685512416457	-7.120	-2.516	1.973	3.604	-1.724	-1.646	-0.493	0.218	-4.312	126.974808	37.295036
1685512416476	1685512416466	-7.068	-2.828	2.093	3.261	-1.653	-1.527	-0.232	0.220	-4.429	126.974808	37.295036
1685512416486	1685512416476	-7.051	-2.528	2.274	2.969	-1.533	-1.427	-0.091	-0.204	-4.460	126.974808	37.295036
1685512416500	1685512416486	-7.003	-2.083	2.270	2.776	-1.393	-1.332	-0.168	-0.611	-4.511	126.974808	37.295036
1685512416508	1685512416500	-6.902	-1.889	2.705	2.623	-1.268	-1.223	-0.297	-0.424	-4.513	126.974808	37.295036
1685512416517	1685512416509	-7.034	-1.973	3.065	2.409	-1.169	-1.118	-0.359	-0.069	-4.654	126.974808	37.295036
1685512416528	1685512416517	-7.230	-1.781	3.718	2.199	-1.068	-1.035	-0.395	0.000	-4.379	126.974808	37.295036
1685512416540	1685512416529	-7.223	-1.796	4.180	2.039	-0.954	-0.972	-0.620	-0.172	-4.128	126.974808	37.295036
1685512416548	1685512416540	-7.183	-1.592	4.300	1.864	-0.886	-0.920	-0.912	-0.074	-3.582	126.974808	37.295036
1685512416569	1685512416548	-7.096	-1.458	4.463	1.688	-0.830	-0.882	-0.991	-0.177	-3.213	126.974808	37.295036
1685512416570	1685512416570	-7.463	-1.427	4.901	1.489	-0.767	-0.848	-1.039	-0.065	-3.187	126.974808	37.295036
1685512416579	1685512416570	-7.994	-1.183	5.686	1.328	-0.660	-0.804	-1.020	0.002	-3.091	126.974808	37.295036
1685512416600	1685512416579	-8.406	-0.836	6.237	1.250	-0.494	-0.748	-1.465	-0.034	-2.727	126.974808	37.295036
1685512416601	1685512416601	-8.545	-0.690	6.680	1.195	-0.338	-0.677	-2.052	0.160	-1.994	126.974808	37.295036
1685512416607	1685512416602	-8.543	-0.352	7.228	1.064	-0.225	-0.605	-2.512	0.457	-1.489	126.974808	37.295036
1685512416618	1685512416607	-8.317	-0.381	7.434	0.877	-0.128	-0.524	-2.686	0.551	-1.080	126.974808	37.295036
1685512416627	1685512416620	-7.712	-0.572	7.051	0.659	-0.078	-0.421	-2.708	0.840	-0.558	126.974808	37.295036
1685512416639	1685512416628	-7.166	-0.857	6.486	0.419	-0.108	-0.331	-2.500	0.773	-0.369	126.974808	37.295036
1685512416650	1685512416639	-7.199	-1.013	6.325	0.172	-0.180	-0.294	-1.906	0.553	-0.766	126.974808	37.295036
1685512416657	1685512416650	-7.549	-1.085	6.682	0.032	-0.202	-0.293	-1.369	0.254	-1.341	126.974808	37.295036
1685512416667	1685512416657	-8.121	-0.797	7.482	0.032	-0.166	-0.296	-1.422	0.103	-1.516	126.974808	37.295036
1685512416678	1685512416667	-8.509	-0.156	8.250	0.140	-0.082	-0.303	-1.788	0.043	-1.168	126.974808	37.295036
1685512416686	1685512416678	-8.507	0.271	8.595	0.282	0.009	-0.303	-2.377	0.347	-0.378	126.974808	37.295036
1685512416697	1685512416687	-8.365	0.424	8.669	0.363	0.082	-0.265	-2.739	0.991	0.407	126.974808	37.295036
1685512416706	1685512416697	-8.212	0.048	8.545	0.352	0.136	-0.177	-2.722	1.410	0.761	126.974808	37.295036
1685512416716	1685512416706	-8.183	-0.141	8.346	0.277	0.191	-0.078	-2.579	1.551	0.836	126.974808	37.295036
1685512416726	1685512416716	-8.078	-0.194	8.272	0.167	0.220	0.006	-2.416	1.159	0.716	126.974808	37.295036
1685512416739	1685512416726	-7.760	-0.050	8.054	0.015	0.199	0.072	-2.375	0.953	0.524	126.974808	37.295036
1685512416747	1685512416742	-7.355	0.129	7.867	-0.137	0.137	0.108	-2.251	0.886	0.462	126.974808	37.295036
1685512416756	1685512416749	-7.015	0.215	7.599	-0.271	0.043	0.121	-1.915	1.025	0.256	126.974808	37.295036
1685512416767	1685512416758	-6.431	0.297	7.357	-0.375	-0.082	0.140	-1.496	1.209	0.079	126.974808	37.295036
1685512416777	1685512416768	-5.837	0.338	6.998	-0.470	-0.213	0.160	-1.154	1.307	-0.182	126.974808	37.295036
1685512416792	1685512416792	-5.097	0.383	6.627	-0.572	-0.352	0.180	-0.575	1.410	-0.424	126.974808	37.295036
1685512416797	1685512416793	-4.460	0.429	6.309	-0.677	-0.481	0.203	0.002	1.477	-0.790	126.974808	37.295036
1685512416806	1685512416797	-3.982	0.505	6.134	-0.761	-0.590	0.226	0.718	1.556	-1.176	126.974808	37.295036
1685512416817	1685512416806	-3.472	0.575	5.921	-0.800	-0.661	0.244	1.319	1.645	-1.513	126.974808	37.295036
1685512416828	1685512416817	-3.108	0.725	5.748	-0.789	-0.693	0.250	1.750	1.772	-1.717	126.974808	37.295036
1685512416838	1685512416828	-2.792	0.917	5.559	-0.739	-0.700	0.248	2.217	1.887	-1.954	126.974808	37.295036
1685512416846	1685512416838	-2.480	0.792	5.449	-0.674	-0.687	0.242	2.531	2.085	-2.155	126.974808	37.295036
1685512416858	1685512416846	-2.406	0.788	5.370	-0.607	-0.672	0.235	2.794	2.320	-2.373	126.974808	37.295036
1685512416866	1685512416859	-2.265	0.749	5.420	-0.511	-0.644	0.221	3.048	2.241	-2.514	126.974808	37.295036
1685512416878	1685512416867	-2.246	0.515	5.612	-0.436	-0.608	0.208	3.079	2.267	-2.619	126.974808	37.295036
1685512416889	1685512416879	-2.239	0.294	5.926	-0.391	-0.574	0.197	3.165	2.260	-2.600	126.974808	37.295036
1685512416899	1685512416889	-2.461	0.273	6.235	-0.362	-0.531	0.183	3.144	2.047	-2.430	126.974808	37.295036
1685512416908	1685512416899	-2.643	0.292	6.347	-0.334	-0.481	0.172	3.108	1.848	-2.143	126.974808	37.295036
1685512416921	1685512416909	-2.677	0.041	6.510	-0.332	-0.426	0.170	2.844	1.846	-1.856	126.974808	37.295036
1685512416929	1685512416921	-2.713	0.129	6.776	-0.348	-0.401	0.169	2.626	1.884	-1.765	126.974808	37.295036
1685512416939	1685512416930	-3.012	0.235	6.955	-0.290	-0.379	0.160	2.562	1.650	-1.618	126.974808	37.295036
1685512416949	1685512416940	-3.177	0.084	7.087	-0.205	-0.368	0.155	2.492	1.760	-1.369	126.974808	37.295036
1685512416958	1685512416951	-3.326	0.043	7.257	-0.136	-0.367	0.153	2.167	1.879	-1.202	126.974808	37.295036
1685512416971	1685512416959	-3.488	-0.048	7.475	-0.054	-0.375	0.138	1.973	1.738	-1.087	126.974808	37.295036
1685512416996	1685512416972	-3.594	-0.263	7.755	-0.013	-0.392	0.111	1.798	1.700	-0.934	126.974808	37.295036
1685512416998	1685512416998	-3.754	-0.299	8.018	-0.015	-0.398	0.079	1.609	1.607	-0.733	126.974808	37.295036
1685512416999	1685512416998	-4.034	-0.297	8.308	-0.039	-0.378	0.046	1.472	1.386	-0.472	126.974808	37.295036
1685512417007	1685512416999	-4.178	-0.441	8.593	-0.093	-0.342	0.032	1.276	1.348	-0.232	126.974808	37.295036
1685512417019	1685512417007	-4.288	-0.371	8.832	-0.149	-0.298	0.033	0.970	1.350	0.041	126.974808	37.295036
1685512417028	1685512417019	-4.420	-0.534	9.155	-0.183	-0.259	0.044	0.797	1.214	0.309	126.974808	37.295036
1685512417039	1685512417028	-4.554	-0.563	9.170	-0.211	-0.219	0.061	0.663	1.293	0.536	126.974808	37.295036
1685512417047	1685512417039	-4.666	-0.546	9.244	-0.228	-0.183	0.065	0.510	1.142	0.850	126.974808	37.295036
1685512417057	1685512417048	-4.623	-0.929	9.335	-0.241	-0.158	0.045	0.359	1.130	0.857	126.974808	37.295036
1685512417067	1685512417057	-4.666	-1.185	9.773	-0.252	-0.149	0.010	0.230	1.166	0.924	126.974808	37.295036
1685512417077	1685512417067	-5.136	-1.231	10.463	-0.247	-0.137	-0.045	0.244	0.749	0.994	126.974808	37.295036
1685512417087	1685512417077	-5.789	-1.077	11.255	-0.215	-0.067	-0.105	0.168	0.457	1.403	126.974808	37.295036
1685512417098	1685512417087	-6.203	-1.080	11.691	-0.148	0.054	-0.134	-0.335	0.385	2.069	126.974808	37.295036
1685512417106	1685512417098	-6.407	-1.176	11.858	-0.108	0.153	-0.132	-1.010	0.534	2.849	126.974808	37.295036
1685512417116	1685512417106	-6.400	-1.022	11.667	-0.114	0.200	-0.136	-1.422	0.551	3.290	126.974808	37.295036
1685512417125	1685512417116	-6.079	-1.314	11.116	-0.158	0.210	-0.147	-1.614	0.472	3.467	126.974808	37.295036
1685512417137	1685512417125	-5.555	-1.748	10.542	-0.242	0.154	-0.148	-1.592	0.639	3.285	126.974808	37.295036
1685512417145	1685512417139	-5.109	-1.920	10.068	-0.332	0.048	-0.166	-1.257	0.366	2.749	126.974808	37.295036
1685512417156	1685512417145	-4.884	-1.961	9.845	-0.368	-0.044	-0.230	-0.723	-0.036	2.184	126.974808	37.295036
1685512417191	1685512417191	-4.925	-1.858	9.996	-0.321	-0.083	-0.307	-0.275	-0.170	1.719	126.974808	37.295036
1685512417191	1685512417191	-5.207	-1.645	10.226	-0.194	-0.065	-0.363	-0.057	-0.172	1.501	126.974808	37.295036
1685512417191	1685512417191	-5.507	-1.638	10.458	-0.061	-0.011	-0.408	-0.113	-0.019	1.654	126.974808	37.295036
1685512417195	1685512417191	-5.703	-1.516	10.348	0.051	0.079	-0.426	-0.405	0.218	1.884	126.974808	37.295036
1685512417204	1685512417195	-5.739	-1.556	10.058	0.149	0.187	-0.395	-0.713	0.251	2.116	126.974808	37.295036
1685512417215	1685512417204	-5.679	-1.659	9.716	0.195	0.270	-0.335	-0.912	0.388	2.009	126.974808	37.295036
1685512417224	1685512417216	-5.725	-1.714	9.450	0.180	0.329	-0.265	-0.939	0.354	1.726	126.974808	37.295036
1685512417235	1685512417224	-5.646	-1.599	9.012	0.116	0.371	-0.205	-0.864	0.251	1.391	126.974808	37.295036
1685512417244	1685512417236	-5.578	-1.314	8.483	0.004	0.395	-0.156	-0.883	0.194	1.142	126.974808	37.295036
1685512417254	1685512417244	-5.361	-0.903	7.963	-0.154	0.395	-0.125	-0.781	0.309	0.716	126.974808	37.295036
1685512417264	1685512417255	-5.250	-0.565	7.446	-0.329	0.374	-0.108	-0.680	0.603	0.208	126.974808	37.295036
1685512417276	1685512417264	-5.061	-0.311	7.058	-0.497	0.341	-0.087	-0.436	1.032	-0.287	126.974808	37.295036
1685512417284	1685512417276	-4.834	-0.225	6.713	-0.661	0.299	-0.053	-0.297	1.401	-0.781	126.974792	37.295029
1685512417295	1685512417284	-4.635	-0.196	6.218	-0.825	0.241	-0.012	-0.081	1.700	-1.142	126.974792	37.295029
1685512417305	1685512417295	-4.434	-0.218	5.804	-0.975	0.175	0.028	0.170	1.848	-1.456	126.974792	37.295029
1685512417315	1685512417305	-4.140	-0.141	5.420	-1.114	0.119	0.067	0.385	1.939	-1.925	126.974792	37.295029
1685512417326	1685512417315	-3.847	-0.077	4.934	-1.247	0.062	0.106	0.603	1.994	-2.310	126.974792	37.295029
1685512417337	1685512417327	-3.680	-0.093	4.693	-1.378	0.027	0.140	0.907	2.160	-2.662	126.974792	37.295029
1685512417346	1685512417337	-3.570	-0.400	4.377	-1.510	0.006	0.170	1.209	2.318	-3.115	126.974792	37.295029
1685512417356	1685512417346	-3.491	-0.340	4.106	-1.589	-0.004	0.193	1.381	2.406	-3.321	126.974792	37.295029
1685512417366	1685512417357	-3.421	-0.309	4.056	-1.580	0.011	0.217	1.496	2.234	-3.591	126.974792	37.295029
1685512417377	1685512417366	-3.328	-0.457	4.017	-1.527	0.026	0.247	1.580	2.387	-3.828	126.974792	37.295029
1685512417387	1685512417378	-3.342	-0.728	4.005	-1.469	0.038	0.277	1.657	2.533	-3.833	126.974792	37.295029
1685512417398	1685512417388	-3.369	-0.785	4.075	-1.407	0.068	0.309	1.760	2.490	-3.826	126.974792	37.295029
1685512417407	1685512417399	-3.493	-0.828	4.063	-1.349	0.111	0.338	1.755	2.320	-3.792	126.974792	37.295029
1685512417418	1685512417407	-3.567	-0.946	4.092	-1.315	0.171	0.373	1.745	2.358	-3.675	126.974792	37.295029
1685512417427	1685512417418	-3.843	-1.214	4.266	-1.339	0.242	0.417	1.642	2.409	-3.634	126.974792	37.295029
1685512417438	1685512417428	-4.096	-1.492	4.329	-1.398	0.315	0.470	1.590	2.365	-3.558	126.974792	37.295029
1685512417447	1685512417438	-4.329	-1.726	4.432	-1.469	0.413	0.534	1.348	2.179	-3.326	126.974792	37.295029
1685512417458	1685512417447	-4.614	-1.822	4.410	-1.555	0.503	0.602	1.132	1.982	-3.199	126.974792	37.295029
1685512417467	1685512417459	-4.733	-2.454	4.329	-1.652	0.583	0.679	0.955	1.836	-3.017	126.974792	37.295029
1685512417478	1685512417467	-4.978	-3.141	4.250	-1.726	0.652	0.762	0.723	1.817	-2.964	126.974792	37.295029
1685512417488	1685512417479	-5.629	-3.031	4.271	-1.621	0.768	0.847	0.678	1.276	-2.942	126.974792	37.295029
1685512417499	1685512417488	-6.407	-2.878	4.350	-1.286	0.914	0.954	0.503	0.663	-2.931	126.974792	37.295029
1685512417509	1685512417500	-6.986	-3.168	4.398	-0.933	0.997	1.097	-0.060	0.843	-2.806	126.974792	37.295029
1685512417521	1685512417509	-7.515	-3.393	4.444	-0.641	1.060	1.252	-0.737	1.034	-2.624	126.974792	37.295029
1685512417531	1685512417521	-8.083	-3.148	4.281	-0.415	1.135	1.373	-1.204	0.745	-2.483	126.974792	37.295029
1685512417542	1685512417531	-8.614	-3.007	3.936	-0.318	1.191	1.451	-1.611	0.491	-2.351	126.974792	37.295029
1685512417548	1685512417543	-9.175	-2.916	3.505	-0.386	1.252	1.526	-2.037	0.675	-2.421	126.974792	37.295029
1685512417562	1685512417549	-9.756	-3.084	3.002	-0.608	1.344	1.609	-2.447	0.757	-2.689	126.974792	37.295029
1685512417572	1685512417563	-10.408	-3.160	2.495	-0.951	1.437	1.685	-2.854	0.771	-3.019	126.974792	37.295029
1685512417578	1685512417572	-11.286	-3.345	2.219	-1.362	1.532	1.748	-3.306	0.546	-3.424	126.974792	37.295029
1685512417599	1685512417587	-12.304	-3.534	2.066	-1.808	1.659	1.807	-3.804	0.419	-3.804	126.974792	37.295029
1685512417599	1685512417599	-13.247	-3.790	2.071	-2.224	1.831	1.881	-4.525	0.204	-3.929	126.974792	37.295029
1685512417606	1685512417599	-14.008	-4.075	2.057	-2.623	1.996	1.956	-5.363	0.000	-3.886	126.974792	37.295029
1685512417616	1685512417608	-14.394	-4.532	2.124	-2.998	2.121	2.021	-6.151	-0.256	-3.694	126.974792	37.295029
1685512417626	1685512417616	-14.121	-4.685	2.471	-3.267	2.219	2.110	-6.730	-0.534	-3.474	126.974792	37.295029
1685512417637	1685512417626	-13.293	-4.384	2.567	-3.355	2.264	2.246	-6.929	-0.979	-3.144	126.974792	37.295029
1685512417647	1685512417638	-12.493	-3.836	2.567	-3.307	2.204	2.407	-6.467	-1.125	-2.512	126.974792	37.295029
1685512417657	1685512417647	-12.294	-3.297	2.188	-3.247	2.082	2.524	-5.449	-0.836	-2.121	126.974792	37.295029
1685512417667	1685512417658	-12.773	-3.225	1.896	-3.263	2.029	2.546	-4.429	-0.338	-1.772	126.974792	37.295029
1685512417678	1685512417667	-13.805	-3.168	1.709	-3.282	2.090	2.509	-4.089	0.146	-1.925	126.974792	37.295029
1685512417686	1685512417678	-14.791	-3.158	1.602	-3.273	2.178	2.436	-4.401	0.136	-1.937	126.974792	37.295029
1685512417697	1685512417687	-15.258	-3.462	1.511	-3.250	2.225	2.336	-5.272	0.103	-1.839	126.974792	37.295029
1685512417706	1685512417697	-15.112	-4.130	1.372	-3.206	2.169	2.250	-6.108	0.014	-1.652	126.974792	37.295029
1685512417716	1685512417706	-14.784	-4.530	1.173	-3.153	2.015	2.180	-6.431	-0.393	-1.448	126.974792	37.295029
1685512417728	1685512417717	-14.140	-4.427	1.003	-3.029	1.844	2.165	-6.144	-1.183	-1.269	126.974792	37.295029
1685512417739	1685512417728	-13.446	-4.542	0.953	-2.902	1.636	2.228	-5.713	-1.688	-1.221	126.974792	37.295029
1685512417748	1685512417739	-12.613	-4.992	1.123	-2.842	1.428	2.298	-4.968	-1.714	-1.140	126.974792	37.295029
1685512417760	1685512417748	-12.160	-4.949	1.372	-2.787	1.311	2.324	-4.180	-1.975	-0.962	126.974792	37.295029
1685512417770	1685512417760	-11.341	-4.633	1.638	-2.625	1.256	2.312	-3.256	-2.605	-0.567	126.974792	37.295029
1685512417789	1685512417770	-10.348	-4.341	2.011	-2.415	1.153	2.264	-2.737	-2.717	-0.151	126.974792	37.295029
1685512417789	1685512417789	-9.354	-4.049	2.227	-2.164	1.064	2.186	-1.836	-2.619	0.323	126.974792	37.295029
1685512417797	1685512417789	-8.447	-4.027	2.301	-1.889	0.999	2.087	-0.797	-2.476	0.821	126.974792	37.295029
1685512417808	1685512417798	-7.774	-4.044	2.421	-1.600	0.959	1.967	0.251	-2.387	1.192	126.974792	37.295029
1685512417819	1685512417808	-7.242	-4.147	2.442	-1.293	0.969	1.826	1.197	-2.531	1.379	126.974792	37.295029
1685512417828	1685512417819	-7.053	-4.142	2.550	-0.948	1.012	1.680	1.908	-2.741	1.626	126.974792	37.295029
1685512417839	1685512417829	-6.996	-3.740	2.691	-0.533	1.079	1.542	2.468	-2.995	1.745	126.974792	37.295029
1685512417847	1685512417839	-6.936	-3.359	2.612	-0.156	1.118	1.418	2.686	-3.179	1.985	126.974792	37.295029
1685512417858	1685512417848	-7.017	-3.053	2.614	0.098	1.129	1.293	2.758	-2.895	2.215	126.974792	37.295029
1685512417868	1685512417859	-6.941	-2.945	2.562	0.224	1.137	1.168	2.837	-2.679	2.267	126.974792	37.295029
1685512417880	1685512417868	-6.871	-2.816	2.526	0.224	1.112	1.051	2.765	-2.473	2.358	126.974792	37.295029
1685512417889	1685512417880	-6.905	-2.890	2.545	0.140	1.060	0.942	2.851	-2.492	2.425	126.974792	37.295029
1685512417900	1685512417890	-7.044	-3.103	2.650	-0.005	1.009	0.841	2.926	-2.456	2.488	126.974792	37.295029
1685512417910	1685512417900	-7.367	-3.184	2.691	-0.165	0.976	0.749	2.895	-2.641	2.631	126.974792	37.295029
1685512417921	1685512417911	-7.891	-2.911	2.907	-0.250	0.962	0.673	2.756	-2.890	2.794	126.974792	37.295029
1685512417930	1685512417921	-8.152	-2.696	2.938	-0.260	0.940	0.637	2.433	-3.033	2.923	126.974792	37.295029
1685512417942	1685512417931	-8.296	-2.693	3.079	-0.297	0.871	0.621	1.906	-2.828	3.235	126.974792	37.295029
1685512417949	1685512417943	-8.212	-2.626	3.021	-0.392	0.788	0.595	1.642	-2.677	3.357	126.974792	37.295029
1685512417958	1685512417950	-8.109	-2.780	2.981	-0.525	0.705	0.552	1.494	-2.717	3.567	126.974792	37.295029
1685512417975	1685512417958	-7.968	-3.196	2.835	-0.696	0.627	0.507	1.573	-2.703	3.584	126.974792	37.295029
1685512417978	1685512417975	-8.107	-3.230	2.863	-0.866	0.556	0.461	1.676	-2.880	3.575	126.974792	37.295029
1685512417991	1685512417978	-8.377	-3.069	2.904	-0.892	0.540	0.414	1.812	-3.328	3.464	126.974792	37.295029
1685512417998	1685512417992	-8.622	-3.278	3.091	-0.825	0.517	0.380	1.674	-3.388	3.522	126.974792	37.295029
1685512418008	1685512417999	-8.914	-3.299	3.321	-0.764	0.468	0.331	1.401	-3.249	3.587	126.974792	37.295029
1685512418019	1685512418008	-9.084	-3.347	3.519	-0.687	0.434	0.265	1.154	-3.472	3.790	126.974792	37.295029
1685512418028	1685512418019	-9.258	-3.244	3.608	-0.599	0.402	0.195	0.862	-3.498	4.032	126.974792	37.295029
1685512418040	1685512418030	-9.292	-3.077	3.649	-0.516	0.386	0.132	0.692	-3.529	4.221	126.974792	37.295029
1685512418048	1685512418040	-9.383	-2.921	3.584	-0.454	0.382	0.078	0.520	-3.397	4.288	126.974792	37.295029
1685512418060	1685512418048	-9.471	-2.820	3.704	-0.434	0.380	0.027	0.488	-3.194	4.307	126.974792	37.295029
1685512418068	1685512418060	-9.570	-2.947	3.709	-0.461	0.370	-0.029	0.397	-3.007	4.233	126.974792	37.295029
1685512418079	1685512418069	-10.013	-3.132	3.709	-0.517	0.359	-0.093	0.309	-2.875	4.343	126.974792	37.295029
1685512418088	1685512418080	-10.872	-3.419	3.697	-0.563	0.365	-0.170	0.211	-2.971	4.350	126.974792	37.295029
1685512418098	1685512418089	-12.093	-3.407	3.922	-0.567	0.404	-0.244	-0.230	-3.129	4.353	126.974792	37.295029
1685512418107	1685512418098	-13.149	-3.443	4.065	-0.495	0.476	-0.299	-1.089	-3.390	4.360	126.974792	37.295029
1685512418119	1685512418107	-13.499	-3.711	4.073	-0.391	0.498	-0.329	-2.315	-3.359	4.623	126.974792	37.295029
1685512418128	1685512418119	-13.281	-3.965	4.111	-0.298	0.425	-0.346	-3.376	-3.369	4.815	126.974792	37.295029
1685512418139	1685512418128	-12.304	-3.709	4.077	-0.187	0.285	-0.358	-3.728	-3.608	4.870	126.974792	37.295029
1685512418147	1685512418141	-11.061	-3.467	3.886	-0.031	0.083	-0.358	-3.515	-3.826	4.956	126.974792	37.295029
1685512418156	1685512418147	-10.558	-3.457	3.721	0.122	-0.171	-0.373	-2.540	-3.541	4.946	126.974792	37.295029
1685512418168	1685512418157	-11.279	-3.476	3.778	0.239	-0.336	-0.442	-1.300	-3.261	4.764	126.974792	37.295029
1685512418178	1685512418168	-12.615	-3.498	3.960	0.341	-0.335	-0.558	-0.795	-3.218	4.583	126.974792	37.295029
1685512418186	1685512418178	-13.965	-3.737	4.106	0.429	-0.263	-0.698	-1.516	-3.191	4.606	126.974792	37.295029
1685512418196	1685512418186	-14.782	-3.790	4.010	0.542	-0.254	-0.809	-2.849	-3.156	4.755	126.974792	37.295029
1685512418206	1685512418196	-15.253	-3.687	3.639	0.694	-0.371	-0.886	-4.202	-3.316	4.872	126.974792	37.295029
1685512418216	1685512418206	-15.366	-3.836	3.108	0.828	-0.564	-0.932	-5.021	-3.294	4.752	126.974792	37.295029
1685512418226	1685512418216	-15.447	-3.845	2.641	0.878	-0.766	-0.954	-5.495	-3.100	4.341	126.974792	37.295029
1685512418238	1685512418226	-15.486	-3.788	2.346	0.863	-0.932	-0.968	-5.610	-3.151	3.749	126.974792	37.295029
1685512418246	1685512418238	-15.249	-3.680	2.121	0.790	-1.093	-0.994	-5.693	-3.062	3.201	126.974792	37.295029
1685512418256	1685512418246	-14.720	-3.476	1.961	0.654	-1.299	-1.054	-5.734	-2.907	2.806	126.974792	37.295029
1685512418266	1685512418256	-14.097	-3.129	1.925	0.472	-1.500	-1.151	-5.502	-2.679	2.444	126.974792	37.295029
1685512418276	1685512418266	-13.163	-2.830	1.841	0.235	-1.695	-1.282	-4.980	-2.392	2.179	126.974792	37.295029
1685512418289	1685512418276	-12.239	-2.693	1.638	-0.051	-1.891	-1.444	-4.367	-1.932	1.990	126.974785	37.295029
1685512418302	1685512418289	-11.473	-2.660	1.499	-0.376	-2.073	-1.641	-3.450	-1.508	1.738	126.974785	37.295029
1685512418306	1685512418303	-10.714	-2.737	1.437	-0.716	-2.219	-1.863	-2.550	-1.231	1.353	126.974785	37.295029
1685512418316	1685512418306	-10.183	-2.732	1.281	-1.045	-2.331	-2.103	-1.817	-1.037	1.020	126.974785	37.295029
1685512418326	1685512418316	-9.732	-2.813	1.185	-1.324	-2.406	-2.357	-1.106	-0.912	0.735	126.974785	37.295029
1685512418337	1685512418326	-9.558	-2.830	0.979	-1.531	-2.434	-2.617	-0.627	-0.718	0.397	126.974785	37.295029
1685512418346	1685512418338	-9.388	-2.873	0.946	-1.668	-2.429	-2.869	-0.251	-0.563	0.101	126.974785	37.295029
1685512418357	1685512418346	-9.304	-2.983	0.991	-1.772	-2.412	-3.112	-0.168	-0.314	-0.297	126.974785	37.295029
1685512418366	1685512418357	-9.261	-3.079	0.912	-1.808	-2.366	-3.341	-0.120	-0.036	-0.532	126.974785	37.295029
1685512418376	1685512418366	-9.294	-3.160	0.802	-1.758	-2.291	-3.544	-0.153	0.134	-0.637	126.974785	37.295029
1685512418386	1685512418376	-9.275	-3.270	0.622	-1.629	-2.208	-3.702	-0.275	0.405	-0.888	126.974785	37.295029
1685512418397	1685512418386	-9.335	-3.304	0.476	-1.431	-2.114	-3.802	-0.464	0.637	-1.123	126.974785	37.295029
1685512418407	1685512418397	-9.256	-3.251	0.328	-1.178	-2.015	-3.840	-0.637	0.883	-1.432	126.974785	37.295029
1685512418418	1685512418407	-9.206	-3.177	0.259	-0.893	-1.914	-3.824	-0.905	1.204	-1.695	126.974785	37.295029
1685512418428	1685512418418	-9.124	-3.057	0.182	-0.596	-1.818	-3.770	-1.051	1.602	-1.956	126.974785	37.295029
1685512418439	1685512418428	-9.017	-2.911	0.124	-0.308	-1.730	-3.686	-1.238	2.006	-2.136	126.974785	37.295029
1685512418448	1685512418440	-8.878	-2.811	-0.002	-0.050	-1.644	-3.566	-1.422	2.461	-2.330	126.974785	37.295029
1685512418458	1685512418449	-8.729	-2.672	-0.079	0.173	-1.571	-3.416	-1.528	2.854	-2.480	126.974785	37.295029
1685512418469	1685512418459	-8.586	-2.545	-0.153	0.354	-1.499	-3.236	-1.650	3.227	-2.725	126.974785	37.295029
1685512418479	1685512418469	-8.456	-2.370	-0.223	0.492	-1.431	-3.040	-1.700	3.555	-2.892	126.974785	37.295029
1685512418488	1685512418480	-8.296	-2.231	-0.321	0.579	-1.363	-2.830	-1.762	3.864	-3.067	126.974785	37.295029
1685512418498	1685512418490	-8.203	-2.128	-0.476	0.610	-1.296	-2.611	-1.824	4.192	-3.235	126.974785	37.295029
1685512418508	1685512418499	-8.191	-2.107	-0.517	0.586	-1.239	-2.385	-1.856	4.470	-3.436	126.974785	37.295029
1685512418518	1685512418509	-8.210	-2.083	-0.541	0.514	-1.186	-2.148	-1.901	4.669	-3.670	126.974785	37.295029
1685512418526	1685512418518	-8.229	-2.126	-0.584	0.424	-1.126	-1.900	-2.047	4.791	-3.802	126.974785	37.295029
1685512418539	1685512418526	-8.267	-2.064	-0.591	0.331	-1.043	-1.646	-2.217	4.906	-3.912	126.974785	37.295029
1685512418546	1685512418539	-8.193	-2.090	-0.637	0.230	-0.955	-1.390	-2.377	4.944	-4.034	126.974785	37.295029
1685512418556	1685512418546	-7.963	-2.030	-0.737	0.117	-0.885	-1.124	-2.545	5.076	-4.111	126.974785	37.295029
1685512418566	1685512418557	-7.836	-2.078	-0.725	-0.005	-0.809	-0.848	-2.610	5.124	-4.231	126.974785	37.295029
1685512418577	1685512418568	-7.855	-2.066	-0.778	-0.134	-0.716	-0.585	-2.471	5.229	-4.377	126.974785	37.295029
1685512418587	1685512418577	-8.217	-2.126	-0.778	-0.276	-0.596	-0.349	-2.444	5.234	-4.413	126.974785	37.295029
1685512418598	1685512418587	-8.796	-2.375	-0.728	-0.418	-0.434	-0.130	-2.526	5.277	-4.492	126.974785	37.295029
1685512418607	1685512418598	-9.388	-2.689	-0.699	-0.546	-0.221	0.089	-2.940	5.250	-4.503	126.974785	37.295029
1685512418617	1685512418607	-9.905	-2.856	-0.642	-0.641	-0.007	0.326	-3.543	5.021	-4.446	126.974785	37.295029
1685512418628	1685512418618	-10.075	-2.691	-0.745	-0.700	0.170	0.606	-4.137	4.726	-4.381	126.974785	37.295029
1685512418639	1685512418628	-9.876	-2.866	-0.625	-0.738	0.314	0.935	-4.616	4.556	-4.278	126.974785	37.295029
1685512418648	1685512418639	-9.222	-3.112	-0.467	-0.755	0.448	1.299	-4.697	4.697	-4.295	126.974785	37.295029
1685512418660	1685512418648	-8.516	-3.074	-0.227	-0.760	0.579	1.644	-4.427	4.499	-4.111	126.974785	37.295029
1685512418668	1685512418660	-8.229	-3.120	0.024	-0.782	0.693	1.923	-3.639	4.197	-3.857	126.974785	37.295029
1685512418679	1685512418668	-8.499	-3.244	0.385	-0.790	0.841	2.132	-2.820	4.183	-3.546	126.974785	37.295029
1685512418690	1685512418679	-9.280	-3.345	0.685	-0.773	1.075	2.257	-2.339	4.034	-3.179	126.974785	37.295029
1685512418701	1685512418691	-10.326	-3.560	0.962	-0.713	1.338	2.310	-2.468	3.828	-2.732	126.974785	37.295029
1685512418708	1685512418701	-11.404	-3.862	1.188	-0.586	1.582	2.351	-2.993	3.572	-2.270	126.974785	37.295029
1685512418722	1685512418709	-12.345	-4.166	1.271	-0.373	1.802	2.431	-3.792	3.194	-1.827	126.974785	37.295029
1685512418732	1685512418722	-13.044	-4.274	1.312	-0.087	1.977	2.539	-4.614	2.710	-1.420	126.974785	37.295029
1685512418743	1685512418732	-13.384	-4.324	1.135	0.239	2.088	2.683	-5.351	2.248	-1.188	126.974785	37.295029
1685512418758	1685512418743	-13.290	-4.302	0.831	0.573	2.128	2.888	-5.823	1.944	-0.986	126.974785	37.295029
1685512418760	1685512418759	-12.941	-4.166	0.611	0.878	2.122	3.120	-5.974	1.712	-1.039	126.974785	37.295029
1685512418773	1685512418760	-12.483	-3.991	0.424	1.096	2.074	3.313	-5.643	1.482	-1.204	126.974785	37.295029
1685512418779	1685512418773	-11.952	-3.783	0.634	1.200	1.980	3.422	-5.095	1.384	-1.322	126.974785	37.295029
1685512418789	1685512418779	-11.372	-3.378	0.946	1.183	1.873	3.445	-4.420	1.274	-1.403	126.974785	37.295029
1685512418798	1685512418789	-10.664	-3.225	1.156	1.054	1.765	3.414	-3.677	1.183	-1.092	126.974785	37.295029
1685512418808	1685512418802	-9.859	-3.062	1.528	0.825	1.643	3.340	-2.883	1.247	-0.670	126.974785	37.295029
1685512418818	1685512418808	-9.074	-2.981	1.853	0.508	1.522	3.224	-2.011	1.123	-0.364	126.974785	37.295029
1685512418829	1685512418818	-8.480	-2.962	2.172	0.147	1.432	3.069	-1.041	0.982	0.113	126.974785	37.295029
1685512418840	1685512418830	-8.210	-2.976	2.145	-0.191	1.385	2.888	-0.110	0.769	0.555	126.974785	37.295029
1685512418848	1685512418842	-8.128	-3.105	2.308	-0.481	1.376	2.690	0.611	0.510	0.996	126.974785	37.295029
1685512418859	1685512418848	-8.167	-3.342	2.442	-0.718	1.378	2.495	0.994	0.232	1.104	126.974785	37.295029
1685512418868	1685512418859	-8.243	-3.400	2.377	-0.889	1.381	2.318	1.190	-0.189	1.437	126.974785	37.295029
1685512418878	1685512418869	-8.490	-3.500	2.289	-0.997	1.376	2.165	1.216	-0.608	1.690	126.974785	37.295029
1685512418888	1685512418879	-8.521	-3.560	2.195	-1.070	1.332	2.050	1.211	-0.876	1.779	126.974785	37.295029
1685512418899	1685512418888	-8.437	-3.618	2.028	-1.120	1.241	1.957	1.022	-1.178	1.846	126.974785	37.295029
1685512418908	1685512418899	-8.456	-3.864	1.887	-1.174	1.119	1.875	1.044	-1.429	1.903	126.974785	37.295029
1685512418918	1685512418908	-8.667	-3.979	1.970	-1.199	1.002	1.803	1.168	-1.671	1.877	126.974785	37.295029
1685512418930	1685512418919	-8.973	-3.982	1.894	-1.181	0.925	1.731	1.183	-2.076	1.834	126.974785	37.295029
1685512418941	1685512418931	-9.096	-4.017	1.791	-1.175	0.865	1.652	0.991	-2.303	1.978	126.974785	37.295029
1685512418949	1685512418941	-9.239	-4.075	1.839	-1.206	0.787	1.570	0.704	-2.425	1.963	126.974785	37.295029
1685512418961	1685512418950	-9.170	-4.094	1.942	-1.267	0.691	1.495	0.599	-2.576	1.920	126.974785	37.295029
1685512418969	1685512418961	-9.206	-4.156	2.047	-1.346	0.586	1.434	0.472	-2.761	2.030	126.974785	37.295029
1685512418978	1685512418978	-9.280	-4.269	2.097	-1.416	0.506	1.372	0.553	-2.871	2.176	126.974785	37.295029
1685512418990	1685512418978	-9.337	-4.216	2.049	-1.459	0.479	1.301	0.529	-3.055	2.332	126.974785	37.295029
1685512418999	1685512418990	-9.529	-4.286	1.920	-1.494	0.463	1.225	0.464	-3.256	2.413	126.974785	37.295029
1685512419009	1685512418999	-9.665	-4.542	1.817	-1.538	0.435	1.151	0.417	-3.306	2.404	126.974785	37.295029
1685512419021	1685512419009	-9.926	-4.695	1.865	-1.569	0.408	1.089	0.232	-3.474	2.313	126.974785	37.295029
1685512419030	1685512419021	-10.161	-4.913	1.935	-1.582	0.414	1.025	0.101	-3.831	2.251	126.974785	37.295029
1685512419041	1685512419031	-10.388	-5.112	2.042	-1.572	0.436	0.953	-0.153	-4.082	2.339	126.974785	37.295029
1685512419050	1685512419042	-10.405	-5.195	2.229	-1.492	0.447	0.889	-0.383	-4.415	2.459	126.974785	37.295029
1685512419060	1685512419050	-10.123	-5.241	2.315	-1.332	0.432	0.852	-0.608	-4.707	2.612	126.974785	37.295029
1685512419070	1685512419060	-9.924	-5.267	2.272	-1.161	0.381	0.831	-0.625	-4.896	2.851	126.974785	37.295029
1685512419081	1685512419070	-9.752	-5.306	2.263	-0.999	0.337	0.806	-0.342	-5.023	2.981	126.974785	37.295029
