1685512404079	1685512404079	-7.065	-3.060	-0.067	0.841	-1.067	-0.540	1.319	-3.917	1.944	126.974976	37.295105
1685512404079	1685512404079	-6.649	-3.146	0.005	0.696	-1.003	-0.696	2.016	-3.596	1.891	126.974976	37.295105
1685512404085	1685512404079	-6.316	-3.041	-0.072	0.539	-0.948	-0.865	2.531	-3.460	1.896	126.974976	37.295105
1685512404095	1685512404085	-6.029	-3.105	-0.132	0.421	-0.893	-1.041	2.966	-3.474	1.884	126.974976	37.295105
1685512404105	1685512404095	-6.072	-3.041	-0.192	0.354	-0.839	-1.221	3.318	-3.275	1.719	126.974976	37.295105
1685512404117	1685512404105	-6.139	-2.940	-0.196	0.308	-0.771	-1.399	3.625	-3.232	1.573	126.974976	37.295105
1685512404124	1685512404117	-6.325	-2.840	-0.381	0.248	-0.727	-1.554	3.596	-3.043	1.432	126.974976	37.295105
1685512404135	1685512404124	-6.524	-2.859	-0.546	0.182	-0.698	-1.670	3.541	-2.804	1.353	126.974976	37.295105
1685512404145	1685512404135	-6.814	-2.825	-0.785	0.125	-0.693	-1.750	3.361	-2.516	1.082	126.974976	37.295105
1685512404155	1685512404145	-7.041	-2.753	-1.061	0.076	-0.700	-1.802	3.168	-2.406	0.862	126.974976	37.295105
1685512404165	1685512404155	-7.247	-2.710	-1.298	0.032	-0.724	-1.819	2.878	-2.200	0.555	126.974976	37.295105
1685512404176	1685512404165	-7.319	-2.672	-1.432	-0.017	-0.766	-1.797	2.646	-1.954	0.213	126.974976	37.295105
1685512404185	1685512404176	-7.417	-2.631	-1.343	-0.075	-0.803	-1.743	2.433	-1.733	-0.093	126.974976	37.295105
1685512404195	1685512404185	-7.566	-2.710	-1.171	-0.130	-0.820	-1.662	2.351	-1.520	-0.302	126.974976	37.295105
1685512404205	1685512404195	-7.901	-2.751	-0.955	-0.175	-0.806	-1.561	2.239	-1.295	-0.297	126.974976	37.295105
1685512404216	1685512404205	-8.368	-2.945	-0.840	-0.208	-0.756	-1.460	2.076	-1.231	-0.194	126.974976	37.295105
1685512404225	1685512404216	-8.861	-2.966	-0.874	-0.226	-0.698	-1.357	1.724	-1.123	-0.053	126.974976	37.295105
1685512404236	1685512404225	-9.321	-2.883	-0.934	-0.247	-0.657	-1.235	1.238	-1.178	-0.007	126.974976	37.295105
1685512404245	1685512404236	-9.608	-2.902	-1.068	-0.290	-0.634	-1.085	0.723	-1.058	-0.110	126.974976	37.295105
1685512404255	1685512404245	-9.629	-2.914	-1.109	-0.363	-0.641	-0.909	0.247	-0.871	-0.223	126.974976	37.295105
1685512404265	1685512404255	-9.759	-3.086	-1.032	-0.464	-0.649	-0.726	-0.057	-0.778	-0.417	126.974976	37.295105
1685512404275	1685512404265	-9.835	-3.218	-0.855	-0.571	-0.640	-0.555	-0.093	-0.713	-0.505	126.974976	37.295105
1685512404285	1685512404275	-10.204	-3.201	-0.821	-0.657	-0.600	-0.409	-0.237	-0.819	-0.481	126.974976	37.295105
1685512404296	1685512404285	-10.412	-3.112	-0.800	-0.707	-0.529	-0.299	-0.321	-0.900	-0.352	126.974976	37.295105
1685512404306	1685512404296	-10.606	-3.189	-0.814	-0.722	-0.447	-0.206	-0.697	-0.850	-0.359	126.974968	37.295101
1685512404316	1685512404307	-10.783	-3.084	-0.965	-0.721	-0.396	-0.119	-0.910	-0.735	-0.371	126.974968	37.295101
1685512404326	1685512404319	-11.327	-3.124	-1.104	-0.726	-0.342	-0.034	-1.109	-0.792	-0.414	126.974968	37.295101
1685512404336	1685512404326	-12.167	-3.306	-1.231	-0.733	-0.268	0.035	-1.290	-0.666	-0.570	126.974968	37.295101
1685512404345	1685512404340	-13.350	-3.493	-1.298	-0.750	-0.161	0.098	-1.836	-0.697	-0.718	126.974968	37.295101
1685512404356	1685512404345	-14.178	-3.680	-1.211	-0.781	-0.027	0.158	-2.674	-0.883	-0.852	126.974968	37.295101
1685512404365	1685512404356	-14.195	-3.701	-0.958	-0.806	0.077	0.266	-3.855	-1.082	-0.915	126.974968	37.295101
1685512404375	1685512404365	-12.807	-3.721	-0.476	-0.812	0.066	0.473	-4.681	-1.288	-0.814	126.974968	37.295101
1685512404385	1685512404375	-10.906	-3.771	0.000	-0.810	-0.059	0.759	-4.690	-1.341	-0.529	126.974968	37.295101
1685512404395	1685512404385	-9.325	-4.061	0.558	-0.793	-0.202	1.035	-3.292	-1.403	-0.026	126.974968	37.295101
1685512404405	1685512404395	-8.478	-4.259	1.063	-0.737	-0.211	1.210	-1.372	-1.530	0.462	126.974968	37.295101
1685512404417	1685512404405	-8.478	-4.357	1.283	-0.627	-0.050	1.255	0.230	-1.923	1.018	126.974968	37.295101
1685512404425	1685512404417	-9.321	-4.374	1.374	-0.432	0.209	1.175	1.104	-2.241	1.518	126.974968	37.295101
1685512404435	1685512404425	-10.604	-4.180	1.362	-0.153	0.517	1.018	1.128	-2.461	1.745	126.974968	37.295101
1685512404445	1685512404435	-11.902	-3.898	1.384	0.162	0.806	0.870	0.309	-2.617	1.870	126.974968	37.295101
1685512404455	1685512404445	-12.476	-3.555	1.147	0.451	0.999	0.787	-0.960	-2.502	1.901	126.974968	37.295101
1685512404465	1685512404455	-12.467	-3.405	0.721	0.679	1.029	0.777	-2.248	-2.303	1.997	126.974968	37.295101
1685512404476	1685512404465	-11.777	-3.053	0.342	0.832	0.914	0.836	-2.818	-2.033	1.848	126.974968	37.295101
1685512404485	1685512404476	-10.810	-2.897	-0.031	0.874	0.715	0.925	-2.804	-1.951	1.513	126.974968	37.295101
1685512404495	1685512404485	-9.795	-2.765	-0.206	0.814	0.503	0.999	-2.109	-1.674	1.211	126.974968	37.295101
1685512404505	1685512404495	-9.019	-2.636	-0.141	0.695	0.331	1.042	-1.135	-1.609	0.900	126.974968	37.295101
1685512404517	1685512404505	-8.258	-2.452	0.151	0.535	0.209	1.062	-0.113	-1.556	0.759	126.974968	37.295101
1685512404527	1685512404517	-7.470	-2.356	0.642	0.332	0.109	1.065	0.670	-1.520	0.848	126.974968	37.295101
1685512404538	1685512404527	-6.627	-2.361	1.015	0.104	0.015	1.052	1.439	-1.434	1.156	126.974968	37.295101
1685512404545	1685512404538	-5.823	-2.291	1.468	-0.122	-0.045	1.020	2.239	-1.448	1.654	126.974968	37.295101
1685512404555	1685512404546	-5.148	-2.342	1.671	-0.334	-0.048	0.953	3.089	-1.544	2.028	126.974968	37.295101
1685512404565	1685512404556	-4.932	-2.423	1.824	-0.503	-0.006	0.845	3.903	-1.595	2.478	126.974968	37.295101
1685512404576	1685512404566	-4.899	-2.433	1.700	-0.602	0.089	0.715	4.585	-1.724	2.679	126.974968	37.295101
1685512404585	1685512404576	-5.052	-2.567	1.537	-0.650	0.209	0.593	4.805	-1.901	2.835	126.974968	37.295101
1685512404597	1685512404586	-5.344	-2.583	1.472	-0.660	0.324	0.497	4.841	-1.978	2.720	126.974968	37.295101
1685512404605	1685512404597	-5.526	-2.543	1.221	-0.654	0.390	0.431	4.688	-2.184	2.583	126.974968	37.295101
1685512404617	1685512404606	-5.669	-2.514	1.094	-0.644	0.398	0.397	4.393	-2.255	2.552	126.974968	37.295101
1685512404625	1685512404617	-5.614	-2.614	1.003	-0.640	0.357	0.389	4.209	-2.270	2.344	126.974968	37.295101
1685512404636	1685512404625	-5.768	-2.562	0.953	-0.628	0.307	0.391	4.063	-2.282	2.253	126.974968	37.295101
1685512404645	1685512404636	-6.055	-2.665	0.927	-0.617	0.270	0.395	4.113	-2.433	2.203	126.974968	37.295101
1685512404657	1685512404645	-6.577	-2.763	0.905	-0.612	0.252	0.396	3.958	-2.421	2.181	126.974968	37.295101
1685512404666	1685512404657	-7.187	-2.887	1.034	-0.617	0.255	0.391	3.668	-2.569	2.181	126.974968	37.295101
1685512404676	1685512404666	-7.829	-2.842	1.046	-0.628	0.265	0.380	3.141	-2.715	2.184	126.974968	37.295101
1685512404687	1685512404676	-8.408	-2.789	0.915	-0.648	0.264	0.373	2.528	-2.890	2.342	126.974968	37.295101
1685512404696	1685512404687	-8.777	-2.854	0.860	-0.689	0.246	0.379	1.882	-2.885	2.375	126.974968	37.295101
1685512404706	1685512404696	-9.120	-2.923	0.687	-0.764	0.195	0.407	1.300	-2.875	2.270	126.974968	37.295101
1685512404720	1685512404706	-9.124	-3.074	0.608	-0.866	0.132	0.447	0.927	-2.988	2.236	126.974968	37.295101
1685512404727	1685512404721	-9.189	-3.153	0.555	-0.968	0.075	0.492	0.582	-3.108	2.083	126.974968	37.295101
1685512404738	1685512404727	-9.275	-3.261	0.532	-1.060	0.048	0.538	0.575	-3.314	2.014	126.974968	37.295101
1685512404746	1685512404738	-9.515	-3.481	0.579	-1.144	0.057	0.564	0.505	-3.467	1.968	126.974968	37.295101
1685512404756	1685512404746	-9.867	-3.601	0.730	-1.201	0.105	0.573	0.417	-3.627	1.944	126.974968	37.295101
1685512404766	1685512404756	-10.180	-3.838	0.809	-1.218	0.175	0.574	0.175	-3.919	1.992	126.974968	37.295101
1685512404777	1685512404766	-10.367	-4.082	0.915	-1.186	0.248	0.586	-0.180	-4.111	2.148	126.974968	37.295101
1685512404786	1685512404777	-10.570	-4.322	1.116	-1.111	0.329	0.627	-0.498	-4.422	2.239	126.974968	37.295101
1685512404798	1685512404786	-10.427	-4.415	1.166	-0.999	0.411	0.691	-0.682	-4.669	2.322	126.974968	37.295101
1685512404806	1685512404798	-10.324	-4.338	1.302	-0.838	0.459	0.766	-0.886	-4.934	2.521	126.974968	37.295101
1685512404819	1685512404806	-10.144	-4.427	1.470	-0.634	0.507	0.836	-0.747	-5.061	2.581	126.974968	37.295101
1685512404828	1685512404821	-10.412	-4.573	1.465	-0.417	0.578	0.892	-0.654	-5.052	2.746	126.974968	37.295101
1685512404837	1685512404828	-10.970	-4.733	1.446	-0.210	0.676	0.919	-0.486	-5.222	2.954	126.974968	37.295101
1685512404846	1685512404837	-11.937	-4.980	1.650	-0.020	0.793	0.919	-0.771	-5.468	3.007	126.974968	37.295101
1685512404859	1685512404846	-12.845	-5.265	1.863	0.159	0.924	0.910	-1.348	-5.713	3.043	126.974968	37.295101
1685512404867	1685512404860	-13.484	-5.148	2.042	0.376	1.043	0.909	-2.339	-6.057	3.330	126.974968	37.295101
1685512404876	1685512404868	-13.458	-5.069	2.203	0.627	1.076	0.944	-3.270	-6.419	3.625	126.974968	37.295101
1685512404888	1685512404876	-12.778	-5.025	2.392	0.854	0.980	1.021	-3.941	-6.381	3.910	126.974968	37.295101
1685512404900	1685512404888	-11.602	-4.915	2.466	1.043	0.828	1.102	-3.946	-6.381	4.180	126.974968	37.295101
1685512404910	1685512404900	-10.465	-4.899	2.286	1.217	0.640	1.146	-3.299	-6.416	4.475	126.974968	37.295101
1685512404922	1685512404911	-9.893	-4.879	2.203	1.322	0.426	1.120	-2.157	-6.388	4.642	126.974968	37.295101
1685512404928	1685512404922	-10.087	-4.872	2.066	1.368	0.271	1.026	-1.053	-6.460	4.549	126.974968	37.295101
1685512404951	1685512404928	-11.128	-4.999	2.009	1.406	0.225	0.880	-0.508	-6.510	4.520	126.974968	37.295101
1685512404952	1685512404952	-12.594	-5.114	1.985	1.444	0.255	0.689	-0.725	-6.572	4.436	126.974968	37.295101
1685512404961	1685512404952	-13.731	-5.212	1.844	1.477	0.285	0.487	-1.786	-6.742	4.420	126.974968	37.295101
1685512404969	1685512404961	-14.267	-5.042	1.463	1.516	0.209	0.323	-3.270	-6.888	4.446	126.974968	37.295101
1685512404978	1685512404970	-14.200	-4.903	1.044	1.542	-0.005	0.199	-4.424	-6.993	4.357	126.974968	37.295101
1685512404988	1685512404978	-13.704	-4.920	0.771	1.508	-0.301	0.100	-4.973	-6.814	4.027	126.974968	37.295101
1685512404998	1685512404988	-13.369	-4.882	0.539	1.395	-0.586	0.001	-4.908	-6.656	3.632	126.974968	37.295101
1685512405009	1685512404999	-13.027	-4.776	0.467	1.232	-0.806	-0.123	-4.408	-6.644	3.357	126.974968	37.295101
1685512405021	1685512405009	-12.541	-4.482	0.426	1.032	-0.977	-0.277	-4.056	-6.570	3.093	126.974968	37.295101
1685512405029	1685512405021	-11.830	-4.080	0.464	0.792	-1.142	-0.456	-3.692	-6.421	2.966	126.974968	37.295101
1685512405040	1685512405029	-10.949	-3.572	0.496	0.524	-1.284	-0.651	-3.177	-6.076	2.851	126.974968	37.295101
1685512405050	1685512405041	-9.998	-3.364	0.500	0.236	-1.404	-0.863	-2.421	-5.593	2.768	126.974968	37.295101
1685512405060	1685512405050	-9.163	-3.136	0.553	-0.060	-1.487	-1.098	-1.513	-5.035	2.717	126.974968	37.295101
1685512405070	1685512405061	-8.528	-3.084	0.563	-0.338	-1.515	-1.370	-0.515	-4.731	2.581	126.974968	37.295101
1685512405082	1685512405071	-8.078	-3.117	0.524	-0.583	-1.497	-1.669	0.359	-4.410	2.507	126.974968	37.295101
1685512405091	1685512405082	-7.788	-3.244	0.486	-0.790	-1.433	-1.969	1.041	-4.221	2.351	126.974968	37.295101
1685512405100	1685512405091	-7.695	-3.352	0.441	-0.954	-1.351	-2.255	1.532	-4.118	2.179	126.974968	37.295101
1685512405109	1685512405100	-7.688	-3.479	0.417	-1.065	-1.262	-2.511	1.870	-4.032	1.966	126.974968	37.295101
1685512405119	1685512405109	-7.642	-3.508	0.321	-1.109	-1.180	-2.716	1.992	-3.977	1.810	126.974968	37.295101
1685512405135	1685512405119	-7.633	-3.620	0.153	-1.070	-1.117	-2.869	2.030	-3.852	1.645	126.974968	37.295101
1685512405143	1685512405135	-7.503	-3.553	0.065	-0.955	-1.059	-2.979	2.095	-3.654	1.444	126.974968	37.295101
1685512405147	1685512405143	-7.448	-3.620	-0.062	-0.778	-1.010	-3.052	2.119	-3.445	1.147	126.974968	37.295101
1685512405157	1685512405147	-7.415	-3.541	-0.153	-0.552	-0.959	-3.089	2.248	-3.124	0.967	126.974968	37.295101
1685512405166	1685512405158	-7.396	-3.371	-0.225	-0.288	-0.900	-3.092	2.294	-2.871	0.737	126.974968	37.295101
1685512405177	1685512405166	-7.479	-3.196	-0.321	-0.013	-0.837	-3.065	2.303	-2.471	0.546	126.974968	37.295101
1685512405188	1685512405177	-7.503	-3.029	-0.302	0.249	-0.778	-3.013	2.286	-1.963	0.376	126.974968	37.295101
1685512405199	1685512405188	-7.580	-2.837	-0.287	0.485	-0.728	-2.926	2.155	-1.463	0.192	126.974968	37.295101
1685512405207	1685512405199	-7.609	-2.588	-0.211	0.678	-0.693	-2.805	2.078	-1.006	0.132	126.974968	37.295101
1685512405218	1685512405207	-7.798	-2.483	-0.165	0.810	-0.663	-2.655	1.942	-0.532	0.065	126.974968	37.295101
1685512405226	1685512405218	-7.994	-2.442	0.012	0.881	-0.627	-2.489	1.839	0.010	0.050	126.974968	37.295101
1685512405237	1685512405226	-8.241	-2.476	0.141	0.897	-0.590	-2.303	1.587	0.342	0.022	126.974968	37.295101
1685512405246	1685512405237	-8.545	-2.454	0.077	0.872	-0.562	-2.101	1.310	0.639	0.105	126.974968	37.295101
1685512405258	1685512405246	-8.782	-2.279	-0.072	0.831	-0.528	-1.890	0.998	0.800	0.158	126.974960	37.295097
1685512405267	1685512405258	-8.899	-2.095	-0.283	0.760	-0.503	-1.670	0.622	1.013	0.014	126.974960	37.295097
1685512405277	1685512405267	-8.878	-2.069	-0.479	0.633	-0.524	-1.433	0.318	1.360	-0.211	126.974960	37.295097
1685512405287	1685512405277	-8.993	-1.994	-0.632	0.447	-0.556	-1.190	0.132	1.709	-0.503	126.974960	37.295097
1685512405297	1685512405287	-8.976	-1.949	-0.749	0.215	-0.572	-0.962	0.103	1.851	-0.764	126.974960	37.295097
1685512405307	1685512405297	-9.131	-2.136	-0.792	-0.039	-0.583	-0.755	-0.060	2.030	-0.984	126.974960	37.295097
1685512405319	1685512405307	-9.251	-2.382	-0.673	-0.290	-0.583	-0.561	-0.084	2.162	-1.161	126.974960	37.295097
1685512405327	1685512405319	-9.376	-2.468	-0.462	-0.506	-0.546	-0.375	-0.263	2.021	-1.243	126.974960	37.295097
1685512405342	1685512405327	-9.213	-2.720	-0.405	-0.670	-0.490	-0.195	-0.395	1.798	-1.149	126.974960	37.295097
1685512405347	1685512405342	-9.328	-2.816	-0.400	-0.768	-0.434	-0.015	-0.527	1.721	-0.950	126.974960	37.295097
1685512405357	1685512405347	-9.639	-2.988	-0.390	-0.798	-0.367	0.171	-0.352	1.446	-0.881	126.974960	37.295097
1685512405367	1685512405357	-10.309	-3.151	-0.419	-0.773	-0.241	0.353	-0.445	1.310	-0.855	126.974960	37.295097
1685512405379	1685512405367	-11.205	-3.438	-0.362	-0.712	-0.050	0.520	-0.728	1.075	-0.814	126.974960	37.295097
1685512405388	1685512405379	-11.897	-3.522	-0.302	-0.621	0.155	0.689	-1.358	0.826	-0.795	126.974960	37.295097
1685512405399	1685512405388	-12.208	-3.642	-0.290	-0.490	0.315	0.894	-2.207	0.441	-0.680	126.974960	37.295097
1685512405408	1685512405399	-11.760	-3.630	-0.153	-0.342	0.389	1.164	-2.859	0.263	-0.560	126.974960	37.295097
1685512405419	1685512405408	-10.657	-3.697	0.120	-0.200	0.403	1.467	-3.139	0.072	-0.505	126.974960	37.295097
1685512405429	1685512405420	-9.538	-3.754	0.350	-0.082	0.386	1.746	-2.648	-0.019	-0.321	126.974960	37.295097
1685512405440	1685512405429	-9.026	-3.725	0.393	0.013	0.380	1.946	-1.489	-0.220	-0.005	126.974960	37.295097
1685512405449	1685512405441	-9.246	-3.804	0.407	0.088	0.459	2.037	-0.306	-0.455	0.266	126.974960	37.295097
1685512405459	1685512405449	-10.087	-3.579	0.405	0.160	0.633	2.009	0.261	-0.589	0.340	126.974960	37.295097
1685512405468	1685512405459	-11.332	-3.515	0.534	0.242	0.859	1.902	0.108	-0.876	0.400	126.974960	37.295097
1685512405478	1685512405468	-12.519	-3.553	0.553	0.338	1.074	1.800	-0.678	-0.821	0.445	126.974960	37.295097
1685512405487	1685512405478	-13.171	-3.577	0.678	0.437	1.213	1.756	-1.875	-0.936	0.649	126.974960	37.295097
1685512405498	1685512405487	-13.288	-3.531	0.563	0.514	1.239	1.765	-3.019	-1.144	0.761	126.974960	37.295097
1685512405507	1685512405498	-12.852	-3.606	0.572	0.561	1.152	1.812	-3.632	-1.334	0.991	126.974960	37.295097
1685512405519	1685512405508	-12.062	-3.589	0.405	0.561	1.014	1.890	-3.716	-1.456	0.984	126.974960	37.295097
1685512405528	1685512405519	-11.325	-3.565	0.302	0.516	0.866	1.983	-3.247	-1.717	1.104	126.974960	37.295097
1685512405543	1685512405528	-10.539	-3.428	0.321	0.432	0.733	2.055	-2.430	-1.863	1.015	126.974960	37.295097
1685512405548	1685512405543	-9.780	-3.321	0.395	0.307	0.621	2.090	-1.664	-2.045	0.994	126.974960	37.295097
1685512405559	1685512405548	-8.820	-3.409	0.527	0.142	0.519	2.094	-0.857	-2.083	1.073	126.974960	37.295097
1685512405567	1685512405559	-7.834	-3.278	0.840	-0.037	0.421	2.064	-0.077	-2.176	1.202	126.974960	37.295097
1685512405577	1685512405567	-6.948	-3.163	1.051	-0.203	0.347	1.993	0.900	-2.468	1.384	126.974960	37.295097
1685512405588	1685512405578	-6.134	-3.112	1.223	-0.359	0.292	1.888	1.901	-2.557	1.743	126.974960	37.295097
1685512405599	1685512405588	-5.703	-3.151	1.348	-0.492	0.292	1.753	2.794	-2.619	1.985	126.974960	37.295097
1685512405608	1685512405599	-5.557	-3.381	1.556	-0.582	0.369	1.604	3.615	-2.756	2.186	126.974960	37.295097
1685512405621	1685512405609	-5.732	-3.673	1.551	-0.617	0.475	1.455	4.049	-2.969	2.342	126.974960	37.295097
1685512405629	1685512405622	-5.904	-3.745	1.590	-0.584	0.589	1.318	4.192	-3.361	2.586	126.974960	37.295097
1685512405640	1685512405629	-6.242	-3.575	1.585	-0.484	0.683	1.207	4.013	-3.802	2.626	126.974960	37.295097
1685512405650	1685512405640	-6.416	-3.642	1.549	-0.393	0.716	1.137	3.828	-4.037	2.734	126.974960	37.295097
1685512405662	1685512405650	-6.524	-3.649	1.468	-0.349	0.712	1.111	3.481	-3.965	2.780	126.974960	37.295097
1685512405671	1685512405662	-6.639	-3.733	1.379	-0.303	0.684	1.102	3.292	-4.147	2.813	126.974960	37.295097
1685512405682	1685512405672	-6.785	-3.627	1.233	-0.239	0.634	1.096	3.168	-4.266	2.799	126.974960	37.295097
1685512405691	1685512405683	-7.092	-3.563	1.142	-0.182	0.586	1.096	3.036	-4.472	2.780	126.974960	37.295097
1685512405701	1685512405693	-7.398	-3.608	1.132	-0.161	0.547	1.092	2.873	-4.465	2.686	126.974960	37.295097
1685512405713	1685512405702	-7.690	-3.697	1.125	-0.171	0.511	1.086	2.545	-4.530	2.662	126.974960	37.295097
1685512405724	1685512405714	-8.150	-3.661	1.257	-0.209	0.470	1.079	2.222	-4.662	2.693	126.974960	37.295097
1685512405731	1685512405726	-8.502	-3.675	1.343	-0.272	0.440	1.070	1.911	-4.858	2.734	126.974960	37.295097
1685512405752	1685512405731	-8.854	-3.682	1.348	-0.354	0.419	1.063	1.429	-4.930	2.907	126.974960	37.295097
1685512405754	1685512405753	-8.921	-3.649	1.307	-0.464	0.380	1.056	1.053	-5.061	3.036	126.974960	37.295097
1685512405760	1685512405754	-8.940	-3.754	1.185	-0.612	0.307	1.048	0.680	-5.164	3.072	126.974960	37.295097
1685512405770	1685512405760	-9.072	-3.948	1.080	-0.775	0.238	1.035	0.587	-5.262	3.067	126.974960	37.295097
1685512405780	1685512405770	-9.414	-4.046	1.082	-0.914	0.204	0.997	0.548	-5.456	2.959	126.974960	37.295097
1685512405790	1685512405781	-9.922	-4.290	1.082	-1.016	0.206	0.936	0.393	-5.772	2.863	126.974960	37.295097
1685512405801	1685512405790	-10.386	-4.484	1.152	-1.092	0.222	0.858	0.029	-5.971	2.868	126.974960	37.295097
1685512405810	1685512405802	-10.805	-4.683	1.125	-1.142	0.241	0.773	-0.500	-6.333	2.868	126.974960	37.295097
1685512405822	1685512405811	-11.016	-4.841	1.240	-1.164	0.247	0.689	-0.984	-6.618	2.935	126.974960	37.295097
1685512405831	1685512405822	-11.071	-4.958	1.281	-1.139	0.233	0.623	-1.429	-6.926	2.907	126.974960	37.295097
1685512405841	1685512405831	-10.898	-5.076	1.386	-1.065	0.194	0.574	-1.657	-7.161	3.019	126.974960	37.295097
1685512405851	1685512405841	-10.889	-5.188	1.372	-0.949	0.161	0.523	-1.733	-7.365	3.053	126.974960	37.295097
1685512405862	1685512405851	-11.317	-5.186	1.281	-0.797	0.154	0.454	-1.578	-7.549	3.151	126.974960	37.295097
1685512405872	1685512405863	-12.342	-5.322	1.489	-0.654	0.181	0.359	-1.583	-7.726	3.129	126.974960	37.295097
1685512405882	1685512405872	-13.621	-5.497	1.709	-0.533	0.264	0.235	-2.025	-7.779	3.031	126.974960	37.295097
1685512405891	1685512405882	-14.444	-5.578	1.753	-0.406	0.396	0.087	-3.065	-7.966	3.239	126.974960	37.295097
1685512405902	1685512405891	-14.569	-5.559	1.985	-0.249	0.469	-0.034	-4.355	-8.169	3.469	126.974960	37.295097
1685512405912	1685512405902	-13.393	-5.464	2.212	-0.093	0.391	-0.076	-5.188	-8.265	3.539	126.974960	37.295097
1685512405924	1685512405913	-11.519	-5.186	2.193	0.046	0.204	-0.060	-5.320	-8.248	3.807	126.974960	37.295097
1685512405937	1685512405926	-9.632	-4.951	2.021	0.198	-0.006	-0.046	-4.149	-8.145	4.068	126.974960	37.295097
1685512405939	1685512405939	-8.552	-4.961	1.946	0.297	-0.211	-0.083	-2.274	-7.863	4.070	126.974960	37.295097
1685512405955	1685512405940	-8.444	-5.047	2.071	0.352	-0.280	-0.191	-0.385	-7.618	3.903	126.974960	37.295097
1685512405962	1685512405955	-9.723	-5.095	2.105	0.425	-0.169	-0.386	0.697	-7.616	3.819	126.974960	37.295097
1685512405972	1685512405962	-11.519	-5.222	2.363	0.542	0.029	-0.665	0.814	-7.678	3.926	126.974960	37.295097
1685512405981	1685512405973	-13.137	-5.478	2.272	0.699	0.221	-0.936	-0.450	-7.683	3.955	126.974960	37.295097
1685512405993	1685512405981	-14.068	-5.258	1.997	0.881	0.314	-1.117	-2.229	-7.738	4.231	126.974960	37.295097
1685512406002	1685512405994	-14.317	-4.970	1.618	1.106	0.269	-1.177	-3.828	-7.894	4.178	126.974960	37.295097
1685512406011	1685512406002	-13.836	-4.846	1.214	1.324	0.098	-1.125	-4.738	-7.539	3.958	126.974960	37.295097
1685512406022	1685512406012	-12.881	-4.717	0.771	1.469	-0.133	-1.053	-4.968	-7.135	3.622	126.974960	37.295097
1685512406031	1685512406022	-12.019	-4.520	0.527	1.520	-0.346	-1.014	-4.465	-6.879	3.256	126.974960	37.295097
1685512406042	1685512406031	-11.521	-4.108	0.402	1.527	-0.508	-0.997	-3.486	-6.620	2.830	126.974960	37.295097
1685512406051	1685512406042	-11.001	-3.733	0.354	1.478	-0.640	-1.025	-2.595	-6.282	2.579	126.974960	37.295097
1685512406061	1685512406051	-10.657	-3.424	0.409	1.339	-0.737	-1.114	-2.073	-5.758	2.435	126.974960	37.295097
1685512406071	1685512406061	-10.173	-3.194	0.364	1.115	-0.814	-1.236	-1.523	-5.243	2.346	126.974960	37.295097
1685512406081	1685512406071	-9.610	-3.072	0.371	0.812	-0.887	-1.367	-1.149	-4.815	2.356	126.974960	37.295097
1685512406092	1685512406081	-9.088	-3.220	0.285	0.494	-0.976	-1.506	-0.634	-4.446	2.248	126.974960	37.295097
1685512406101	1685512406092	-8.550	-3.259	0.156	0.237	-1.035	-1.655	-0.038	-4.178	2.179	126.974960	37.295097
1685512406110	1685512406101	-8.203	-3.067	0.168	0.083	-1.051	-1.811	0.515	-4.173	2.004	126.974960	37.295097
1685512406121	1685512406110	-7.863	-3.168	0.136	0.002	-1.032	-1.955	1.085	-4.049	1.779	126.974960	37.295097
1685512406129	1685512406121	-7.635	-3.419	0.187	-0.034	-1.010	-2.095	1.465	-3.663	1.678	126.974960	37.295097
1685512406142	1685512406129	-7.580	-3.615	0.127	-0.022	-0.960	-2.243	1.827	-3.594	1.559	126.974960	37.295097
1685512406150	1685512406142	-7.523	-3.610	0.182	0.033	-0.896	-2.382	2.076	-3.622	1.501	126.974960	37.295097
1685512406162	1685512406150	-7.638	-3.551	0.120	0.149	-0.833	-2.474	2.145	-3.622	1.358	126.974960	37.295097
1685512406168	1685512406162	-7.628	-3.438	0.029	0.332	-0.778	-2.514	2.210	-3.385	1.324	126.974960	37.295097
1685512406179	1685512406168	-7.731	-3.232	-0.050	0.535	-0.732	-2.524	2.097	-3.084	1.180	126.974960	37.295097
1685512406188	1685512406179	-7.705	-3.263	-0.060	0.696	-0.711	-2.525	2.097	-2.698	1.003	126.974960	37.295097
1685512406198	1685512406188	-7.721	-3.062	-0.139	0.842	-0.694	-2.511	1.978	-2.212	0.836	126.974960	37.295097
1685512406208	1685512406199	-7.860	-2.753	-0.311	0.976	-0.683	-2.476	1.978	-1.949	0.730	126.974960	37.295097
1685512406220	1685512406208	-8.171	-2.543	-0.388	1.074	-0.670	-2.430	1.925	-1.465	0.560	126.974960	37.295097
1685512406228	1685512406220	-8.487	-2.428	-0.453	1.109	-0.652	-2.377	1.743	-0.886	0.294	126.974960	37.295097
1685512406238	1685512406228	-8.710	-2.205	-0.443	1.071	-0.655	-2.316	1.389	-0.436	0.132	126.974960	37.295097
1685512406248	1685512406239	-9.019	-2.200	-0.402	0.983	-0.663	-2.235	1.013	-0.043	-0.034	126.974960	37.295097
1685512406259	1685512406248	-9.373	-2.205	-0.378	0.853	-0.681	-2.127	0.745	0.357	-0.096	126.974945	37.295101
1685512406268	1685512406259	-9.589	-2.160	-0.539	0.693	-0.701	-2.002	0.378	0.575	-0.144	126.974945	37.295101
1685512406279	1685512406268	-9.737	-2.229	-0.555	0.519	-0.715	-1.868	-0.034	0.771	-0.208	126.974945	37.295101
1685512406289	1685512406280	-9.687	-2.152	-0.646	0.334	-0.732	-1.708	-0.309	1.001	-0.453	126.974945	37.295101
1685512406299	1685512406289	-9.656	-2.306	-0.599	0.132	-0.776	-1.515	-0.512	1.092	-0.543	126.974945	37.295101
1685512406309	1685512406299	-9.586	-2.492	-0.639	-0.065	-0.806	-1.315	-0.534	1.355	-0.730	126.974945	37.295101
1685512406321	1685512406309	-9.598	-2.684	-0.685	-0.232	-0.794	-1.130	-0.546	1.314	-0.742	126.974945	37.295101
1685512406330	1685512406321	-9.627	-2.698	-0.646	-0.369	-0.766	-0.951	-0.505	1.195	-0.826	126.974945	37.295101
1685512406349	1685512406331	-9.495	-2.741	-0.630	-0.458	-0.731	-0.764	-0.534	1.046	-0.900	126.974945	37.295101
1685512406350	1685512406350	-9.311	-2.691	-0.702	-0.508	-0.681	-0.578	-0.584	1.077	-0.891	126.974945	37.295101
1685512406360	1685512406350	-9.254	-2.816	-0.781	-0.531	-0.630	-0.396	-0.453	1.039	-0.879	126.974945	37.295101
1685512406370	1685512406360	-9.440	-2.799	-0.869	-0.533	-0.573	-0.221	-0.275	1.101	-0.967	126.974945	37.295101
1685512406380	1685512406371	-10.183	-2.861	-0.955	-0.506	-0.464	-0.064	-0.208	0.960	-1.039	126.974945	37.295101
1685512406390	1685512406380	-11.071	-3.010	-0.972	-0.484	-0.285	0.072	-0.385	0.953	-1.125	126.974945	37.295101
1685512406402	1685512406390	-11.964	-3.019	-1.099	-0.461	-0.098	0.225	-1.113	0.855	-1.197	126.974945	37.295101
1685512406410	1685512406402	-12.366	-3.259	-1.058	-0.436	0.049	0.428	-1.987	0.668	-1.192	126.974945	37.295101
1685512406422	1685512406410	-12.072	-3.409	-0.831	-0.415	0.119	0.693	-2.863	0.622	-1.293	126.974945	37.295101
1685512406432	1685512406422	-11.104	-3.517	-0.589	-0.382	0.121	1.005	-3.249	0.338	-1.228	126.974945	37.295101
1685512406441	1685512406432	-9.802	-3.582	-0.450	-0.370	0.089	1.316	-2.931	0.129	-0.977	126.974945	37.295101
1685512406450	1685512406442	-8.873	-3.634	-0.299	-0.349	0.070	1.578	-1.925	-0.077	-0.709	126.974945	37.295101
1685512406461	1685512406450	-8.464	-3.689	0.000	-0.305	0.137	1.758	-0.582	-0.249	-0.551	126.974945	37.295101
1685512406470	1685512406461	-8.878	-3.692	0.201	-0.280	0.294	1.823	0.397	-0.448	-0.383	126.974945	37.295101
1685512406480	1685512406470	-9.756	-3.766	0.582	-0.241	0.514	1.787	0.862	-0.666	-0.062	126.974945	37.295101
1685512406489	1685512406480	-10.922	-3.847	0.781	-0.137	0.777	1.714	0.505	-0.857	0.177	126.974945	37.295101
1685512406499	1685512406489	-11.851	-3.900	0.860	0.039	1.051	1.658	-0.326	-1.082	0.608	126.974945	37.295101
1685512406512	1685512406499	-12.239	-3.783	0.785	0.257	1.233	1.643	-1.448	-1.326	0.883	126.974945	37.295101
1685512406523	1685512406512	-12.069	-3.625	0.596	0.470	1.300	1.671	-2.339	-1.535	1.061	126.974945	37.295101
1685512406530	1685512406523	-11.475	-3.577	0.311	0.623	1.253	1.745	-2.693	-1.575	1.099	126.974945	37.295101
1685512406540	1685512406530	-10.676	-3.510	0.084	0.700	1.169	1.846	-2.492	-1.575	1.022	126.974945	37.295101
1685512406550	1685512406540	-10.017	-3.452	-0.108	0.715	1.095	1.936	-1.865	-1.724	0.869	126.974945	37.295101
1685512406559	1685512406550	-9.459	-3.299	-0.122	0.679	1.040	1.984	-1.044	-1.796	0.721	126.974945	37.295101
1685512406569	1685512406559	-8.892	-3.189	-0.055	0.607	0.999	1.991	-0.362	-1.920	0.622	126.974945	37.295101
1685512406580	1685512406569	-8.236	-2.993	0.165	0.514	0.946	1.979	0.215	-1.954	0.699	126.974945	37.295101
1685512406589	1685512406581	-7.479	-2.974	0.560	0.397	0.871	1.947	0.800	-2.030	0.855	126.974945	37.295101
1685512406600	1685512406590	-6.902	-3.000	0.982	0.268	0.800	1.885	1.468	-2.021	1.161	126.974945	37.295101
1685512406610	1685512406600	-6.610	-3.067	1.334	0.143	0.770	1.792	2.231	-2.205	1.647	126.974945	37.295101
1685512406622	1685512406610	-6.515	-3.148	1.518	0.042	0.797	1.666	2.813	-2.394	2.136	126.974945	37.295101
1685512406631	1685512406622	-6.548	-3.311	1.779	-0.039	0.848	1.530	3.105	-2.634	2.562	126.974945	37.295101
1685512406643	1685512406631	-6.737	-3.536	1.982	-0.108	0.897	1.426	3.196	-2.878	2.825	126.974945	37.295101
1685512406652	1685512406644	-6.740	-3.575	2.059	-0.160	0.927	1.370	3.153	-3.203	3.177	126.974945	37.295101
1685512406661	1685512406652	-6.895	-3.560	1.903	-0.177	0.938	1.346	2.954	-3.555	3.457	126.974945	37.295101
1685512406673	1685512406661	-6.900	-3.474	1.879	-0.156	0.932	1.338	2.935	-3.742	3.634	126.974945	37.295101
1685512406682	1685512406673	-6.979	-3.412	1.822	-0.136	0.891	1.340	2.763	-3.847	3.558	126.974945	37.295101
1685512406694	1685512406682	-7.257	-3.345	1.712	-0.134	0.838	1.343	2.737	-3.893	3.625	126.974945	37.295101
1685512406704	1685512406694	-7.609	-3.359	1.676	-0.169	0.799	1.335	2.636	-3.962	3.651	126.974945	37.295101
1685512406714	1685512406705	-7.956	-3.417	1.654	-0.231	0.757	1.317	2.334	-4.027	3.622	126.974945	37.295101
1685512406727	1685512406714	-8.150	-3.409	1.563	-0.313	0.705	1.290	1.956	-4.171	3.661	126.974945	37.295101
1685512406733	1685512406727	-8.435	-3.486	1.628	-0.409	0.638	1.268	1.580	-4.372	3.716	126.974945	37.295101
1685512406745	1685512406733	-8.648	-3.649	1.561	-0.531	0.555	1.252	1.360	-4.482	3.682	126.974945	37.295101
1685512406754	1685512406745	-8.746	-3.709	1.618	-0.665	0.470	1.235	1.044	-4.700	3.809	126.974945	37.295101
1685512406777	1685512406754	-8.983	-3.886	1.597	-0.783	0.412	1.207	0.807	-4.980	3.783	126.974945	37.295101
1685512406778	1685512406778	-8.990	-3.950	1.542	-0.869	0.365	1.177	0.680	-5.171	3.876	126.974945	37.295101
1685512406783	1685512406779	-9.074	-3.934	1.465	-0.925	0.323	1.146	0.421	-5.461	3.867	126.974945	37.295101
1685512406792	1685512406783	-9.208	-4.130	1.322	-0.974	0.285	1.107	0.383	-5.669	3.833	126.974945	37.295101
1685512406802	1685512406792	-9.448	-4.221	1.312	-1.024	0.258	1.057	0.290	-5.725	3.742	126.974945	37.295101
1685512406812	1685512406803	-9.754	-4.357	1.312	-1.053	0.265	0.997	0.148	-5.993	3.575	126.974945	37.295101
1685512406825	1685512406812	-9.950	-4.676	1.393	-1.045	0.296	0.937	-0.093	-6.144	3.529	126.974945	37.295101
1685512406832	1685512406827	-10.101	-4.748	1.396	-0.996	0.316	0.887	-0.402	-6.330	3.496	126.974945	37.295101
1685512406842	1685512406832	-10.113	-4.822	1.623	-0.889	0.332	0.852	-0.606	-6.706	3.553	126.974945	37.295101
1685512406852	1685512406842	-10.015	-5.013	1.738	-0.744	0.334	0.830	-0.776	-6.876	3.546	126.974945	37.295101
1685512406862	1685512406853	-9.869	-5.136	1.913	-0.579	0.315	0.816	-0.797	-6.996	3.768	126.974945	37.295101
1685512406872	1685512406862	-9.833	-5.104	1.999	-0.392	0.320	0.793	-0.723	-7.281	3.895	126.974945	37.295101
1685512406884	1685512406872	-9.888	-5.006	1.882	-0.204	0.340	0.755	-0.601	-7.482	4.085	126.974945	37.295101
1685512406893	1685512406884	-10.101	-4.908	1.623	-0.055	0.337	0.713	-0.594	-7.542	4.192	126.974945	37.295101
1685512406904	1685512406893	-10.824	-5.121	1.659	0.029	0.330	0.662	-0.673	-7.511	4.099	126.974945	37.295101
1685512406913	1685512406905	-11.791	-5.428	1.841	0.055	0.365	0.579	-0.915	-7.491	3.876	126.974945	37.295101
1685512406925	1685512406913	-12.574	-5.358	1.930	0.086	0.452	0.465	-1.659	-7.752	3.936	126.974945	37.295101
1685512406933	1685512406925	-12.771	-5.294	2.047	0.156	0.489	0.365	-2.653	-8.116	4.156	126.974945	37.295101
1685512406955	1685512406933	-12.321	-5.411	2.265	0.214	0.397	0.316	-3.457	-8.083	4.286	126.974945	37.295101
1685512406956	1685512406956	-11.186	-5.466	2.289	0.265	0.253	0.297	-3.680	-8.054	4.460	126.974945	37.295101
1685512406962	1685512406957	-10.070	-5.284	2.088	0.348	0.110	0.268	-3.244	-8.193	4.717	126.974945	37.295101
1685512406972	1685512406962	-9.670	-5.193	1.860	0.418	-0.060	0.193	-2.126	-8.270	4.774	126.974945	37.295101
1685512406983	1685512406972	-10.159	-5.322	1.834	0.432	-0.170	0.051	-1.020	-8.102	4.592	126.974945	37.295101
1685512406991	1685512406983	-11.559	-5.545	1.791	0.436	-0.132	-0.166	-0.622	-8.018	4.369	126.974945	37.295101
1685512407003	1685512406992	-13.075	-5.476	1.697	0.480	-0.023	-0.442	-1.109	-8.143	4.341	126.974945	37.295101
1685512407012	1685512407003	-14.217	-5.351	1.367	0.558	0.024	-0.701	-2.502	-8.339	4.298	126.974945	37.295101
1685512407023	1685512407012	-14.849	-5.341	0.991	0.644	-0.042	-0.908	-4.005	-8.217	4.216	126.974945	37.295101
1685512407032	1685512407025	-14.935	-5.358	0.625	0.704	-0.209	-1.073	-5.128	-8.006	3.903	126.974945	37.295101
1685512407041	1685512407032	-14.688	-5.260	0.474	0.737	-0.431	-1.210	-5.737	-7.908	3.539	126.974945	37.295101
1685512407052	1685512407041	-14.219	-4.987	0.223	0.767	-0.640	-1.302	-5.789	-7.798	3.172	126.974945	37.295101
1685512407064	1685512407053	-13.582	-4.934	0.115	0.751	-0.847	-1.374	-5.507	-7.582	3.000	126.974945	37.295101
1685512407074	1685512407064	-13.190	-4.882	0.065	0.710	-0.997	-1.476	-4.992	-7.171	2.708	126.974945	37.295101
1685512407084	1685512407074	-13.190	-4.882	0.065	0.660	-1.073	-1.603	-4.305	-6.972	2.538	126.974945	37.295101
1685512407092	1685512407086	-12.072	-4.238	-0.005	0.622	-1.118	-1.736	-3.855	-6.749	2.399	126.974945	37.295101
1685512407101	1685512407093	-11.250	-3.785	-0.038	0.600	-1.161	-1.875	-3.807	-6.601	2.320	126.974945	37.295101
1685512407111	1685512407101	-11.250	-3.785	-0.038	0.564	-1.206	-2.016	-2.634	-5.780	2.155	126.974945	37.295101
1685512407123	1685512407115	-10.460	-3.326	0.029	0.496	-1.238	-2.161	-1.762	-5.136	2.021	126.974945	37.295101
1685512407131	1685512407124	-9.112	-3.057	0.172	0.401	-1.229	-2.319	-1.712	-4.934	1.913	126.974945	37.295101
1685512407144	1685512407132	-9.112	-3.089	0.122	0.301	-1.178	-2.485	-0.876	-4.257	1.867	126.974945	37.295101
1685512407150	1685512407144	-8.710	-3.536	0.117	0.198	-1.106	-2.650	0.520	-3.713	1.872	126.974945	37.295101
1685512407161	1685512407151	-8.387	-3.563	0.117	0.122	-1.038	-2.826	0.546	-3.548	1.733	126.974945	37.295101
1685512407170	1685512407161	-8.188	-3.563	0.057	0.122	-1.038	-2.826	0.974	-3.737	1.621	126.974945	37.295101
1685512407181	1685512407170	-8.109	-3.610	-0.022	0.083	-0.905	-3.117	1.314	-3.488	1.520	126.974945	37.295101
1685512407190	1685512407181	-8.212	-3.634	-0.050	0.083	-0.905	-3.117	1.520	-3.211	1.360	126.974945	37.295101
1685512407200	1685512407190	-8.344	-3.608	-0.069	0.176	-0.831	-3.180	1.595	-2.954	1.192	126.974945	37.295101
1685512407210	1685512407200	-8.499	-3.448	-0.180	0.299	-0.761	-3.223	1.477	-2.646	1.068	126.974945	37.295101
1685512407221	1685512407210	-8.504	-3.328	-0.273	0.437	-0.712	-3.242	1.319	-2.342	0.974	126.974945	37.295101
1685512407230	1685512407221	-8.435	-3.191	-0.397	0.683	-0.693	-3.185	1.125	-1.867	0.785	126.974945	37.295101
1685512407241	1685512407230	-8.327	-2.978	-0.448	0.683	-0.693	-3.185	1.065	-1.386	0.594	126.974945	37.295101
1685512407250	1685512407241	-8.203	-2.727	-0.381	0.779	-0.689	-3.120	1.056	-0.860	0.352	126.974930	37.295101
1685512407262	1685512407250	-8.176	-2.564	-0.479	0.848	-0.693	-3.038	1.087	-0.328	0.201	126.974930	37.295101
1685512407270	1685512407262	-8.181	-2.437	-0.328	0.871	-0.695	-2.946	1.111	0.278	0.151	126.974930	37.295101
1685512407280	1685512407270	-8.353	-2.418	-0.194	0.853	-0.678	-2.842	1.053	0.709	-0.038	126.974930	37.295101
1685512407291	1685512407281	-8.622	-2.346	-0.213	0.817	-0.650	-2.728	0.950	1.109	0.014	126.974930	37.295101
1685512407303	1685512407291	-8.679	-2.274	-0.362	0.762	-0.613	-2.596	0.682	1.374	0.055	126.974930	37.295101
1685512407311	1685512407303	-8.650	-2.207	-0.500	0.683	-0.601	-2.440	0.318	1.671	-0.050	126.974930	37.295101
1685512407323	1685512407311	-8.514	-2.128	-0.587	0.574	-0.617	-2.268	0.165	1.949	-0.280	126.974930	37.295101
1685512407332	1685512407323	-8.389	-2.049	-0.668	0.288	-0.650	-1.896	0.096	2.219	-0.503	126.974930	37.295101
1685512407349	1685512407332	-8.471	-2.057	-0.711	0.288	-0.650	-1.896	0.158	2.442	-0.654	126.974930	37.295101
1685512407351	1685512407350	-8.581	-2.095	-0.675	0.139	-0.640	-1.717	0.201	2.672	-0.802	126.974930	37.295101
1685512407363	1685512407351	-8.624	-2.143	-0.721	0.000	-0.617	-1.534	0.050	2.784	-0.900	126.974930	37.295101
1685512407372	1685512407363	-8.751	-2.174	-0.675	-0.119	-0.588	-1.346	-0.129	2.868	-0.917	126.974930	37.295101
1685512407383	1685512407372	-8.756	-2.207	-0.654	-0.214	-0.563	-1.148	-0.237	2.928	-1.008	126.974930	37.295101
1685512407391	1685512407383	-8.514	-2.255	-0.618	-0.286	-0.534	-0.942	-0.429	2.998	-1.001	126.974930	37.295101
1685512407403	1685512407391	-8.234	-2.215	-0.575	-0.334	-0.506	-0.727	-0.474	3.026	-1.003	126.974930	37.295101
1685512407412	1685512407403	-8.131	-2.191	-0.567	-0.360	-0.472	-0.500	-0.266	3.033	-0.986	126.974930	37.295101
1685512407424	1685512407412	-8.418	-2.330	-0.594	-0.369	-0.414	-0.266	-0.012	3.112	-0.958	126.974930	37.295101
1685512407433	1685512407426	-9.127	-2.500	-0.510	-0.308	-0.104	0.197	0.074	3.158	-0.962	126.974930	37.295101
1685512407443	1685512407434	-9.977	-2.667	-0.479	-0.308	-0.104	0.197	-0.227	3.043	-1.003	126.974930	37.295101
1685512407453	1685512407445	-10.458	-2.808	-0.541	-0.259	0.089	0.440	-0.924	2.856	-0.910	126.974930	37.295101
1685512407466	1685512407453	-10.539	-2.899	-0.476	-0.217	0.216	0.731	-1.753	2.653	-0.862	126.974930	37.295101
1685512407473	1685512407466	-9.888	-2.990	-0.263	-0.177	0.282	1.085	-2.184	2.440	-0.888	126.974930	37.295101
1685512407483	1685512407474	-9.033	-3.045	-0.211	-0.134	0.305	1.460	-2.227	2.289	-0.795	126.974930	37.295101
1685512407491	1685512407483	-8.545	-2.794	-0.093	-0.112	0.303	1.789	-1.518	2.107	-0.548	126.974930	37.295101
1685512407502	1685512407491	-8.837	-2.969	0.096	-0.131	0.359	2.028	-0.589	1.930	-0.464	126.974930	37.295101
1685512407511	1685512407502	-9.948	-3.311	0.208	-0.177	0.517	2.171	-0.005	2.014	-0.314	126.974930	37.295101
1685512407522	1685512407511	-11.380	-3.555	0.450	-0.208	0.751	2.236	-0.208	1.683	-0.091	126.974930	37.295101
1685512407531	1685512407522	-12.629	-3.922	0.702	-0.139	1.136	2.388	-1.221	1.152	0.074	126.974930	37.295101
1685512407549	1685512407531	-13.525	-4.104	0.883	-0.139	1.136	2.388	-2.555	0.711	0.390	126.974930	37.295101
1685512407551	1685512407549	-14.234	-4.118	0.996	-0.004	1.238	2.551	-3.694	0.113	0.759	126.974930	37.295101
1685512407562	1685512407551	-14.281	-4.341	1.053	0.164	1.285	2.753	-4.508	-0.261	1.037	126.974930	37.295101
1685512407571	1685512407562	-14.107	-4.480	1.046	0.321	1.275	2.986	-5.107	-0.553	1.286	126.974930	37.295101
1685512407581	1685512407572	-13.532	-4.520	1.018	0.432	1.234	3.203	-5.080	-0.977	1.432	126.974930	37.295101
1685512407592	1685512407581	-12.785	-4.439	0.879	0.492	1.180	3.367	-4.808	-1.420	1.544	126.974930	37.295101
1685512407603	1685512407592	-12.026	-4.334	0.891	0.518	1.111	3.466	-4.154	-1.726	1.607	126.974930	37.295101
1685512407611	1685512407603	-11.047	-4.046	0.934	0.495	1.019	3.499	-3.318	-1.992	1.575	126.974930	37.295101
1685512407623	1685512407613	-9.912	-3.912	1.171	0.411	0.916	3.475	-2.495	-2.179	1.674	126.974930	37.295101
1685512407631	1685512407623	-8.904	-3.883	1.549	0.110	0.789	3.255	-1.444	-2.289	1.822	126.974930	37.295101
1685512407641	1685512407632	-8.001	-3.752	1.944	0.110	0.789	3.255	-0.268	-2.418	2.124	126.974930	37.295101
1685512407652	1685512407642	-7.487	-3.754	2.124	-0.046	0.783	3.068	0.778	-2.765	2.593	126.974930	37.295101
1685512407665	1685512407652	-7.183	-3.938	2.253	-0.176	0.805	2.849	1.700	-2.885	3.048	126.974930	37.295101
1685512407672	1685512407665	-6.993	-4.190	2.339	-0.258	0.855	2.624	2.229	-3.215	3.311	126.974930	37.295101
1685512407683	1685512407672	-7.061	-4.293	2.248	-0.298	0.892	2.406	2.535	-3.651	3.512	126.974930	37.295101
1685512407694	1685512407684	-7.075	-4.317	2.179	-0.304	0.903	2.208	2.715	-4.214	3.697	126.974930	37.295101
1685512407705	1685512407694	-7.051	-4.219	2.009	-0.280	0.872	2.050	2.634	-4.530	3.685	126.974930	37.295101
1685512407715	1685512407705	-7.094	-4.080	1.884	-0.254	0.810	1.930	2.598	-4.772	3.701	126.974930	37.295101
1685512407726	1685512407716	-7.101	-4.159	1.745	-0.257	0.723	1.822	2.598	-4.877	3.613	126.974930	37.295101
1685512407734	1685512407726	-7.178	-4.281	1.769	-0.331	0.541	1.587	2.526	-4.927	3.565	126.974930	37.295101
1685512407745	1685512407736	-7.520	-4.326	1.793	-0.331	0.541	1.587	2.490	-5.186	3.493	126.974930	37.295101
1685512407755	1685512407746	-7.748	-4.168	1.681	-0.390	0.483	1.462	2.392	-5.454	3.548	126.974930	37.295101
1685512407775	1685512407755	-8.011	-4.250	1.800	-0.479	0.428	1.337	2.035	-5.588	3.587	126.974930	37.295101
1685512407775	1685512407775	-8.301	-4.243	1.745	-0.591	0.374	1.224	1.788	-5.543	3.496	126.974930	37.295101
1685512407784	1685512407776	-8.602	-4.448	1.738	-0.716	0.329	1.124	1.506	-5.725	3.630	126.974930	37.295101
1685512407794	1685512407784	-8.794	-4.563	1.726	-0.816	0.299	1.024	1.199	-5.808	3.579	126.974930	37.295101
1685512407804	1685512407794	-8.698	-4.654	1.650	-0.872	0.260	0.931	0.886	-6.093	3.567	126.974930	37.295101
1685512407813	1685512407804	-8.799	-4.738	1.805	-0.920	0.225	0.848	0.685	-6.282	3.543	126.974930	37.295101
1685512407824	1685512407813	-9.009	-4.743	1.870	-0.954	0.193	0.775	0.778	-6.407	3.443	126.974930	37.295101
1685512407833	1685512407825	-9.313	-4.829	1.925	-0.909	0.198	0.596	0.678	-6.519	3.567	126.974930	37.295101
1685512407844	1685512407833	-9.594	-4.973	1.906	-0.909	0.198	0.596	0.469	-6.543	3.596	126.974930	37.295101
1685512407854	1685512407845	-9.895	-5.090	1.944	-0.859	0.198	0.494	0.168	-6.649	3.622	126.974930	37.295101
1685512407864	1685512407854	-10.190	-5.121	1.990	-0.808	0.194	0.397	-0.108	-6.807	3.579	126.974930	37.295101
1685512407874	1685512407864	-10.099	-5.193	1.970	-0.711	0.182	0.319	-0.414	-6.958	3.601	126.974930	37.295101
1685512407883	1685512407874	-9.972	-5.167	2.107	-0.590	0.145	0.257	-0.711	-7.013	3.639	126.974930	37.295101
1685512407894	1685512407885	-9.862	-5.212	2.200	-0.474	0.099	0.202	-0.630	-7.123	3.622	126.974930	37.295101
1685512407905	1685512407897	-9.819	-5.040	2.167	-0.368	0.068	0.132	-0.510	-7.130	3.761	126.974930	37.295101
1685512407915	1685512407906	-9.883	-4.963	2.002	-0.277	0.057	0.040	-0.405	-7.204	3.855	126.974930	37.295101
1685512407926	1685512407916	-10.326	-5.095	1.911	-0.215	0.051	-0.062	-0.366	-7.049	3.821	126.974930	37.295101
1685512407936	1685512407926	-11.411	-5.456	2.162	-0.210	0.094	-0.308	-0.433	-6.981	3.654	126.974930	37.295101
1685512407950	1685512407937	-12.730	-5.827	2.145	-0.210	0.094	-0.308	-0.876	-7.111	3.565	126.974930	37.295101
1685512407952	1685512407951	-14.004	-6.227	2.298	-0.233	0.169	-0.464	-1.956	-7.446	3.821	126.974930	37.295101
1685512407977	1685512407953	-14.978	-5.983	2.466	-0.140	0.237	-0.573	-3.270	-7.793	3.809	126.974930	37.295101
1685512407978	1685512407977	-14.643	-5.229	2.392	0.064	0.237	-0.588	-4.539	-8.152	3.972	126.974930	37.295101
1685512407983	1685512407978	-12.773	-4.381	2.066	0.261	0.088	-0.528	-5.507	-7.858	4.161	126.974930	37.295101
1685512407994	1685512407983	-10.427	-4.544	1.551	0.310	-0.243	-0.462	-5.164	-7.039	4.113	126.974930	37.295101
1685512408004	1685512407995	-9.237	-4.860	1.638	0.186	-0.640	-0.465	-3.287	-6.144	3.797	126.974930	37.295101
1685512408014	1685512408004	-9.385	-5.066	1.753	0.012	-0.795	-0.584	-0.927	-6.256	3.266	126.974930	37.295101
1685512408026	1685512408014	-10.834	-5.116	1.911	-0.169	-0.748	-0.844	0.280	-6.527	3.294	126.974930	37.295101
1685512408033	1685512408026	-12.627	-5.353	2.116	-0.279	-0.391	-1.517	0.153	-6.675	3.333	126.974930	37.295101
1685512408043	1685512408034	-14.155	-5.641	2.164	-0.279	-0.391	-1.517	-1.269	-6.649	3.417	126.974930	37.295101
1685512408054	1685512408044	-15.057	-5.756	1.832	-0.156	-0.297	-1.709	-3.029	-6.716	3.575	126.974930	37.295101
1685512408066	1685512408054	-15.222	-5.478	1.489	0.099	-0.342	-1.795	-4.537	-6.888	3.589	126.974930	37.295101
1685512408075	1685512408066	-14.875	-5.140	1.018	0.379	-0.474	-1.808	-5.416	-6.843	3.225	126.974930	37.295101
1685512408086	1685512408075	-14.351	-5.078	0.776	0.551	-0.641	-1.784	-5.557	-6.390	2.851	126.974930	37.295101
1685512408094	1685512408087	-13.707	-4.848	0.584	0.613	-0.768	-1.756	-5.188	-5.871	2.337	126.974930	37.295101
1685512408103	1685512408099	-12.974	-4.470	0.431	0.612	-0.850	-1.743	-4.645	-5.629	2.035	126.974930	37.295101
1685512408113	1685512408104	-12.175	-4.199	0.419	0.584	-0.922	-1.764	-3.982	-5.203	1.765	126.974930	37.295101
1685512408124	1685512408114	-11.286	-3.970	0.352	0.524	-0.981	-1.818	-3.235	-4.666	1.539	126.974930	37.295101
1685512408133	1685512408124	-10.444	-3.713	0.328	0.342	-0.966	-2.038	-2.423	-4.216	1.437	126.974930	37.295101
1685512408143	1685512408133	-9.649	-3.632	0.297	0.342	-0.966	-2.038	-1.528	-3.804	1.274	126.974930	37.295101
1685512408151	1685512408144	-8.894	-3.364	0.273	0.248	-0.925	-2.171	-0.682	-3.326	1.144	126.974930	37.295101
1685512408162	1685512408152	-8.344	-3.280	0.383	0.181	-0.867	-2.303	0.110	-3.062	1.027	126.974930	37.295101
1685512408171	1685512408162	-7.985	-3.338	0.618	0.155	-0.792	-2.429	0.855	-2.559	0.903	126.974930	37.295101
1685512408181	1685512408171	-7.846	-3.428	0.742	0.175	-0.699	-2.557	1.391	-2.272	0.936	126.974930	37.295101
1685512408192	1685512408181	-7.788	-3.424	0.752	0.252	-0.588	-2.679	1.726	-2.093	1.092	126.974930	37.295101
1685512408202	1685512408192	-7.575	-3.572	0.745	0.396	-0.489	-2.781	1.834	-1.937	1.144	126.974930	37.295101
1685512408211	1685512408203	-7.410	-3.397	0.704	0.579	-0.415	-2.847	1.851	-1.671	1.094	126.974930	37.295101
1685512408222	1685512408212	-7.250	-3.302	0.426	0.772	-0.369	-2.885	2.014	-1.551	1.032	126.974930	37.295101
1685512408231	1685512408223	-7.185	-3.086	0.354	1.151	-0.334	-2.899	2.105	-1.049	0.929	126.974930	37.295101
1685512408242	1685512408232	-7.161	-2.947	0.180	1.151	-0.334	-2.899	2.210	-0.733	0.608	126.974930	37.295101
1685512408252	1685512408242	-7.293	-2.672	0.153	1.295	-0.342	-2.877	2.179	-0.187	0.460	126.974915	37.295109
1685512408263	1685512408252	-7.398	-2.571	0.194	1.374	-0.351	-2.848	2.133	0.168	0.232	126.974915	37.295109
1685512408272	1685512408263	-7.417	-2.473	0.146	1.401	-0.360	-2.803	1.896	0.745	0.113	126.974915	37.295109
1685512408282	1685512408272	-7.489	-2.303	0.093	1.400	-0.397	-2.732	1.697	1.080	0.077	126.974915	37.295109
1685512408292	1685512408283	-7.422	-2.085	0.129	1.373	-0.441	-2.629	1.551	1.477	-0.074	126.974915	37.295109
1685512408303	1685512408292	-7.381	-1.851	0.081	1.313	-0.487	-2.495	1.379	1.865	-0.208	126.974915	37.295109
1685512408313	1685512408304	-7.242	-1.729	-0.065	1.199	-0.540	-2.341	1.331	2.308	-0.271	126.974915	37.295109
1685512408325	1685512408314	-7.163	-1.724	-0.237	1.034	-0.579	-2.177	1.257	2.756	-0.419	126.974915	37.295109
1685512408334	1685512408326	-7.046	-1.709	-0.285	0.623	-0.635	-1.792	1.283	3.072	-0.668	126.974915	37.295109
1685512408345	1685512408334	-7.063	-1.803	-0.350	0.623	-0.635	-1.792	1.252	3.254	-0.941	126.974915	37.295109
1685512408353	1685512408345	-7.211	-2.037	-0.302	0.417	-0.651	-1.582	1.255	3.443	-1.089	126.974915	37.295109
1685512408364	1685512408354	-7.408	-2.385	-0.271	0.224	-0.643	-1.366	1.159	3.462	-1.223	126.974915	37.295109
1685512408374	1685512408364	-7.776	-2.670	-0.256	0.056	-0.602	-1.137	0.919	3.354	-1.250	126.974915	37.295109
1685512408384	1685512408374	-7.954	-2.804	-0.213	-0.057	-0.567	-0.898	0.642	3.115	-1.283	126.974915	37.295109
1685512408393	1685512408385	-7.985	-2.796	-0.168	-0.112	-0.545	-0.655	0.204	2.921	-1.322	126.974915	37.295109
1685512408404	1685512408393	-8.071	-2.849	-0.201	-0.131	-0.527	-0.414	-0.026	2.859	-1.319	126.974915	37.295109
1685512408413	1685512408404	-8.090	-2.840	-0.254	-0.132	-0.485	-0.186	-0.105	2.923	-1.314	126.974915	37.295109
1685512408424	1685512408413	-8.447	-2.926	-0.297	-0.143	-0.409	0.023	-0.218	2.902	-1.379	126.974915	37.295109
1685512408433	1685512408425	-9.026	-3.132	-0.163	-0.197	-0.236	0.391	-0.254	2.928	-1.460	126.974915	37.295109
1685512408444	1685512408434	-10.080	-3.326	-0.007	-0.197	-0.236	0.391	-0.615	2.842	-1.528	126.974915	37.295109
1685512408453	1685512408445	-11.236	-3.651	-0.007	-0.237	-0.086	0.560	-1.173	2.605	-1.403	126.974915	37.295109
1685512408463	1685512408454	-11.978	-3.989	-0.019	-0.275	0.084	0.750	-2.210	2.385	-1.252	126.974915	37.295109
1685512408472	1685512408464	-12.175	-3.977	-0.048	-0.287	0.210	1.008	-3.333	2.014	-1.245	126.974915	37.295109
1685512408483	1685512408473	-11.569	-3.888	0.105	-0.264	0.270	1.343	-4.037	1.626	-1.238	126.974915	37.295109
1685512408492	1685512408483	-10.774	-3.886	0.153	-0.224	0.290	1.691	-4.173	1.561	-1.233	126.974915	37.295109
1685512408503	1685512408493	-10.254	-3.917	0.397	-0.203	0.309	1.967	-3.491	1.544	-1.044	126.974915	37.295109
1685512408512	1685512408503	-10.506	-4.073	0.735	-0.237	0.384	2.125	-2.602	1.413	-0.960	126.974915	37.295109
1685512408524	1685512408512	-11.349	-4.245	1.132	-0.286	0.529	2.178	-1.975	1.221	-0.680	126.974915	37.295109
1685512408532	1685512408524	-12.242	-4.403	1.599	-0.227	0.935	2.145	-2.105	0.874	-0.294	126.974915	37.295109
1685512408542	1685512408532	-13.065	-4.561	1.935	-0.227	0.935	2.145	-2.847	0.539	0.153	126.974915	37.295109
1685512408552	1685512408542	-13.544	-4.673	2.169	-0.097	1.097	2.150	-3.620	0.180	0.721	126.974915	37.295109
1685512408563	1685512408553	-13.470	-4.745	2.234	0.070	1.214	2.193	-4.350	-0.141	1.137	126.974915	37.295109
1685512408573	1685512408563	-13.113	-4.501	2.167	0.280	1.266	2.272	-4.729	-0.441	1.472	126.974915	37.295109
1685512408583	1685512408573	-12.498	-4.379	2.016	0.529	1.262	2.376	-4.556	-0.709	1.642	126.974915	37.295109
1685512408592	1685512408583	-11.847	-4.175	1.920	0.760	1.230	2.461	-4.094	-0.690	1.688	126.974915	37.295109
1685512408602	1685512408593	-11.255	-3.788	2.236	0.920	1.174	2.492	-3.393	-0.764	1.623	126.974915	37.295109
1685512408612	1685512408603	-10.482	-3.531	2.488	0.982	1.108	2.473	-2.653	-0.788	1.614	126.974915	37.295109
1685512408626	1685512408612	-9.785	-2.911	2.667	0.972	1.035	2.423	-1.975	-0.632	2.006	126.974915	37.295109
1685512408633	1685512408626	-8.930	-2.416	2.643	0.883	0.922	2.357	-1.125	-0.608	2.332	126.974915	37.295109
1685512408644	1685512408633	-8.145	-2.148	2.686	0.663	0.777	2.257	-0.359	-0.218	2.581	126.974915	37.295109
1685512408653	1685512408644	-7.525	-2.006	2.720	0.299	0.637	2.132	0.567	0.007	2.636	126.974915	37.295109
1685512408664	1685512408654	-7.015	-2.040	2.701	-0.164	0.509	2.005	1.396	0.103	2.725	126.974915	37.295109
1685512408675	1685512408665	-6.663	-2.184	2.559	-0.674	0.404	1.881	2.061	0.041	2.813	126.974915	37.295109
1685512408687	1685512408675	-6.486	-2.435	2.342	-1.184	0.312	1.770	2.610	-0.182	2.847	126.974915	37.295109
1685512408697	1685512408688	-6.495	-2.682	2.265	-1.653	0.231	1.676	2.995	-0.508	2.756	126.974915	37.295109
1685512408707	1685512408697	-6.553	-2.823	2.076	-2.046	0.153	1.604	3.199	-0.934	2.586	126.974915	37.295109
1685512408717	1685512408708	-6.541	-3.033	1.788	-2.353	0.048	1.556	3.215	-1.365	2.559	126.974915	37.295109
1685512408727	1685512408717	-6.407	-3.213	1.448	-2.591	-0.075	1.526	3.175	-1.652	2.409	126.974915	37.295109
1685512408736	1685512408728	-6.347	-3.440	1.408	-2.764	-0.177	1.517	3.203	-2.023	2.150	126.974915	37.295109
1685512408750	1685512408737	-6.426	-3.668	1.398	-2.864	-0.233	1.533	3.352	-2.361	1.827	126.974915	37.295109
1685512408757	1685512408750	-6.551	-3.893	1.528	-2.905	-0.255	1.558	3.426	-2.763	1.791	126.974915	37.295109
1685512408777	1685512408758	-6.797	-4.156	1.511	-2.888	-0.238	1.577	3.354	-3.134	1.776	126.974915	37.295109
1685512408778	1685512408777	-6.998	-4.367	1.583	-2.811	-0.199	1.604	3.239	-3.539	1.891	126.974915	37.295109
1685512408786	1685512408778	-7.142	-4.597	1.662	-2.668	-0.151	1.649	2.998	-3.950	1.863	126.974915	37.295109
1685512408794	1685512408787	-7.128	-4.800	1.753	-2.454	-0.095	1.715	2.799	-4.329	1.918	126.974915	37.295109
1685512408807	1685512408794	-7.238	-4.990	1.836	-2.188	-0.042	1.797	2.655	-4.729	1.980	126.974915	37.295109
1685512408816	1685512408807	-7.341	-4.994	1.879	-1.869	0.006	1.885	2.665	-5.109	2.057	126.974915	37.295109
1685512408827	1685512408817	-7.460	-5.160	1.942	-1.519	0.061	1.966	2.547	-5.480	2.128	126.974915	37.295109
1685512408836	1685512408827	-7.671	-5.212	1.901	-1.159	0.120	2.032	2.433	-5.713	2.157	126.974915	37.295109
1685512408845	1685512408836	-8.107	-5.260	1.978	-0.811	0.192	2.073	2.298	-6.036	2.215	126.974915	37.295109
1685512408856	1685512408847	-8.607	-5.255	1.997	-0.520	0.268	2.083	2.066	-6.309	2.174	126.974915	37.295109
1685512408867	1685512408856	-9.033	-5.365	2.231	-0.292	0.345	2.065	1.609	-6.541	2.260	126.974915	37.295109
1685512408877	1685512408869	-9.615	-5.250	2.298	-0.104	0.429	2.035	1.080	-6.732	2.289	126.974915	37.295109
1685512408886	1685512408877	-9.821	-5.270	2.339	0.035	0.491	2.002	0.630	-6.979	2.533	126.974915	37.295109
1685512408895	1685512408886	-10.104	-5.449	2.365	0.140	0.522	1.950	0.019	-7.034	2.624	126.974915	37.295109
1685512408907	1685512408896	-10.218	-5.614	2.406	0.221	0.540	1.875	-0.215	-7.207	2.703	126.974915	37.295109
1685512408917	1685512408907	-10.513	-5.914	2.315	0.276	0.550	1.779	-0.546	-7.592	2.789	126.974915	37.295109
1685512408931	1685512408919	-11.308	-6.148	2.406	0.310	0.560	1.654	-0.704	-7.934	2.885	126.974915	37.295109
1685512408936	1685512408931	-12.637	-6.685	2.602	0.316	0.578	1.487	-1.044	-8.401	2.854	126.974915	37.295109
1685512408951	1685512408937	-14.442	-7.130	2.861	0.307	0.644	1.258	-1.884	-8.789	3.005	126.974915	37.295109
1685512408954	1685512408952	-15.680	-7.197	2.942	0.362	0.778	0.981	-3.268	-9.493	3.278	126.974915	37.295109
1685512408980	1685512408954	-15.531	-7.087	3.038	0.454	0.808	0.716	-5.107	-10.029	3.591	126.974915	37.295109
1685512408981	1685512408980	-13.877	-7.104	3.053	0.517	0.611	0.530	-6.378	-10.185	3.757	126.974915	37.295109
1685512408986	1685512408981	-11.770	-6.716	2.974	0.579	0.303	0.393	-6.258	-10.137	3.941	126.974915	37.295109
1685512408996	1685512408986	-10.187	-6.206	2.763	0.649	0.009	0.200	-4.626	-10.199	4.027	126.974915	37.295109
1685512409006	1685512408996	-9.618	-5.610	2.447	0.704	-0.216	-0.094	-2.533	-9.843	3.994	126.974915	37.295109
1685512409016	1685512409006	-10.178	-5.207	2.337	0.712	-0.305	-0.483	-0.958	-9.345	3.807	126.974915	37.295109
1685512409026	1685512409017	-11.552	-5.250	2.303	0.677	-0.266	-0.943	-0.383	-8.734	3.493	126.974915	37.295109
1685512409035	1685512409027	-12.907	-5.375	2.289	0.606	-0.200	-1.428	-0.924	-8.279	3.376	126.974915	37.295109
1685512409046	1685512409035	-13.951	-5.392	1.997	0.513	-0.187	-1.848	-2.270	-8.229	3.338	126.974915	37.295109
1685512409056	1685512409048	-14.576	-5.296	1.705	0.451	-0.269	-2.120	-3.577	-8.200	3.323	126.974915	37.295109
1685512409066	1685512409056	-14.878	-5.045	1.302	0.450	-0.419	-2.252	-4.573	-8.056	3.026	126.974915	37.295109
