1685512268886	1685512268885	-7.985	-2.131	-0.532	0.738	-0.502	-1.984	-0.177	3.594	-0.613	126.974792	37.295753
1685512268886	1685512268886	-8.138	-2.124	-0.508	0.606	-0.456	-1.745	-0.134	3.754	-0.548	126.974792	37.295753
1685512268893	1685512268886	-8.401	-2.004	-0.460	0.483	-0.392	-1.522	-0.318	3.977	-0.749	126.974792	37.295753
1685512268904	1685512268893	-8.528	-1.901	-0.534	0.371	-0.337	-1.294	-0.543	4.070	-0.783	126.974792	37.295753
1685512268913	1685512268904	-8.657	-1.966	-0.572	0.261	-0.308	-1.049	-0.881	4.278	-0.788	126.974792	37.295753
1685512268924	1685512268913	-8.674	-2.049	-0.539	0.148	-0.276	-0.808	-1.073	4.456	-0.905	126.974792	37.295753
1685512268931	1685512268924	-8.653	-2.164	-0.555	0.032	-0.241	-0.574	-1.252	4.448	-0.977	126.974792	37.295753
1685512268944	1685512268932	-8.657	-2.253	-0.469	-0.078	-0.208	-0.335	-1.305	4.403	-0.967	126.974792	37.295753
1685512268952	1685512268944	-8.837	-2.373	-0.369	-0.166	-0.165	-0.083	-1.312	4.319	-1.001	126.974792	37.295753
1685512268964	1685512268953	-9.266	-2.385	-0.309	-0.230	-0.093	0.167	-1.317	4.231	-0.917	126.974792	37.295753
1685512268973	1685512268964	-9.673	-2.543	-0.285	-0.275	0.015	0.411	-1.484	4.096	-0.812	126.974792	37.295753
1685512268983	1685512268973	-10.458	-2.665	-0.218	-0.305	0.147	0.651	-1.882	4.049	-0.737	126.974792	37.295753
1685512268994	1685512268983	-11.243	-2.835	-0.237	-0.323	0.292	0.902	-2.234	3.831	-0.687	126.974792	37.295753
1685512269003	1685512268994	-11.930	-2.962	-0.385	-0.325	0.443	1.167	-2.942	3.620	-0.579	126.974792	37.295753
1685512269012	1685512269004	-12.342	-3.086	-0.460	-0.320	0.567	1.461	-3.618	3.318	-0.539	126.974792	37.295753
1685512269023	1685512269012	-12.292	-3.251	-0.249	-0.323	0.662	1.781	-4.240	3.112	-0.639	126.974792	37.295753
1685512269032	1685512269023	-11.765	-3.541	0.067	-0.341	0.733	2.116	-4.563	2.875	-0.651	126.974792	37.295753
1685512269043	1685512269032	-10.944	-3.924	0.488	-0.363	0.770	2.447	-4.405	2.571	-0.369	126.974792	37.295753
1685512269052	1685512269043	-10.503	-4.271	1.168	-0.356	0.810	2.738	-3.745	2.095	0.031	126.974792	37.295753
1685512269062	1685512269052	-10.594	-4.630	1.767	-0.281	0.929	2.941	-2.801	1.535	0.527	126.974792	37.295753
1685512269072	1685512269062	-11.164	-4.805	2.097	-0.117	1.137	3.027	-2.200	0.939	1.300	126.974792	37.295753
1685512269082	1685512269072	-11.988	-4.697	2.212	0.153	1.395	3.018	-2.157	0.357	1.982	126.974792	37.295753
1685512269092	1685512269082	-12.790	-4.357	2.004	0.497	1.659	2.975	-2.583	-0.072	2.416	126.974792	37.295753
1685512269103	1685512269092	-13.467	-3.929	1.602	0.844	1.858	2.955	-3.275	-0.225	2.643	126.974792	37.295753
1685512269112	1685512269103	-13.597	-3.311	1.018	1.109	1.941	2.952	-3.955	-0.144	2.559	126.974792	37.295753
1685512269123	1685512269112	-13.357	-2.904	0.421	1.219	1.878	2.936	-4.525	0.024	2.289	126.974792	37.295753
1685512269132	1685512269123	-12.720	-2.854	-0.055	1.178	1.719	2.905	-4.547	0.359	1.851	126.974792	37.295753
1685512269142	1685512269132	-11.789	-3.010	-0.189	1.036	1.521	2.861	-4.228	0.536	1.367	126.974792	37.295753
1685512269152	1685512269142	-10.915	-2.988	-0.172	0.853	1.302	2.803	-3.505	0.306	1.022	126.974792	37.295753
1685512269163	1685512269152	-10.125	-2.904	0.115	0.654	1.101	2.728	-2.509	-0.074	0.986	126.974792	37.295753
1685512269172	1685512269163	-9.424	-2.832	0.448	0.439	0.927	2.651	-1.573	-0.304	1.101	126.974792	37.295753
1685512269182	1685512269172	-8.727	-2.569	0.754	0.200	0.775	2.572	-0.725	-0.467	1.475	126.974792	37.295753
1685512269192	1685512269182	-8.045	-2.483	0.953	-0.075	0.618	2.475	0.026	-0.663	1.891	126.974792	37.295753
1685512269202	1685512269192	-7.405	-2.516	1.049	-0.397	0.461	2.352	0.759	-0.615	2.260	126.974792	37.295753
1685512269212	1685512269202	-6.929	-2.629	1.022	-0.731	0.352	2.197	1.480	-0.766	2.519	126.974792	37.295753
1685512269224	1685512269212	-6.699	-2.650	0.979	-1.076	0.280	2.011	2.148	-1.032	2.667	126.974792	37.295753
1685512269232	1685512269224	-6.558	-2.904	0.967	-1.425	0.221	1.823	2.650	-1.365	2.684	126.974792	37.295753
1685512269244	1685512269232	-6.821	-3.053	0.943	-1.723	0.188	1.655	2.897	-1.597	2.679	126.974800	37.295769
1685512269259	1685512269245	-7.044	-3.208	0.888	-1.974	0.176	1.521	3.055	-2.093	2.708	126.974800	37.295769
1685512269262	1685512269259	-7.331	-3.357	0.845	-2.202	0.153	1.426	2.799	-2.392	2.710	126.974800	37.295769
1685512269272	1685512269262	-7.685	-3.364	0.565	-2.395	0.106	1.356	2.581	-2.729	2.684	126.974800	37.295769
1685512269283	1685512269272	-8.116	-3.366	0.316	-2.573	0.037	1.295	2.296	-3.055	2.662	126.974800	37.295769
1685512269292	1685512269283	-8.392	-3.517	-0.017	-2.737	-0.042	1.246	1.944	-3.237	2.399	126.974800	37.295769
1685512269302	1685512269292	-8.667	-3.613	-0.338	-2.898	-0.136	1.213	1.513	-3.409	2.155	126.974800	37.295769
1685512269314	1685512269302	-8.789	-3.845	-0.496	-3.052	-0.238	1.202	1.235	-3.749	1.812	126.974800	37.295769
1685512269323	1685512269314	-8.866	-4.204	-0.575	-3.195	-0.348	1.214	0.960	-3.996	1.472	126.974800	37.295769
1685512269332	1685512269323	-9.143	-4.523	-0.450	-3.301	-0.431	1.242	0.836	-4.401	1.276	126.974800	37.295769
1685512269345	1685512269332	-9.512	-4.848	-0.237	-3.348	-0.458	1.271	0.757	-4.932	1.142	126.974800	37.295769
1685512269354	1685512269346	-9.886	-5.001	-0.132	-3.332	-0.446	1.295	0.476	-5.442	1.192	126.974800	37.295769
1685512269362	1685512269354	-10.063	-5.152	-0.043	-3.255	-0.411	1.317	0.103	-5.928	1.336	126.974800	37.295769
1685512269374	1685512269362	-9.946	-5.308	-0.022	-3.137	-0.400	1.365	-0.278	-6.273	1.350	126.974800	37.295769
1685512269382	1685512269375	-9.615	-5.392	-0.007	-3.005	-0.429	1.438	-0.467	-6.579	1.365	126.974800	37.295769
1685512269392	1685512269382	-9.316	-5.464	0.077	-2.854	-0.447	1.505	-0.364	-6.910	1.300	126.974800	37.295769
1685512269404	1685512269392	-9.163	-5.449	0.326	-2.666	-0.429	1.545	-0.045	-7.142	1.219	126.974800	37.295769
1685512269412	1685512269405	-9.282	-5.430	0.476	-2.439	-0.364	1.543	0.232	-7.374	1.204	126.974800	37.295769
1685512269427	1685512269412	-9.637	-5.133	0.646	-2.172	-0.231	1.489	0.362	-7.525	1.358	126.974800	37.295769
1685512269432	1685512269427	-9.986	-5.085	0.723	-1.873	-0.075	1.405	0.211	-7.688	1.410	126.974800	37.295769
1685512269442	1685512269433	-10.135	-5.377	0.809	-1.548	0.056	1.319	-0.170	-7.532	1.516	126.974800	37.295769
1685512269452	1685512269442	-10.173	-5.832	0.965	-1.228	0.184	1.244	-0.558	-7.647	1.532	126.974800	37.295769
1685512269463	1685512269452	-10.336	-6.237	1.030	-0.948	0.319	1.155	-0.737	-8.064	1.587	126.974800	37.295769
1685512269475	1685512269463	-10.403	-6.172	0.912	-0.685	0.436	1.060	-0.812	-8.643	1.726	126.974800	37.295769
1685512269483	1685512269475	-10.202	-6.009	0.874	-0.434	0.523	0.998	-1.010	-9.165	1.793	126.974800	37.295769
1685512269496	1685512269483	-10.056	-5.722	0.783	-0.211	0.566	0.971	-1.116	-9.213	1.700	126.974800	37.295769
1685512269503	1685512269496	-9.823	-5.452	0.745	-0.039	0.556	0.947	-0.946	-9.136	1.693	126.974800	37.295769
1685512269512	1685512269504	-9.826	-5.377	0.747	0.071	0.517	0.881	-0.836	-8.942	1.647	126.974800	37.295769
1685512269525	1685512269512	-10.125	-5.813	0.881	0.131	0.506	0.762	-0.639	-8.758	1.659	126.974800	37.295769
1685512269532	1685512269526	-10.611	-6.079	1.128	0.148	0.553	0.602	-0.675	-8.765	1.712	126.974800	37.295769
1685512269542	1685512269533	-11.040	-6.316	1.432	0.134	0.613	0.418	-1.006	-9.268	1.896	126.974800	37.295769
1685512269553	1685512269543	-11.365	-6.658	1.867	0.145	0.645	0.265	-1.525	-9.598	2.210	126.974800	37.295769
1685512269563	1685512269553	-11.210	-6.965	2.308	0.206	0.634	0.171	-1.970	-9.864	2.562	126.974800	37.295769
1685512269572	1685512269563	-10.841	-6.958	2.449	0.323	0.601	0.106	-2.313	-10.230	3.060	126.974800	37.295769
1685512269584	1685512269572	-10.338	-6.768	2.315	0.508	0.551	0.044	-2.172	-10.549	3.567	126.974800	37.295769
1685512269594	1685512269584	-10.039	-6.594	1.978	0.733	0.470	-0.022	-1.815	-10.546	3.773	126.974800	37.295769
1685512269602	1685512269595	-10.104	-6.582	1.647	0.931	0.384	-0.114	-1.319	-10.355	3.706	126.974800	37.295769
1685512269612	1685512269603	-10.568	-6.603	1.477	1.076	0.335	-0.266	-1.027	-10.166	3.445	126.974800	37.295769
1685512269625	1685512269614	-11.277	-6.893	1.513	1.207	0.330	-0.469	-1.094	-10.132	3.175	126.974800	37.295769
1685512269633	1685512269625	-12.098	-7.065	1.506	1.381	0.334	-0.676	-1.554	-10.113	3.074	126.974800	37.295769
1685512269643	1685512269633	-12.704	-7.116	1.492	1.609	0.307	-0.858	-2.251	-10.341	3.182	126.974800	37.295769
1685512269652	1685512269644	-13.295	-6.938	1.204	1.869	0.238	-1.012	-3.055	-10.420	3.259	126.974800	37.295769
1685512269662	1685512269652	-13.755	-6.620	0.871	2.134	0.126	-1.136	-3.639	-10.374	3.318	126.974800	37.295769
1685512269672	1685512269663	-14.222	-6.232	0.548	2.360	-0.009	-1.245	-4.199	-10.058	3.120	126.974800	37.295769
1685512269682	1685512269672	-14.499	-5.921	0.414	2.509	-0.155	-1.363	-4.630	-9.608	2.856	126.974800	37.295769
1685512269695	1685512269683	-14.542	-5.344	0.376	2.585	-0.313	-1.509	-5.061	-9.060	2.600	126.974800	37.295769
1685512269705	1685512269695	-14.193	-4.901	0.302	2.595	-0.492	-1.673	-5.298	-8.571	2.521	126.974800	37.295769
1685512269712	1685512269705	-13.556	-4.444	0.330	2.535	-0.687	-1.850	-5.298	-7.800	2.519	126.974800	37.295769
1685512269726	1685512269713	-12.761	-4.046	0.362	2.386	-0.870	-2.054	-4.899	-7.144	2.461	126.974800	37.295769
1685512269735	1685512269726	-12.127	-3.709	0.503	2.134	-1.018	-2.299	-4.197	-6.416	2.476	126.974800	37.295769
1685512269743	1685512269735	-11.581	-3.543	0.476	1.824	-1.107	-2.579	-3.354	-5.823	2.478	126.974800	37.295769
1685512269752	1685512269743	-11.164	-3.596	0.421	1.467	-1.134	-2.883	-2.650	-5.171	2.545	126.974800	37.295769
1685512269768	1685512269752	-10.958	-3.639	0.400	1.080	-1.136	-3.207	-2.059	-4.781	2.454	126.974800	37.295769
1685512269777	1685512269768	-10.898	-3.792	0.417	0.707	-1.124	-3.523	-1.585	-4.499	2.298	126.974800	37.295769
1685512269787	1685512269777	-10.896	-3.685	0.156	0.392	-1.093	-3.803	-1.338	-4.247	2.186	126.974800	37.295769
1685512269796	1685512269788	-10.975	-3.718	-0.069	0.149	-1.064	-4.039	-1.238	-3.979	2.076	126.974800	37.295769
1685512269807	1685512269797	-10.942	-3.713	-0.230	-0.034	-1.057	-4.239	-1.221	-3.572	1.729	126.974800	37.295769
1685512269818	1685512269808	-10.918	-3.735	-0.330	-0.144	-1.052	-4.406	-1.295	-3.172	1.391	126.974800	37.295769
1685512269834	1685512269818	-10.906	-3.601	-0.563	-0.172	-1.037	-4.530	-1.276	-2.799	1.137	126.974800	37.295769
1685512269835	1685512269834	-10.812	-3.450	-0.596	-0.123	-1.008	-4.618	-1.293	-2.354	0.929	126.974800	37.295769
1685512269858	1685512269835	-10.697	-3.464	-0.670	-0.011	-0.966	-4.667	-1.341	-1.788	0.599	126.974800	37.295769
1685512269858	1685512269858	-10.645	-3.323	-0.697	0.138	-0.907	-4.672	-1.350	-1.111	0.453	126.974800	37.295769
1685512269865	1685512269858	-10.527	-3.215	-0.692	0.309	-0.837	-4.635	-1.322	-0.773	0.306	126.974800	37.295769
1685512269876	1685512269865	-10.324	-3.148	-0.702	0.491	-0.766	-4.553	-1.396	-0.196	0.192	126.974800	37.295769
1685512269887	1685512269876	-10.022	-2.993	-0.702	0.657	-0.710	-4.424	-1.425	0.338	0.110	126.974800	37.295769
1685512269898	1685512269887	-9.663	-2.725	-0.670	0.792	-0.673	-4.255	-1.389	0.819	0.012	126.974800	37.295769
1685512269907	1685512269898	-9.311	-2.595	-0.778	0.889	-0.654	-4.048	-1.267	1.369	-0.077	126.974800	37.295769
1685512269916	1685512269910	-8.885	-2.444	-0.776	0.952	-0.635	-3.807	-1.116	2.049	-0.148	126.974800	37.295769
1685512269927	1685512269916	-8.689	-2.464	-0.828	0.980	-0.607	-3.543	-0.941	2.490	-0.345	126.974800	37.295769
1685512269936	1685512269928	-8.483	-2.315	-0.725	0.963	-0.568	-3.263	-0.711	2.959	-0.445	126.974800	37.295769
1685512269947	1685512269936	-8.210	-2.145	-0.759	0.911	-0.533	-2.974	-0.711	3.230	-0.601	126.974800	37.295769
1685512269956	1685512269947	-7.987	-2.100	-0.757	0.842	-0.498	-2.677	-0.713	3.663	-0.611	126.974800	37.295769
1685512269965	1685512269956	-7.774	-2.073	-0.754	0.765	-0.468	-2.370	-0.601	4.039	-0.730	126.974800	37.295769
1685512269977	1685512269966	-7.664	-1.925	-0.742	0.671	-0.437	-2.062	-0.565	4.305	-0.828	126.974800	37.295769
1685512269987	1685512269977	-7.539	-1.848	-0.845	0.560	-0.393	-1.765	-0.491	4.489	-0.900	126.974800	37.295769
1685512269997	1685512269987	-7.712	-1.774	-0.864	0.441	-0.345	-1.478	-0.517	4.784	-0.965	126.974800	37.295769
1685512270007	1685512269997	-7.839	-1.853	-0.874	0.318	-0.288	-1.197	-0.515	4.985	-1.132	126.974800	37.295769
1685512270018	1685512270007	-7.966	-1.925	-0.881	0.199	-0.211	-0.925	-0.769	5.138	-1.199	126.974800	37.295769
1685512270031	1685512270019	-7.999	-2.009	-0.891	0.086	-0.145	-0.652	-0.979	5.140	-1.252	126.974800	37.295769
1685512270035	1685512270031	-7.894	-2.102	-0.852	-0.022	-0.093	-0.367	-1.178	5.138	-1.290	126.974800	37.295769
1685512270045	1685512270035	-7.805	-2.172	-0.797	-0.111	-0.029	-0.072	-1.255	5.095	-1.314	126.974800	37.295769
1685512270056	1685512270045	-8.126	-2.198	-0.733	-0.176	0.054	0.217	-1.178	5.028	-1.281	126.974800	37.295769
1685512270066	1685512270056	-8.645	-2.298	-0.678	-0.219	0.166	0.502	-1.094	4.963	-1.221	126.974800	37.295769
1685512270075	1685512270067	-9.282	-2.370	-0.721	-0.246	0.313	0.783	-1.398	4.922	-1.140	126.974800	37.295769
1685512270086	1685512270075	-10.044	-2.600	-0.697	-0.265	0.472	1.067	-1.882	4.788	-1.058	126.974800	37.295769
1685512270096	1685512270086	-10.822	-2.775	-0.651	-0.277	0.633	1.360	-2.456	4.659	-1.058	126.974800	37.295769
1685512270105	1685512270096	-11.526	-2.861	-0.505	-0.280	0.779	1.671	-3.151	4.365	-0.989	126.974800	37.295769
1685512270116	1685512270108	-12.057	-3.136	-0.491	-0.280	0.902	2.001	-3.833	4.096	-0.881	126.974800	37.295769
1685512270127	1685512270117	-12.069	-3.316	-0.369	-0.274	1.016	2.337	-4.422	3.893	-0.661	126.974800	37.295769
1685512270134	1685512270127	-11.600	-3.555	-0.043	-0.261	1.090	2.673	-4.820	3.474	-0.563	126.974800	37.295769
1685512270144	1685512270140	-11.286	-3.905	0.426	-0.243	1.097	2.983	-4.678	3.124	-0.347	126.974800	37.295769
1685512270153	1685512270144	-11.265	-4.175	0.900	-0.188	1.112	3.225	-4.008	2.643	0.093	126.974800	37.295769
1685512270163	1685512270154	-11.954	-4.166	1.281	-0.067	1.191	3.356	-3.548	2.109	0.642	126.974800	37.295769
1685512270179	1685512270163	-13.029	-4.322	1.374	0.123	1.319	3.401	-3.340	1.587	1.214	126.974800	37.295769
1685512270184	1685512270179	-14.310	-4.300	1.118	0.373	1.449	3.428	-3.845	1.326	1.695	126.974800	37.295769
1685512270193	1685512270185	-15.167	-4.161	0.852	0.626	1.522	3.451	-4.745	0.893	1.889	126.974800	37.295769
1685512270203	1685512270194	-15.400	-3.941	0.474	0.811	1.477	3.477	-5.861	0.630	1.736	126.974800	37.295769
1685512270213	1685512270204	-15.098	-3.627	0.218	0.932	1.324	3.530	-6.548	0.448	1.580	126.974800	37.295769
1685512270224	1685512270214	-14.351	-3.206	0.091	0.970	1.115	3.613	-6.651	0.402	1.283	126.974800	37.295769
1685512270234	1685512270225	-13.578	-3.050	0.201	0.886	0.889	3.698	-6.211	0.412	1.106	126.974800	37.295769
1685512270244	1685512270234	-12.661	-2.993	0.426	0.643	0.693	3.736	-5.334	0.520	1.041	126.974800	37.295769
1685512270253	1685512270245	-11.856	-3.199	0.785	0.244	0.553	3.703	-4.427	0.316	1.207	126.974800	37.295769
1685512270263	1685512270254	-10.994	-3.247	1.025	-0.247	0.467	3.618	-3.407	0.069	1.470	126.974800	37.295769
1685512270273	1685512270264	-10.309	-3.393	1.365	-0.753	0.435	3.499	-2.492	-0.510	1.877	126.974800	37.295769
1685512270283	1685512270274	-9.488	-3.328	1.348	-1.219	0.417	3.354	-1.551	-0.867	2.162	126.974800	37.295769
1685512270293	1685512270284	-8.973	-2.947	1.824	-1.610	0.395	3.200	-0.795	-1.355	2.559	126.974800	37.295776
1685512270306	1685512270294	-9.088	-4.087	2.401	-2.022	0.367	3.034	0.081	-1.626	2.607	126.974800	37.295776
1685512270314	1685512270306	-8.626	-4.269	2.454	-2.399	0.294	2.855	0.642	-1.571	3.146	126.974800	37.295776
1685512270325	1685512270314	-8.219	-4.104	1.496	-2.572	0.230	2.693	0.558	-3.031	3.783	126.974800	37.295776
1685512270334	1685512270325	-8.143	-4.633	1.264	-2.789	0.127	2.538	1.046	-3.584	3.895	126.974800	37.295776
1685512270344	1685512270334	-8.365	-4.168	1.051	-2.540	0.193	2.432	1.463	-3.658	2.966	126.974800	37.295776
1685512270355	1685512270344	-8.578	-4.305	0.603	-2.421	0.227	2.341	1.544	-4.532	2.758	126.974800	37.295776
1685512270367	1685512270355	-8.662	-4.405	0.314	-2.335	0.147	2.258	1.319	-4.286	2.559	126.974800	37.295776
1685512270375	1685512270367	-8.629	-4.259	0.089	-2.220	0.072	2.172	1.097	-4.712	2.128	126.974800	37.295776
1685512270385	1685512270375	-8.504	-4.415	-0.211	-2.161	-0.012	2.100	0.998	-5.042	1.841	126.974800	37.295776
1685512270395	1685512270385	-8.598	-4.398	-0.244	-2.123	-0.127	2.074	1.015	-5.169	1.592	126.974800	37.295776
1685512270406	1685512270395	-8.712	-4.594	-0.292	-2.098	-0.195	2.060	1.120	-5.535	1.274	126.974800	37.295776
1685512270416	1685512270406	-8.957	-4.700	-0.230	-2.101	-0.237	2.020	1.003	-5.751	1.202	126.974800	37.295776
1685512270428	1685512270416	-9.273	-4.894	-0.007	-2.104	-0.276	1.966	0.860	-6.175	1.104	126.974800	37.295776
1685512270435	1685512270428	-9.534	-5.018	0.089	-2.088	-0.299	1.923	0.587	-6.500	1.109	126.974800	37.295776
1685512270446	1685512270436	-9.847	-4.951	-0.022	-2.042	-0.314	1.901	0.247	-6.864	1.255	126.974800	37.295776
1685512270455	1685512270447	-9.816	-4.834	-0.292	-1.988	-0.320	1.877	-0.048	-7.202	1.255	126.974800	37.295776
1685512270466	1685512270456	-9.670	-4.815	-0.503	-1.972	-0.351	1.851	-0.385	-7.269	1.080	126.974800	37.295776
1685512270476	1685512270467	-9.443	-4.958	-0.651	-2.023	-0.408	1.828	-0.390	-7.333	0.728	126.974800	37.295776
1685512270487	1685512270476	-9.105	-5.191	-0.577	-2.122	-0.450	1.792	-0.287	-7.499	0.433	126.974800	37.295776
1685512270497	1685512270487	-9.158	-5.509	-0.283	-2.221	-0.454	1.725	-0.105	-7.829	0.189	126.974800	37.295776
1685512270507	1685512270497	-9.426	-5.713	-0.057	-2.281	-0.408	1.620	0.180	-8.246	0.158	126.974800	37.295776
1685512270516	1685512270507	-9.720	-5.650	-0.029	-2.274	-0.297	1.475	0.072	-8.756	0.330	126.974800	37.295776
1685512270528	1685512270517	-9.989	-5.605	0.012	-2.197	-0.173	1.316	-0.242	-9.105	0.453	126.974800	37.295776
1685512270538	1685512270528	-9.974	-5.624	-0.065	-2.082	-0.100	1.175	-0.584	-9.189	0.376	126.974800	37.295776
1685512270550	1685512270538	-9.878	-5.648	-0.084	-1.963	-0.050	1.049	-0.900	-9.270	0.321	126.974800	37.295776
1685512270558	1685512270551	-9.795	-5.746	-0.036	-1.828	0.000	0.919	-0.934	-9.414	0.148	126.974800	37.295776
1685512270570	1685512270558	-9.397	-6.036	0.060	-1.658	0.048	0.779	-0.874	-9.527	0.057	126.974800	37.295776
1685512270579	1685512270570	-9.354	-6.191	0.170	-1.440	0.127	0.644	-0.831	-9.718	0.029	126.974800	37.295776
1685512270589	1685512270579	-9.340	-6.155	0.247	-1.181	0.227	0.512	-0.460	-10.070	0.067	126.974800	37.295776
1685512270598	1685512270589	-9.428	-6.014	0.213	-0.891	0.321	0.379	-0.443	-10.283	0.132	126.974800	37.295776
1685512270610	1685512270598	-9.783	-5.887	0.165	-0.604	0.406	0.249	-0.450	-10.293	0.180	126.974800	37.295776
1685512270622	1685512270610	-10.266	-6.053	0.273	-0.375	0.483	0.115	-0.555	-10.183	0.136	126.974800	37.295776
1685512270629	1685512270622	-10.724	-6.213	0.493	-0.230	0.560	-0.040	-0.919	-10.080	0.101	126.974800	37.295776
1685512270653	1685512270630	-10.963	-6.165	0.608	-0.116	0.627	-0.195	-1.408	-10.254	0.237	126.974800	37.295776
1685512270654	1685512270653	-10.872	-6.139	0.678	0.001	0.660	-0.307	-1.863	-10.412	0.493	126.974800	37.295776
1685512270656	1685512270655	-10.391	-6.136	0.955	0.106	0.637	-0.365	-2.095	-10.345	0.663	126.974800	37.295776
1685512270668	1685512270658	-9.890	-6.182	1.214	0.193	0.596	-0.412	-1.992	-10.295	0.788	126.974800	37.295776
1685512270676	1685512270668	-9.414	-6.249	1.355	0.286	0.577	-0.485	-1.496	-10.259	1.125	126.974800	37.295776
1685512270687	1685512270677	-9.354	-6.136	1.410	0.413	0.573	-0.593	-0.979	-10.269	1.446	126.974800	37.295776
1685512270696	1685512270688	-9.663	-6.007	1.281	0.583	0.578	-0.735	-0.484	-10.285	1.657	126.974800	37.295776
1685512270708	1685512270697	-10.278	-6.055	1.166	0.776	0.605	-0.922	-0.405	-10.125	1.772	126.974800	37.295776
1685512270717	1685512270709	-11.040	-6.199	1.197	0.966	0.634	-1.140	-0.687	-9.926	1.717	126.974800	37.295776
1685512270731	1685512270717	-11.985	-6.421	1.118	1.147	0.640	-1.349	-1.269	-9.888	1.688	126.974800	37.295776
1685512270738	1685512270731	-12.898	-6.596	0.970	1.337	0.619	-1.520	-1.992	-9.924	1.812	126.974800	37.295776
1685512270748	1685512270739	-13.738	-6.510	0.651	1.565	0.578	-1.647	-2.892	-10.017	1.834	126.974800	37.295776
1685512270758	1685512270749	-14.430	-6.366	0.340	1.818	0.522	-1.741	-3.747	-10.013	1.808	126.974800	37.295776
1685512270768	1685512270759	-14.708	-6.196	0.093	2.038	0.432	-1.807	-4.547	-9.795	1.573	126.974800	37.295776
1685512270778	1685512270770	-14.648	-5.811	-0.067	2.198	0.298	-1.853	-5.188	-9.471	1.369	126.974800	37.295776
1685512270791	1685512270778	-14.301	-5.528	-0.117	2.290	0.131	-1.895	-5.418	-9.112	1.223	126.974800	37.295776
1685512270798	1685512270791	-14.004	-5.363	-0.172	2.304	-0.038	-1.963	-5.308	-8.528	1.154	126.974800	37.295776
1685512270810	1685512270798	-13.719	-5.042	-0.132	2.255	-0.165	-2.087	-4.913	-8.040	1.176	126.974800	37.295776
1685512270823	1685512270810	-13.491	-4.678	-0.053	2.161	-0.253	-2.258	-4.559	-7.616	1.180	126.974800	37.295776
1685512270830	1685512270823	-13.056	-4.271	0.000	2.042	-0.314	-2.457	-4.238	-7.113	1.247	126.974800	37.295776
1685512270860	1685512270830	-12.711	-3.982	0.029	1.903	-0.365	-2.666	-3.958	-6.479	1.348	126.974800	37.295776
1685512270861	1685512270860	-12.249	-3.742	0.079	1.740	-0.417	-2.886	-3.481	-5.835	1.403	126.974800	37.295776
1685512270861	1685512270861	-11.887	-3.654	0.091	1.555	-0.458	-3.118	-3.089	-5.234	1.422	126.974800	37.295776
1685512270868	1685512270862	-11.598	-3.768	0.012	1.368	-0.483	-3.350	-2.593	-4.721	1.456	126.974800	37.295776
1685512270877	1685512270868	-11.442	-3.903	-0.060	1.196	-0.480	-3.574	-2.193	-4.245	1.429	126.974800	37.295776
1685512270887	1685512270878	-11.322	-3.855	-0.136	1.056	-0.461	-3.780	-1.887	-4.087	1.317	126.974800	37.295776
1685512270896	1685512270887	-11.310	-3.783	-0.175	0.977	-0.436	-3.957	-1.719	-3.821	1.195	126.974800	37.295776
1685512270908	1685512270896	-11.346	-3.666	-0.400	0.964	-0.418	-4.090	-1.604	-3.431	1.075	126.974800	37.295776
1685512270917	1685512270909	-11.147	-3.515	-0.508	0.987	-0.414	-4.189	-1.614	-2.923	0.984	126.974800	37.295776
1685512270929	1685512270917	-11.001	-3.424	-0.587	1.026	-0.424	-4.264	-1.683	-2.440	0.713	126.974800	37.295776
1685512270938	1685512270929	-10.882	-3.357	-0.682	1.087	-0.425	-4.311	-1.554	-1.793	0.541	126.974800	37.295776
1685512270948	1685512270938	-10.702	-3.184	-0.694	1.174	-0.412	-4.326	-1.468	-1.367	0.414	126.974800	37.295776
1685512270958	1685512270948	-10.525	-3.036	-0.737	1.285	-0.390	-4.305	-1.463	-0.797	0.239	126.974800	37.295776
1685512270968	1685512270958	-10.362	-2.904	-0.718	1.401	-0.364	-4.253	-1.374	-0.292	0.170	126.974800	37.295776
1685512270979	1685512270970	-10.175	-2.756	-0.771	1.494	-0.341	-4.171	-1.341	0.304	0.043	126.974800	37.295776
1685512270989	1685512270979	-9.862	-2.715	-0.735	1.550	-0.330	-4.057	-1.326	0.836	-0.017	126.974800	37.295776
1685512270997	1685512270990	-9.527	-2.500	-0.807	1.576	-0.320	-3.910	-1.319	1.405	-0.170	126.974800	37.295776
1685512271009	1685512270998	-9.203	-2.483	-0.757	1.580	-0.312	-3.731	-1.161	1.774	-0.220	126.974800	37.295776
1685512271021	1685512271009	-8.880	-2.320	-0.783	1.565	-0.304	-3.523	-1.006	2.332	-0.393	126.974800	37.295776
1685512271030	1685512271022	-8.569	-2.191	-0.773	1.537	-0.293	-3.295	-0.869	2.670	-0.448	126.974800	37.295776
1685512271055	1685512271031	-8.236	-2.071	-0.713	1.487	-0.281	-3.052	-0.730	3.127	-0.582	126.974800	37.295776
1685512271056	1685512271055	-7.999	-2.133	-0.668	1.411	-0.268	-2.792	-0.603	3.524	-0.682	126.974800	37.295776
1685512271057	1685512271056	-7.855	-2.011	-0.713	1.310	-0.247	-2.523	-0.486	3.934	-0.752	126.974800	37.295776
1685512271068	1685512271057	-7.748	-1.803	-0.644	1.196	-0.214	-2.254	-0.385	4.041	-0.792	126.974800	37.295776
1685512271078	1685512271068	-7.580	-1.760	-0.675	1.081	-0.184	-1.978	-0.400	4.350	-0.939	126.974800	37.295776
1685512271089	1685512271078	-7.568	-1.781	-0.630	0.960	-0.161	-1.684	-0.438	4.724	-0.962	126.974800	37.295776
1685512271097	1685512271089	-7.606	-1.856	-0.587	0.828	-0.126	-1.388	-0.400	4.906	-1.077	126.974800	37.295776
1685512271106	1685512271098	-7.863	-1.851	-0.704	0.687	-0.077	-1.102	-0.503	4.999	-1.109	126.974800	37.295776
1685512271116	1685512271106	-8.033	-1.793	-0.694	0.552	-0.020	-0.822	-0.632	5.013	-1.132	126.974800	37.295776
1685512271126	1685512271116	-8.073	-1.800	-0.608	0.426	0.037	-0.533	-0.955	5.083	-1.298	126.974800	37.295776
1685512271135	1685512271126	-8.109	-1.762	-0.611	0.301	0.068	-0.230	-1.183	5.193	-1.326	126.974800	37.295776
1685512271146	1685512271135	-8.186	-1.824	-0.601	0.167	0.101	0.073	-1.262	5.219	-1.269	126.974800	37.295776
1685512271155	1685512271146	-8.538	-1.832	-0.601	0.035	0.154	0.360	-1.314	5.272	-1.288	126.974800	37.295776
1685512271165	1685512271155	-9.108	-2.066	-0.606	-0.089	0.227	0.634	-1.386	5.205	-1.283	126.974800	37.295776
1685512271176	1685512271165	-9.922	-2.325	-0.553	-0.205	0.329	0.903	-1.709	5.171	-1.274	126.974800	37.295776
1685512271186	1685512271176	-10.719	-2.641	-0.151	-0.307	0.457	1.177	-2.239	4.899	-1.259	126.974800	37.295776
1685512271195	1685512271188	-11.502	-3.029	0.072	-0.381	0.575	1.470	-2.988	4.578	-1.171	126.974800	37.295776
1685512271206	1685512271196	-12.136	-3.424	0.103	-0.411	0.661	1.795	-3.682	4.164	-0.709	126.974800	37.295776
1685512271215	1685512271206	-12.651	-4.046	0.172	-0.374	0.709	2.158	-4.365	3.673	-0.419	126.974800	37.295776
1685512271226	1685512271215	-12.522	-4.393	0.426	-0.282	0.733	2.555	-4.877	3.151	-0.314	126.974800	37.295776
1685512271235	1685512271226	-11.760	-3.991	0.627	-0.166	0.731	2.986	-5.234	2.354	-0.160	126.974800	37.295776
1685512271245	1685512271235	-10.815	-3.342	0.675	-0.049	0.687	3.404	-4.958	1.836	0.156	126.974800	37.295776
1685512271255	1685512271245	-10.218	-2.586	1.161	0.095	0.635	3.760	-3.994	1.987	0.431	126.974800	37.295776
1685512271273	1685512271255	-10.376	-2.160	1.757	0.202	0.644	3.991	-2.868	2.394	0.529	126.974808	37.295788
1685512271276	1685512271273	-11.083	-2.270	2.313	0.193	0.733	4.062	-2.059	2.849	1.061	126.974808	37.295788
1685512271286	1685512271276	-12.270	-2.569	2.557	0.111	0.881	3.998	-2.006	2.945	1.700	126.974808	37.295788
1685512271295	1685512271286	-13.635	-2.840	2.382	0.010	1.053	3.837	-2.495	2.456	2.315	126.974808	37.295788
1685512271305	1685512271295	-14.559	-3.057	1.882	-0.090	1.167	3.652	-3.517	1.844	2.622	126.974808	37.295788
1685512271315	1685512271305	-14.796	-3.297	1.269	-0.211	1.156	3.515	-4.721	1.235	2.540	126.974808	37.295788
1685512271327	1685512271315	-14.437	-3.402	0.678	-0.380	1.014	3.448	-5.504	0.687	2.148	126.974808	37.295788
1685512271335	1685512271327	-13.623	-3.642	0.278	-0.586	0.797	3.448	-5.619	0.127	1.647	126.974808	37.295788
1685512271345	1685512271335	-12.802	-3.582	0.134	-0.795	0.575	3.492	-5.152	-0.294	1.164	126.974808	37.295788
1685512271355	1685512271345	-12.031	-3.598	0.215	-0.974	0.407	3.531	-4.223	-0.927	0.871	126.974808	37.295788
1685512271366	1685512271355	-11.404	-3.687	0.318	-1.150	0.270	3.514	-3.333	-1.132	0.788	126.974808	37.295788
1685512271375	1685512271366	-10.721	-3.828	0.546	-1.337	0.162	3.437	-2.483	-1.492	0.931	126.974808	37.295788
1685512271387	1685512271375	-10.058	-3.871	0.785	-1.522	0.084	3.328	-1.788	-1.927	1.082	126.974808	37.295788
1685512271396	1685512271388	-9.361	-3.929	0.893	-1.687	0.028	3.198	-1.053	-2.409	1.346	126.974808	37.295788
1685512271408	1685512271396	-8.892	-3.876	1.015	-1.817	-0.004	3.046	-0.350	-2.787	1.614	126.974808	37.295788
1685512271419	1685512271408	-8.430	-4.022	0.977	-1.914	-0.006	2.888	0.376	-3.203	1.741	126.974808	37.295788
1685512271429	1685512271419	-8.229	-4.113	0.757	-1.988	0.002	2.739	0.862	-3.431	1.872	126.974808	37.295788
1685512271444	1685512271429	-8.155	-4.312	0.694	-2.016	0.028	2.601	1.334	-3.876	1.839	126.974808	37.295788
1685512271448	1685512271444	-8.188	-4.432	0.493	-1.977	0.048	2.481	1.535	-4.252	1.618	126.974808	37.295788
1685512271458	1685512271448	-8.286	-4.240	0.278	-1.885	0.060	2.371	1.599	-4.750	1.554	126.974808	37.295788
1685512271468	1685512271458	-8.583	-4.171	0.208	-1.772	0.076	2.255	1.554	-5.102	1.346	126.974808	37.295788
1685512271477	1685512271468	-8.741	-4.269	-0.041	-1.658	0.076	2.148	1.434	-5.181	1.120	126.974808	37.295788
1685512271487	1685512271477	-8.847	-4.281	-0.187	-1.567	0.050	2.051	1.116	-5.322	1.041	126.974808	37.295788
1685512271498	1685512271487	-8.964	-4.319	-0.383	-1.521	0.009	1.958	0.929	-5.643	0.778	126.974808	37.295788
1685512271509	1685512271498	-9.084	-4.391	-0.522	-1.525	-0.044	1.868	0.800	-5.830	0.606	126.974808	37.295788
1685512271518	1685512271509	-9.088	-4.542	-0.524	-1.572	-0.103	1.786	0.658	-6.029	0.378	126.974808	37.295788
1685512271529	1685512271518	-9.170	-4.848	-0.500	-1.647	-0.171	1.714	0.515	-6.249	0.201	126.974808	37.295788
1685512271538	1685512271529	-9.239	-5.025	-0.522	-1.726	-0.227	1.646	0.476	-6.577	0.144	126.974808	37.295788
1685512271548	1685512271538	-9.426	-5.150	-0.309	-1.794	-0.244	1.575	0.376	-6.984	0.124	126.974808	37.295788
1685512271560	1685512271548	-9.565	-5.337	-0.160	-1.842	-0.237	1.500	0.278	-7.309	0.034	126.974808	37.295788
1685512271572	1685512271561	-9.718	-5.267	-0.230	-1.866	-0.213	1.425	0.065	-7.549	0.187	126.974808	37.295788
1685512271579	1685512271572	-9.562	-5.174	-0.342	-1.862	-0.172	1.355	-0.105	-7.879	0.261	126.974808	37.295788
1685512271590	1685512271580	-9.280	-5.092	-0.467	-1.852	-0.154	1.308	-0.287	-7.927	0.129	126.974808	37.295788
1685512271601	1685512271590	-8.947	-5.286	-0.385	-1.856	-0.158	1.278	-0.175	-7.992	-0.062	126.974808	37.295788
1685512271610	1685512271601	-8.837	-5.499	-0.230	-1.869	-0.140	1.234	0.074	-8.011	-0.239	126.974808	37.295788
1685512271626	1685512271610	-9.024	-5.715	0.024	-1.857	-0.076	1.153	0.366	-8.341	-0.237	126.974808	37.295788
1685512271631	1685512271628	-9.428	-5.885	0.105	-1.775	0.031	1.043	0.438	-8.672	-0.151	126.974808	37.295788
1685512271659	1685512271632	-9.977	-5.947	0.148	-1.615	0.156	0.932	0.215	-8.995	0.034	126.974808	37.295788
1685512271660	1685512271659	-10.348	-5.966	0.199	-1.393	0.281	0.838	-0.223	-9.261	0.057	126.974808	37.295788
1685512271660	1685512271660	-10.446	-6.021	0.328	-1.133	0.387	0.771	-0.809	-9.424	0.053	126.974808	37.295788
1685512271669	1685512271660	-10.338	-6.060	0.491	-0.866	0.462	0.738	-1.204	-9.503	0.084	126.974808	37.295788
1685512271677	1685512271669	-9.953	-6.151	0.563	-0.607	0.508	0.722	-1.329	-9.627	0.208	126.974808	37.295788
1685512271691	1685512271678	-9.641	-6.158	0.646	-0.359	0.544	0.707	-1.247	-9.732	0.381	126.974808	37.295788
1685512271698	1685512271692	-9.548	-6.146	0.826	-0.121	0.593	0.671	-0.888	-9.888	0.476	126.974808	37.295788
1685512271708	1685512271698	-9.785	-6.397	1.240	0.103	0.649	0.600	-0.603	-9.960	0.596	126.974808	37.295788
1685512271718	1685512271708	-10.465	-6.625	1.482	0.292	0.713	0.480	-0.539	-10.013	0.831	126.974808	37.295788
1685512271730	1685512271718	-11.238	-6.622	1.609	0.464	0.804	0.309	-0.797	-10.314	1.300	126.974808	37.295788
1685512271738	1685512271730	-11.600	-6.383	1.595	0.646	0.907	0.126	-1.496	-10.585	1.618	126.974808	37.295788
1685512271750	1685512271738	-11.557	-6.292	1.652	0.822	0.943	-0.015	-2.284	-10.609	1.836	126.974808	37.295788
1685512271758	1685512271750	-11.119	-6.304	1.765	0.937	0.878	-0.116	-2.653	-10.379	1.939	126.974808	37.295788
1685512271768	1685512271758	-10.202	-6.225	1.872	0.996	0.776	-0.230	-2.612	-10.283	2.102	126.974808	37.295788
1685512271779	1685512271770	-9.459	-6.258	1.875	1.052	0.668	-0.365	-2.174	-10.278	2.342	126.974808	37.295788
1685512271789	1685512271780	-9.105	-6.213	1.901	1.141	0.550	-0.508	-1.255	-10.175	2.547	126.974808	37.295788
1685512271798	1685512271789	-9.486	-6.292	1.894	1.244	0.462	-0.684	-0.503	-10.168	2.650	126.974808	37.295788
1685512271811	1685512271798	-10.353	-6.211	1.863	1.352	0.436	-0.936	-0.132	-10.068	2.770	126.974808	37.295788
1685512271818	1685512271811	-11.636	-6.270	1.753	1.467	0.453	-1.244	-0.491	-10.075	2.851	126.974808	37.295788
1685512271831	1685512271819	-12.742	-6.316	1.633	1.586	0.467	-1.539	-1.326	-9.895	2.911	126.974808	37.295788
1685512271850	1685512271831	-13.731	-6.208	1.396	1.713	0.436	-1.772	-2.567	-9.814	2.904	126.974808	37.295788
1685512271850	1685512271850	-14.325	-6.155	1.080	1.836	0.338	-1.929	-3.630	-9.716	2.873	126.974808	37.295788
1685512271858	1685512271851	-14.834	-6.026	0.788	1.934	0.200	-2.039	-4.561	-9.407	2.741	126.974808	37.295788
1685512271870	1685512271859	-14.971	-5.775	0.570	1.989	0.054	-2.136	-5.107	-9.170	2.504	126.974808	37.295788
1685512271879	1685512271870	-14.734	-5.454	0.397	1.990	-0.111	-2.227	-5.559	-8.825	2.286	126.974808	37.295788
1685512271888	1685512271879	-14.389	-5.150	0.266	1.930	-0.291	-2.316	-5.641	-8.344	2.128	126.974808	37.295788
1685512271899	1685512271888	-14.047	-4.858	0.189	1.811	-0.456	-2.426	-5.341	-7.760	1.997	126.974808	37.295788
1685512271909	1685512271899	-13.589	-4.535	0.273	1.647	-0.568	-2.573	-4.946	-7.230	1.879	126.974808	37.295788
1685512271919	1685512271909	-13.022	-4.278	0.230	1.458	-0.656	-2.748	-4.549	-6.680	1.793	126.974808	37.295788
1685512271932	1685512271920	-12.524	-4.020	0.223	1.245	-0.732	-2.941	-4.039	-6.084	1.851	126.974808	37.295788
1685512271939	1685512271932	-12.007	-4.037	0.261	1.016	-0.782	-3.146	-3.424	-5.543	1.767	126.974808	37.295788
1685512271951	1685512271940	-11.705	-3.996	0.182	0.805	-0.806	-3.354	-2.880	-4.982	1.702	126.974808	37.295788
1685512271963	1685512271951	-11.372	-3.946	0.069	0.632	-0.808	-3.561	-2.320	-4.616	1.659	126.974808	37.295788
1685512271971	1685512271964	-11.341	-3.915	-0.060	0.511	-0.792	-3.754	-1.999	-4.307	1.520	126.974808	37.295788
1685512271982	1685512271971	-11.107	-3.891	-0.105	0.443	-0.762	-3.923	-1.650	-3.903	1.331	126.974808	37.295788
1685512271993	1685512271982	-11.174	-3.812	-0.218	0.439	-0.723	-4.062	-1.618	-3.500	1.123	126.974808	37.295788
1685512271999	1685512271994	-11.052	-3.728	-0.338	0.489	-0.683	-4.173	-1.398	-3.089	1.001	126.974808	37.295788
1685512272012	1685512272002	-11.054	-3.685	-0.350	0.579	-0.644	-4.255	-1.499	-2.612	0.814	126.974808	37.295788
1685512272020	1685512272013	-10.889	-3.534	-0.464	0.702	-0.608	-4.299	-1.434	-2.078	0.613	126.974808	37.295788
1685512272034	1685512272021	-10.764	-3.431	-0.553	0.839	-0.577	-4.307	-1.501	-1.664	0.536	126.974808	37.295788
1685512272052	1685512272034	-10.618	-3.278	-0.646	0.977	-0.547	-4.282	-1.427	-1.099	0.347	126.974808	37.295788
1685512272052	1685512272052	-10.362	-3.081	-0.733	1.107	-0.524	-4.224	-1.413	-0.584	0.182	126.974808	37.295788
1685512272063	1685512272052	-10.132	-2.940	-0.802	1.221	-0.506	-4.132	-1.405	0.012	0.000	126.974808	37.295788
1685512272068	1685512272063	-9.864	-2.729	-0.879	1.313	-0.491	-4.008	-1.279	0.563	-0.160	126.974808	37.295788
1685512272078	1685512272068	-9.584	-2.684	-0.943	1.376	-0.478	-3.861	-1.221	1.120	-0.333	126.974808	37.295788
1685512272090	1685512272079	-9.282	-2.509	-0.862	1.407	-0.458	-3.691	-1.104	1.654	-0.498	126.974808	37.295788
1685512272099	1685512272091	-8.995	-2.466	-0.919	1.412	-0.439	-3.498	-0.998	2.040	-0.666	126.974808	37.295788
1685512272109	1685512272100	-8.770	-2.411	-0.977	1.398	-0.417	-3.282	-0.874	2.531	-0.692	126.974808	37.295788
1685512272118	1685512272110	-8.497	-2.320	-0.974	1.366	-0.398	-3.045	-0.769	2.866	-0.860	126.974808	37.295788
1685512272129	1685512272118	-8.078	-2.205	-0.924	1.311	-0.382	-2.794	-0.723	3.189	-1.027	126.974808	37.295788
1685512272138	1685512272129	-7.846	-2.126	-1.003	1.238	-0.364	-2.535	-0.661	3.567	-1.156	126.974808	37.295788
1685512272147	1685512272138	-7.542	-2.095	-1.034	1.145	-0.337	-2.276	-0.376	3.855	-1.195	126.974808	37.295788
1685512272157	1685512272148	-7.343	-1.999	-1.085	1.040	-0.302	-2.016	-0.333	4.161	-1.398	126.974808	37.295788
1685512272168	1685512272157	-7.116	-1.944	-1.025	0.922	-0.261	-1.752	-0.146	4.324	-1.506	126.974808	37.295788
1685512272177	1685512272168	-7.151	-1.865	-0.967	0.795	-0.221	-1.487	-0.091	4.575	-1.657	126.974808	37.295788
1685512272187	1685512272177	-7.345	-2.028	-0.840	0.667	-0.169	-1.227	0.026	4.738	-1.669	126.974808	37.295788
1685512272197	1685512272187	-7.621	-2.073	-0.792	0.549	-0.095	-0.982	-0.129	4.937	-1.693	126.974808	37.295788
1685512272208	1685512272197	-8.056	-2.069	-0.843	0.454	-0.001	-0.759	-0.390	4.839	-1.614	126.974808	37.295788
1685512272217	1685512272208	-8.368	-2.052	-0.836	0.385	0.093	-0.538	-0.742	4.863	-1.614	126.974808	37.295788
1685512272229	1685512272217	-8.540	-2.040	-0.912	0.326	0.166	-0.299	-1.226	4.913	-1.693	126.974808	37.295788
1685512272238	1685512272229	-8.631	-2.021	-0.931	0.261	0.215	-0.048	-1.578	4.966	-1.707	126.974808	37.295788
1685512272246	1685512272238	-8.926	-2.140	-0.970	0.182	0.253	0.200	-1.769	4.994	-1.796	126.974808	37.295788
1685512272256	1685512272247	-9.524	-2.279	-0.824	0.092	0.325	0.434	-1.863	5.016	-1.820	126.974808	37.295788
1685512272270	1685512272256	-10.271	-2.478	-0.685	-0.001	0.440	0.662	-2.143	4.884	-1.856	126.974815	37.295799
1685512272277	1685512272270	-11.183	-2.660	-0.678	-0.083	0.577	0.900	-2.708	4.714	-1.693	126.974815	37.295799
1685512272288	1685512272277	-12.052	-2.780	-0.754	-0.137	0.705	1.174	-3.407	4.470	-1.525	126.974815	37.295799
1685512272297	1685512272289	-12.658	-2.928	-0.869	-0.164	0.815	1.503	-4.252	4.226	-1.472	126.974815	37.295799
1685512272307	1685512272297	-12.775	-3.194	-0.931	-0.182	0.904	1.880	-5.035	4.025	-1.489	126.974815	37.295799
1685512272317	1685512272307	-12.110	-3.223	-0.781	-0.211	0.972	2.279	-5.523	3.761	-1.530	126.974815	37.295799
1685512272328	1685512272317	-11.061	-3.345	-0.510	-0.265	0.979	2.668	-5.523	3.376	-1.523	126.974815	37.295799
1685512272337	1685512272328	-10.420	-3.649	0.055	-0.346	0.922	3.018	-4.705	3.179	-1.286	126.974815	37.295799
1685512272348	1685512272338	-10.247	-4.013	0.577	-0.424	0.927	3.272	-3.484	2.859	-0.924	126.974815	37.295799
1685512272357	1685512272348	-10.865	-4.154	1.087	-0.453	1.030	3.393	-2.636	2.301	-0.259	126.974815	37.295799
1685512272367	1685512272357	-11.856	-4.053	1.140	-0.385	1.205	3.389	-2.289	1.707	0.350	126.974815	37.295799
1685512272377	1685512272368	-12.898	-3.785	1.037	-0.222	1.383	3.340	-2.696	1.264	0.979	126.974815	37.295799
1685512272389	1685512272378	-13.728	-3.596	0.804	-0.006	1.517	3.319	-3.527	1.113	1.140	126.974815	37.295799
1685512272400	1685512272389	-14.097	-3.625	0.670	0.188	1.556	3.339	-4.401	1.101	1.164	126.974815	37.295799
1685512272411	1685512272400	-14.047	-3.804	0.481	0.313	1.500	3.367	-5.078	1.006	1.061	126.974815	37.295799
1685512272419	1685512272412	-13.592	-3.948	0.326	0.370	1.383	3.384	-5.303	0.687	1.056	126.974815	37.295799
1685512272432	1685512272420	-13.029	-4.003	0.247	0.368	1.235	3.405	-5.119	0.208	0.986	126.974815	37.295799
1685512272450	1685512272432	-12.426	-3.922	0.290	0.319	1.082	3.439	-4.527	-0.266	0.950	126.974815	37.295799
1685512272450	1685512272450	-11.827	-3.745	0.362	0.213	0.938	3.462	-3.864	-0.596	0.962	126.974815	37.295799
1685512272459	1685512272450	-11.128	-3.718	0.414	0.035	0.816	3.454	-3.148	-0.862	1.104	126.974815	37.295799
1685512272470	1685512272459	-10.475	-3.776	0.383	-0.217	0.722	3.409	-2.466	-0.974	1.247	126.974815	37.295799
1685512272479	1685512272471	-9.967	-3.445	0.962	-0.519	0.656	3.329	-1.683	-1.271	1.377	126.974815	37.295799
1685512272490	1685512272480	-9.819	-3.670	1.604	-0.837	0.638	3.217	-0.960	-1.654	1.420	126.974815	37.295799
1685512272499	1685512272490	-9.280	-3.785	1.283	-1.164	0.640	3.078	-0.388	-1.681	2.078	126.974815	37.295799
1685512272510	1685512272500	-8.667	-3.620	1.422	-1.410	0.562	2.931	-0.199	-2.191	2.787	126.974815	37.295799
1685512272520	1685512272510	-8.571	-4.027	1.542	-1.630	0.496	2.779	0.371	-2.617	2.545	126.974815	37.295799
1685512272532	1685512272521	-8.554	-4.096	1.415	-1.731	0.613	2.663	1.006	-2.753	2.751	126.974815	37.295799
1685512272540	1685512272532	-8.636	-4.269	1.231	-1.721	0.691	2.553	1.116	-3.452	2.931	126.974815	37.295799
1685512272550	1685512272540	-8.710	-4.563	1.221	-1.741	0.696	2.420	1.135	-3.804	2.871	126.974815	37.295799
1685512272562	1685512272551	-8.806	-4.602	1.209	-1.714	0.690	2.303	1.044	-4.305	2.770	126.974815	37.295799
1685512272572	1685512272562	-8.729	-4.566	1.044	-1.633	0.661	2.211	0.960	-4.808	2.813	126.974815	37.295799
1685512272581	1685512272573	-8.756	-4.544	0.924	-1.537	0.602	2.149	0.843	-5.097	2.861	126.974815	37.295799
1685512272594	1685512272581	-8.787	-4.544	0.773	-1.436	0.540	2.106	0.898	-5.296	2.746	126.974815	37.295799
1685512272600	1685512272594	-8.916	-4.585	0.800	-1.348	0.486	2.054	0.845	-5.492	2.662	126.974815	37.295799
1685512272612	1685512272601	-9.210	-4.583	0.608	-1.275	0.441	1.980	0.785	-5.701	2.540	126.974815	37.295799
1685512272622	1685512272612	-9.507	-4.573	0.503	-1.208	0.407	1.900	0.622	-5.962	2.588	126.974815	37.295799
1685512272634	1685512272622	-9.735	-4.688	0.496	-1.161	0.375	1.823	0.302	-6.124	2.406	126.974815	37.295799
1685512272656	1685512272634	-9.912	-4.700	0.534	-1.140	0.323	1.753	-0.026	-6.292	2.308	126.974815	37.295799
1685512272658	1685512272658	-9.902	-4.673	0.584	-1.151	0.268	1.675	-0.287	-6.582	2.308	126.974815	37.295799
1685512272659	1685512272658	-9.752	-4.666	0.515	-1.186	0.211	1.589	-0.505	-6.785	2.351	126.974815	37.295799
1685512272673	1685512272660	-9.424	-4.724	0.603	-1.247	0.148	1.503	-0.532	-6.914	2.399	126.974815	37.295799
1685512272680	1685512272673	-9.301	-4.781	0.534	-1.332	0.092	1.409	-0.426	-7.094	2.320	126.974815	37.295799
1685512272690	1685512272680	-9.309	-4.863	0.644	-1.420	0.061	1.299	-0.134	-7.298	2.394	126.974815	37.295799
1685512272700	1685512272690	-9.380	-5.059	0.848	-1.511	0.053	1.170	-0.050	-7.511	2.298	126.974815	37.295799
1685512272711	1685512272700	-9.747	-5.306	0.919	-1.572	0.084	1.029	-0.096	-7.736	2.375	126.974815	37.295799
1685512272720	1685512272711	-10.111	-5.349	1.063	-1.564	0.166	0.883	-0.204	-8.066	2.538	126.974815	37.295799
1685512272731	1685512272722	-10.484	-5.567	1.061	-1.498	0.248	0.756	-0.603	-8.432	2.569	126.974815	37.295799
1685512272740	1685512272732	-10.623	-5.751	0.996	-1.394	0.292	0.660	-1.001	-8.593	2.674	126.974815	37.295799
1685512272750	1685512272740	-10.654	-5.782	0.857	-1.255	0.325	0.584	-1.401	-8.894	2.648	126.974815	37.295799
1685512272760	1685512272751	-10.398	-5.765	0.771	-1.101	0.330	0.529	-1.568	-9.170	2.562	126.974815	37.295799
1685512272771	1685512272760	-10.120	-5.684	0.551	-0.953	0.294	0.487	-1.621	-9.266	2.411	126.974815	37.295799
1685512272780	1685512272772	-9.962	-5.598	0.453	-0.822	0.266	0.431	-1.389	-9.313	2.315	126.974815	37.295799
1685512272791	1685512272781	-10.108	-5.610	0.460	-0.717	0.249	0.349	-1.132	-9.290	2.088	126.974815	37.295799
1685512272801	1685512272791	-10.575	-5.820	0.697	-0.635	0.263	0.237	-0.998	-9.261	1.982	126.974815	37.295799
1685512272811	1685512272801	-10.999	-5.952	0.869	-0.550	0.321	0.089	-1.159	-9.311	1.985	126.974815	37.295799
1685512272820	1685512272811	-11.047	-5.863	0.939	-0.432	0.384	-0.066	-1.640	-9.555	2.222	126.974815	37.295799
1685512272833	1685512272820	-10.633	-5.909	1.008	-0.298	0.376	-0.188	-2.071	-9.701	2.401	126.974815	37.295799
1685512272852	1685512272833	-10.214	-6.050	1.269	-0.171	0.314	-0.264	-2.124	-9.615	2.492	126.974815	37.295799
1685512272854	1685512272853	-9.914	-6.187	1.475	-0.037	0.277	-0.334	-1.707	-9.649	2.581	126.974815	37.295799
1685512272860	1685512272854	-9.550	-6.160	1.614	0.143	0.287	-0.440	-1.281	-9.764	2.871	126.974815	37.295799
1685512272871	1685512272860	-9.414	-6.055	1.578	0.371	0.304	-0.562	-0.977	-9.878	3.093	126.974815	37.295799
1685512272880	1685512272871	-9.515	-6.148	1.501	0.624	0.308	-0.682	-0.601	-9.807	3.266	126.974815	37.295799
1685512272891	1685512272880	-10.027	-6.045	1.425	0.888	0.323	-0.819	-0.450	-9.651	3.266	126.974815	37.295799
1685512272900	1685512272892	-10.908	-6.110	1.439	1.151	0.345	-0.992	-0.529	-9.665	3.244	126.974815	37.295799
1685512272910	1685512272900	-12.057	-6.323	1.396	1.414	0.367	-1.186	-1.022	-9.481	3.223	126.974815	37.295799
1685512272920	1685512272910	-13.108	-6.352	1.168	1.686	0.367	-1.367	-1.870	-9.414	3.321	126.974815	37.295799
1685512272931	1685512272921	-14.056	-6.153	0.819	1.960	0.312	-1.516	-2.995	-9.519	3.340	126.974815	37.295799
1685512272940	1685512272932	-14.691	-5.978	0.474	2.202	0.186	-1.621	-4.008	-9.373	3.206	126.974815	37.295799
1685512272952	1685512272940	-15.050	-5.751	0.132	2.387	0.011	-1.696	-4.922	-9.014	2.935	126.974815	37.295799
1685512272962	1685512272953	-14.990	-5.375	-0.074	2.485	-0.203	-1.763	-5.509	-8.605	2.682	126.974815	37.295799
1685512272971	1685512272962	-14.674	-5.001	-0.314	2.497	-0.443	-1.837	-5.830	-8.188	2.397	126.974815	37.295799
1685512272982	1685512272972	-14.109	-4.621	-0.333	2.425	-0.693	-1.930	-5.720	-7.570	2.231	126.974815	37.295799
1685512272992	1685512272982	-13.606	-4.302	-0.376	2.264	-0.922	-2.060	-5.358	-6.991	2.002	126.974815	37.295799
1685512273002	1685512272993	-13.089	-3.910	-0.388	2.040	-1.092	-2.230	-4.743	-6.373	1.963	126.974815	37.295799
1685512273014	1685512273002	-12.752	-3.654	-0.371	1.773	-1.197	-2.440	-4.185	-5.811	1.872	126.974815	37.295799
1685512273022	1685512273014	-12.335	-3.359	-0.314	1.471	-1.271	-2.680	-3.613	-5.162	1.784	126.974815	37.295799
1685512273036	1685512273022	-12.335	-3.359	-0.314	1.147	-1.322	-2.932	-3.223	-4.635	1.707	126.974815	37.295799
1685512273052	1685512273036	-11.744	-3.139	-0.292	0.830	-1.340	-3.183	-2.753	-4.027	1.645	126.974815	37.295799
1685512273052	1685512273052	-11.744	-3.139	-0.292	0.539	-1.327	-3.426	-2.715	-3.754	1.535	126.974815	37.295799
1685512273060	1685512273053	-11.547	-3.311	-0.364	0.294	-1.288	-3.654	-2.090	-3.179	1.417	126.974815	37.295799
1685512273073	1685512273060	-11.547	-3.311	-0.364	0.111	-1.224	-3.848	-2.073	-2.873	1.300	126.974815	37.295799
1685512273080	1685512273073	-11.547	-3.519	-0.567	0.111	-1.224	-3.848	-1.875	-2.689	1.104	126.974815	37.295799
1685512273091	1685512273081	-11.332	-3.505	-0.567	-0.061	-1.103	-4.114	-1.889	-2.313	0.984	126.974815	37.295799
1685512273100	1685512273091	-11.109	-3.505	-0.685	-0.061	-1.103	-4.114	-1.923	-2.112	0.649	126.974815	37.295799
1685512273109	1685512273100	-10.829	-3.531	-0.766	0.033	-0.994	-4.200	-1.753	-1.743	0.553	126.974815	37.295799
1685512273128	1685512273109	-10.575	-3.433	-0.948	0.033	-0.994	-4.200	-1.599	-1.350	0.333	126.974815	37.295799
1685512273130	1685512273128	-10.333	-3.436	-1.106	0.305	-0.855	-4.153	-1.408	-0.979	0.156	126.974815	37.295799
1685512273138	1685512273130	-10.173	-3.338	-1.111	0.485	-0.770	-4.088	-1.262	-0.488	-0.117	126.974815	37.295799
1685512273148	1685512273139	-9.965	-3.290	-1.027	0.683	-0.687	-3.994	-1.142	-0.103	-0.364	126.974815	37.295799
1685512273158	1685512273148	-9.828	-3.141	-1.020	0.891	-0.617	-3.862	-1.152	0.443	-0.474	126.974815	37.295799
1685512273169	1685512273158	-9.555	-2.945	-0.989	0.891	-0.617	-3.862	-1.065	0.781	-0.460	126.974815	37.295799
1685512273178	1685512273169	-9.414	-2.746	-0.989	1.264	-0.511	-3.509	-1.089	1.276	-0.546	126.974815	37.295799
1685512273189	1685512273178	-9.194	-2.746	-0.931	1.264	-0.511	-3.509	-0.991	1.810	-0.608	126.974815	37.295799
1685512273198	1685512273189	-8.897	-2.588	-0.900	1.389	-0.472	-3.307	-1.020	2.310	-0.713	126.974815	37.295799
1685512273208	1685512273198	-8.732	-2.473	-0.996	1.460	-0.439	-3.093	-0.982	2.605	-0.766	126.974815	37.295799
1685512273218	1685512273209	-8.602	-2.325	-1.075	1.483	-0.403	-2.874	-0.883	3.060	-0.860	126.974815	37.295799
1685512273229	1685512273218	-8.370	-2.105	-1.118	1.456	-0.375	-2.651	-0.879	3.395	-1.063	126.974815	37.295799
1685512273241	1685512273229	-8.191	-2.042	-1.173	1.267	-0.342	-2.165	-0.910	3.752	-1.257	126.974815	37.295799
1685512273249	1685512273241	-8.100	-1.987	-1.075	1.267	-0.342	-2.165	-0.819	4.142	-1.408	126.974831	37.295807
1685512273258	1685512273249	-8.126	-1.942	-1.142	1.124	-0.315	-1.914	-0.757	4.338	-1.561	126.974831	37.295807
1685512273268	1685512273258	-8.006	-1.865	-1.140	0.968	-0.264	-1.675	-0.742	4.477	-1.535	126.974831	37.295807
1685512273279	1685512273268	-7.855	-1.894	-1.006	0.809	-0.213	-1.432	-0.860	4.618	-1.683	126.974831	37.295807
1685512273289	1685512273279	-7.922	-1.927	-0.998	0.648	-0.192	-1.166	-0.800	4.755	-1.733	126.974831	37.295807
1685512273299	1685512273289	-8.018	-2.042	-1.008	0.486	-0.155	-0.893	-0.713	4.791	-1.652	126.974831	37.295807
1685512273312	1685512273299	-8.059	-2.131	-0.986	0.337	-0.083	-0.644	-0.838	4.815	-1.690	126.974831	37.295807
1685512273320	1685512273312	-8.164	-2.193	-0.883	0.203	-0.022	-0.402	-0.979	4.743	-1.736	126.974831	37.295807
1685512273332	1685512273321	-8.135	-2.248	-0.843	0.088	0.043	-0.156	-1.063	4.697	-1.743	126.974831	37.295807
1685512273340	1685512273332	-8.365	-2.332	-0.895	-0.056	0.183	0.329	-1.199	4.664	-1.657	126.974831	37.295807
1685512273350	1685512273340	-8.868	-2.471	-0.852	-0.056	0.183	0.329	-1.180	4.618	-1.618	126.974831	37.295807
1685512273360	1685512273351	-9.737	-2.693	-0.675	-0.090	0.302	0.556	-1.384	4.508	-1.654	126.974831	37.295807
1685512273373	1685512273360	-10.800	-2.842	-0.733	-0.105	0.464	0.777	-1.865	4.350	-1.595	126.974831	37.295807
1685512273380	1685512273374	-11.720	-2.990	-0.821	-0.094	0.635	1.008	-2.696	4.089	-1.391	126.974831	37.295807
1685512273390	1685512273381	-12.282	-3.187	-0.836	-0.055	0.776	1.284	-3.680	3.864	-1.398	126.974831	37.295807
1685512273400	1685512273390	-12.447	-3.510	-0.625	-0.004	0.871	1.627	-4.520	3.637	-1.429	126.974831	37.295807
1685512273410	1685512273400	-11.693	-3.649	-0.242	0.038	0.933	2.002	-5.004	3.357	-1.389	126.974831	37.295807
1685512273419	1685512273411	-10.602	-3.852	0.278	0.064	0.951	2.359	-5.059	2.914	-1.116	126.974831	37.295807
1685512273430	1685512273419	-9.878	-4.238	0.905	0.092	0.927	2.660	-4.173	2.624	-0.663	126.974831	37.295807
1685512273442	1685512273431	-9.840	-4.475	1.525	0.271	1.134	2.938	-2.931	2.241	-0.077	126.974831	37.295807
1685512273449	1685512273442	-10.448	-4.532	1.846	0.271	1.134	2.938	-2.045	1.650	0.615	126.974831	37.295807
1685512273458	1685512273449	-11.722	-4.254	1.700	0.503	1.379	2.875	-1.800	1.132	1.324	126.974831	37.295807
1685512273468	1685512273458	-13.276	-3.656	1.360	0.821	1.664	2.772	-2.279	0.883	1.707	126.974831	37.295807
1685512273478	1685512273469	-14.447	-3.187	0.924	1.140	1.902	2.713	-3.400	0.924	1.647	126.974831	37.295807
1685512273489	1685512273479	-14.930	-2.931	0.381	1.350	1.993	2.706	-4.812	1.290	1.405	126.974831	37.295807
1685512273498	1685512273490	-14.743	-3.069	-0.043	1.409	1.884	2.715	-5.854	1.530	1.077	126.974831	37.295807
1685512273508	1685512273499	-13.894	-3.290	-0.357	1.345	1.649	2.718	-6.218	1.554	0.644	126.974831	37.295807
1685512273520	1685512273509	-12.888	-3.388	-0.464	1.202	1.376	2.715	-5.909	1.159	0.335	126.974831	37.295807
1685512273531	1685512273520	-12.031	-3.309	-0.385	1.018	1.122	2.706	-4.963	0.725	0.103	126.974831	37.295807
1685512273540	1685512273531	-11.442	-2.993	-0.115	0.487	0.740	2.673	-3.857	0.390	0.072	126.974831	37.295807
1685512273553	1685512273541	-11.176	-2.842	0.347	0.487	0.740	2.673	-2.909	0.227	0.215	126.974831	37.295807
1685512273560	1685512273553	-10.910	-2.974	1.080	0.117	0.639	2.644	-2.224	0.278	0.543	126.974831	37.295807
1685512273571	1685512273560	-10.470	-3.074	1.664	-0.277	0.599	2.584	-1.887	0.208	1.053	126.974831	37.295807
1685512273582	1685512273572	-9.934	-3.062	2.102	-0.628	0.588	2.486	-1.535	-0.215	1.853	126.974831	37.295807
1685512273592	1685512273582	-9.096	-3.036	2.382	-0.887	0.575	2.380	-1.041	-0.512	2.488	126.974831	37.295807
1685512273603	1685512273592	-8.392	-2.969	2.342	-1.065	0.539	2.290	-0.445	-0.764	3.005	126.974831	37.295807
1685512273614	1685512273603	-8.016	-3.187	2.231	-1.185	0.513	2.219	0.433	-0.950	3.352	126.974831	37.295807
1685512273622	1685512273614	-7.961	-3.464	2.042	-1.273	0.534	2.161	1.180	-1.135	3.390	126.974831	37.295807
1685512273632	1685512273622	-8.253	-3.725	1.935	-1.318	0.618	2.111	1.585	-1.556	3.342	126.974831	37.295807
1685512273651	1685512273634	-8.650	-3.946	1.908	-1.261	0.768	2.045	1.674	-2.102	3.239	126.974831	37.295807
1685512273652	1685512273651	-8.997	-3.926	1.949	-1.261	0.768	2.045	1.396	-2.538	3.191	126.974831	37.295807
1685512273661	1685512273652	-8.859	-3.938	1.903	-1.162	0.766	2.062	1.013	-3.014	3.270	126.974831	37.295807
1685512273672	1685512273661	-8.519	-3.974	1.779	-1.060	0.682	2.111	0.670	-3.168	3.378	126.974831	37.295807
1685512273681	1685512273673	-8.109	-4.049	1.590	-0.992	0.541	2.165	0.812	-3.419	3.424	126.974831	37.295807
1685512273691	1685512273682	-8.097	-4.274	1.326	-0.955	0.432	2.205	1.149	-3.654	3.361	126.974831	37.295807
1685512273701	1685512273691	-8.428	-4.535	1.329	-0.941	0.398	2.220	1.559	-3.967	3.211	126.974831	37.295807
1685512273712	1685512273701	-8.887	-4.635	1.398	-0.951	0.411	2.200	1.571	-4.334	2.945	126.974831	37.295807
1685512273722	1685512273712	-9.282	-4.875	1.666	-0.971	0.437	2.160	1.235	-4.796	2.950	126.974831	37.295807
1685512273736	1685512273722	-9.455	-4.889	1.856	-0.983	0.432	2.120	0.771	-5.071	3.017	126.974831	37.295807
1685512273740	1685512273740	-9.258	-4.925	2.059	-1.004	0.336	2.024	0.366	-5.483	3.290	126.974831	37.295807
1685512273753	1685512273740	-9.151	-4.927	2.239	-1.004	0.336	2.024	0.182	-5.653	3.484	126.974831	37.295807
1685512273764	1685512273753	-9.069	-5.025	2.382	-1.019	0.308	1.956	0.352	-5.933	3.699	126.974831	37.295807
1685512273774	1685512273764	-9.033	-5.198	2.624	-1.027	0.334	1.874	0.445	-6.079	3.881	126.974831	37.295807
1685512273782	1685512273774	-9.136	-5.404	2.708	-1.014	0.393	1.779	0.500	-6.361	4.029	126.974831	37.295807
1685512273795	1685512273783	-9.093	-5.454	2.854	-0.972	0.452	1.684	0.508	-6.713	4.281	126.974831	37.295807
1685512273803	1685512273795	-8.954	-5.689	2.974	-0.897	0.505	1.589	0.373	-7.096	4.381	126.974831	37.295807
1685512273813	1685512273804	-8.918	-5.782	3.091	-0.799	0.536	1.494	0.378	-7.319	4.551	126.974831	37.295807
1685512273824	1685512273814	-8.969	-5.844	3.266	-0.651	0.572	1.395	0.474	-7.736	4.702	126.974831	37.295807
1685512273837	1685512273824	-9.184	-5.796	3.481	-0.456	0.624	1.291	0.474	-7.970	4.851	126.974831	37.295807
1685512273857	1685512273837	-9.378	-5.801	3.522	-0.017	0.695	1.078	0.381	-8.174	5.064	126.974831	37.295807
1685512273858	1685512273857	-9.304	-5.703	3.412	-0.017	0.695	1.078	0.124	-8.255	5.327	126.974831	37.295807
1685512273862	1685512273859	-9.251	-5.380	3.160	0.159	0.650	0.964	-0.113	-8.370	5.440	126.974831	37.295807
1685512273871	1685512273863	-9.330	-5.250	2.899	0.269	0.550	0.837	-0.074	-8.363	5.387	126.974831	37.295807
