1685512399066	1685512399066	-7.089	-3.436	0.077	-0.175	-0.707	-2.208	2.430	-2.629	0.601	126.975037	37.295143
1685512399066	1685512399066	-6.898	-3.476	0.026	-0.089	-0.610	-2.308	2.586	-2.358	0.405	126.975037	37.295143
1685512399076	1685512399066	-6.974	-3.508	0.062	0.027	-0.522	-2.384	2.638	-2.234	0.153	126.975037	37.295143
1685512399087	1685512399076	-7.147	-3.455	-0.022	0.184	-0.430	-2.439	2.801	-2.049	0.045	126.975037	37.295143
1685512399096	1685512399087	-7.336	-3.278	-0.124	0.375	-0.343	-2.476	2.684	-1.827	0.024	126.975037	37.295143
1685512399106	1685512399096	-7.518	-3.100	-0.239	0.585	-0.275	-2.501	2.471	-1.563	-0.098	126.975037	37.295143
1685512399115	1685512399107	-7.597	-2.952	-0.407	0.782	-0.232	-2.503	2.231	-1.149	-0.242	126.975037	37.295143
1685512399126	1685512399115	-7.685	-2.674	-0.395	0.940	-0.237	-2.468	1.994	-0.733	-0.395	126.975037	37.295143
1685512399135	1685512399126	-7.719	-2.562	-0.376	1.040	-0.264	-2.406	1.846	-0.326	-0.608	126.975037	37.295143
1685512399145	1685512399135	-7.676	-2.514	-0.273	1.075	-0.292	-2.329	1.695	0.158	-0.639	126.975037	37.295143
1685512399155	1685512399145	-7.942	-2.600	-0.124	1.058	-0.314	-2.237	1.583	0.515	-0.682	126.975037	37.295143
1685512399165	1685512399155	-8.334	-2.629	-0.029	1.003	-0.326	-2.134	1.559	0.752	-0.634	126.975037	37.295143
1685512399175	1685512399165	-8.717	-2.600	-0.036	0.933	-0.318	-2.031	1.216	0.869	-0.551	126.975037	37.295143
1685512399186	1685512399175	-9.096	-2.502	-0.170	0.866	-0.290	-1.922	0.747	1.030	-0.520	126.975037	37.295143
1685512399195	1685512399186	-9.268	-2.306	-0.378	0.787	-0.309	-1.789	0.285	1.238	-0.591	126.975037	37.295143
1685512399206	1685512399195	-9.184	-2.241	-0.522	0.671	-0.359	-1.631	-0.168	1.504	-0.785	126.975037	37.295143
1685512399215	1685512399206	-9.033	-2.423	-0.414	0.511	-0.429	-1.460	-0.424	1.867	-1.058	126.975037	37.295143
1685512399225	1685512399215	-8.933	-2.507	-0.283	0.327	-0.487	-1.294	-0.405	2.059	-1.257	126.975037	37.295143
1685512399235	1685512399226	-9.115	-2.720	-0.158	0.171	-0.479	-1.151	-0.314	1.992	-1.199	126.975037	37.295143
1685512399246	1685512399235	-9.357	-2.775	-0.055	0.088	-0.428	-1.023	-0.254	1.980	-1.101	126.975037	37.295143
1685512399255	1685512399246	-9.728	-2.787	-0.084	0.076	-0.353	-0.897	-0.476	1.836	-1.006	126.975037	37.295143
1685512399265	1685512399255	-9.934	-2.744	-0.043	0.101	-0.266	-0.770	-0.747	1.834	-0.919	126.975037	37.295143
1685512399275	1685512399266	-9.799	-2.679	-0.105	0.136	-0.181	-0.634	-1.142	1.865	-0.960	126.975037	37.295143
1685512399285	1685512399275	-9.620	-2.662	-0.127	0.173	-0.136	-0.469	-1.350	1.913	-0.912	126.975037	37.295143
1685512399295	1685512399286	-9.546	-2.569	-0.146	0.213	-0.133	-0.275	-1.209	1.968	-0.960	126.975037	37.295143
1685512399307	1685512399295	-10.101	-2.476	-0.110	0.243	-0.098	-0.077	-1.018	1.963	-0.967	126.975037	37.295143
1685512399323	1685512399308	-10.961	-2.665	-0.012	0.244	0.012	0.094	-0.922	2.021	-0.974	126.975021	37.295128
1685512399328	1685512399323	-11.823	-2.947	-0.168	0.215	0.164	0.260	-1.451	2.061	-0.929	126.975021	37.295128
1685512399338	1685512399328	-12.426	-2.971	-0.354	0.176	0.299	0.469	-2.277	1.812	-0.816	126.975021	37.295128
1685512399346	1685512399338	-12.510	-2.914	-0.479	0.120	0.362	0.738	-3.110	1.477	-0.953	126.975021	37.295128
1685512399355	1685512399346	-11.835	-2.998	-0.393	0.027	0.330	1.054	-3.692	1.413	-1.120	126.975021	37.295128
1685512399367	1685512399355	-10.709	-2.998	-0.283	-0.109	0.235	1.382	-3.740	1.403	-1.219	126.975021	37.295128
1685512399375	1685512399367	-9.948	-3.184	-0.034	-0.270	0.134	1.684	-3.017	1.226	-1.104	126.975021	37.295128
1685512399386	1685512399375	-9.768	-3.457	0.206	-0.423	0.114	1.918	-1.832	1.106	-0.970	126.975021	37.295128
1685512399395	1685512399386	-10.369	-3.649	0.443	-0.545	0.221	2.060	-0.989	0.740	-0.692	126.975021	37.295128
1685512399406	1685512399395	-11.246	-3.788	0.651	-0.623	0.420	2.103	-0.749	0.333	-0.431	126.975021	37.295128
1685512399415	1685512399407	-11.973	-4.082	0.749	-0.632	0.630	2.100	-1.274	-0.041	-0.153	126.975021	37.295128
1685512399426	1685512399416	-12.371	-4.219	0.862	-0.562	0.811	2.132	-2.073	-0.369	0.113	126.975021	37.295128
1685512399435	1685512399427	-12.244	-4.178	0.941	-0.436	0.915	2.213	-2.722	-0.871	0.297	126.975021	37.295128
1685512399445	1685512399436	-11.835	-4.164	1.003	-0.291	0.927	2.309	-3.055	-1.185	0.493	126.975021	37.295128
1685512399456	1685512399446	-11.310	-4.254	1.077	-0.145	0.926	2.407	-2.849	-1.391	0.690	126.975021	37.295128
1685512399467	1685512399456	-10.616	-4.317	1.068	-0.012	0.944	2.496	-2.387	-1.551	0.828	126.975021	37.295128
1685512399476	1685512399467	-9.926	-4.300	1.132	0.108	0.958	2.567	-1.796	-1.891	1.003	126.975021	37.295128
1685512399487	1685512399477	-8.988	-4.223	1.147	0.222	0.957	2.602	-1.051	-2.169	1.075	126.975021	37.295128
1685512399497	1685512399487	-7.994	-3.965	1.185	0.320	0.921	2.601	-0.304	-2.423	1.238	126.975021	37.295128
1685512399507	1685512399498	-6.917	-3.747	1.279	0.391	0.863	2.566	0.673	-2.571	1.334	126.975021	37.295128
1685512399516	1685512399507	-6.026	-3.587	1.393	0.431	0.808	2.494	1.712	-2.614	1.472	126.975021	37.295128
1685512399527	1685512399516	-5.519	-3.428	1.602	0.441	0.795	2.386	2.811	-2.595	1.628	126.975021	37.295128
1685512399537	1685512399527	-5.346	-3.309	1.741	0.434	0.834	2.243	3.730	-2.725	1.834	126.975021	37.295128
1685512399547	1685512399537	-5.260	-3.227	1.937	0.413	0.921	2.070	4.250	-2.775	2.109	126.975021	37.295128
1685512399558	1685512399547	-5.413	-3.292	1.985	0.384	1.016	1.890	4.429	-2.871	2.327	126.975021	37.295128
1685512399566	1685512399558	-5.748	-3.285	2.004	0.358	1.084	1.730	4.518	-2.990	2.612	126.975021	37.295128
1685512399576	1685512399566	-6.002	-3.235	1.930	0.334	1.119	1.602	4.360	-3.254	2.768	126.975021	37.295128
1685512399586	1685512399576	-6.294	-3.352	1.779	0.286	1.098	1.508	4.015	-3.397	2.883	126.975021	37.295128
1685512399598	1685512399586	-6.563	-3.333	1.561	0.208	1.030	1.432	3.747	-3.500	2.919	126.975021	37.295128
1685512399611	1685512399598	-6.879	-3.323	1.477	0.104	0.949	1.367	3.438	-3.761	2.875	126.975021	37.295128
1685512399618	1685512399611	-7.262	-3.385	1.302	-0.021	0.866	1.315	3.151	-3.879	2.758	126.975021	37.295128
1685512399626	1685512399619	-7.638	-3.450	1.302	-0.161	0.782	1.269	2.816	-4.001	2.768	126.975021	37.295128
1685512399636	1685512399626	-8.073	-3.670	1.362	-0.301	0.696	1.232	2.406	-4.216	2.693	126.975021	37.295128
1685512399646	1685512399636	-8.521	-3.898	1.437	-0.424	0.617	1.195	2.014	-4.381	2.753	126.975021	37.295128
1685512399656	1685512399646	-8.899	-3.941	1.590	-0.530	0.538	1.158	1.554	-4.724	2.875	126.975021	37.295128
1685512399667	1685512399656	-9.290	-4.041	1.504	-0.618	0.468	1.122	1.085	-5.073	3.005	126.975021	37.295128
1685512399676	1685512399667	-9.505	-4.116	1.410	-0.695	0.411	1.085	0.682	-5.236	3.203	126.975021	37.295128
1685512399686	1685512399676	-9.507	-4.326	1.398	-0.772	0.363	1.042	0.268	-5.454	3.153	126.975021	37.295128
1685512399696	1685512399686	-9.649	-4.501	1.451	-0.841	0.321	0.993	0.029	-5.655	3.093	126.975021	37.295128
1685512399707	1685512399696	-9.907	-4.628	1.420	-0.888	0.287	0.931	0.005	-5.966	3.100	126.975021	37.295128
1685512399716	1685512399707	-10.089	-4.745	1.635	-0.910	0.281	0.849	-0.156	-6.251	3.170	126.975021	37.295128
1685512399728	1685512399716	-10.321	-4.891	1.781	-0.905	0.303	0.751	-0.436	-6.481	3.151	126.975021	37.295128
1685512399738	1685512399728	-10.439	-5.085	1.999	-0.852	0.349	0.648	-0.642	-6.704	3.376	126.975021	37.295128
1685512399746	1685512399738	-10.463	-5.025	2.203	-0.738	0.390	0.545	-0.893	-6.929	3.531	126.975021	37.295128
1685512399756	1685512399746	-10.424	-5.025	2.128	-0.582	0.403	0.448	-1.025	-7.187	3.757	126.975021	37.295128
1685512399768	1685512399756	-10.264	-4.954	2.071	-0.419	0.387	0.354	-1.065	-7.185	3.979	126.975021	37.295128
1685512399776	1685512399769	-10.312	-4.875	1.937	-0.259	0.390	0.247	-1.044	-7.238	3.929	126.975021	37.295128
1685512399787	1685512399776	-10.534	-4.640	1.678	-0.097	0.423	0.125	-0.898	-7.207	3.900	126.975021	37.295128
1685512399796	1685512399788	-10.920	-4.590	1.389	0.031	0.434	-0.001	-0.960	-7.156	3.795	126.975021	37.295128
1685512399808	1685512399796	-11.566	-4.645	1.331	0.088	0.406	-0.125	-1.192	-6.934	3.575	126.975021	37.295128
1685512399816	1685512399808	-12.603	-4.918	1.379	0.090	0.402	-0.253	-1.587	-6.883	3.330	126.975021	37.295128
1685512399828	1685512399816	-13.527	-4.815	1.492	0.093	0.439	-0.389	-2.239	-6.926	3.309	126.975021	37.295128
1685512399836	1685512399829	-13.891	-4.846	1.867	0.128	0.462	-0.501	-3.278	-7.171	3.400	126.975021	37.295128
1685512399848	1685512399836	-13.250	-4.839	2.116	0.164	0.391	-0.544	-4.204	-7.034	3.551	126.975021	37.295128
1685512399856	1685512399849	-11.638	-4.630	2.085	0.217	0.213	-0.514	-4.566	-7.015	3.972	126.975021	37.295128
1685512399867	1685512399857	-10.183	-4.566	1.769	0.296	-0.044	-0.451	-3.922	-6.955	4.262	126.975021	37.295128
1685512399878	1685512399867	-9.629	-4.659	1.578	0.354	-0.307	-0.423	-2.303	-6.687	4.257	126.975021	37.295128
1685512399887	1685512399879	-10.331	-4.664	1.422	0.398	-0.379	-0.483	-0.836	-6.579	3.943	126.975021	37.295128
1685512399896	1685512399887	-12.143	-4.827	1.343	0.429	-0.252	-0.645	-0.268	-6.625	3.730	126.975021	37.295128
1685512399909	1685512399897	-14.068	-4.963	1.350	0.457	-0.060	-0.871	-0.953	-6.577	3.546	126.975021	37.295128
1685512399916	1685512399909	-15.598	-4.961	1.118	0.527	0.072	-1.071	-2.746	-6.663	3.450	126.975021	37.295128
1685512399927	1685512399917	-16.142	-4.774	0.728	0.601	0.017	-1.197	-4.657	-6.718	3.460	126.975021	37.295128
1685512399937	1685512399927	-15.955	-4.494	0.318	0.668	-0.189	-1.250	-6.165	-6.570	3.247	126.975021	37.295128
1685512399947	1685512399937	-15.170	-4.463	-0.206	0.693	-0.479	-1.262	-6.697	-6.294	2.866	126.975021	37.295128
1685512399958	1685512399947	-14.344	-4.307	-0.445	0.660	-0.751	-1.263	-6.486	-5.868	2.447	126.975021	37.295128
1685512399969	1685512399959	-13.642	-4.108	-0.632	0.588	-0.964	-1.280	-5.677	-5.715	1.889	126.975021	37.295128
1685512399978	1685512399970	-12.893	-4.046	-0.555	0.459	-1.150	-1.345	-4.817	-5.413	1.580	126.975021	37.295128
1685512399988	1685512399979	-12.096	-3.955	-0.474	0.298	-1.297	-1.465	-4.085	-5.095	1.314	126.975021	37.295128
1685512399999	1685512399988	-11.272	-3.694	-0.321	0.133	-1.396	-1.608	-3.294	-4.867	1.264	126.975021	37.295128
1685512400010	1685512400000	-10.422	-3.481	-0.156	-0.004	-1.454	-1.767	-2.466	-4.645	1.235	126.975021	37.295128
1685512400020	1685512400011	-9.622	-3.251	-0.086	-0.097	-1.475	-1.945	-1.611	-4.226	1.255	126.975021	37.295128
1685512400031	1685512400020	-8.957	-3.141	0.072	-0.165	-1.453	-2.144	-0.730	-3.840	1.281	126.975021	37.295128
1685512400041	1685512400032	-8.461	-3.124	0.256	-0.216	-1.378	-2.352	0.096	-3.405	1.192	126.975021	37.295128
1685512400051	1685512400041	-8.143	-3.098	0.314	-0.250	-1.274	-2.561	0.778	-3.110	1.223	126.975021	37.295128
1685512400060	1685512400052	-8.083	-3.124	0.311	-0.254	-1.145	-2.777	1.286	-2.842	1.259	126.975021	37.295128
1685512400069	1685512400060	-8.083	-3.079	0.182	-0.224	-0.998	-2.982	1.607	-2.593	1.207	126.975021	37.295128
1685512400081	1685512400069	-7.939	-3.077	0.024	-0.181	-0.885	-3.146	1.657	-2.351	1.094	126.975021	37.295128
1685512400092	1685512400083	-7.764	-3.057	-0.108	-0.128	-0.811	-3.263	1.638	-2.018	0.869	126.975021	37.295128
1685512400099	1685512400094	-7.642	-3.115	-0.165	-0.062	-0.756	-3.337	1.750	-1.712	0.627	126.975021	37.295128
1685512400114	1685512400100	-7.496	-2.998	-0.180	0.037	-0.694	-3.377	1.879	-1.377	0.419	126.975021	37.295128
1685512400125	1685512400114	-7.424	-2.859	-0.175	0.171	-0.627	-3.383	1.937	-1.082	0.283	126.975021	37.295128
1685512400129	1685512400125	-7.345	-2.679	-0.280	0.319	-0.562	-3.357	2.018	-0.673	0.208	126.975021	37.295128
1685512400139	1685512400130	-7.324	-2.526	-0.268	0.464	-0.508	-3.301	1.992	-0.151	0.129	126.975021	37.295128
1685512400150	1685512400139	-7.221	-2.409	-0.287	0.599	-0.461	-3.217	1.982	0.326	-0.036	126.975021	37.295128
1685512400159	1685512400150	-7.099	-2.255	-0.311	0.709	-0.428	-3.097	1.901	0.785	-0.089	126.975021	37.295128
1685512400167	1685512400160	-6.879	-2.047	-0.366	0.782	-0.417	-2.937	1.891	1.199	-0.170	126.975021	37.295128
1685512400177	1685512400167	-6.749	-1.956	-0.424	0.814	-0.419	-2.749	1.887	1.662	-0.266	126.975021	37.295128
1685512400187	1685512400177	-6.658	-1.978	-0.273	0.809	-0.413	-2.538	2.002	2.107	-0.383	126.975021	37.295128
1685512400198	1685512400187	-6.658	-1.968	-0.328	0.776	-0.400	-2.316	2.011	2.440	-0.512	126.975021	37.295128
1685512400210	1685512400198	-6.685	-1.856	-0.359	0.723	-0.375	-2.081	1.987	2.638	-0.433	126.975021	37.295128
1685512400217	1685512400212	-6.615	-1.793	-0.309	0.651	-0.343	-1.830	1.877	2.844	-0.560	126.975021	37.295128
1685512400227	1685512400218	-6.699	-1.800	-0.328	0.558	-0.325	-1.554	1.748	3.132	-0.658	126.975021	37.295128
1685512400238	1685512400228	-6.902	-1.887	-0.139	0.451	-0.304	-1.255	1.705	3.376	-0.682	126.975021	37.295128
1685512400247	1685512400238	-7.106	-2.152	-0.036	0.343	-0.243	-0.955	1.556	3.469	-0.747	126.975021	37.295128
1685512400257	1685512400248	-7.353	-2.471	0.089	0.257	-0.172	-0.656	1.283	3.486	-0.606	126.975021	37.295128
1685512400268	1685512400257	-7.671	-2.571	0.113	0.202	-0.106	-0.358	1.027	3.297	-0.541	126.975021	37.295128
1685512400278	1685512400269	-7.970	-2.667	-0.012	0.180	-0.026	-0.061	0.745	3.029	-0.445	126.975021	37.295120
1685512400287	1685512400278	-8.114	-2.662	0.060	0.180	0.061	0.226	0.405	2.957	-0.441	126.975021	37.295120
1685512400298	1685512400288	-8.152	-2.686	-0.002	0.189	0.121	0.505	0.101	2.866	-0.579	126.975021	37.295120
1685512400308	1685512400298	-8.545	-2.753	-0.134	0.202	0.164	0.760	-0.029	2.851	-0.512	126.975021	37.295120
1685512400317	1685512400309	-9.517	-2.971	-0.031	0.198	0.237	0.972	-0.038	2.787	-0.575	126.975021	37.295120
1685512400331	1685512400317	-10.791	-3.393	0.038	0.197	0.395	1.141	-0.388	2.655	-0.704	126.975021	37.295120
1685512400338	1685512400331	-12.076	-3.761	-0.048	0.224	0.622	1.283	-1.302	2.349	-0.591	126.975021	37.295120
1685512400347	1685512400338	-12.998	-3.926	-0.012	0.276	0.831	1.451	-2.521	1.844	-0.500	126.975021	37.295120
1685512400357	1685512400347	-13.264	-4.073	0.141	0.335	0.933	1.708	-3.730	1.355	-0.543	126.975021	37.295120
1685512400368	1685512400357	-12.543	-4.152	0.256	0.392	0.938	2.048	-4.583	1.080	-0.457	126.975021	37.295120
1685512400377	1685512400368	-11.480	-4.250	0.373	0.452	0.893	2.393	-4.760	0.788	-0.242	126.975021	37.295120
1685512400388	1685512400377	-10.839	-4.360	0.675	0.476	0.823	2.661	-3.938	0.532	-0.065	126.975021	37.295120
1685512400397	1685512400388	-11.042	-4.626	1.109	0.447	0.834	2.811	-2.763	0.225	0.105	126.975021	37.295120
1685512400410	1685512400397	-11.995	-4.882	1.575	0.443	1.021	2.860	-2.002	-0.117	0.460	126.975021	37.295120
1685512400419	1685512400410	-13.412	-5.047	2.035	0.544	1.328	2.832	-2.078	-0.661	0.955	126.975021	37.295120
1685512400430	1685512400419	-14.724	-5.018	2.140	0.770	1.662	2.777	-2.931	-1.149	1.489	126.975021	37.295120
1685512400440	1685512400430	-15.531	-4.592	2.018	1.089	1.945	2.760	-4.235	-1.599	2.061	126.975021	37.295120
1685512400451	1685512400440	-15.589	-4.111	1.781	1.403	2.068	2.788	-5.466	-1.800	2.282	126.975021	37.295120
1685512400460	1685512400451	-14.861	-3.869	1.290	1.572	1.982	2.820	-6.184	-1.654	2.322	126.975021	37.295120
1685512400470	1685512400460	-13.757	-3.802	0.757	1.564	1.767	2.820	-6.177	-1.403	2.224	126.975021	37.295120
1685512400479	1685512400470	-12.651	-3.752	0.457	1.434	1.552	2.772	-5.377	-1.470	1.908	126.975021	37.295120
1685512400491	1685512400479	-11.748	-3.596	0.373	1.247	1.362	2.682	-4.226	-1.635	1.494	126.975021	37.295120
1685512400501	1685512400491	-10.867	-3.433	0.711	1.047	1.200	2.560	-3.074	-1.839	1.314	126.975021	37.295120
1685512400511	1685512400502	-9.972	-3.349	1.183	0.842	1.049	2.414	-2.136	-1.930	1.338	126.975021	37.295120
1685512400524	1685512400523	-9.136	-2.942	1.650	0.637	0.883	2.250	-1.226	-2.002	1.774	126.975021	37.295120
1685512400530	1685512400524	-8.179	-2.535	1.939	0.431	0.694	2.073	-0.311	-2.143	2.337	126.975021	37.295120
1685512400539	1685512400530	-7.345	-2.361	2.023	0.200	0.492	1.889	0.539	-1.987	2.899	126.975021	37.295120
1685512400551	1685512400539	-6.656	-2.430	2.172	-0.077	0.360	1.670	1.504	-1.736	3.239	126.975021	37.295120
1685512400560	1685512400551	-6.227	-2.564	2.203	-0.385	0.296	1.406	2.344	-1.741	3.369	126.975021	37.295120
1685512400572	1685512400560	-6.203	-2.624	2.198	-0.681	0.290	1.150	3.038	-1.973	3.553	126.975021	37.295120
1685512400580	1685512400572	-6.266	-2.720	2.157	-0.924	0.314	0.943	3.469	-2.251	3.615	126.975021	37.295120
1685512400591	1685512400581	-6.445	-2.890	2.059	-1.139	0.314	0.808	3.491	-2.430	3.639	126.975021	37.295120
1685512400600	1685512400591	-6.625	-2.935	1.863	-1.310	0.283	0.726	3.426	-2.641	3.634	126.975021	37.295120
1685512400613	1685512400603	-6.792	-3.112	1.712	-1.431	0.231	0.677	3.242	-2.897	3.563	126.975021	37.295120
1685512400622	1685512400613	-6.850	-3.177	1.702	-1.517	0.167	0.641	3.057	-3.033	3.393	126.975021	37.295120
1685512400635	1685512400623	-6.852	-3.412	1.662	-1.582	0.099	0.619	2.885	-3.299	3.263	126.975021	37.295120
1685512400643	1685512400635	-6.845	-3.596	1.714	-1.599	0.044	0.617	2.823	-3.457	3.268	126.975021	37.295120
1685512400654	1685512400643	-6.761	-3.737	1.846	-1.564	0.012	0.634	2.818	-3.768	3.230	126.975021	37.295120
1685512400662	1685512400654	-6.670	-4.044	2.035	-1.487	-0.004	0.668	2.820	-4.046	3.280	126.975021	37.295120
1685512400673	1685512400663	-6.555	-4.082	2.255	-1.370	-0.002	0.711	2.902	-4.264	3.407	126.975021	37.295120
1685512400681	1685512400674	-6.472	-4.135	2.370	-1.210	0.018	0.764	2.990	-4.659	3.587	126.975021	37.295120
1685512400694	1685512400681	-6.419	-4.065	2.428	-1.007	0.070	0.814	3.100	-4.786	3.797	126.975021	37.295120
1685512400702	1685512400695	-6.507	-3.819	2.265	-0.800	0.122	0.855	3.177	-4.932	3.905	126.975021	37.295120
1685512400716	1685512400702	-6.591	-3.737	2.052	-0.611	0.170	0.889	3.223	-4.956	3.962	126.975021	37.295120
1685512400736	1685512400716	-6.701	-3.752	1.966	-0.478	0.204	0.909	3.122	-4.815	3.804	126.975021	37.295120
1685512400736	1685512400736	-6.986	-3.874	2.169	-0.392	0.242	0.913	3.029	-4.817	3.598	126.975021	37.295120
1685512400741	1685512400737	-7.479	-4.075	2.442	-0.324	0.291	0.896	2.904	-4.937	3.529	126.975021	37.295120
1685512400751	1685512400741	-8.061	-3.948	2.595	-0.243	0.353	0.871	2.605	-5.143	3.749	126.975021	37.295120
1685512400762	1685512400752	-8.588	-3.737	2.330	-0.131	0.424	0.852	2.095	-5.435	4.046	126.975021	37.295120
1685512400773	1685512400762	-8.868	-3.620	2.186	-0.059	0.465	0.834	1.496	-5.397	4.228	126.975021	37.295120
1685512400781	1685512400774	-9.273	-3.749	1.949	-0.104	0.425	0.819	0.946	-5.277	4.005	126.975021	37.295120
1685512400792	1685512400782	-9.646	-3.891	1.700	-0.219	0.348	0.792	0.646	-5.231	3.900	126.975021	37.295120
1685512400802	1685512400792	-10.432	-3.883	1.391	-0.351	0.287	0.748	0.223	-5.442	3.701	126.975021	37.295120
1685512400814	1685512400803	-11.425	-4.132	1.238	-0.489	0.258	0.688	-0.170	-5.662	3.484	126.975021	37.295120
1685512400821	1685512400815	-12.881	-4.671	1.415	-0.648	0.247	0.612	-0.974	-5.732	3.194	126.975021	37.295120
1685512400832	1685512400821	-14.645	-5.140	1.492	-0.803	0.287	0.514	-1.985	-6.055	3.057	126.975021	37.295120
1685512400842	1685512400833	-15.761	-5.353	1.724	-0.875	0.379	0.398	-3.462	-6.682	3.247	126.975021	37.295120
1685512400854	1685512400843	-15.409	-5.555	1.946	-0.878	0.382	0.292	-5.239	-7.197	3.330	126.975021	37.295120
1685512400862	1685512400854	-13.403	-5.672	2.138	-0.834	0.175	0.247	-6.371	-7.470	3.584	126.975021	37.295120
1685512400873	1685512400862	-11.176	-5.435	2.037	-0.710	-0.165	0.253	-6.031	-7.709	3.821	126.975021	37.295120
1685512400883	1685512400874	-9.778	-5.490	1.870	-0.542	-0.506	0.228	-4.034	-7.870	4.010	126.975021	37.295120
1685512400892	1685512400883	-9.656	-5.667	1.781	-0.396	-0.676	0.110	-1.810	-7.666	3.881	126.975021	37.295120
1685512400901	1685512400893	-11.181	-5.629	1.714	-0.222	-0.550	-0.134	-0.405	-7.760	3.644	126.975021	37.295120
1685512400914	1685512400902	-13.393	-5.310	1.697	0.010	-0.222	-0.479	-0.275	-7.949	3.496	126.975021	37.295120
1685512400920	1685512400915	-14.964	-5.069	1.429	0.275	0.092	-0.836	-1.788	-7.901	3.366	126.975021	37.295120
1685512400942	1685512400920	-15.644	-4.793	1.061	0.524	0.181	-1.126	-3.986	-7.537	3.330	126.975021	37.295120
1685512400942	1685512400942	-15.488	-4.393	0.484	0.764	0.032	-1.329	-5.540	-7.204	3.077	126.975021	37.295120
1685512400951	1685512400943	-14.954	-4.192	0.199	0.896	-0.277	-1.461	-6.201	-6.826	2.734	126.975021	37.295120
1685512400962	1685512400951	-14.542	-4.068	-0.017	0.902	-0.568	-1.564	-6.017	-6.273	2.176	126.975021	37.295120
1685512400971	1685512400963	-14.190	-4.005	-0.089	0.814	-0.750	-1.671	-5.456	-5.933	1.882	126.975021	37.295120
1685512400983	1685512400971	-13.652	-3.673	0.005	0.687	-0.852	-1.787	-5.009	-5.646	1.628	126.975021	37.295120
1685512400992	1685512400984	-12.775	-3.340	0.062	0.540	-0.971	-1.897	-4.618	-5.409	1.496	126.975021	37.295120
1685512401001	1685512400993	-11.576	-3.136	0.187	0.349	-1.164	-2.000	-4.044	-4.894	1.518	126.975021	37.295120
1685512401012	1685512401002	-10.345	-3.002	0.352	0.145	-1.350	-2.098	-3.132	-4.372	1.487	126.975021	37.295120
1685512401021	1685512401012	-9.143	-3.055	0.453	-0.050	-1.467	-2.209	-1.894	-3.950	1.492	126.975021	37.295120
1685512401031	1685512401022	-8.310	-2.952	0.512	-0.216	-1.511	-2.345	-0.634	-3.630	1.539	126.975021	37.295120
1685512401041	1685512401032	-7.683	-2.902	0.565	-0.338	-1.489	-2.500	0.596	-3.448	1.482	126.975021	37.295120
1685512401054	1685512401042	-7.338	-2.959	0.615	-0.415	-1.400	-2.656	1.448	-3.141	1.410	126.975021	37.295120
1685512401062	1685512401054	-7.120	-2.935	0.572	-0.450	-1.264	-2.804	2.090	-2.849	1.317	126.975021	37.295120
1685512401073	1685512401063	-7.065	-2.983	0.558	-0.453	-1.128	-2.933	2.440	-2.650	1.231	126.975021	37.295120
1685512401081	1685512401073	-7.027	-3.033	0.522	-0.426	-1.015	-3.027	2.653	-2.327	1.053	126.975021	37.295120
1685512401091	1685512401081	-6.826	-3.053	0.496	-0.363	-0.924	-3.079	2.691	-2.119	0.943	126.975021	37.295120
1685512401101	1685512401091	-6.685	-3.055	0.438	-0.258	-0.853	-3.089	2.703	-1.875	0.812	126.975021	37.295120
1685512401123	1685512401101	-6.613	-3.055	0.342	-0.114	-0.794	-3.063	2.866	-1.597	0.702	126.975021	37.295120
1685512401123	1685512401123	-6.510	-2.952	0.371	0.048	-0.734	-3.008	2.959	-1.300	0.565	126.975021	37.295120
1685512401137	1685512401123	-6.589	-2.816	0.345	0.204	-0.673	-2.935	2.974	-1.006	0.395	126.975021	37.295120
1685512401139	1685512401137	-6.529	-2.804	0.340	0.346	-0.628	-2.844	2.998	-0.558	0.338	126.975021	37.295120
1685512401150	1685512401140	-6.586	-2.667	0.263	0.474	-0.593	-2.732	2.859	-0.199	0.256	126.975021	37.295120
1685512401159	1685512401151	-6.601	-2.488	0.172	0.586	-0.568	-2.599	2.840	0.077	0.184	126.975021	37.295120
1685512401170	1685512401160	-6.627	-2.389	0.124	0.671	-0.552	-2.447	2.698	0.469	0.038	126.975021	37.295120
1685512401179	1685512401170	-6.591	-2.277	0.065	0.709	-0.552	-2.277	2.598	0.886	-0.122	126.975021	37.295120
1685512401189	1685512401179	-6.445	-2.231	-0.038	0.688	-0.558	-2.095	2.485	1.207	-0.244	126.975021	37.295120
1685512401199	1685512401189	-6.421	-2.047	-0.062	0.627	-0.564	-1.910	2.425	1.544	-0.388	126.975021	37.295120
1685512401210	1685512401199	-6.440	-2.071	0.000	0.530	-0.557	-1.721	2.495	1.755	-0.560	126.975021	37.295120
1685512401219	1685512401210	-6.512	-2.162	0.086	0.413	-0.544	-1.530	2.437	2.107	-0.661	126.975021	37.295120
1685512401231	1685512401219	-6.922	-2.394	0.350	0.294	-0.502	-1.334	2.342	2.231	-0.670	126.975021	37.295120
1685512401239	1685512401231	-7.530	-2.569	0.443	0.199	-0.430	-1.139	2.193	2.284	-0.656	126.975021	37.295120
1685512401249	1685512401239	-8.329	-2.602	0.354	0.132	-0.338	-0.949	1.726	2.152	-0.443	126.975021	37.295120
1685512401259	1685512401250	-9.091	-2.682	0.127	0.084	-0.241	-0.762	1.056	2.085	-0.400	126.975021	37.295120
1685512401269	1685512401259	-9.653	-2.571	-0.081	0.037	-0.158	-0.558	0.213	2.124	-0.522	126.975021	37.295120
1685512401283	1685512401269	-10.001	-2.533	-0.283	-0.040	-0.133	-0.320	-0.584	2.109	-0.773	126.975006	37.295101
1685512401290	1685512401283	-10.202	-2.626	-0.524	-0.159	-0.172	-0.056	-1.176	2.265	-0.996	126.975006	37.295101
1685512401300	1685512401291	-11.061	-2.832	-0.634	-0.305	-0.219	0.204	-1.539	2.332	-1.207	126.975006	37.295101
1685512401310	1685512401300	-12.203	-3.098	-0.656	-0.465	-0.183	0.434	-1.745	2.243	-1.456	126.975006	37.295101
1685512401319	1685512401311	-13.525	-3.438	-0.766	-0.617	-0.033	0.623	-2.595	2.023	-1.571	126.975006	37.295101
1685512401330	1685512401319	-14.224	-3.725	-0.895	-0.728	0.145	0.804	-3.721	1.729	-1.585	126.975006	37.295101
1685512401339	1685512401330	-14.025	-3.924	-0.594	-0.795	0.246	1.034	-5.011	1.336	-1.666	126.975006	37.295101
1685512401350	1685512401339	-12.883	-3.989	-0.077	-0.822	0.237	1.330	-5.674	0.991	-1.753	126.975006	37.295101
1685512401359	1685512401350	-11.641	-4.365	0.508	-0.816	0.162	1.642	-5.425	0.711	-1.393	126.975006	37.295101
1685512401370	1685512401359	-11.126	-4.618	1.106	-0.766	0.144	1.889	-4.221	0.539	-0.816	126.975006	37.295101
1685512401379	1685512401370	-11.454	-4.875	1.688	-0.648	0.312	2.026	-2.895	0.012	-0.177	126.975006	37.295101
1685512401390	1685512401380	-12.268	-5.006	2.071	-0.440	0.637	2.046	-2.306	-0.385	0.460	126.975006	37.295101
1685512401399	1685512401390	-13.297	-4.738	2.150	-0.117	1.029	1.993	-2.550	-0.816	1.097	126.975006	37.295101
1685512401412	1685512401400	-14.064	-4.460	2.009	0.292	1.395	1.934	-3.278	-1.130	1.554	126.975006	37.295101
1685512401421	1685512401412	-14.269	-3.946	1.707	0.711	1.633	1.907	-4.228	-1.041	1.731	126.975006	37.295101
1685512401433	1685512401421	-13.891	-3.500	1.221	1.059	1.701	1.901	-4.920	-0.941	1.705	126.975006	37.295101
1685512401441	1685512401433	-13.238	-3.402	0.771	1.279	1.625	1.891	-5.037	-0.656	1.568	126.975006	37.295101
1685512401451	1685512401441	-12.354	-3.290	0.546	1.365	1.476	1.868	-4.614	-0.333	1.168	126.975006	37.295101
1685512401462	1685512401451	-11.576	-3.158	0.668	1.349	1.318	1.826	-3.895	-0.429	0.840	126.975006	37.295101
1685512401473	1685512401462	-10.985	-2.998	0.912	1.261	1.181	1.759	-2.966	-0.472	0.704	126.975006	37.295101
1685512401481	1685512401473	-10.379	-2.655	1.317	1.128	1.071	1.688	-2.136	-0.527	0.922	126.975006	37.295101
1685512401492	1685512401483	-9.601	-2.251	1.626	0.942	0.965	1.635	-1.506	-0.512	1.238	126.975006	37.295101
1685512401501	1685512401492	-8.645	-1.805	1.700	0.682	0.816	1.599	-0.857	-0.357	1.733	126.975006	37.295101
1685512401514	1685512401502	-7.566	-1.580	1.559	0.319	0.606	1.575	-0.050	-0.089	2.107	126.975006	37.295101
1685512401525	1685512401514	-6.584	-1.666	1.513	-0.150	0.396	1.556	0.934	0.204	2.243	126.975006	37.295101
1685512401533	1685512401526	-5.806	-2.004	1.444	-0.681	0.236	1.534	2.040	0.280	2.155	126.975006	37.295101
1685512401543	1685512401533	-5.435	-2.172	1.403	-1.181	0.160	1.511	3.050	0.029	2.155	126.975006	37.295101
1685512401553	1685512401543	-5.468	-2.540	1.403	-1.614	0.148	1.489	3.850	-0.445	2.114	126.975006	37.295101
1685512401561	1685512401554	-5.432	-2.966	1.528	-1.978	0.143	1.476	4.245	-0.783	2.112	126.975006	37.295101
1685512401572	1685512401562	-5.497	-3.304	1.465	-2.250	0.136	1.477	4.228	-1.290	2.143	126.975006	37.295101
1685512401582	1685512401572	-5.397	-3.615	1.477	-2.430	0.115	1.494	4.278	-1.877	2.303	126.975006	37.295101
1685512401594	1685512401584	-5.485	-3.721	1.563	-2.501	0.083	1.515	4.228	-2.375	2.277	126.975006	37.295101
1685512401602	1685512401594	-5.574	-3.926	1.348	-2.479	0.066	1.527	4.341	-2.851	2.322	126.975006	37.295101
1685512401614	1685512401602	-5.849	-4.085	1.231	-2.379	0.061	1.531	4.262	-3.127	2.433	126.975006	37.295101
1685512401625	1685512401616	-6.060	-4.243	1.077	-2.225	0.078	1.538	4.180	-3.519	2.239	126.975006	37.295101
1685512401634	1685512401625	-6.404	-4.377	1.003	-2.045	0.089	1.548	3.910	-3.833	2.133	126.975006	37.295101
1685512401645	1685512401635	-6.783	-4.561	1.065	-1.840	0.094	1.556	3.701	-4.178	1.992	126.975006	37.295101
1685512401656	1685512401645	-7.171	-4.690	0.998	-1.608	0.106	1.564	3.354	-4.465	1.925	126.975006	37.295101
1685512401663	1685512401656	-7.702	-4.563	1.077	-1.341	0.139	1.563	2.974	-4.817	1.994	126.975006	37.295101
1685512401675	1685512401663	-8.095	-4.594	1.094	-1.064	0.182	1.553	2.579	-5.114	1.932	126.975006	37.295101
1685512401684	1685512401676	-8.423	-4.362	1.065	-0.820	0.204	1.545	2.037	-5.169	2.018	126.975006	37.295101
1685512401694	1685512401685	-8.787	-4.293	0.948	-0.634	0.211	1.536	1.633	-5.346	2.045	126.975006	37.295101
1685512401703	1685512401694	-9.129	-4.243	0.728	-0.527	0.216	1.508	1.290	-5.272	2.028	126.975006	37.295101
1685512401721	1685512401703	-9.641	-4.243	0.553	-0.496	0.232	1.456	0.907	-5.358	1.925	126.975006	37.295101
1685512401722	1685512401721	-10.230	-4.398	0.622	-0.525	0.265	1.387	0.546	-5.459	1.719	126.975006	37.295101
1685512401736	1685512401736	-10.932	-4.657	0.764	-0.588	0.301	1.311	0.012	-5.605	1.561	126.975006	37.295101
1685512401744	1685512401736	-11.449	-4.808	0.994	-0.643	0.348	1.234	-0.601	-5.926	1.652	126.975006	37.295101
1685512401753	1685512401744	-11.650	-4.932	1.128	-0.660	0.382	1.164	-1.322	-6.292	1.810	126.975006	37.295101
1685512401765	1685512401754	-11.411	-5.023	1.269	-0.635	0.374	1.118	-1.863	-6.567	2.061	126.975006	37.295101
1685512401775	1685512401766	-10.963	-5.143	1.336	-0.585	0.329	1.096	-2.090	-6.812	2.219	126.975006	37.295101
1685512401782	1685512401775	-10.669	-5.124	1.195	-0.513	0.290	1.081	-1.877	-7.015	2.385	126.975006	37.295101
1685512401793	1685512401782	-10.795	-5.160	0.876	-0.434	0.285	1.032	-1.456	-7.245	2.471	126.975006	37.295101
1685512401803	1685512401793	-11.746	-5.241	0.747	-0.392	0.313	0.937	-1.190	-7.345	2.349	126.975006	37.295101
1685512401814	1685512401803	-13.273	-5.646	0.869	-0.395	0.379	0.806	-1.341	-7.475	2.045	126.975006	37.295101
1685512401823	1685512401815	-14.684	-5.964	1.073	-0.400	0.518	0.648	-2.318	-7.649	1.937	126.975006	37.295101
1685512401835	1685512401823	-15.522	-5.966	1.310	-0.341	0.652	0.480	-3.869	-8.135	2.085	126.975006	37.295101
1685512401844	1685512401835	-15.069	-5.952	1.674	-0.227	0.655	0.370	-5.306	-8.526	2.330	126.975006	37.295101
1685512401855	1685512401844	-13.443	-5.880	1.647	-0.093	0.496	0.354	-6.163	-8.574	2.614	126.975006	37.295101
1685512401865	1685512401855	-11.420	-5.653	1.338	0.059	0.230	0.381	-5.729	-8.600	3.038	126.975006	37.295101
1685512401875	1685512401866	-9.893	-5.681	1.070	0.175	-0.084	0.360	-4.118	-8.559	3.053	126.975006	37.295101
1685512401885	1685512401875	-9.716	-5.703	1.077	0.214	-0.281	0.249	-2.107	-8.365	2.765	126.975006	37.295101
1685512401896	1685512401886	-10.769	-5.631	1.142	0.265	-0.221	0.028	-0.589	-8.425	2.495	126.975006	37.295101
1685512401904	1685512401896	-12.337	-5.492	1.149	0.373	-0.011	-0.303	-0.414	-8.468	2.483	126.975006	37.295101
1685512401919	1685512401904	-13.702	-5.265	1.073	0.517	0.187	-0.662	-1.465	-8.394	2.533	126.975006	37.295101
1685512401924	1685512401919	-14.286	-4.913	0.728	0.702	0.282	-0.940	-3.026	-8.219	2.550	126.975006	37.295101
1685512401934	1685512401924	-13.731	-4.731	0.328	0.858	0.166	-1.106	-4.377	-7.930	2.502	126.975006	37.295101
1685512401950	1685512401950	-12.795	-4.822	0.024	0.919	-0.128	-1.208	-4.939	-7.470	2.207	126.975006	37.295101
1685512401954	1685512401950	-12.232	-4.798	0.019	0.913	-0.398	-1.289	-4.360	-7.183	1.841	126.975006	37.295101
1685512401963	1685512401956	-11.827	-4.752	-0.017	0.898	-0.542	-1.371	-3.393	-7.147	1.547	126.975006	37.295101
1685512401973	1685512401963	-11.569	-4.633	0.113	0.883	-0.635	-1.480	-2.794	-6.986	1.525	126.975006	37.295101
1685512401985	1685512401973	-11.088	-4.410	0.189	0.907	-0.671	-1.602	-2.346	-6.771	1.448	126.975006	37.295101
1685512401993	1685512401985	-10.422	-4.192	0.220	0.952	-0.701	-1.708	-2.057	-6.527	1.544	126.975006	37.295101
1685512402003	1685512401993	-9.764	-3.989	0.314	1.003	-0.742	-1.812	-1.532	-6.122	1.568	126.975006	37.295101
1685512402015	1685512402004	-9.110	-3.723	0.381	1.054	-0.759	-1.935	-0.833	-5.746	1.554	126.975006	37.295101
1685512402023	1685512402015	-8.526	-3.639	0.634	1.092	-0.754	-2.074	-0.136	-5.337	1.585	126.975006	37.295101
1685512402034	1685512402023	-8.226	-3.450	0.651	1.114	-0.712	-2.215	0.548	-4.870	1.592	126.975006	37.295101
1685512402045	1685512402034	-7.982	-3.366	0.663	1.133	-0.648	-2.358	1.171	-4.530	1.772	126.975006	37.295101
1685512402055	1685512402045	-7.894	-3.129	0.565	1.142	-0.590	-2.507	1.489	-4.159	1.738	126.975006	37.295101
1685512402064	1685512402055	-7.745	-3.041	0.395	1.137	-0.551	-2.652	1.755	-3.833	1.695	126.975006	37.295101
1685512402073	1685512402064	-7.817	-2.947	0.256	1.119	-0.528	-2.788	1.858	-3.340	1.542	126.975006	37.295101
1685512402085	1685512402074	-7.863	-2.902	0.141	1.097	-0.497	-2.915	2.014	-2.983	1.319	126.975006	37.295101
1685512402096	1685512402085	-7.910	-3.000	0.129	1.084	-0.473	-3.025	1.942	-2.607	1.128	126.975006	37.295101
1685512402102	1685512402096	-7.906	-2.945	0.096	1.089	-0.465	-3.104	1.884	-2.239	0.953	126.975006	37.295101
1685512402116	1685512402103	-7.846	-2.952	-0.134	1.125	-0.469	-3.148	1.817	-2.064	0.891	126.975006	37.295101
1685512402124	1685512402116	-7.920	-2.923	-0.208	1.200	-0.470	-3.161	1.786	-1.633	0.771	126.975006	37.295101
1685512402133	1685512402124	-7.985	-2.737	-0.280	1.294	-0.463	-3.144	1.793	-1.274	0.455	126.975006	37.295101
1685512402149	1685512402149	-8.080	-2.725	-0.383	1.379	-0.454	-3.096	1.650	-0.862	0.285	126.975006	37.295101
1685512402152	1685512402149	-8.207	-2.715	-0.378	1.458	-0.429	-3.026	1.520	-0.373	0.134	126.975006	37.295101
1685512402161	1685512402153	-8.337	-2.617	-0.271	1.533	-0.380	-2.939	1.336	-0.019	-0.057	126.975006	37.295101
1685512402171	1685512402162	-8.464	-2.540	-0.218	1.600	-0.336	-2.823	1.130	0.254	-0.132	126.975006	37.295101
1685512402181	1685512402172	-8.538	-2.404	-0.194	1.662	-0.305	-2.672	0.912	0.627	-0.105	126.975006	37.295101
1685512402193	1685512402181	-8.622	-2.342	-0.235	1.717	-0.269	-2.492	0.690	0.967	-0.139	126.975006	37.295101
1685512402201	1685512402194	-8.703	-2.064	-0.194	1.751	-0.216	-2.296	0.517	1.348	-0.204	126.975006	37.295101
1685512402212	1685512402203	-8.803	-2.140	-0.172	1.742	-0.183	-2.074	0.338	1.633	-0.335	126.975006	37.295101
1685512402221	1685512402213	-8.954	-2.203	-0.177	1.686	-0.155	-1.819	0.160	2.119	-0.388	126.975006	37.295101
1685512402231	1685512402221	-9.122	-2.342	-0.306	1.598	-0.114	-1.539	-0.010	2.184	-0.443	126.975006	37.295101
1685512402241	1685512402231	-9.270	-2.468	-0.488	1.484	-0.077	-1.256	-0.237	2.270	-0.536	126.975006	37.295101
1685512402252	1685512402241	-9.574	-2.612	-0.632	1.355	-0.045	-0.970	-0.455	2.219	-0.733	126.974991	37.295101
1685512402262	1685512402252	-9.773	-2.610	-0.644	1.202	-0.017	-0.688	-0.644	2.162	-0.977	126.974991	37.295101
1685512402272	1685512402262	-9.735	-2.425	-0.620	1.030	0.011	-0.421	-0.972	2.057	-1.173	126.974991	37.295101
1685512402284	1685512402272	-9.589	-2.437	-0.694	0.854	0.028	-0.172	-1.178	2.071	-1.226	126.974991	37.295101
1685512402291	1685512402284	-9.409	-2.514	-0.907	0.683	0.015	0.059	-1.125	2.227	-1.216	126.974991	37.295101
1685512402302	1685512402291	-9.668	-2.622	-1.334	0.508	0.006	0.260	-0.950	2.160	-1.295	126.974991	37.295101
1685512402315	1685512402302	-10.487	-2.782	-1.444	0.338	0.039	0.414	-0.730	2.009	-1.501	126.974991	37.295101
1685512402322	1685512402315	-11.396	-3.158	-1.528	0.173	0.139	0.530	-0.943	1.812	-1.911	126.974991	37.295101
1685512402332	1685512402322	-12.141	-3.625	-1.499	0.013	0.264	0.641	-1.714	1.559	-1.994	126.974991	37.295101
1685512402343	1685512402332	-12.294	-3.898	-1.341	-0.123	0.359	0.797	-2.574	1.085	-2.040	126.974991	37.295101
1685512402352	1685512402343	-11.516	-4.058	-1.154	-0.238	0.386	1.018	-3.285	0.551	-1.975	126.974991	37.295101
1685512402363	1685512402353	-10.262	-4.298	-1.001	-0.320	0.362	1.288	-3.405	0.208	-1.781	126.974991	37.295101
1685512402374	1685512402363	-9.199	-4.379	-0.747	-0.371	0.321	1.539	-2.583	-0.038	-1.549	126.974991	37.295101
1685512402383	1685512402375	-8.892	-4.391	-0.235	-0.415	0.347	1.695	-1.276	-0.393	-1.350	126.974991	37.295101
1685512402393	1685512402384	-9.632	-4.484	0.318	-0.436	0.513	1.740	-0.151	-0.613	-1.053	126.974991	37.295101
1685512402402	1685512402393	-10.817	-4.496	0.747	-0.381	0.782	1.698	0.223	-0.792	-0.491	126.974991	37.295101
1685512402413	1685512402403	-11.894	-4.520	0.967	-0.221	1.076	1.613	-0.460	-1.027	0.117	126.974991	37.295101
1685512402421	1685512402414	-12.586	-4.561	0.941	0.038	1.335	1.554	-1.585	-1.195	0.630	126.974991	37.295101
1685512402433	1685512402421	-12.716	-4.329	0.692	0.330	1.492	1.554	-2.612	-1.369	0.958	126.974991	37.295101
1685512402443	1685512402434	-12.330	-4.063	0.517	0.567	1.505	1.594	-3.251	-1.568	1.068	126.974991	37.295101
1685512402453	1685512402443	-11.662	-3.895	0.211	0.691	1.426	1.664	-3.342	-1.465	0.934	126.974991	37.295101
1685512402463	1685512402453	-10.992	-3.970	0.057	0.698	1.328	1.743	-2.909	-1.379	0.910	126.974991	37.295101
1685512402473	1685512402463	-10.367	-3.771	-0.048	0.615	1.256	1.796	-2.212	-1.334	0.697	126.974991	37.295101
1685512402482	1685512402473	-9.749	-3.718	-0.065	0.484	1.191	1.812	-1.501	-1.585	0.663	126.974991	37.295101
1685512402495	1685512402482	-8.983	-3.527	0.091	0.326	1.107	1.808	-0.848	-1.537	0.654	126.974991	37.295101
1685512402503	1685512402495	-8.198	-3.211	0.362	0.145	0.990	1.792	-0.196	-1.671	0.749	126.974991	37.295101
1685512402523	1685512402503	-7.348	-3.021	0.546	-0.059	0.850	1.754	0.591	-1.633	0.994	126.974991	37.295101
1685512402523	1685512402523	-6.639	-2.837	0.852	-0.285	0.717	1.680	1.405	-1.520	1.377	126.974991	37.295101
1685512402533	1685512402523	-6.000	-2.861	1.082	-0.516	0.632	1.567	2.272	-1.484	1.635	126.974991	37.295101
1685512402543	1685512402533	-5.631	-2.950	1.252	-0.732	0.610	1.426	3.000	-1.480	2.023	126.974991	37.295101
1685512402555	1685512402544	-5.531	-3.235	1.468	-0.905	0.641	1.268	3.649	-1.647	2.313	126.974991	37.295101
1685512402563	1685512402556	-5.586	-3.402	1.630	-1.018	0.709	1.118	4.027	-1.882	2.550	126.974991	37.295101
1685512402574	1685512402563	-5.669	-3.505	1.745	-1.075	0.772	0.997	4.132	-2.301	2.837	126.974991	37.295101
1685512402584	1685512402575	-5.787	-3.582	1.803	-1.090	0.803	0.918	4.077	-2.602	3.084	126.974991	37.295101
1685512402595	1685512402584	-5.921	-3.634	1.872	-1.058	0.811	0.887	3.989	-2.808	3.273	126.974991	37.295101
1685512402605	1685512402595	-6.021	-3.618	1.781	-0.987	0.803	0.882	3.864	-2.990	3.417	126.974991	37.295101
1685512402616	1685512402605	-6.179	-3.711	1.753	-0.898	0.782	0.880	3.723	-3.146	3.570	126.974991	37.295101
1685512402624	1685512402617	-6.464	-3.610	1.705	-0.801	0.760	0.877	3.610	-3.232	3.560	126.974991	37.295101
1685512402636	1685512402625	-6.910	-3.613	1.662	-0.701	0.753	0.877	3.443	-3.426	3.610	126.974991	37.295101
1685512402645	1685512402637	-7.288	-3.455	1.506	-0.617	0.748	0.885	3.141	-3.445	3.651	126.974991	37.295101
1685512402656	1685512402645	-7.781	-3.488	1.456	-0.568	0.721	0.896	2.686	-3.527	3.668	126.974991	37.295101
1685512402665	1685512402656	-8.279	-3.479	1.441	-0.569	0.671	0.914	2.291	-3.464	3.584	126.974991	37.295101
1685512402679	1685512402666	-8.631	-3.510	1.389	-0.612	0.615	0.935	1.784	-3.596	3.601	126.974991	37.295101
1685512402684	1685512402680	-8.904	-3.488	1.444	-0.687	0.555	0.957	1.269	-3.687	3.651	126.974991	37.295101
1685512402698	1685512402687	-9.254	-3.484	1.456	-0.786	0.484	0.981	0.900	-3.821	3.656	126.974991	37.295101
1685512402706	1685512402698	-9.503	-3.587	1.398	-0.904	0.413	1.007	0.611	-3.917	3.766	126.974991	37.295101
1685512402721	1685512402706	-9.888	-3.807	1.487	-1.030	0.359	1.021	0.247	-4.013	3.816	126.974991	37.295101
1685512402724	1685512402723	-10.374	-4.049	1.544	-1.152	0.346	1.014	-0.017	-4.233	3.792	126.974991	37.295101
1685512402756	1685512402724	-10.843	-4.319	1.618	-1.256	0.353	0.988	-0.419	-4.575	3.907	126.974991	37.295101
1685512402757	1685512402757	-11.238	-4.415	1.693	-1.318	0.376	0.959	-0.924	-4.954	3.991	126.974991	37.295101
1685512402758	1685512402758	-11.279	-4.784	1.765	-1.324	0.389	0.940	-1.408	-5.334	4.085	126.974991	37.295101
1685512402764	1685512402758	-11.289	-4.865	1.927	-1.277	0.378	0.930	-1.827	-5.567	4.180	126.974991	37.295101
1685512402778	1685512402764	-11.167	-5.030	2.234	-1.181	0.357	0.925	-1.884	-6.045	4.271	126.974991	37.295101
1685512402786	1685512402778	-11.195	-5.246	2.325	-1.030	0.348	0.908	-1.918	-6.244	4.453	126.974991	37.295101
1685512402797	1685512402786	-11.741	-5.274	2.274	-0.819	0.385	0.864	-1.817	-6.527	4.776	126.974991	37.295101
1685512402805	1685512402797	-12.649	-5.282	2.263	-0.579	0.463	0.784	-1.867	-6.855	4.884	126.974991	37.295101
1685512402816	1685512402805	-14.071	-5.576	2.464	-0.362	0.556	0.683	-2.440	-6.984	4.855	126.974991	37.295101
1685512402825	1685512402816	-15.383	-5.464	2.550	-0.121	0.690	0.568	-3.376	-7.087	4.879	126.974991	37.295101
1685512402833	1685512402825	-15.883	-5.322	2.775	0.147	0.799	0.454	-4.822	-7.448	5.121	126.974991	37.295101
1685512402846	1685512402833	-15.165	-5.183	3.199	0.396	0.748	0.384	-6.167	-7.396	5.274	126.974991	37.295101
1685512402857	1685512402846	-13.266	-4.906	3.108	0.615	0.527	0.365	-6.694	-7.290	5.569	126.974991	37.295101
1685512402866	1685512402857	-11.229	-4.408	2.591	0.810	0.186	0.349	-6.005	-7.175	6.069	126.974991	37.295101
1685512402877	1685512402866	-9.941	-3.883	2.128	0.925	-0.197	0.272	-4.130	-6.912	6.038	126.974991	37.295101
1685512402886	1685512402878	-9.620	-3.687	1.851	0.914	-0.468	0.126	-2.105	-6.424	5.557	126.974991	37.295101
1685512402897	1685512402887	-10.592	-3.543	1.379	0.833	-0.539	-0.084	-0.816	-5.897	5.097	126.974991	37.295101
1685512402906	1685512402897	-12.452	-3.476	1.147	0.770	-0.445	-0.370	-0.484	-5.684	4.793	126.974991	37.295101
1685512402922	1685512402907	-13.903	-3.989	1.144	0.705	-0.335	-0.691	-1.439	-5.509	4.290	126.974991	37.295101
1685512402926	1685512402923	-14.880	-4.398	1.070	0.628	-0.343	-0.965	-3.280	-5.385	4.032	126.974991	37.295101
1685512402947	1685512402926	-15.069	-4.405	0.979	0.641	-0.484	-1.166	-4.707	-5.813	4.010	126.974991	37.295101
1685512402947	1685512402947	-14.693	-4.386	0.654	0.742	-0.729	-1.296	-5.653	-6.096	3.912	126.974991	37.295101
1685512402955	1685512402948	-14.178	-4.475	0.378	0.883	-0.997	-1.379	-5.816	-6.002	3.795	126.974991	37.295101
1685512402964	1685512402955	-13.798	-4.448	0.177	1.020	-1.195	-1.444	-5.399	-5.842	3.412	126.974991	37.295101
1685512402976	1685512402965	-13.403	-4.334	0.136	1.166	-1.307	-1.505	-4.839	-5.777	3.055	126.974991	37.295101
1685512402985	1685512402976	-12.778	-4.245	0.232	1.346	-1.377	-1.563	-4.410	-5.588	2.756	126.974991	37.295101
1685512402996	1685512402986	-11.981	-4.063	0.215	1.572	-1.440	-1.619	-3.965	-5.303	2.602	126.974991	37.295101
1685512403005	1685512402996	-11.121	-3.646	0.079	1.836	-1.489	-1.699	-3.290	-5.016	2.569	126.974991	37.295101
1685512403017	1685512403005	-10.417	-3.309	0.108	2.087	-1.543	-1.808	-2.452	-4.664	2.437	126.974991	37.295101
1685512403025	1685512403017	-9.929	-3.000	-0.053	2.287	-1.552	-1.933	-1.551	-4.044	2.169	126.974991	37.295101
1685512403037	1685512403026	-9.723	-2.619	-0.165	2.434	-1.495	-2.072	-0.809	-3.491	2.057	126.974991	37.295101
1685512403046	1685512403037	-9.337	-2.330	-0.151	2.541	-1.388	-2.217	-0.290	-2.931	1.733	126.974991	37.295101
1685512403057	1685512403046	-8.954	-2.116	-0.129	2.583	-1.297	-2.343	-0.062	-2.332	1.487	126.974991	37.295101
1685512403067	1685512403057	-8.420	-2.116	0.060	2.563	-1.239	-2.432	0.335	-1.738	1.326	126.974991	37.295101
1685512403075	1685512403068	-7.992	-2.100	-0.022	2.496	-1.167	-2.473	0.721	-1.314	1.233	126.974991	37.295101
1685512403087	1685512403075	-7.547	-1.896	-0.057	2.398	-1.106	-2.473	1.245	-1.018	1.264	126.974991	37.295101
1685512403096	1685512403088	-7.254	-1.760	-0.426	2.274	-1.057	-2.445	1.659	-0.761	1.053	126.974991	37.295101
1685512403104	1685512403096	-6.850	-1.654	-0.505	2.129	-1.019	-2.381	2.076	-0.268	0.860	126.974991	37.295101
1685512403116	1685512403104	-6.292	-1.628	-0.541	1.978	-0.962	-2.275	2.334	0.120	0.350	126.974991	37.295101
1685512403123	1685512403116	-5.681	-1.753	-0.251	1.794	-0.943	-2.121	2.693	0.493	0.117	126.974991	37.295101
1685512403136	1685512403123	-5.205	-2.018	0.045	1.635	-0.915	-1.938	3.215	0.702	-0.026	126.974991	37.295101
1685512403142	1685512403136	-4.978	-2.016	0.189	1.564	-0.836	-1.753	3.768	0.826	0.101	126.974991	37.295101
1685512403154	1685512403142	-4.887	-2.033	0.335	1.583	-0.723	-1.587	4.202	0.730	0.283	126.974991	37.295101
1685512403163	1685512403154	-4.786	-1.908	0.302	1.660	-0.599	-1.431	4.381	0.900	0.302	126.974991	37.295101
1685512403173	1685512403163	-4.769	-1.762	0.268	1.732	-0.496	-1.260	4.424	1.032	0.333	126.974991	37.295101
1685512403183	1685512403173	-4.899	-1.772	-0.007	1.779	-0.424	-1.068	4.477	1.302	0.182	126.974991	37.295101
1685512403192	1685512403183	-5.090	-1.623	-0.211	1.812	-0.348	-0.867	4.456	1.549	0.055	126.974991	37.295101
1685512403202	1685512403193	-5.248	-1.683	-0.294	1.825	-0.270	-0.661	4.288	1.635	-0.316	126.974991	37.295101
1685512403215	1685512403202	-5.373	-1.935	-0.192	1.803	-0.203	-0.436	4.065	1.856	-0.613	126.974991	37.295101
1685512403222	1685512403215	-5.595	-2.066	-0.318	1.756	-0.158	-0.188	3.883	1.848	-0.785	126.974991	37.295101
1685512403233	1685512403223	-6.033	-2.354	-0.242	1.702	-0.110	0.066	3.742	1.628	-0.766	126.974991	37.295101
1685512403244	1685512403233	-6.694	-2.461	-0.223	1.633	-0.040	0.312	3.510	1.504	-0.984	126.974976	37.295105
1685512403253	1685512403244	-7.403	-2.557	-0.251	1.523	0.038	0.542	3.074	1.202	-0.965	126.974976	37.295105
1685512403263	1685512403253	-8.076	-2.847	-0.385	1.373	0.115	0.765	2.423	1.053	-1.008	126.974976	37.295105
1685512403274	1685512403263	-8.712	-3.235	-0.328	1.164	0.164	0.979	1.733	0.895	-1.085	126.974976	37.295105
1685512403283	1685512403274	-9.098	-3.666	-0.098	0.894	0.189	1.166	1.087	0.524	-1.257	126.974976	37.295105
1685512403294	1685512403283	-9.507	-3.682	0.184	0.604	0.213	1.313	0.484	0.036	-1.221	126.974976	37.295105
1685512403304	1685512403294	-9.802	-3.706	0.168	0.341	0.239	1.427	0.141	-0.520	-1.006	126.974976	37.295105
1685512403317	1685512403304	-10.326	-3.500	0.136	0.119	0.283	1.505	-0.227	-0.651	-0.721	126.974976	37.295105
1685512403328	1685512403317	-10.999	-3.259	-0.144	-0.098	0.353	1.544	-0.476	-0.812	-0.725	126.974976	37.295105
1685512403334	1685512403328	-11.815	-3.053	-0.790	-0.351	0.426	1.548	-0.958	-0.747	-0.733	126.974976	37.295105
1685512403343	1685512403335	-12.455	-3.172	-1.331	-0.665	0.501	1.530	-1.580	-0.663	-0.974	126.974976	37.295105
1685512403353	1685512403344	-12.775	-3.680	-1.307	-1.052	0.547	1.504	-2.358	-0.587	-1.578	126.974976	37.295105
1685512403363	1685512403354	-12.419	-4.113	-0.711	-1.464	0.557	1.498	-2.954	-0.862	-2.049	126.974976	37.295105
1685512403374	1685512403364	-11.329	-4.551	0.156	-1.851	0.519	1.528	-3.242	-1.492	-1.956	126.974976	37.295105
1685512403383	1685512403374	-10.130	-4.764	1.202	-2.137	0.446	1.586	-2.849	-2.059	-1.276	126.974976	37.295105
1685512403394	1685512403384	-9.570	-4.848	2.033	-2.263	0.431	1.610	-1.726	-2.634	-0.323	126.974976	37.295105
1685512403403	1685512403394	-9.754	-4.697	2.464	-2.226	0.540	1.544	-0.496	-2.990	0.804	126.974976	37.295105
1685512403415	1685512403403	-10.721	-4.099	1.937	-2.039	0.794	1.387	0.091	-3.223	1.717	126.974976	37.295105
1685512403425	1685512403415	-11.914	-3.479	1.338	-1.754	1.112	1.194	-0.062	-3.227	2.243	126.974976	37.295105
1685512403436	1685512403425	-12.546	-3.321	0.725	-1.581	1.288	1.024	-1.013	-2.749	1.810	126.974976	37.295105
1685512403446	1685512403436	-12.514	-3.493	0.261	-1.613	1.242	0.891	-2.186	-2.253	1.355	126.974976	37.295105
1685512403456	1685512403447	-11.997	-3.766	-0.026	-1.731	1.080	0.806	-2.808	-2.186	0.871	126.974976	37.295105
1685512403465	1685512403457	-11.370	-3.862	-0.213	-1.831	0.882	0.778	-2.770	-2.449	0.546	126.974976	37.295105
1685512403476	1685512403466	-10.745	-3.910	-0.218	-1.856	0.722	0.794	-2.248	-2.806	0.381	126.974976	37.295105
1685512403485	1685512403477	-10.312	-3.864	-0.158	-1.831	0.619	0.816	-1.618	-2.995	0.306	126.974976	37.295105
1685512403498	1685512403487	-9.821	-3.812	0.103	-1.826	0.545	0.820	-0.991	-3.122	0.381	126.974976	37.295105
1685512403507	1685512403498	-9.230	-3.658	0.232	-1.878	0.464	0.801	-0.555	-3.168	0.515	126.974976	37.295105
1685512403520	1685512403507	-8.576	-3.491	0.395	-1.978	0.351	0.766	-0.062	-3.208	0.840	126.974976	37.295105
1685512403535	1685512403520	-7.817	-3.232	0.539	-2.105	0.227	0.710	0.527	-3.158	1.030	126.974976	37.295105
1685512403535	1685512403535	-7.096	-2.983	0.654	-2.243	0.128	0.626	1.180	-3.072	1.233	126.974976	37.295105
1685512403546	1685512403535	-6.507	-3.096	0.797	-2.406	0.054	0.513	1.942	-2.926	1.415	126.974976	37.295105
1685512403556	1685512403548	-6.167	-3.242	0.915	-2.562	0.044	0.389	2.662	-2.734	1.542	126.974976	37.295105
1685512403567	1685512403557	-5.926	-3.390	1.111	-2.690	0.104	0.264	3.254	-2.926	1.697	126.974976	37.295105
1685512403578	1685512403567	-5.727	-3.601	1.288	-2.778	0.195	0.148	3.594	-3.127	1.822	126.974976	37.295105
1685512403586	1685512403579	-5.722	-3.838	1.429	-2.804	0.310	0.055	3.833	-3.330	2.033	126.974976	37.295105
1685512403596	1685512403586	-5.732	-3.984	1.434	-2.759	0.415	-0.010	4.032	-3.577	2.229	126.974976	37.295105
1685512403606	1685512403596	-5.619	-4.025	1.465	-2.630	0.508	-0.051	4.032	-3.852	2.406	126.974976	37.295105
1685512403618	1685512403606	-5.598	-4.247	1.458	-2.414	0.602	-0.077	4.020	-4.020	2.442	126.974976	37.295105
1685512403628	1685512403619	-5.739	-4.424	1.441	-2.120	0.690	-0.081	4.125	-4.087	2.526	126.974976	37.295105
1685512403638	1685512403628	-6.206	-4.432	1.535	-1.754	0.792	-0.071	4.142	-4.326	2.576	126.974976	37.295105
1685512403647	1685512403639	-7.020	-4.468	1.681	-1.332	0.922	-0.061	3.991	-4.523	2.631	126.974976	37.295105
1685512403658	1685512403647	-7.697	-4.379	1.824	-0.877	1.078	-0.057	3.515	-4.544	2.792	126.974976	37.295105
1685512403669	1685512403658	-8.315	-4.379	2.078	-0.435	1.192	-0.042	2.689	-4.592	3.036	126.974976	37.295105
1685512403678	1685512403669	-8.744	-4.293	2.351	-0.020	1.261	0.010	1.997	-4.508	3.273	126.974976	37.295105
1685512403687	1685512403678	-9.199	-4.051	2.516	0.348	1.296	0.093	1.360	-4.511	3.642	126.974976	37.295105
1685512403701	1685512403687	-9.560	-3.737	2.533	0.674	1.324	0.173	0.912	-4.427	4.037	126.974976	37.295105
1685512403706	1685512403702	-9.816	-3.409	2.507	0.930	1.337	0.244	0.433	-4.187	4.326	126.974976	37.295105
1685512403720	1685512403708	-10.080	-3.110	2.497	1.079	1.317	0.303	0.048	-3.879	4.472	126.974976	37.295105
1685512403726	1685512403720	-10.357	-3.017	2.483	1.104	1.279	0.343	-0.237	-3.555	4.587	126.974976	37.295105
1685512403747	1685512403727	-10.618	-2.885	2.488	1.036	1.233	0.359	-0.527	-3.261	4.693	126.974976	37.295105
1685512403748	1685512403747	-11.131	-2.780	2.646	0.910	1.197	0.348	-0.836	-3.177	4.815	126.974976	37.295105
1685512403758	1685512403748	-11.621	-2.727	2.861	0.762	1.177	0.325	-1.125	-3.053	4.927	126.974976	37.295105
1685512403768	1685512403759	-11.791	-2.828	3.069	0.606	1.153	0.307	-1.666	-2.957	5.200	126.974976	37.295105
1685512403777	1685512403768	-11.902	-2.950	3.299	0.446	1.101	0.305	-2.188	-2.916	5.528	126.974976	37.295105
1685512403786	1685512403777	-11.906	-3.120	3.433	0.301	1.018	0.305	-2.394	-3.031	5.859	126.974976	37.295105
1685512403796	1685512403787	-11.777	-3.182	3.512	0.187	0.926	0.292	-2.533	-3.168	6.182	126.974976	37.295105
1685512403807	1685512403797	-11.813	-3.230	3.357	0.114	0.822	0.271	-2.569	-3.357	6.412	126.974976	37.295105
1685512403819	1685512403807	-11.976	-3.036	2.947	0.078	0.718	0.257	-2.468	-3.440	6.577	126.974976	37.295105
1685512403827	1685512403819	-12.469	-3.091	2.629	0.043	0.611	0.248	-2.531	-3.510	6.498	126.974976	37.295105
1685512403838	1685512403827	-13.178	-3.304	2.564	-0.035	0.523	0.238	-2.717	-3.338	6.155	126.974976	37.295105
1685512403847	1685512403838	-13.750	-3.388	2.440	-0.122	0.486	0.228	-3.235	-3.419	5.904	126.974976	37.295105
1685512403857	1685512403848	-13.817	-3.570	2.492	-0.183	0.437	0.231	-3.958	-3.649	5.878	126.974976	37.295105
1685512403868	1685512403858	-13.403	-3.816	2.780	-0.220	0.307	0.248	-4.547	-3.759	5.799	126.974976	37.295105
1685512403880	1685512403869	-12.570	-3.802	2.995	-0.213	0.138	0.285	-4.630	-3.967	5.890	126.974976	37.295105
1685512403889	1685512403881	-11.475	-3.656	2.825	-0.165	-0.048	0.334	-4.228	-4.245	6.206	126.974976	37.295105
1685512403899	1685512403889	-10.513	-3.615	2.416	-0.116	-0.257	0.365	-3.400	-4.264	6.433	126.974976	37.295105
1685512403909	1685512403899	-10.036	-3.620	1.946	-0.084	-0.439	0.374	-2.306	-4.159	6.256	126.974976	37.295105
1685512403923	1685512403910	-10.039	-3.766	1.566	-0.093	-0.549	0.352	-1.336	-4.152	5.825	126.974976	37.295105
1685512403928	1685512403923	-10.642	-3.737	1.259	-0.133	-0.594	0.294	-0.848	-4.192	5.315	126.974976	37.295105
1685512403956	1685512403928	-11.334	-3.788	0.819	-0.170	-0.596	0.198	-0.833	-4.374	4.884	126.974976	37.295105
1685512403957	1685512403956	-11.712	-3.924	0.455	-0.180	-0.615	0.090	-1.417	-4.381	4.515	126.974976	37.295105
1685512403958	1685512403957	-11.988	-4.051	-0.124	-0.108	-0.678	0.033	-2.093	-4.453	4.025	126.974976	37.295105
1685512403968	1685512403958	-12.117	-4.130	-0.335	0.016	-0.788	0.010	-2.449	-4.606	3.591	126.974976	37.295105
1685512403976	1685512403968	-12.333	-4.286	-0.476	0.119	-0.900	-0.026	-2.708	-4.738	2.962	126.974976	37.295105
1685512403990	1685512403976	-12.438	-4.439	-0.517	0.128	-0.992	-0.092	-2.813	-4.817	2.677	126.974976	37.295105
1685512404001	1685512403991	-12.175	-4.571	-0.436	0.057	-1.064	-0.159	-3.002	-4.968	2.452	126.974976	37.295105
1685512404007	1685512404001	-11.559	-4.599	-0.247	0.006	-1.130	-0.188	-3.074	-5.107	2.310	126.974976	37.295105
1685512404018	1685512404008	-10.738	-4.611	-0.455	0.057	-1.186	-0.173	-2.784	-5.224	2.303	126.974976	37.295105
1685512404027	1685512404018	-9.783	-4.762	-0.144	0.224	-1.232	-0.150	-2.131	-5.231	2.363	126.974976	37.295105
1685512404037	1685512404027	-8.990	-4.039	-0.124	0.553	-1.214	-0.128	-1.283	-5.229	2.066	126.974976	37.295105
1685512404047	1685512404038	-8.224	-3.385	-0.232	0.845	-1.166	-0.202	-0.292	-5.356	2.239	126.974976	37.295105
1685512404058	1685512404047	-7.554	-3.120	-0.182	0.900	-1.130	-0.375	0.522	-4.611	2.169	126.974976	37.295105
