1685512333975	1685512333975	-11.248	-6.428	1.877	-0.379	0.389	1.323	-1.935	-10.314	4.867	126.975510	37.295685
1685512333975	1685512333975	-11.856	-6.507	2.088	-0.312	0.407	1.144	-2.272	-10.532	4.824	126.975510	37.295685
1685512333980	1685512333975	-12.036	-6.725	2.143	-0.246	0.443	0.953	-3.108	-10.879	5.049	126.975510	37.295685
1685512333992	1685512333980	-11.607	-6.931	2.394	-0.173	0.418	0.806	-3.780	-11.061	5.279	126.975510	37.295685
1685512334001	1685512333992	-10.678	-6.979	2.593	-0.093	0.313	0.700	-4.017	-11.363	5.358	126.975510	37.295685
1685512334012	1685512334001	-9.823	-7.041	2.722	0.026	0.186	0.585	-3.642	-11.638	5.636	126.975510	37.295685
1685512334020	1685512334013	-9.196	-7.044	2.612	0.205	0.076	0.430	-2.758	-11.751	5.856	126.975510	37.295685
1685512334030	1685512334020	-9.330	-7.037	2.557	0.429	-0.002	0.228	-1.935	-11.854	6.000	126.975510	37.295685
1685512334040	1685512334030	-10.285	-7.113	2.581	0.654	-0.027	-0.031	-1.334	-11.887	5.906	126.975510	37.295685
1685512334051	1685512334040	-11.696	-7.140	2.533	0.882	0.010	-0.343	-1.477	-11.882	5.871	126.975510	37.295685
1685512334060	1685512334051	-12.950	-7.161	2.478	1.134	0.062	-0.665	-2.430	-11.935	5.923	126.975510	37.295685
1685512334070	1685512334060	-13.977	-6.991	2.085	1.394	0.033	-0.926	-3.824	-11.906	5.918	126.975510	37.295685
1685512334080	1685512334070	-14.545	-6.598	1.729	1.619	-0.090	-1.112	-5.047	-11.827	5.928	126.975510	37.295685
1685512334090	1685512334080	-14.499	-6.182	1.219	1.778	-0.290	-1.230	-6.038	-11.547	5.595	126.975510	37.295685
1685512334100	1685512334090	-14.143	-5.930	0.876	1.856	-0.545	-1.315	-6.553	-11.009	5.306	126.975510	37.295685
1685512334112	1685512334100	-13.853	-5.655	0.682	1.837	-0.790	-1.420	-6.443	-10.429	4.848	126.975510	37.295685
1685512334120	1685512334112	-13.630	-5.272	0.498	1.725	-0.969	-1.577	-6.012	-10.003	4.539	126.975510	37.295685
1685512334130	1685512334120	-13.235	-4.908	0.345	1.542	-1.096	-1.778	-5.636	-9.543	4.353	126.975510	37.295685
1685512334140	1685512334130	-12.574	-4.690	0.182	1.321	-1.202	-1.984	-5.301	-8.928	4.152	126.975510	37.295685
1685512334150	1685512334140	-11.863	-4.468	0.101	1.078	-1.306	-2.176	-4.822	-8.401	3.967	126.975510	37.295685
1685512334160	1685512334150	-11.222	-4.192	0.034	0.826	-1.401	-2.369	-4.051	-7.966	3.747	126.975510	37.295685
1685512334171	1685512334160	-10.590	-4.161	0.062	0.583	-1.459	-2.588	-3.225	-7.520	3.589	126.975510	37.295685
1685512334180	1685512334171	-10.297	-3.984	0.105	0.363	-1.469	-2.822	-2.464	-7.010	3.424	126.975510	37.295685
1685512334190	1685512334180	-10.010	-3.929	0.098	0.181	-1.451	-3.051	-1.714	-6.730	3.340	126.975510	37.295685
1685512334200	1685512334190	-9.847	-3.948	0.026	0.042	-1.425	-3.267	-1.295	-6.263	3.249	126.975510	37.295685
1685512334212	1685512334200	-9.802	-4.056	-0.110	-0.049	-1.389	-3.457	-0.907	-5.954	3.127	126.975510	37.295685
1685512334220	1685512334212	-9.811	-3.986	-0.098	-0.083	-1.335	-3.616	-0.632	-5.643	2.911	126.975510	37.295685
1685512334231	1685512334220	-9.764	-3.998	-0.225	-0.051	-1.286	-3.738	-0.503	-5.464	2.658	126.975510	37.295685
1685512334240	1685512334231	-9.665	-3.936	-0.309	0.046	-1.249	-3.819	-0.424	-5.025	2.533	126.975510	37.295685
1685512334250	1685512334240	-9.598	-3.859	-0.395	0.203	-1.205	-3.858	-0.316	-4.721	2.296	126.975510	37.295685
1685512334264	1685512334250	-9.541	-3.883	-0.445	0.406	-1.152	-3.858	-0.158	-4.223	2.071	126.975533	37.295673
1685512334270	1685512334264	-9.493	-3.685	-0.527	0.639	-1.101	-3.823	-0.065	-3.847	1.891	126.975533	37.295673
1685512334280	1685512334270	-9.424	-3.548	-0.615	0.887	-1.042	-3.752	0.010	-3.457	1.719	126.975533	37.295673
1685512334293	1685512334280	-9.498	-3.352	-0.560	1.135	-0.974	-3.651	0.057	-2.919	1.539	126.975533	37.295673
1685512334300	1685512334293	-9.543	-3.170	-0.670	1.366	-0.915	-3.520	0.110	-2.368	1.334	126.975533	37.295673
1685512334312	1685512334300	-9.515	-2.938	-0.773	1.556	-0.866	-3.368	0.005	-1.803	1.279	126.975533	37.295673
1685512334320	1685512334312	-9.505	-2.777	-0.855	1.688	-0.836	-3.195	-0.089	-1.226	1.049	126.975533	37.295673
1685512334331	1685512334320	-9.538	-2.682	-0.845	1.753	-0.827	-3.004	-0.110	-0.685	0.843	126.975533	37.295673
1685512334340	1685512334331	-9.629	-2.579	-0.840	1.753	-0.823	-2.804	-0.172	-0.165	0.630	126.975533	37.295673
1685512334352	1685512334341	-9.823	-2.452	-1.030	1.703	-0.826	-2.604	-0.268	0.204	0.522	126.975533	37.295673
1685512334361	1685512334352	-10.053	-2.361	-0.931	1.608	-0.832	-2.406	-0.433	0.589	0.390	126.975533	37.295673
1685512334371	1685512334361	-10.259	-2.320	-0.996	1.473	-0.839	-2.206	-0.702	0.972	0.062	126.975533	37.295673
1685512334381	1685512334371	-10.336	-2.167	-0.924	1.300	-0.855	-2.011	-1.013	1.312	0.010	126.975533	37.295673
1685512334391	1685512334381	-10.412	-2.152	-0.962	1.098	-0.870	-1.817	-1.281	1.530	-0.172	126.975533	37.295673
1685512334401	1685512334391	-10.369	-2.124	-1.051	0.881	-0.887	-1.621	-1.425	1.863	-0.227	126.975533	37.295673
1685512334413	1685512334401	-10.204	-2.133	-1.156	0.651	-0.899	-1.427	-1.566	2.033	-0.388	126.975533	37.295673
1685512334421	1685512334413	-9.814	-2.174	-1.128	0.413	-0.899	-1.244	-1.583	2.200	-0.591	126.975533	37.295673
1685512334431	1685512334421	-9.493	-2.207	-1.209	0.177	-0.891	-1.064	-1.475	2.313	-0.802	126.975533	37.295673
1685512334441	1685512334431	-9.105	-2.241	-1.180	-0.051	-0.854	-0.885	-1.147	2.399	-0.888	126.975533	37.295673
1685512334451	1685512334441	-8.741	-2.334	-1.312	-0.257	-0.799	-0.720	-0.857	2.433	-1.034	126.975533	37.295673
1685512334461	1685512334451	-8.808	-2.430	-1.317	-0.423	-0.726	-0.564	-0.503	2.459	-1.073	126.975533	37.295673
1685512334472	1685512334461	-9.333	-2.449	-1.331	-0.546	-0.613	-0.420	-0.158	2.404	-1.250	126.975533	37.295673
1685512334481	1685512334472	-10.068	-2.612	-1.343	-0.630	-0.435	-0.291	-0.232	2.318	-1.281	126.975533	37.295673
1685512334491	1685512334481	-10.635	-2.737	-1.456	-0.677	-0.225	-0.150	-0.752	2.291	-1.300	126.975533	37.295673
1685512334501	1685512334491	-10.738	-2.751	-1.556	-0.694	-0.044	0.039	-1.475	2.109	-1.295	126.975533	37.295673
1685512334512	1685512334501	-10.666	-2.825	-1.446	-0.690	0.071	0.310	-2.028	1.956	-1.377	126.975533	37.295673
1685512334521	1685512334512	-10.084	-2.856	-1.199	-0.673	0.150	0.646	-2.116	1.913	-1.437	126.975533	37.295673
1685512334532	1685512334521	-9.301	-3.098	-0.905	-0.649	0.232	0.988	-2.021	1.796	-1.281	126.975533	37.295673
1685512334541	1685512334532	-8.291	-3.314	-0.862	-0.607	0.325	1.294	-1.408	1.702	-0.986	126.975533	37.295673
1685512334555	1685512334541	-7.774	-3.378	-0.634	-0.535	0.434	1.538	-0.584	1.381	-0.646	126.975533	37.295673
1685512334561	1685512334555	-7.875	-3.328	-0.462	-0.443	0.588	1.697	0.486	1.039	-0.543	126.975533	37.295673
1685512334571	1685512334561	-8.650	-3.407	-0.280	-0.334	0.798	1.761	1.061	0.850	-0.261	126.975533	37.295673
1685512334581	1685512334571	-9.984	-3.512	-0.072	-0.182	1.051	1.761	1.030	0.749	-0.017	126.975533	37.295673
1685512334592	1685512334581	-11.298	-3.680	0.156	0.009	1.324	1.759	0.318	0.510	0.247	126.975533	37.295673
1685512334601	1685512334592	-12.227	-3.728	0.213	0.208	1.532	1.807	-0.950	0.247	0.558	126.975533	37.295673
1685512334613	1685512334601	-12.503	-3.654	0.285	0.404	1.618	1.944	-2.210	-0.079	0.905	126.975533	37.295673
1685512334621	1685512334613	-12.268	-3.606	0.311	0.585	1.618	2.182	-3.084	-0.306	1.109	126.975533	37.295673
1685512334631	1685512334621	-11.621	-3.467	0.283	0.728	1.563	2.451	-3.314	-0.390	1.300	126.975533	37.295673
1685512334641	1685512334631	-10.975	-3.409	0.223	0.794	1.475	2.652	-3.024	-0.555	1.470	126.975533	37.295673
1685512334652	1685512334641	-10.434	-3.306	0.172	0.770	1.400	2.757	-2.330	-0.613	1.554	126.975533	37.295673
1685512334661	1685512334652	-9.919	-3.179	0.297	0.657	1.361	2.790	-1.628	-0.792	1.609	126.975533	37.295673
1685512334671	1685512334661	-9.476	-3.026	0.443	0.467	1.334	2.777	-1.039	-0.936	1.671	126.975533	37.295673
1685512334681	1685512334671	-8.904	-3.036	0.618	0.221	1.308	2.734	-0.479	-1.087	1.920	126.975533	37.295673
1685512334691	1685512334681	-8.583	-3.074	0.769	-0.051	1.295	2.663	-0.007	-1.164	2.172	126.975533	37.295673
1685512334702	1685512334691	-8.272	-3.132	0.929	-0.327	1.307	2.567	0.587	-1.429	2.466	126.975533	37.295673
1685512334715	1685512334702	-8.147	-3.474	1.137	-0.574	1.332	2.461	0.922	-1.721	2.741	126.975533	37.295673
1685512334722	1685512334715	-7.994	-3.795	1.374	-0.754	1.356	2.366	1.238	-2.030	3.031	126.975533	37.295673
1685512334732	1685512334722	-8.001	-4.118	1.607	-0.854	1.377	2.293	1.358	-2.619	3.371	126.975533	37.295673
1685512334742	1685512334732	-8.085	-4.254	1.765	-0.865	1.392	2.248	1.494	-3.230	3.768	126.975533	37.295673
1685512334754	1685512334742	-8.047	-4.247	1.841	-0.783	1.406	2.221	1.470	-3.745	4.108	126.975533	37.295673
1685512334764	1685512334755	-8.215	-4.085	1.822	-0.638	1.412	2.205	1.355	-4.116	4.401	126.975533	37.295673
1685512334774	1685512334765	-8.392	-3.946	1.776	-0.473	1.416	2.191	1.355	-4.338	4.611	126.975533	37.295673
1685512334785	1685512334775	-8.612	-3.874	1.848	-0.338	1.406	2.169	1.161	-4.338	4.669	126.975533	37.295673
1685512334794	1685512334785	-8.909	-3.960	1.827	-0.257	1.367	2.140	0.955	-4.357	4.700	126.975533	37.295673
1685512334804	1685512334795	-9.254	-3.955	1.745	-0.225	1.311	2.103	0.697	-4.458	4.865	126.975533	37.295673
1685512334825	1685512334804	-9.527	-3.936	1.858	-0.246	1.256	2.062	0.371	-4.669	4.903	126.975533	37.295673
1685512334826	1685512334826	-9.828	-3.938	1.867	-0.310	1.196	2.031	-0.007	-4.808	4.889	126.975533	37.295673
1685512334835	1685512334826	-9.929	-3.874	1.867	-0.408	1.119	2.013	-0.316	-4.932	5.071	126.975533	37.295673
1685512334843	1685512334835	-10.082	-3.982	1.863	-0.541	1.047	2.001	-0.668	-5.107	5.160	126.975533	37.295673
1685512334854	1685512334844	-10.240	-4.195	1.951	-0.701	0.960	1.980	-0.807	-5.183	5.217	126.975533	37.295673
1685512334864	1685512334854	-10.130	-4.336	1.932	-0.878	0.878	1.944	-1.020	-5.485	5.286	126.975533	37.295673
1685512334874	1685512334864	-10.087	-4.492	1.920	-1.056	0.801	1.888	-1.235	-5.883	5.442	126.975533	37.295673
1685512334884	1685512334874	-10.048	-4.767	1.884	-1.213	0.727	1.819	-1.188	-6.223	5.483	126.975533	37.295673
1685512334896	1685512334884	-10.084	-4.879	1.918	-1.338	0.667	1.742	-1.211	-6.584	5.521	126.975533	37.295673
1685512334904	1685512334896	-10.312	-4.999	1.937	-1.433	0.626	1.649	-1.245	-7.084	5.526	126.975533	37.295673
1685512334916	1685512334906	-10.621	-5.157	1.985	-1.500	0.591	1.537	-1.341	-7.379	5.583	126.975533	37.295673
1685512334926	1685512334916	-10.934	-5.452	2.090	-1.531	0.572	1.425	-1.647	-7.733	5.622	126.975533	37.295673
1685512334936	1685512334926	-11.042	-5.763	2.241	-1.515	0.539	1.312	-2.009	-8.042	5.677	126.975533	37.295673
1685512334946	1685512334937	-10.973	-5.861	2.375	-1.442	0.487	1.205	-2.399	-8.552	5.787	126.975533	37.295673
1685512334956	1685512334946	-10.772	-5.871	2.354	-1.307	0.436	1.112	-2.557	-8.997	5.935	126.975533	37.295673
1685512334966	1685512334956	-10.613	-5.887	2.236	-1.130	0.375	1.038	-2.550	-9.266	6.062	126.975533	37.295673
1685512334976	1685512334966	-10.281	-5.763	2.009	-0.947	0.307	0.957	-2.399	-9.402	6.033	126.975533	37.295673
1685512334987	1685512334977	-10.199	-5.631	1.767	-0.800	0.236	0.841	-2.301	-9.574	5.904	126.975533	37.295673
1685512334996	1685512334987	-10.321	-5.547	1.583	-0.709	0.171	0.699	-2.011	-9.550	5.667	126.975533	37.295673
1685512335009	1685512334997	-10.805	-5.720	1.642	-0.687	0.123	0.535	-1.970	-9.519	5.416	126.975533	37.295673
1685512335018	1685512335009	-11.497	-5.868	1.724	-0.718	0.121	0.340	-2.126	-9.517	5.217	126.975533	37.295673
1685512335026	1685512335018	-11.779	-6.017	1.784	-0.756	0.150	0.138	-2.636	-9.759	5.260	126.975533	37.295673
1685512335047	1685512335026	-11.495	-6.227	1.985	-0.762	0.140	-0.017	-3.347	-9.960	5.322	126.975533	37.295673
1685512335047	1685512335047	-10.951	-6.507	2.246	-0.720	0.059	-0.106	-3.642	-10.156	5.358	126.975533	37.295673
1685512335055	1685512335047	-10.242	-6.591	2.440	-0.602	-0.024	-0.166	-3.361	-10.386	5.543	126.975533	37.295673
1685512335067	1685512335057	-9.799	-6.574	2.313	-0.381	-0.071	-0.233	-2.816	-10.683	5.780	126.975533	37.295673
1685512335077	1685512335067	-9.929	-6.527	2.255	-0.075	-0.103	-0.329	-2.097	-10.776	5.947	126.975533	37.295673
1685512335086	1685512335077	-10.625	-6.455	2.169	0.233	-0.123	-0.465	-1.642	-10.752	5.796	126.975533	37.295673
1685512335095	1685512335086	-11.638	-6.448	2.085	0.512	-0.109	-0.648	-1.755	-10.681	5.729	126.975533	37.295673
1685512335103	1685512335095	-12.579	-6.369	1.820	0.771	-0.099	-0.833	-2.425	-10.558	5.641	126.975533	37.295673
1685512335114	1685512335104	-13.190	-6.000	1.508	0.997	-0.147	-0.987	-3.412	-10.487	5.569	126.975533	37.295673
1685512335123	1685512335114	-13.616	-5.897	1.255	1.145	-0.280	-1.109	-4.317	-10.312	5.325	126.975533	37.295673
1685512335134	1685512335123	-13.676	-5.808	0.936	1.206	-0.445	-1.223	-4.884	-9.826	5.040	126.975533	37.295673
1685512335143	1685512335134	-13.582	-5.732	0.682	1.195	-0.624	-1.335	-5.253	-9.577	4.808	126.975533	37.295673
1685512335153	1685512335143	-13.396	-5.567	0.496	1.129	-0.790	-1.450	-5.260	-9.357	4.496	126.975533	37.295673
1685512335162	1685512335153	-13.278	-5.485	0.283	1.010	-0.940	-1.593	-5.090	-9.110	4.228	126.975533	37.295673
1685512335172	1685512335162	-13.001	-5.315	0.079	0.855	-1.048	-1.775	-4.836	-8.799	4.015	126.975533	37.295673
1685512335182	1685512335172	-12.598	-5.071	-0.026	0.713	-1.114	-1.972	-4.635	-8.545	3.752	126.975533	37.295673
1685512335193	1685512335182	-12.064	-4.863	-0.163	0.593	-1.174	-2.158	-4.269	-8.191	3.484	126.975533	37.295673
1685512335202	1685512335193	-11.420	-4.539	-0.247	0.495	-1.232	-2.341	-3.773	-7.748	3.299	126.975533	37.295673
1685512335214	1685512335202	-10.898	-4.444	-0.302	0.409	-1.271	-2.534	-3.146	-7.329	3.074	126.975533	37.295673
1685512335222	1685512335214	-10.534	-4.348	-0.256	0.327	-1.278	-2.743	-2.399	-6.756	2.883	126.975533	37.295673
1685512335232	1685512335222	-10.274	-4.245	-0.309	0.252	-1.250	-2.961	-1.793	-6.443	2.732	126.975533	37.295673
1685512335242	1685512335232	-10.266	-4.187	-0.347	0.189	-1.195	-3.179	-1.331	-6.060	2.655	126.975533	37.295673
1685512335253	1685512335242	-10.281	-4.178	-0.409	0.158	-1.125	-3.381	-0.996	-5.705	2.502	126.975540	37.295662
1685512335264	1685512335253	-10.434	-4.149	-0.551	0.169	-1.046	-3.552	-0.912	-5.346	2.354	126.975540	37.295662
1685512335272	1685512335264	-10.374	-4.001	-0.599	0.214	-0.976	-3.686	-0.864	-5.016	2.188	126.975540	37.295662
1685512335282	1685512335272	-10.252	-3.998	-0.654	0.294	-0.929	-3.782	-0.962	-4.611	1.939	126.975540	37.295662
1685512335293	1685512335282	-10.187	-3.862	-0.646	0.414	-0.886	-3.835	-0.871	-4.144	1.808	126.975540	37.295662
1685512335303	1685512335293	-10.046	-3.800	-0.725	0.567	-0.838	-3.848	-0.728	-3.776	1.664	126.975540	37.295662
1685512335316	1685512335303	-9.981	-3.675	-0.776	0.739	-0.793	-3.839	-0.661	-3.263	1.585	126.975540	37.295662
1685512335323	1685512335316	-9.852	-3.505	-0.761	0.916	-0.742	-3.801	-0.529	-2.823	1.422	126.975540	37.295662
1685512335334	1685512335324	-9.773	-3.259	-0.809	1.089	-0.683	-3.729	-0.493	-2.318	1.288	126.975540	37.295662
1685512335344	1685512335334	-9.735	-3.086	-0.819	1.236	-0.644	-3.624	-0.419	-1.693	1.202	126.975540	37.295662
1685512335354	1685512335344	-9.629	-2.921	-0.804	1.345	-0.604	-3.492	-0.388	-1.149	1.085	126.975540	37.295662
1685512335365	1685512335355	-9.606	-2.820	-0.757	1.409	-0.569	-3.345	-0.421	-0.615	0.986	126.975540	37.295662
1685512335377	1685512335365	-9.550	-2.693	-0.778	1.428	-0.538	-3.186	-0.397	-0.103	0.910	126.975540	37.295662
1685512335386	1685512335377	-9.560	-2.579	-0.668	1.414	-0.518	-3.005	-0.462	0.326	0.862	126.975540	37.295662
1685512335397	1685512335386	-9.728	-2.507	-0.740	1.373	-0.494	-2.814	-0.505	0.766	0.745	126.975540	37.295662
1685512335409	1685512335397	-9.732	-2.310	-0.759	1.322	-0.469	-2.622	-0.625	1.202	0.747	126.975540	37.295662
1685512335426	1685512335410	-9.831	-2.315	-0.836	1.260	-0.473	-2.423	-0.886	1.513	0.587	126.975540	37.295662
1685512335426	1685512335426	-9.764	-2.239	-0.826	1.174	-0.500	-2.214	-0.989	1.949	0.469	126.975540	37.295662
1685512335436	1685512335426	-9.845	-2.143	-0.785	1.058	-0.508	-2.004	-1.180	2.157	0.292	126.975540	37.295662
1685512335444	1685512335436	-9.902	-2.107	-0.706	0.920	-0.503	-1.797	-1.211	2.442	0.192	126.975540	37.295662
1685512335455	1685512335444	-9.893	-2.131	-0.778	0.779	-0.481	-1.583	-1.362	2.684	0.146	126.975540	37.295662
1685512335464	1685512335455	-9.601	-2.076	-0.769	0.643	-0.463	-1.355	-1.499	2.873	0.129	126.975540	37.295662
1685512335475	1685512335464	-9.251	-2.076	-0.807	0.514	-0.450	-1.118	-1.544	2.952	-0.014	126.975540	37.295662
1685512335486	1685512335475	-8.832	-2.054	-0.838	0.392	-0.437	-0.887	-1.305	3.103	-0.074	126.975540	37.295662
1685512335496	1685512335486	-8.514	-2.021	-0.874	0.271	-0.404	-0.673	-0.994	3.172	-0.175	126.975540	37.295662
1685512335505	1685512335498	-8.411	-1.932	-1.051	0.159	-0.352	-0.479	-0.599	3.235	-0.261	126.975540	37.295662
1685512335517	1685512335506	-8.823	-1.999	-1.202	0.060	-0.254	-0.296	-0.285	3.280	-0.340	126.975540	37.295662
1685512335527	1685512335517	-9.495	-2.119	-1.171	-0.031	-0.111	-0.114	-0.172	3.359	-0.555	126.975540	37.295662
1685512335538	1685512335527	-10.190	-2.205	-1.180	-0.117	0.056	0.083	-0.551	3.242	-0.716	126.975540	37.295662
1685512335547	1685512335538	-10.609	-2.320	-1.264	-0.202	0.211	0.323	-1.188	3.065	-0.682	126.975540	37.295662
1685512335559	1685512335548	-10.599	-2.500	-1.164	-0.274	0.310	0.641	-1.836	2.902	-0.670	126.975540	37.295662
1685512335565	1685512335559	-10.185	-2.667	-1.006	-0.331	0.382	1.019	-2.203	2.693	-0.711	126.975540	37.295662
1685512335575	1685512335565	-9.203	-2.732	-0.922	-0.390	0.439	1.392	-2.138	2.416	-0.567	126.975540	37.295662
1685512335584	1685512335575	-8.258	-3.110	-0.838	-0.432	0.474	1.726	-1.666	2.143	-0.350	126.975540	37.295662
1685512335594	1685512335584	-7.815	-3.223	-0.678	-0.439	0.509	1.993	-0.634	1.980	-0.223	126.975540	37.295662
1685512335606	1685512335594	-8.210	-3.292	-0.649	-0.434	0.639	2.145	0.393	1.434	-0.072	126.975540	37.295662
1685512335620	1685512335606	-9.301	-3.299	-0.472	-0.408	0.859	2.187	0.912	1.164	0.144	126.975540	37.295662
1685512335623	1685512335620	-10.635	-3.414	-0.235	-0.332	1.112	2.187	0.613	0.883	0.256	126.975540	37.295662
1685512335633	1685512335623	-11.942	-3.780	0.017	-0.214	1.344	2.220	-0.405	0.697	0.517	126.975540	37.295662
1685512335643	1685512335633	-12.783	-3.907	0.285	-0.067	1.497	2.315	-1.645	0.323	0.900	126.975540	37.295662
1685512335653	1685512335643	-13.147	-3.891	0.364	0.095	1.549	2.484	-2.907	-0.182	1.240	126.975540	37.295662
1685512335663	1685512335653	-13.024	-4.027	0.412	0.269	1.531	2.732	-3.680	-0.541	1.662	126.975540	37.295662
1685512335675	1685512335663	-12.548	-4.046	0.390	0.440	1.478	3.002	-3.984	-0.749	1.879	126.975540	37.295662
1685512335683	1685512335675	-11.995	-3.962	0.278	0.560	1.409	3.200	-3.804	-1.132	2.059	126.975540	37.295662
1685512335693	1685512335683	-11.202	-3.778	0.237	0.601	1.327	3.304	-3.270	-1.422	2.162	126.975540	37.295662
1685512335703	1685512335693	-10.578	-3.594	0.294	0.556	1.250	3.335	-2.658	-1.654	2.179	126.975540	37.295662
1685512335715	1685512335703	-9.878	-3.414	0.345	0.439	1.163	3.318	-1.824	-1.738	2.239	126.975540	37.295662
1685512335724	1685512335715	-9.153	-3.232	0.390	0.261	1.080	3.250	-1.161	-1.856	2.401	126.975540	37.295662
1685512335736	1685512335724	-8.689	-3.151	0.560	0.034	1.010	3.120	-0.436	-1.980	2.555	126.975540	37.295662
1685512335744	1685512335737	-8.310	-3.067	0.783	-0.230	0.980	2.942	0.306	-2.128	2.710	126.975540	37.295662
1685512335756	1685512335745	-8.152	-3.345	0.977	-0.507	0.982	2.739	0.778	-2.313	2.966	126.975540	37.295662
1685512335766	1685512335757	-8.207	-3.725	1.214	-0.761	1.002	2.539	1.152	-2.543	3.292	126.975540	37.295662
1685512335776	1685512335766	-8.396	-4.092	1.520	-0.954	1.049	2.360	1.295	-3.065	3.572	126.975540	37.295662
1685512335787	1685512335776	-8.497	-4.298	1.642	-1.070	1.090	2.217	1.219	-3.706	3.905	126.975540	37.295662
1685512335798	1685512335787	-8.466	-4.324	1.748	-1.096	1.097	2.118	0.998	-4.319	4.310	126.975540	37.295662
1685512335810	1685512335799	-8.440	-4.283	1.676	-1.031	1.067	2.066	0.860	-4.764	4.530	126.975540	37.295662
1685512335827	1685512335810	-8.408	-4.238	1.772	-0.919	1.003	2.037	0.845	-5.021	4.731	126.975540	37.295662
1685512335828	1685512335828	-8.428	-4.202	1.595	-0.811	0.936	1.991	0.819	-5.227	4.760	126.975540	37.295662
1685512335836	1685512335828	-8.554	-4.142	1.539	-0.729	0.864	1.925	0.819	-5.329	4.896	126.975540	37.295662
1685512335846	1685512335836	-8.641	-4.053	1.551	-0.678	0.825	1.855	0.759	-5.476	4.767	126.975540	37.295662
1685512335857	1685512335848	-8.921	-4.065	1.551	-0.665	0.768	1.795	0.606	-5.545	4.736	126.975540	37.295662
1685512335865	1685512335857	-9.129	-4.099	1.616	-0.688	0.699	1.740	0.486	-5.595	4.776	126.975540	37.295662
1685512335876	1685512335865	-9.419	-4.037	1.520	-0.746	0.645	1.682	0.177	-5.739	4.798	126.975540	37.295662
1685512335886	1685512335876	-9.469	-4.135	1.599	-0.838	0.590	1.626	-0.065	-5.918	4.884	126.975540	37.295662
1685512335897	1685512335887	-9.426	-4.159	1.609	-0.959	0.520	1.576	-0.381	-5.969	4.796	126.975540	37.295662
1685512335906	1685512335897	-9.316	-4.329	1.463	-1.097	0.446	1.526	-0.464	-6.201	4.882	126.975540	37.295662
1685512335918	1685512335906	-9.163	-4.465	1.439	-1.223	0.375	1.471	-0.455	-6.361	4.894	126.975540	37.295662
1685512335926	1685512335918	-9.335	-4.559	1.456	-1.326	0.327	1.416	-0.378	-6.675	4.743	126.975540	37.295662
1685512335936	1685512335926	-9.601	-4.695	1.451	-1.422	0.302	1.343	-0.261	-6.955	4.705	126.975540	37.295662
1685512335946	1685512335937	-10.077	-4.939	1.405	-1.513	0.292	1.258	-0.476	-7.226	4.700	126.975540	37.295662
1685512335957	1685512335946	-10.417	-5.179	1.508	-1.563	0.321	1.180	-0.769	-7.475	4.673	126.975540	37.295662
1685512335967	1685512335957	-10.654	-5.440	1.618	-1.567	0.332	1.118	-1.281	-7.863	4.602	126.975540	37.295662
1685512335978	1685512335967	-10.652	-5.590	1.721	-1.514	0.313	1.073	-1.666	-8.253	4.683	126.975540	37.295662
1685512335986	1685512335978	-10.427	-5.760	1.733	-1.400	0.285	1.040	-1.949	-8.660	4.774	126.975540	37.295662
1685512335997	1685512335987	-10.321	-5.861	1.729	-1.239	0.261	1.014	-1.992	-8.952	4.855	126.975540	37.295662
1685512336010	1685512335997	-10.092	-5.775	1.662	-1.056	0.227	0.980	-1.815	-9.268	4.841	126.975540	37.295662
1685512336027	1685512336010	-10.044	-5.756	1.444	-0.886	0.199	0.919	-1.750	-9.483	4.817	126.975540	37.295662
1685512336028	1685512336028	-10.487	-5.698	1.231	-0.745	0.183	0.827	-1.563	-9.512	4.731	126.975540	37.295662
1685512336038	1685512336028	-11.248	-5.947	1.444	-0.651	0.188	0.706	-1.556	-9.598	4.496	126.975540	37.295662
1685512336046	1685512336038	-11.937	-6.201	1.676	-0.599	0.235	0.561	-2.040	-9.644	4.266	126.975540	37.295662
1685512336057	1685512336046	-12.182	-6.256	1.824	-0.545	0.301	0.415	-2.832	-9.965	4.472	126.975540	37.295662
1685512336066	1685512336057	-11.902	-6.428	2.085	-0.469	0.301	0.310	-3.555	-10.290	4.700	126.975540	37.295662
1685512336076	1685512336066	-11.114	-6.541	2.255	-0.356	0.216	0.259	-3.824	-10.391	4.851	126.975540	37.295662
1685512336085	1685512336077	-10.192	-6.697	2.200	-0.192	0.095	0.220	-3.565	-10.604	5.116	126.975540	37.295662
1685512336097	1685512336086	-9.653	-6.594	2.198	0.017	-0.015	0.133	-2.794	-10.748	5.289	126.975540	37.295662
1685512336105	1685512336097	-9.957	-6.467	2.035	0.257	-0.068	-0.012	-1.884	-10.927	5.234	126.975540	37.295662
1685512336116	1685512336105	-11.013	-6.426	2.014	0.472	-0.064	-0.217	-1.350	-10.836	5.231	126.975540	37.295662
1685512336124	1685512336116	-12.251	-6.369	1.927	0.667	-0.011	-0.470	-1.652	-10.700	5.073	126.975540	37.295662
1685512336134	1685512336125	-13.384	-6.570	1.743	0.855	0.023	-0.733	-2.698	-10.630	5.066	126.975540	37.295662
1685512336145	1685512336134	-14.114	-6.495	1.472	1.018	-0.031	-0.953	-3.915	-10.506	5.009	126.975540	37.295662
1685512336155	1685512336145	-14.313	-6.294	1.087	1.156	-0.165	-1.108	-5.021	-10.628	4.858	126.975540	37.295662
1685512336164	1685512336156	-14.145	-6.110	0.809	1.271	-0.341	-1.211	-5.708	-10.432	4.630	126.975540	37.295662
1685512336174	1685512336164	-13.783	-5.883	0.450	1.362	-0.535	-1.286	-5.863	-10.113	4.271	126.975540	37.295662
1685512336184	1685512336175	-13.475	-5.564	0.218	1.394	-0.723	-1.387	-5.629	-9.756	4.015	126.975540	37.295662
1685512336194	1685512336184	-13.147	-5.370	0.108	1.350	-0.881	-1.543	-5.217	-9.407	3.658	126.975540	37.295662
1685512336204	1685512336194	-12.708	-5.071	-0.065	1.263	-0.974	-1.743	-4.829	-8.906	3.412	126.975540	37.295662
1685512336217	1685512336204	-12.234	-4.810	-0.230	1.158	-1.031	-1.954	-4.432	-8.554	3.270	126.975540	37.295662
1685512336223	1685512336217	-11.665	-4.506	-0.283	1.037	-1.070	-2.162	-3.900	-8.042	3.048	126.975540	37.295662
1685512336234	1685512336224	-11.076	-4.247	-0.285	0.905	-1.111	-2.373	-3.338	-7.573	2.825	126.975540	37.295662
1685512336243	1685512336234	-10.534	-4.068	-0.211	0.761	-1.131	-2.596	-2.660	-6.998	2.689	126.975540	37.295662
1685512336254	1685512336244	-10.195	-4.044	-0.175	0.612	-1.124	-2.828	-1.999	-6.548	2.624	126.975555	37.295658
1685512336264	1685512336254	-10.082	-3.958	-0.196	0.478	-1.085	-3.057	-1.369	-6.108	2.612	126.975555	37.295658
1685512336275	1685512336264	-10.001	-4.005	-0.297	0.371	-1.034	-3.274	-0.946	-5.808	2.555	126.975555	37.295658
1685512336284	1685512336275	-10.056	-3.958	-0.328	0.303	-0.975	-3.468	-0.754	-5.425	2.442	126.975555	37.295658
1685512336294	1685512336284	-10.008	-3.929	-0.397	0.283	-0.913	-3.626	-0.603	-5.155	2.248	126.975555	37.295658
1685512336304	1685512336294	-10.041	-4.027	-0.441	0.314	-0.860	-3.738	-0.594	-4.741	2.119	126.975555	37.295658
1685512336316	1685512336305	-9.993	-3.986	-0.304	0.400	-0.823	-3.813	-0.505	-4.396	1.973	126.975555	37.295658
1685512336325	1685512336316	-9.912	-3.943	-0.338	0.547	-0.790	-3.846	-0.510	-4.130	1.851	126.975555	37.295658
1685512336336	1685512336325	-9.759	-3.910	-0.304	0.744	-0.745	-3.841	-0.445	-3.716	1.908	126.975555	37.295658
1685512336345	1685512336337	-9.761	-3.697	-0.409	0.976	-0.688	-3.802	-0.366	-3.256	1.788	126.975555	37.295658
1685512336356	1685512336345	-9.637	-3.407	-0.546	1.222	-0.633	-3.736	-0.227	-2.880	1.753	126.975555	37.295658
1685512336366	1685512336356	-9.629	-3.261	-0.522	1.450	-0.605	-3.644	-0.268	-2.246	1.561	126.975555	37.295658
1685512336376	1685512336366	-9.646	-2.998	-0.615	1.633	-0.590	-3.530	-0.187	-1.616	1.353	126.975555	37.295658
1685512336387	1685512336376	-9.720	-2.820	-0.690	1.754	-0.575	-3.400	-0.239	-1.101	1.290	126.975555	37.295658
1685512336399	1685512336388	-9.629	-2.670	-0.709	1.811	-0.573	-3.262	-0.328	-0.479	1.104	126.975555	37.295658
1685512336411	1685512336399	-9.737	-2.543	-0.565	1.812	-0.573	-3.111	-0.484	0.041	0.929	126.975555	37.295658
1685512336427	1685512336411	-9.756	-2.404	-0.632	1.772	-0.575	-2.947	-0.484	0.522	0.802	126.975555	37.295658
1685512336428	1685512336428	-9.718	-2.186	-0.776	1.695	-0.595	-2.776	-0.697	0.989	0.821	126.975555	37.295658
1685512336436	1685512336428	-9.692	-1.992	-0.845	1.583	-0.622	-2.600	-0.804	1.384	0.649	126.975555	37.295658
1685512336446	1685512336436	-9.783	-1.966	-0.876	1.437	-0.648	-2.429	-0.876	1.891	0.369	126.975555	37.295658
1685512336457	1685512336446	-9.926	-1.927	-0.792	1.255	-0.667	-2.268	-0.934	2.294	0.184	126.975555	37.295658
1685512336466	1685512336457	-9.799	-1.990	-0.685	1.042	-0.670	-2.107	-1.116	2.526	0.031	126.975555	37.295658
1685512336476	1685512336466	-9.737	-1.927	-0.769	0.820	-0.679	-1.925	-1.346	2.746	0.000	126.975555	37.295658
1685512336487	1685512336477	-9.661	-1.915	-0.826	0.619	-0.667	-1.714	-1.310	2.868	-0.010	126.975555	37.295658
1685512336497	1685512336487	-9.538	-1.944	-0.898	0.448	-0.624	-1.486	-1.314	3.055	-0.182	126.975555	37.295658
1685512336507	1685512336497	-9.325	-1.913	-0.891	0.302	-0.591	-1.253	-1.302	3.187	-0.323	126.975555	37.295658
1685512336519	1685512336507	-9.084	-1.961	-0.939	0.166	-0.555	-1.019	-1.235	3.251	-0.467	126.975555	37.295658
1685512336527	1685512336519	-8.789	-2.054	-1.056	0.046	-0.520	-0.782	-1.065	3.354	-0.520	126.975555	37.295658
1685512336538	1685512336528	-8.789	-2.066	-1.135	-0.054	-0.473	-0.546	-0.850	3.349	-0.615	126.975555	37.295658
1685512336548	1685512336539	-9.261	-2.083	-1.147	-0.140	-0.389	-0.324	-0.572	3.287	-0.781	126.975555	37.295658
1685512336557	1685512336548	-10.022	-2.188	-1.085	-0.216	-0.241	-0.116	-0.558	3.254	-0.876	126.975555	37.295658
1685512336568	1685512336557	-10.783	-2.330	-1.180	-0.279	-0.056	0.109	-1.006	3.201	-0.895	126.975555	37.295658
1685512336578	1685512336569	-11.274	-2.464	-1.326	-0.324	0.097	0.374	-1.733	3.038	-0.826	126.975555	37.295658
1685512336588	1685512336578	-11.360	-2.602	-1.362	-0.370	0.204	0.688	-2.454	2.830	-0.898	126.975555	37.295658
1685512336599	1685512336589	-10.843	-2.646	-1.207	-0.437	0.272	1.040	-2.899	2.624	-1.008	126.975555	37.295658
1685512336612	1685512336599	-9.754	-2.703	-1.178	-0.527	0.296	1.404	-2.950	2.421	-1.006	126.975555	37.295658
1685512336640	1685512336612	-8.770	-2.993	-1.113	-0.616	0.274	1.745	-2.387	2.296	-0.809	126.975555	37.295658
1685512336640	1685512336640	-8.416	-3.203	-0.898	-0.684	0.296	2.000	-1.228	2.116	-0.730	126.975555	37.295658
1685512336640	1685512336640	-8.772	-3.282	-0.510	-0.739	0.447	2.126	-0.163	1.676	-0.613	126.975555	37.295658
1685512336646	1685512336640	-9.833	-3.309	-0.273	-0.760	0.687	2.138	0.287	1.269	-0.335	126.975555	37.295658
1685512336657	1685512336646	-11.076	-3.625	0.108	-0.705	0.959	2.117	0.012	1.020	0.115	126.975555	37.295658
1685512336665	1685512336657	-12.005	-3.936	0.244	-0.579	1.223	2.139	-0.953	0.781	0.455	126.975555	37.295658
1685512336675	1685512336666	-12.404	-3.876	0.390	-0.414	1.388	2.221	-2.126	0.290	0.939	126.975555	37.295658
1685512336685	1685512336675	-12.347	-3.926	0.316	-0.220	1.426	2.371	-2.986	-0.218	1.207	126.975555	37.295658
1685512336697	1685512336686	-12.167	-3.919	0.247	-0.001	1.406	2.586	-3.318	-0.364	1.494	126.975555	37.295658
1685512336706	1685512336698	-11.562	-3.790	0.141	0.193	1.365	2.788	-3.196	-0.632	1.556	126.975555	37.295658
1685512336718	1685512336707	-10.963	-3.646	0.120	0.314	1.301	2.909	-2.954	-0.862	1.616	126.975555	37.295658
1685512336725	1685512336718	-10.420	-3.596	0.235	0.357	1.234	2.959	-2.274	-1.039	1.657	126.975555	37.295658
1685512336736	1685512336727	-9.893	-3.445	0.338	0.330	1.180	2.970	-1.630	-1.109	1.724	126.975555	37.295658
1685512336745	1685512336736	-9.357	-3.242	0.579	0.244	1.139	2.948	-1.032	-1.358	1.956	126.975555	37.295658
1685512336756	1685512336746	-8.880	-3.096	0.721	0.116	1.102	2.883	-0.467	-1.453	2.155	126.975555	37.295658
1685512336765	1685512336756	-8.528	-3.002	0.790	-0.054	1.081	2.781	0.103	-1.549	2.509	126.975555	37.295658
1685512336775	1685512336765	-8.253	-3.055	0.955	-0.261	1.064	2.661	0.601	-1.647	2.744	126.975555	37.295658
1685512336787	1685512336775	-7.994	-3.285	1.080	-0.497	1.053	2.541	0.970	-1.872	2.935	126.975555	37.295658
1685512336797	1685512336787	-7.920	-3.510	1.307	-0.734	1.046	2.434	1.247	-2.133	3.184	126.975555	37.295658
1685512336806	1685512336797	-8.047	-3.759	1.528	-0.929	1.030	2.346	1.501	-2.641	3.424	126.975555	37.295658
1685512336826	1685512336810	-8.143	-3.907	1.618	-1.047	1.035	2.283	1.563	-3.115	3.754	126.975555	37.295658
1685512336827	1685512336827	-8.339	-3.893	1.645	-1.087	1.034	2.238	1.417	-3.608	4.075	126.975555	37.295658
1685512336836	1685512336827	-8.511	-3.965	1.561	-1.073	1.016	2.199	1.298	-3.977	4.254	126.975555	37.295658
1685512336846	1685512336836	-8.751	-3.824	1.422	-1.045	0.975	2.158	1.061	-4.274	4.403	126.975555	37.295658
1685512336857	1685512336847	-8.969	-3.821	1.353	-1.029	0.920	2.105	0.876	-4.470	4.338	126.975555	37.295658
1685512336866	1685512336857	-9.112	-3.895	1.353	-1.041	0.848	2.049	0.615	-4.496	4.233	126.975555	37.295658
1685512336878	1685512336866	-9.428	-4.034	1.259	-1.085	0.754	1.993	0.376	-4.657	4.192	126.975555	37.295658
1685512336887	1685512336878	-9.656	-4.073	1.238	-1.162	0.661	1.930	0.211	-4.891	4.214	126.975555	37.295658
1685512336897	1685512336887	-9.960	-4.120	1.310	-1.256	0.580	1.873	-0.127	-5.188	4.135	126.975555	37.295658
1685512336907	1685512336898	-10.053	-4.223	1.386	-1.349	0.507	1.835	-0.383	-5.411	4.130	126.975555	37.295658
1685512336918	1685512336908	-10.276	-4.389	1.460	-1.431	0.453	1.809	-0.711	-5.605	4.204	126.975555	37.295658
1685512336927	1685512336918	-10.269	-4.475	1.367	-1.505	0.407	1.786	-0.836	-5.885	4.283	126.975555	37.295658
1685512336941	1685512336928	-10.202	-4.650	1.346	-1.572	0.367	1.750	-1.094	-6.237	4.360	126.975555	37.295658
1685512336950	1685512336941	-10.127	-4.757	1.398	-1.620	0.332	1.704	-1.135	-6.543	4.271	126.975555	37.295658
1685512336959	1685512336950	-10.027	-4.884	1.441	-1.651	0.308	1.654	-1.111	-6.902	4.247	126.975555	37.295658
1685512336970	1685512336960	-10.132	-5.073	1.516	-1.659	0.294	1.585	-1.092	-7.230	4.293	126.975555	37.295658
1685512336980	1685512336970	-10.357	-5.188	1.729	-1.644	0.308	1.498	-1.039	-7.535	4.322	126.975555	37.295658
1685512336990	1685512336980	-10.628	-5.442	1.724	-1.596	0.332	1.396	-1.195	-7.915	4.377	126.975555	37.295658
1685512337001	1685512336990	-10.834	-5.454	1.741	-1.499	0.352	1.291	-1.472	-8.210	4.568	126.975555	37.295658
1685512337019	1685512337001	-10.690	-5.492	1.695	-1.372	0.347	1.197	-1.796	-8.633	4.544	126.975555	37.295658
1685512337021	1685512337020	-10.403	-5.471	1.745	-1.232	0.290	1.118	-2.054	-8.801	4.544	126.975555	37.295658
1685512337039	1685512337021	-10.147	-5.464	1.707	-1.098	0.209	1.047	-1.966	-8.997	4.480	126.975555	37.295658
1685512337040	1685512337039	-9.831	-5.404	1.621	-0.983	0.136	0.963	-1.721	-9.093	4.513	126.975555	37.295658
1685512337047	1685512337040	-9.756	-5.291	1.465	-0.897	0.083	0.855	-1.516	-9.220	4.451	126.975555	37.295658
1685512337059	1685512337048	-10.022	-5.260	1.262	-0.847	0.060	0.726	-1.235	-9.258	4.341	126.975555	37.295658
1685512337070	1685512337060	-10.824	-5.356	1.281	-0.842	0.073	0.579	-1.197	-9.244	4.156	126.975555	37.295658
1685512337080	1685512337070	-11.777	-5.677	1.429	-0.882	0.114	0.415	-1.494	-9.297	3.924	126.975555	37.295658
1685512337088	1685512337081	-12.404	-5.854	1.367	-0.927	0.180	0.246	-2.322	-9.471	3.912	126.975555	37.295658
1685512337098	1685512337088	-12.443	-6.088	1.463	-0.943	0.189	0.119	-3.294	-9.845	4.037	126.975555	37.295658
1685512337112	1685512337100	-11.985	-6.251	1.767	-0.908	0.114	0.072	-3.936	-10.068	3.950	126.975555	37.295658
1685512337118	1685512337113	-11.023	-6.309	1.994	-0.803	0.009	0.084	-3.986	-10.336	4.022	126.975555	37.295658
1685512337126	1685512337118	-9.905	-6.196	1.827	-0.618	-0.092	0.087	-3.534	-10.527	4.298	126.975555	37.295658
1685512337135	1685512337126	-9.153	-6.139	1.642	-0.384	-0.210	0.038	-2.576	-10.613	4.492	126.975555	37.295658
1685512337145	1685512337136	-9.268	-5.945	1.604	-0.180	-0.302	-0.088	-1.458	-10.527	4.283	126.975555	37.295658
1685512337155	1685512337145	-10.156	-5.854	1.712	-0.053	-0.294	-0.298	-0.704	-10.479	4.073	126.975555	37.295658
1685512337165	1685512337155	-11.468	-5.871	1.726	0.054	-0.208	-0.577	-0.807	-10.283	4.001	126.975555	37.295658
1685512337176	1685512337165	-12.732	-5.832	1.528	0.169	-0.114	-0.888	-1.676	-10.168	4.080	126.975555	37.295658
1685512337185	1685512337176	-13.546	-5.875	1.152	0.259	-0.103	-1.172	-2.959	-10.135	4.080	126.975555	37.295658
1685512337195	1685512337185	-13.748	-5.880	0.804	0.318	-0.192	-1.382	-4.183	-10.015	3.879	126.975555	37.295658
1685512337205	1685512337195	-13.695	-5.648	0.476	0.373	-0.337	-1.508	-4.942	-9.943	3.505	126.975555	37.295658
1685512337220	1685512337205	-13.345	-5.569	0.213	0.435	-0.508	-1.570	-5.090	-9.833	3.153	126.975555	37.295658
1685512337227	1685512337221	-12.883	-5.657	0.098	0.486	-0.678	-1.632	-4.970	-9.459	2.811	126.975555	37.295658
1685512337240	1685512337227	-12.495	-5.483	0.026	0.541	-0.777	-1.735	-4.549	-9.234	2.519	126.975555	37.295650
1685512337245	1685512337240	-12.024	-5.136	0.005	0.589	-0.822	-1.864	-4.005	-9.151	2.356	126.975555	37.295650
1685512337256	1685512337245	-11.468	-4.858	-0.002	0.649	-0.833	-1.990	-3.548	-8.827	2.239	126.975555	37.295650
1685512337266	1685512337256	-10.776	-4.535	-0.093	0.723	-0.822	-2.117	-2.990	-8.282	2.157	126.975555	37.295650
1685512337276	1685512337266	-10.204	-4.278	-0.065	0.776	-0.799	-2.261	-2.365	-7.829	2.100	126.975555	37.295650
1685512337286	1685512337276	-9.689	-4.178	0.002	0.789	-0.775	-2.428	-1.595	-7.295	1.954	126.975555	37.295650
1685512337297	1685512337286	-9.383	-4.099	-0.017	0.772	-0.726	-2.608	-0.946	-6.816	1.930	126.975555	37.295650
1685512337307	1685512337298	-9.222	-4.077	-0.084	0.745	-0.683	-2.794	-0.357	-6.474	1.944	126.975555	37.295650
1685512337318	1685512337308	-9.230	-4.065	-0.093	0.731	-0.626	-2.974	0.017	-6.136	1.875	126.975555	37.295650
1685512337327	1685512337319	-9.285	-3.996	-0.168	0.743	-0.563	-3.142	0.249	-5.808	1.750	126.975555	37.295650
1685512337338	1685512337328	-9.304	-3.936	-0.165	0.783	-0.512	-3.285	0.294	-5.531	1.700	126.975555	37.295650
1685512337348	1685512337338	-9.431	-3.776	-0.254	0.855	-0.476	-3.395	0.297	-5.116	1.575	126.975555	37.295650
1685512337358	1685512337348	-9.455	-3.531	-0.259	0.952	-0.462	-3.476	0.314	-4.760	1.542	126.975555	37.295650
1685512337368	1685512337358	-9.380	-3.452	-0.321	1.063	-0.468	-3.528	0.215	-4.257	1.413	126.975555	37.295650
1685512337378	1685512337368	-9.278	-3.383	-0.323	1.174	-0.481	-3.553	0.211	-3.663	1.365	126.975555	37.295650
1685512337389	1685512337378	-9.203	-3.160	-0.397	1.268	-0.491	-3.550	0.290	-3.153	1.247	126.975555	37.295650
1685512337399	1685512337390	-9.230	-3.065	-0.476	1.345	-0.489	-3.523	0.388	-2.794	1.204	126.975555	37.295650
1685512337414	1685512337399	-9.129	-2.940	-0.436	1.400	-0.480	-3.477	0.438	-2.174	1.065	126.975555	37.295650
1685512337433	1685512337414	-9.194	-2.749	-0.474	1.428	-0.473	-3.407	0.381	-1.748	0.929	126.975555	37.295650
1685512337434	1685512337434	-9.184	-2.667	-0.512	1.423	-0.458	-3.317	0.431	-1.221	0.886	126.975555	37.295650
1685512337438	1685512337434	-9.299	-2.583	-0.448	1.385	-0.448	-3.209	0.311	-0.699	0.769	126.975555	37.295650
1685512337448	1685512337439	-9.517	-2.461	-0.395	1.318	-0.435	-3.086	0.227	-0.168	0.613	126.975555	37.295650
1685512337458	1685512337448	-9.651	-2.382	-0.508	1.232	-0.417	-2.944	0.055	0.151	0.603	126.975555	37.295650
1685512337470	1685512337459	-9.716	-2.394	-0.508	1.136	-0.395	-2.781	-0.254	0.606	0.551	126.975555	37.295650
1685512337479	1685512337470	-9.641	-2.188	-0.493	1.035	-0.395	-2.590	-0.464	0.931	0.354	126.975555	37.295650
1685512337488	1685512337479	-9.541	-2.097	-0.512	0.915	-0.428	-2.377	-0.622	1.190	0.259	126.975555	37.295650
1685512337498	1685512337488	-9.479	-2.131	-0.560	0.776	-0.443	-2.160	-0.620	1.587	0.196	126.975555	37.295650
1685512337507	1685512337499	-9.340	-2.054	-0.493	0.632	-0.428	-1.945	-0.611	1.903	0.084	126.975555	37.295650
1685512337519	1685512337509	-9.203	-2.217	-0.417	0.496	-0.418	-1.726	-0.596	1.982	-0.022	126.975555	37.295650
1685512337528	1685512337519	-9.242	-2.270	-0.318	0.373	-0.398	-1.494	-0.520	2.200	-0.026	126.975555	37.295650
1685512337540	1685512337529	-9.395	-2.318	-0.323	0.277	-0.340	-1.262	-0.421	2.124	0.000	126.975555	37.295650
1685512337550	1685512337541	-9.366	-2.356	-0.369	0.210	-0.250	-1.043	-0.508	2.172	0.036	126.975555	37.295650
1685512337561	1685512337550	-9.165	-2.274	-0.381	0.167	-0.178	-0.823	-0.675	2.150	0.002	126.975555	37.295650
1685512337571	1685512337562	-8.947	-2.306	-0.419	0.140	-0.139	-0.591	-0.670	2.162	-0.074	126.975555	37.295650
1685512337582	1685512337572	-9.005	-2.286	-0.460	0.117	-0.098	-0.363	-0.464	2.239	-0.101	126.975555	37.295650
1685512337588	1685512337583	-9.627	-2.399	-0.553	0.092	-0.013	-0.154	-0.242	2.198	-0.156	126.975555	37.295650
1685512337601	1685512337588	-10.379	-2.447	-0.508	0.061	0.132	0.039	-0.280	2.179	-0.204	126.975555	37.295650
1685512337614	1685512337602	-11.047	-2.425	-0.555	0.015	0.310	0.239	-0.871	2.004	-0.294	126.975555	37.295650
1685512337628	1685512337615	-11.459	-2.607	-0.500	-0.039	0.450	0.491	-1.587	1.882	-0.235	126.975555	37.295650
1685512337632	1685512337628	-11.370	-2.868	-0.381	-0.076	0.540	0.810	-2.217	1.824	-0.247	126.975555	37.295650
1685512337637	1685512337632	-10.712	-3.005	-0.055	-0.093	0.602	1.158	-2.595	1.566	-0.153	126.975555	37.295650
1685512337647	1685512337639	-9.665	-3.136	0.211	-0.104	0.626	1.491	-2.471	1.223	0.022	126.975555	37.295650
1685512337658	1685512337648	-9.036	-3.455	0.318	-0.084	0.619	1.785	-1.772	0.994	0.397	126.975555	37.295650
1685512337667	1685512337659	-9.120	-3.677	0.577	-0.015	0.671	1.995	-0.670	0.728	0.723	126.975555	37.295650
1685512337676	1685512337668	-10.060	-3.543	0.692	0.083	0.844	2.067	0.022	0.249	0.891	126.975555	37.295650
1685512337686	1685512337677	-11.435	-3.424	0.622	0.203	1.101	2.027	0.012	-0.172	1.219	126.975555	37.295650
1685512337697	1685512337686	-12.696	-3.237	0.634	0.347	1.324	1.984	-0.869	-0.208	1.401	126.975555	37.295650
1685512337707	1685512337698	-13.388	-3.266	0.630	0.469	1.442	2.009	-2.186	-0.273	1.425	126.975555	37.295650
1685512337720	1685512337707	-13.601	-3.417	0.658	0.538	1.416	2.093	-3.397	-0.268	1.549	126.975555	37.295650
1685512337727	1685512337720	-13.283	-3.455	0.644	0.560	1.272	2.226	-4.046	-0.479	1.666	126.975555	37.295650
1685512337737	1685512337727	-12.790	-3.381	0.666	0.542	1.093	2.385	-4.219	-0.821	1.812	126.975555	37.295650
1685512337746	1685512337738	-12.182	-3.225	0.591	0.480	0.920	2.527	-3.852	-1.101	1.925	126.975555	37.295650
1685512337756	1685512337747	-11.382	-2.983	0.539	0.358	0.759	2.618	-3.328	-1.202	2.018	126.975555	37.295650
1685512337767	1685512337756	-10.503	-3.062	0.567	0.159	0.606	2.658	-2.682	-1.279	2.023	126.975555	37.295650
1685512337777	1685512337767	-9.606	-3.184	0.661	-0.108	0.479	2.654	-1.844	-1.281	2.035	126.975555	37.295650
1685512337788	1685512337778	-8.729	-3.151	0.826	-0.411	0.390	2.608	-0.931	-1.611	2.119	126.975555	37.295650
1685512337800	1685512337788	-7.922	-3.021	0.788	-0.718	0.330	2.527	-0.007	-1.990	2.260	126.975555	37.295650
1685512337808	1685512337800	-7.343	-3.117	0.852	-1.015	0.287	2.420	0.891	-2.241	2.471	126.975555	37.295650
1685512337828	1685512337808	-6.934	-3.373	0.900	-1.274	0.276	2.301	1.712	-2.339	2.466	126.975555	37.295650
1685512337828	1685512337828	-6.859	-3.536	0.970	-1.478	0.312	2.173	2.298	-2.686	2.564	126.975555	37.295650
1685512337839	1685512337828	-6.859	-3.749	1.030	-1.614	0.364	2.046	2.710	-3.187	2.643	126.975555	37.295650
1685512337848	1685512337839	-6.938	-3.958	1.039	-1.673	0.402	1.933	2.780	-3.608	2.746	126.975555	37.295650
1685512337859	1685512337848	-7.010	-3.929	1.087	-1.658	0.403	1.847	2.772	-4.025	2.835	126.975555	37.295650
1685512337867	1685512337859	-7.216	-3.982	1.032	-1.582	0.390	1.794	2.677	-4.472	2.880	126.975555	37.295650
1685512337878	1685512337867	-7.250	-3.974	1.056	-1.467	0.360	1.765	2.588	-4.630	2.954	126.975555	37.295650
1685512337888	1685512337879	-7.444	-3.922	0.924	-1.334	0.325	1.741	2.361	-4.887	2.923	126.975555	37.295650
1685512337900	1685512337888	-7.580	-3.879	0.910	-1.221	0.292	1.714	2.301	-5.076	2.966	126.975555	37.295650
1685512337909	1685512337900	-7.875	-4.005	0.773	-1.139	0.255	1.690	2.081	-5.215	2.851	126.975555	37.295650
1685512337920	1685512337909	-8.231	-3.900	0.824	-1.091	0.242	1.673	1.915	-5.358	2.847	126.975555	37.295650
1685512337929	1685512337921	-8.650	-3.938	0.721	-1.068	0.238	1.659	1.585	-5.686	2.717	126.975555	37.295650
1685512337941	1685512337930	-9.002	-3.922	0.637	-1.079	0.225	1.643	1.197	-5.741	2.772	126.975555	37.295650
1685512337950	1685512337942	-9.225	-3.893	0.611	-1.129	0.205	1.631	0.737	-5.974	2.670	126.975555	37.295650
1685512337962	1685512337954	-9.297	-4.089	0.634	-1.214	0.172	1.626	0.359	-6.091	2.574	126.975555	37.295650
1685512337969	1685512337963	-9.131	-4.085	0.577	-1.327	0.117	1.625	0.108	-6.199	2.528	126.975555	37.295650
1685512337982	1685512337970	-8.957	-4.302	0.548	-1.444	0.055	1.625	-0.005	-6.570	2.538	126.975555	37.295650
1685512337991	1685512337982	-9.112	-4.307	0.373	-1.554	0.026	1.616	0.110	-6.759	2.454	126.975555	37.295650
1685512338002	1685512337991	-9.476	-4.511	0.354	-1.653	0.044	1.578	0.244	-7.135	2.394	126.975555	37.295650
1685512338010	1685512338003	-9.948	-4.717	0.390	-1.734	0.090	1.508	0.069	-7.240	2.152	126.975555	37.295650
1685512338024	1685512338011	-10.441	-4.930	0.376	-1.795	0.151	1.425	-0.314	-7.549	2.066	126.975555	37.295650
1685512338040	1685512338025	-10.791	-5.109	0.467	-1.824	0.197	1.351	-0.809	-7.863	2.040	126.975555	37.295650
1685512338041	1685512338040	-10.750	-5.428	0.663	-1.809	0.206	1.305	-1.334	-8.191	1.970	126.975555	37.295650
1685512338048	1685512338041	-10.666	-5.576	0.759	-1.746	0.197	1.293	-1.731	-8.531	2.004	126.975555	37.295650
1685512338060	1685512338048	-10.518	-5.784	0.840	-1.619	0.186	1.300	-1.729	-8.964	2.164	126.975555	37.295650
1685512338072	1685512338063	-10.317	-6.007	0.905	-1.434	0.188	1.301	-1.695	-9.254	2.215	126.975555	37.295650
1685512338081	1685512338072	-10.467	-6.057	0.860	-1.206	0.211	1.282	-1.599	-9.603	2.253	126.975555	37.295650
1685512338090	1685512338081	-11.174	-6.112	0.761	-0.957	0.272	1.227	-1.451	-9.960	2.279	126.975555	37.295650
1685512338099	1685512338090	-12.268	-6.182	0.871	-0.722	0.362	1.140	-1.654	-10.142	2.203	126.975555	37.295650
1685512338107	1685512338100	-13.230	-6.187	0.934	-0.530	0.461	1.030	-2.423	-10.329	2.088	126.975555	37.295650
1685512338118	1685512338107	-13.783	-6.323	1.176	-0.380	0.545	0.910	-3.565	-10.496	2.198	126.975555	37.295650
1685512338130	1685512338130	-13.475	-6.436	1.326	-0.248	0.555	0.828	-4.578	-10.597	2.277	126.975555	37.295650
1685512338138	1685512338130	-12.373	-6.474	1.621	-0.122	0.459	0.794	-5.179	-10.817	2.550	126.975555	37.295650
1685512338147	1685512338139	-10.757	-6.505	1.714	0.001	0.307	0.768	-4.920	-11.013	2.741	126.975555	37.295650
1685512338157	1685512338147	-9.337	-6.371	1.563	0.138	0.133	0.702	-3.857	-11.114	3.065	126.975555	37.295650
1685512338167	1685512338157	-8.495	-6.098	1.425	0.259	-0.018	0.568	-2.286	-11.217	3.187	126.975555	37.295650
1685512338177	1685512338167	-8.521	-5.954	1.386	0.335	-0.098	0.341	-0.898	-11.133	3.053	126.975555	37.295650
1685512338186	1685512338177	-9.586	-5.909	1.362	0.381	-0.065	0.012	-0.081	-10.906	2.926	126.975555	37.295650
1685512338198	1685512338186	-11.281	-6.093	1.384	0.413	0.062	-0.391	-0.122	-10.783	2.895	126.975555	37.295650
1685512338206	1685512338198	-12.740	-6.325	1.350	0.459	0.206	-0.790	-1.188	-10.733	2.883	126.975555	37.295650
1685512338218	1685512338207	-13.606	-6.321	1.065	0.534	0.255	-1.104	-2.866	-10.879	2.931	126.975555	37.295650
1685512338226	1685512338218	-13.779	-6.215	0.749	0.633	0.178	-1.296	-4.286	-11.030	2.940	126.975555	37.295650
1685512338242	1685512338227	-13.439	-6.067	0.479	0.772	0.006	-1.357	-5.112	-10.934	2.696	126.975578	37.295647
1685512338247	1685512338242	-12.900	-5.744	0.359	0.932	-0.197	-1.371	-5.222	-10.695	2.428	126.975578	37.295647
1685512338257	1685512338247	-12.486	-5.387	0.306	1.040	-0.356	-1.451	-4.827	-10.429	2.188	126.975578	37.295647
1685512338267	1685512338258	-12.057	-5.155	0.256	1.095	-0.420	-1.600	-4.226	-9.972	2.093	126.975578	37.295647
1685512338277	1685512338267	-11.557	-4.776	0.254	1.123	-0.429	-1.763	-3.745	-9.471	2.052	126.975578	37.295647
1685512338287	1685512338278	-10.915	-4.477	0.187	1.119	-0.440	-1.924	-3.232	-9.048	2.011	126.975578	37.295647
1685512338296	1685512338287	-10.214	-4.271	0.242	1.086	-0.468	-2.094	-2.672	-8.528	2.011	126.975578	37.295647
1685512338308	1685512338296	-9.586	-4.108	0.290	1.020	-0.502	-2.266	-1.944	-8.018	1.946	126.975578	37.295647
1685512338319	1685512338308	-9.048	-4.027	0.285	0.937	-0.529	-2.442	-1.168	-7.623	1.997	126.975578	37.295647
1685512338327	1685512338319	-8.701	-3.869	0.215	0.853	-0.540	-2.629	-0.453	-7.216	2.030	126.975578	37.295647
1685512338337	1685512338327	-8.710	-3.915	0.151	0.781	-0.534	-2.826	0.158	-6.917	2.009	126.975578	37.295647
1685512338347	1685512338337	-8.633	-3.728	0.218	0.735	-0.516	-3.014	0.611	-6.424	1.903	126.975578	37.295647
1685512338358	1685512338348	-8.693	-3.603	0.237	0.723	-0.502	-3.173	0.656	-6.275	1.817	126.975578	37.295647
1685512338368	1685512338358	-8.727	-3.594	0.103	0.737	-0.500	-3.302	0.816	-5.763	1.848	126.975578	37.295647
1685512338380	1685512338368	-8.722	-3.558	0.108	0.776	-0.500	-3.401	0.824	-5.325	1.834	126.975578	37.295647
1685512338389	1685512338380	-8.803	-3.393	0.007	0.834	-0.496	-3.467	0.850	-4.990	1.664	126.975578	37.295647
1685512338399	1685512338389	-8.849	-3.309	-0.098	0.909	-0.496	-3.498	0.903	-4.614	1.630	126.975578	37.295647
1685512338409	1685512338399	-8.854	-3.158	-0.084	0.991	-0.500	-3.490	0.864	-4.068	1.484	126.975578	37.295647
1685512338429	1685512338409	-8.751	-3.050	-0.139	1.067	-0.497	-3.454	0.843	-3.642	1.331	126.975578	37.295647
1685512338429	1685512338429	-8.827	-2.957	-0.158	1.134	-0.487	-3.387	0.852	-3.105	1.286	126.975578	37.295647
1685512338439	1685512338429	-8.863	-2.804	-0.053	1.190	-0.463	-3.289	0.955	-2.605	1.161	126.975578	37.295647
1685512338449	1685512338440	-8.952	-2.693	-0.134	1.227	-0.443	-3.174	0.860	-2.081	1.061	126.975578	37.295647
1685512338461	1685512338449	-9.155	-2.648	-0.249	1.245	-0.434	-3.038	0.795	-1.571	1.085	126.975578	37.295647
1685512338469	1685512338461	-9.177	-2.507	-0.254	1.235	-0.430	-2.877	0.656	-1.046	0.903	126.975578	37.295647
1685512338479	1685512338469	-9.328	-2.365	-0.232	1.199	-0.431	-2.696	0.397	-0.663	0.690	126.975578	37.295647
1685512338490	1685512338480	-9.297	-2.327	-0.314	1.135	-0.443	-2.505	0.311	-0.189	0.577	126.975578	37.295647
1685512338501	1685512338490	-9.337	-2.188	-0.335	1.046	-0.474	-2.305	0.091	0.244	0.496	126.975578	37.295647
1685512338510	1685512338502	-9.330	-2.179	-0.407	0.935	-0.505	-2.105	0.057	0.534	0.316	126.975578	37.295647
1685512338521	1685512338511	-9.354	-2.059	-0.364	0.804	-0.545	-1.905	-0.043	0.888	0.199	126.975578	37.295647
1685512338530	1685512338523	-9.313	-2.143	-0.388	0.656	-0.574	-1.715	-0.098	1.094	0.029	126.975578	37.295647
1685512338541	1685512338530	-9.488	-2.138	-0.400	0.495	-0.577	-1.534	-0.165	1.343	-0.002	126.975578	37.295647
1685512338552	1685512338542	-9.503	-2.100	-0.378	0.335	-0.564	-1.355	-0.172	1.389	-0.113	126.975578	37.295647
1685512338562	1685512338553	-9.582	-2.296	-0.522	0.182	-0.550	-1.170	-0.376	1.470	-0.184	126.975578	37.295647
1685512338572	1685512338563	-9.570	-2.332	-0.421	0.044	-0.523	-0.980	-0.414	1.575	-0.220	126.975578	37.295647
1685512338583	1685512338572	-9.414	-2.401	-0.527	-0.067	-0.481	-0.787	-0.512	1.425	-0.412	126.975578	37.295647
1685512338593	1685512338583	-9.431	-2.464	-0.603	-0.145	-0.428	-0.594	-0.515	1.427	-0.352	126.975578	37.295647
1685512338601	1685512338594	-9.428	-2.528	-0.611	-0.193	-0.363	-0.395	-0.362	1.362	-0.481	126.975578	37.295647
1685512338611	1685512338602	-9.998	-2.567	-0.824	-0.215	-0.277	-0.194	-0.376	1.298	-0.577	126.975578	37.295647
1685512338626	1685512338613	-10.640	-2.641	-0.979	-0.228	-0.165	0.002	-0.366	1.211	-0.591	126.975578	37.295647
1685512338629	1685512338626	-11.425	-2.744	-1.106	-0.243	-0.010	0.198	-0.922	1.140	-0.804	126.975578	37.295647
1685512338656	1685512338630	-11.969	-2.672	-1.264	-0.264	0.156	0.411	-1.547	1.020	-0.948	126.975578	37.295647
1685512338662	1685512338662	-12.064	-2.851	-1.290	-0.303	0.264	0.683	-2.310	0.864	-1.053	126.975578	37.295647
1685512338663	1685512338663	-11.691	-2.880	-1.118	-0.352	0.312	1.027	-2.837	0.895	-1.185	126.975578	37.295647
1685512338686	1685512338663	-10.918	-3.019	-0.974	-0.408	0.342	1.377	-2.909	0.651	-1.178	126.975578	37.295647
1685512338686	1685512338686	-10.240	-3.455	-0.733	-0.467	0.360	1.682	-2.502	0.529	-0.962	126.975578	37.295647
1685512338695	1685512338687	-9.912	-3.783	-0.371	-0.497	0.426	1.910	-1.681	0.263	-0.776	126.975578	37.295647
1685512338699	1685512338695	-9.938	-3.986	-0.036	-0.480	0.563	2.045	-0.950	-0.328	-0.484	126.975578	37.295647
1685512338708	1685512338699	-10.355	-4.020	0.062	-0.401	0.707	2.105	-0.560	-0.855	-0.062	126.975578	37.295647
1685512338719	1685512338708	-10.956	-3.972	0.091	-0.257	0.847	2.122	-0.536	-1.231	0.330	126.975578	37.295647
1685512338727	1685512338719	-11.715	-3.812	0.017	-0.062	0.971	2.127	-0.900	-1.465	0.505	126.975578	37.295647
1685512338739	1685512338729	-12.373	-3.651	-0.120	0.137	1.052	2.122	-1.453	-1.618	0.620	126.975578	37.295647
1685512338748	1685512338740	-12.797	-3.534	-0.225	0.304	1.071	2.115	-2.167	-1.683	0.651	126.975578	37.295647
1685512338759	1685512338748	-12.912	-3.584	-0.345	0.412	1.014	2.120	-2.792	-1.705	0.601	126.975578	37.295647
1685512338769	1685512338759	-12.665	-3.524	-0.373	0.443	0.889	2.148	-3.182	-1.808	0.603	126.975578	37.295647
1685512338779	1685512338770	-12.081	-3.345	-0.271	0.384	0.724	2.184	-3.275	-2.037	0.565	126.975578	37.295647
1685512338789	1685512338779	-11.176	-3.232	-0.160	0.235	0.531	2.211	-3.005	-2.181	0.615	126.975578	37.295647
1685512338799	1685512338789	-10.345	-3.163	-0.048	0.012	0.358	2.230	-2.401	-2.210	0.785	126.975578	37.295647
1685512338808	1685512338799	-9.505	-3.156	0.113	-0.260	0.252	2.228	-1.480	-2.308	0.943	126.975578	37.295647
1685512338826	1685512338808	-8.758	-3.311	0.151	-0.556	0.222	2.182	-0.634	-2.454	1.092	126.975578	37.295647
1685512338832	1685512338826	-8.188	-3.464	0.256	-0.839	0.227	2.089	0.215	-2.689	1.281	126.975578	37.295647
1685512338838	1685512338832	-7.659	-3.541	0.294	-1.070	0.241	1.983	0.967	-3.043	1.341	126.975578	37.295647
1685512338847	1685512338838	-7.219	-3.587	0.421	-1.244	0.264	1.877	1.539	-3.431	1.470	126.975578	37.295647
1685512338859	1685512338847	-6.917	-3.850	0.541	-1.348	0.298	1.773	2.064	-3.692	1.530	126.975578	37.295647
1685512338867	1685512338859	-6.778	-3.955	0.625	-1.382	0.340	1.676	2.497	-3.955	1.681	126.975578	37.295647
1685512338879	1685512338868	-6.656	-4.041	0.840	-1.354	0.376	1.596	2.787	-4.389	1.822	126.975578	37.295647
1685512338888	1685512338879	-6.661	-4.087	0.982	-1.263	0.404	1.532	2.907	-4.712	1.935	126.975578	37.295647
1685512338899	1685512338888	-6.742	-3.994	0.998	-1.113	0.432	1.478	3.014	-4.934	2.169	126.975578	37.295647
1685512338909	1685512338899	-6.797	-3.785	0.991	-0.938	0.436	1.433	2.988	-5.162	2.342	126.975578	37.295647
1685512338922	1685512338909	-6.905	-3.773	0.960	-0.771	0.424	1.394	2.885	-5.212	2.382	126.975578	37.295647
1685512338930	1685512338922	-7.005	-3.543	0.809	-0.640	0.409	1.361	2.804	-5.169	2.409	126.975578	37.295647
1685512338940	1685512338930	-7.140	-3.424	0.713	-0.571	0.396	1.326	2.672	-5.286	2.404	126.975578	37.295647
1685512338950	1685512338941	-7.412	-3.426	0.599	-0.574	0.369	1.291	2.535	-5.239	2.291	126.975578	37.295647
1685512338961	1685512338950	-7.566	-3.450	0.752	-0.651	0.331	1.267	2.377	-5.227	2.217	126.975578	37.295647
