1685512348999	1685512348998	-11.404	-5.112	2.686	-0.387	-0.136	-0.073	-2.942	-3.802	3.486	126.975609	37.295597
1685512348999	1685512348999	-10.412	-4.975	2.562	-0.402	-0.281	-0.184	-2.523	-4.132	3.534	126.975609	37.295597
1685512349003	1685512348999	-9.644	-4.733	2.310	-0.362	-0.440	-0.316	-1.681	-4.202	3.543	126.975609	37.295597
1685512349015	1685512349004	-9.246	-4.594	2.148	-0.309	-0.571	-0.470	-0.687	-4.051	3.397	126.975609	37.295597
1685512349023	1685512349016	-9.280	-4.654	1.968	-0.279	-0.645	-0.654	0.079	-3.780	3.103	126.975609	37.295597
1685512349035	1685512349024	-9.704	-4.774	1.879	-0.238	-0.670	-0.869	0.476	-3.601	2.892	126.975609	37.295597
1685512349043	1685512349035	-10.460	-4.839	1.707	-0.166	-0.660	-1.095	0.441	-3.587	2.641	126.975609	37.295597
1685512349054	1685512349044	-11.329	-4.764	1.549	-0.055	-0.637	-1.300	0.012	-3.642	2.504	126.975609	37.295597
1685512349065	1685512349054	-11.854	-4.707	1.290	0.076	-0.633	-1.464	-0.754	-3.579	2.255	126.975609	37.295597
1685512349075	1685512349066	-12.186	-4.614	1.030	0.198	-0.688	-1.577	-1.633	-3.405	2.049	126.975609	37.295597
1685512349083	1685512349075	-12.340	-4.532	0.874	0.308	-0.778	-1.632	-2.179	-3.189	1.721	126.975609	37.295597
1685512349096	1685512349084	-12.306	-4.477	0.699	0.406	-0.855	-1.651	-2.531	-2.959	1.398	126.975609	37.295597
1685512349103	1685512349097	-12.270	-4.374	0.548	0.487	-0.907	-1.657	-2.715	-2.686	1.147	126.975609	37.295597
1685512349114	1685512349104	-11.954	-4.233	0.464	0.540	-0.952	-1.657	-2.708	-2.488	0.891	126.975609	37.295597
1685512349123	1685512349114	-11.609	-4.104	0.364	0.558	-0.999	-1.652	-2.705	-2.227	0.642	126.975609	37.295597
1685512349136	1685512349124	-11.159	-3.886	0.314	0.546	-1.035	-1.653	-2.425	-1.927	0.455	126.975609	37.295597
1685512349143	1685512349136	-10.573	-3.764	0.242	0.503	-1.060	-1.673	-2.121	-1.640	0.247	126.975609	37.295597
1685512349154	1685512349144	-9.965	-3.651	0.213	0.437	-1.086	-1.713	-1.714	-1.267	0.084	126.975609	37.295597
1685512349163	1685512349154	-9.230	-3.531	0.218	0.353	-1.106	-1.769	-1.185	-0.958	-0.122	126.975609	37.295597
1685512349174	1685512349164	-8.708	-3.496	0.180	0.265	-1.120	-1.842	-0.620	-0.718	-0.242	126.975609	37.295597
1685512349183	1685512349174	-8.272	-3.397	0.196	0.186	-1.117	-1.939	0.053	-0.436	-0.350	126.975609	37.295597
1685512349195	1685512349184	-7.901	-3.333	0.165	0.125	-1.093	-2.054	0.510	-0.230	-0.500	126.975609	37.295597
1685512349203	1685512349195	-7.762	-3.273	0.055	0.083	-1.062	-2.178	0.871	0.043	-0.594	126.975609	37.295597
1685512349214	1685512349204	-7.731	-3.345	0.072	0.061	-1.014	-2.302	1.161	0.292	-0.728	126.975609	37.295597
1685512349226	1685512349214	-7.815	-3.354	0.019	0.056	-0.958	-2.412	1.199	0.567	-0.946	126.975609	37.295593
1685512349235	1685512349226	-8.033	-3.292	-0.084	0.072	-0.903	-2.503	1.140	0.680	-1.013	126.975609	37.295593
1685512349244	1685512349235	-8.243	-3.254	-0.014	0.115	-0.837	-2.566	0.946	0.883	-1.154	126.975609	37.295593
1685512349255	1685512349244	-8.341	-3.256	-0.108	0.192	-0.777	-2.585	0.608	1.161	-1.338	126.975609	37.295593
1685512349264	1685512349255	-8.341	-3.141	-0.160	0.285	-0.733	-2.569	0.256	1.441	-1.353	126.975609	37.295593
1685512349274	1685512349264	-8.377	-3.055	-0.170	0.379	-0.701	-2.524	0.072	1.587	-1.468	126.975609	37.295593
1685512349284	1685512349274	-8.198	-2.952	-0.311	0.473	-0.671	-2.452	-0.045	1.891	-1.561	126.975609	37.295593
1685512349294	1685512349284	-8.179	-2.875	-0.381	0.564	-0.646	-2.355	-0.175	2.119	-1.604	126.975609	37.295593
1685512349305	1685512349294	-8.181	-2.708	-0.397	0.643	-0.618	-2.246	-0.105	2.380	-1.793	126.975609	37.295593
1685512349315	1685512349305	-8.183	-2.746	-0.476	0.683	-0.578	-2.134	-0.196	2.605	-1.920	126.975609	37.295593
1685512349326	1685512349315	-8.258	-2.622	-0.441	0.676	-0.538	-2.023	-0.309	2.914	-1.999	126.975609	37.295593
1685512349335	1685512349326	-8.432	-2.610	-0.400	0.632	-0.492	-1.910	-0.424	3.007	-2.143	126.975609	37.295593
1685512349346	1685512349335	-8.605	-2.552	-0.352	0.568	-0.445	-1.787	-0.618	3.273	-2.179	126.975609	37.295593
1685512349355	1685512349346	-8.856	-2.567	-0.294	0.491	-0.406	-1.664	-0.888	3.388	-2.191	126.975609	37.295593
1685512349364	1685512349355	-9.170	-2.567	-0.201	0.401	-0.375	-1.537	-1.171	3.565	-2.205	126.975609	37.295593
1685512349376	1685512349364	-9.428	-2.744	-0.098	0.302	-0.336	-1.411	-1.504	3.637	-2.188	126.975609	37.295593
1685512349384	1685512349376	-9.689	-2.863	-0.199	0.206	-0.286	-1.289	-1.901	3.723	-2.133	126.975609	37.295593
1685512349396	1685512349384	-9.826	-2.789	-0.292	0.132	-0.249	-1.158	-2.229	3.618	-2.054	126.975609	37.295593
1685512349404	1685512349396	-9.881	-2.655	-0.333	0.081	-0.230	-1.004	-2.552	3.563	-2.169	126.975609	37.295593
1685512349416	1685512349404	-10.027	-2.495	-0.414	0.031	-0.226	-0.826	-2.717	3.670	-2.258	126.975609	37.295593
1685512349424	1685512349416	-9.965	-2.413	-0.476	-0.043	-0.209	-0.643	-2.792	3.826	-2.286	126.975609	37.295593
1685512349437	1685512349424	-9.938	-2.593	-0.467	-0.164	-0.181	-0.479	-2.940	3.996	-2.354	126.975609	37.295593
1685512349444	1685512349437	-10.127	-2.629	-0.474	-0.292	-0.159	-0.321	-2.875	4.080	-2.397	126.975609	37.295593
1685512349454	1685512349444	-10.645	-2.746	-0.335	-0.391	-0.103	-0.166	-2.840	3.898	-2.363	126.975609	37.295593
1685512349464	1685512349455	-11.377	-2.907	-0.302	-0.451	0.012	-0.015	-3.019	3.859	-2.339	126.975609	37.295593
1685512349474	1685512349464	-12.148	-3.012	-0.328	-0.481	0.153	0.148	-3.515	3.728	-2.167	126.975609	37.295593
1685512349484	1685512349475	-12.752	-3.182	-0.256	-0.505	0.293	0.341	-4.226	3.555	-2.090	126.975609	37.295593
1685512349496	1685512349484	-12.799	-3.414	-0.122	-0.547	0.401	0.571	-4.978	3.440	-2.069	126.975609	37.295593
1685512349504	1685512349496	-11.914	-3.510	0.113	-0.585	0.470	0.844	-5.555	3.256	-1.944	126.975609	37.295593
1685512349514	1685512349504	-10.427	-3.462	0.390	-0.588	0.463	1.152	-5.559	2.990	-1.745	126.975609	37.295593
1685512349524	1685512349515	-8.866	-3.460	0.690	-0.551	0.401	1.476	-4.606	2.837	-1.432	126.975609	37.295593
1685512349535	1685512349524	-7.942	-3.692	1.152	-0.472	0.390	1.748	-3.045	2.818	-1.092	126.975609	37.295593
1685512349544	1685512349536	-7.867	-3.785	1.537	-0.363	0.498	1.891	-1.386	2.717	-0.728	126.975609	37.295593
1685512349555	1685512349544	-8.523	-3.886	1.726	-0.217	0.716	1.875	-0.350	2.361	-0.206	126.975609	37.295593
1685512349564	1685512349556	-9.701	-3.915	1.872	-0.023	1.012	1.752	-0.144	2.114	0.242	126.975609	37.295593
1685512349574	1685512349565	-11.147	-3.776	1.937	0.236	1.346	1.621	-0.694	1.884	0.493	126.975609	37.295593
1685512349585	1685512349575	-12.368	-3.587	1.906	0.528	1.613	1.548	-1.750	1.702	0.728	126.975609	37.295593
1685512349595	1685512349585	-12.802	-3.328	1.618	0.801	1.714	1.541	-3.100	1.724	0.879	126.975609	37.295593
1685512349606	1685512349595	-12.586	-3.220	1.211	1.005	1.646	1.604	-4.223	1.781	0.948	126.975609	37.295593
1685512349616	1685512349606	-11.868	-3.031	0.860	1.112	1.466	1.718	-4.559	1.906	0.759	126.975609	37.295593
1685512349626	1685512349616	-11.037	-2.907	0.498	1.102	1.247	1.819	-4.247	1.872	0.438	126.975609	37.295593
1685512349635	1685512349626	-10.209	-2.715	0.385	0.983	0.999	1.864	-3.431	1.911	0.153	126.975609	37.295593
1685512349644	1685512349636	-9.618	-2.442	0.467	0.778	0.783	1.861	-2.492	1.856	-0.148	126.975609	37.295593
1685512349656	1685512349644	-9.201	-2.219	0.706	0.486	0.630	1.828	-1.580	1.899	-0.225	126.975609	37.295593
1685512349664	1685512349656	-8.681	-2.313	1.025	0.103	0.502	1.774	-0.891	1.990	-0.108	126.975609	37.295593
1685512349676	1685512349665	-7.997	-2.492	1.360	-0.342	0.379	1.698	-0.400	2.064	0.158	126.975609	37.295593
1685512349684	1685512349677	-7.472	-2.533	1.518	-0.775	0.283	1.602	0.194	1.815	0.517	126.975609	37.295593
1685512349694	1685512349684	-7.070	-2.593	1.669	-1.148	0.236	1.492	0.950	1.484	0.900	126.975609	37.295593
1685512349706	1685512349694	-6.888	-2.854	1.621	-1.455	0.213	1.383	1.544	1.288	1.120	126.975609	37.295593
1685512349714	1685512349706	-6.833	-3.100	1.549	-1.682	0.231	1.289	1.999	1.111	1.329	126.975609	37.295593
1685512349726	1685512349714	-6.809	-3.412	1.372	-1.826	0.272	1.224	2.231	0.730	1.353	126.975609	37.295593
1685512349736	1685512349726	-6.955	-3.654	1.276	-1.899	0.294	1.192	2.334	0.369	1.362	126.975609	37.295593
1685512349744	1685512349736	-7.051	-3.795	1.116	-1.897	0.279	1.190	2.399	-0.050	1.271	126.975609	37.295593
1685512349757	1685512349744	-7.142	-3.759	1.113	-1.833	0.244	1.206	2.294	-0.402	1.267	126.975609	37.295593
1685512349765	1685512349757	-7.274	-3.757	1.130	-1.729	0.208	1.233	2.246	-0.687	1.219	126.975609	37.295593
1685512349774	1685512349766	-7.389	-3.800	1.099	-1.616	0.172	1.258	2.181	-0.733	1.271	126.975609	37.295593
1685512349784	1685512349775	-7.580	-3.936	1.077	-1.516	0.149	1.273	2.088	-0.860	1.365	126.975609	37.295593
1685512349796	1685512349785	-7.791	-3.998	1.085	-1.438	0.143	1.280	2.006	-1.013	1.391	126.975609	37.295593
1685512349805	1685512349796	-7.942	-3.991	1.080	-1.371	0.142	1.283	1.851	-1.288	1.429	126.975609	37.295593
1685512349816	1685512349805	-8.260	-4.077	1.089	-1.308	0.158	1.283	1.671	-1.463	1.482	126.975609	37.295593
1685512349825	1685512349816	-8.511	-4.101	0.996	-1.251	0.176	1.285	1.556	-1.609	1.535	126.975609	37.295593
1685512349836	1685512349825	-8.765	-4.187	0.984	-1.202	0.183	1.290	1.262	-1.798	1.580	126.975609	37.295593
1685512349845	1685512349836	-8.811	-4.190	1.010	-1.166	0.183	1.297	1.039	-1.963	1.535	126.975609	37.295593
1685512349857	1685512349845	-8.930	-4.288	1.030	-1.141	0.177	1.305	0.809	-2.167	1.561	126.975609	37.295593
1685512349865	1685512349857	-9.005	-4.322	1.123	-1.120	0.175	1.307	0.788	-2.301	1.616	126.975609	37.295593
1685512349875	1685512349865	-9.050	-4.434	1.125	-1.093	0.191	1.297	0.682	-2.466	1.640	126.975609	37.295593
1685512349887	1685512349875	-9.364	-4.494	1.087	-1.067	0.214	1.273	0.627	-2.612	1.743	126.975609	37.295593
1685512349895	1685512349887	-9.699	-4.561	1.075	-1.047	0.247	1.236	0.594	-2.784	1.741	126.975609	37.295593
1685512349906	1685512349895	-10.077	-4.717	1.051	-1.030	0.291	1.192	0.290	-2.907	1.697	126.975609	37.295593
1685512349918	1685512349907	-10.451	-4.884	1.149	-1.008	0.331	1.142	-0.034	-3.033	1.686	126.975609	37.295593
1685512349926	1685512349919	-10.776	-4.908	1.204	-0.979	0.369	1.091	-0.402	-3.261	1.674	126.975609	37.295593
1685512349938	1685512349927	-10.934	-4.937	1.293	-0.937	0.386	1.057	-0.766	-3.510	1.798	126.975609	37.295593
1685512349947	1685512349939	-10.781	-4.999	1.403	-0.860	0.378	1.053	-1.080	-3.639	1.899	126.975609	37.295593
1685512349958	1685512349947	-10.582	-5.100	1.405	-0.759	0.347	1.057	-1.228	-3.766	2.030	126.975609	37.295593
1685512349968	1685512349958	-10.640	-5.255	1.231	-0.659	0.325	1.047	-1.065	-3.948	2.191	126.975609	37.295593
1685512349979	1685512349968	-11.097	-5.447	1.178	-0.572	0.331	1.012	-0.860	-4.147	2.231	126.975609	37.295593
1685512349988	1685512349980	-12.016	-5.696	1.276	-0.494	0.380	0.949	-0.910	-4.410	2.093	126.975609	37.295593
1685512350000	1685512349988	-12.945	-6.009	1.405	-0.424	0.467	0.864	-1.362	-4.705	2.078	126.975609	37.295593
1685512350010	1685512350002	-13.525	-6.163	1.513	-0.341	0.556	0.773	-2.279	-5.061	2.219	126.975609	37.295593
1685512350020	1685512350010	-13.537	-6.325	1.662	-0.243	0.583	0.705	-3.208	-5.454	2.392	126.975609	37.295593
1685512350030	1685512350021	-12.854	-6.414	1.894	-0.123	0.520	0.689	-3.790	-5.686	2.557	126.975609	37.295593
1685512350042	1685512350030	-11.650	-6.261	1.836	0.026	0.412	0.698	-3.804	-5.921	2.763	126.975609	37.295593
1685512350049	1685512350042	-10.235	-6.139	1.908	0.206	0.274	0.681	-3.124	-6.079	3.045	126.975609	37.295593
1685512350060	1685512350050	-8.973	-5.981	1.721	0.370	0.112	0.605	-1.923	-5.993	3.029	126.975609	37.295593
1685512350070	1685512350061	-8.262	-5.971	1.654	0.486	-0.018	0.469	-0.510	-5.947	3.132	126.975609	37.295593
1685512350080	1685512350071	-8.159	-5.964	1.690	0.583	-0.076	0.270	0.749	-5.832	2.954	126.975609	37.295593
1685512350094	1685512350081	-9.017	-5.938	1.678	0.687	-0.046	-0.011	1.463	-5.861	2.885	126.975609	37.295593
1685512350100	1685512350095	-10.439	-5.928	1.671	0.828	0.067	-0.357	1.566	-5.873	2.911	126.975609	37.295593
1685512350107	1685512350100	-11.839	-6.021	1.571	1.030	0.216	-0.695	0.709	-5.837	2.895	126.975609	37.295593
1685512350118	1685512350108	-12.730	-5.995	1.262	1.264	0.286	-0.964	-0.711	-5.784	2.892	126.975609	37.295593
1685512350127	1685512350118	-13.103	-5.772	0.982	1.494	0.204	-1.148	-2.119	-5.789	2.813	126.975609	37.295593
1685512350147	1685512350147	-13.111	-5.564	0.639	1.696	0.013	-1.249	-3.014	-5.665	2.526	126.975609	37.295593
1685512350147	1685512350147	-12.845	-5.284	0.450	1.861	-0.198	-1.296	-3.395	-5.310	2.260	126.975609	37.295593
1685512350156	1685512350148	-12.390	-4.808	0.417	1.974	-0.384	-1.345	-3.409	-4.958	1.911	126.975609	37.295593
1685512350166	1685512350156	-11.861	-4.472	0.371	2.024	-0.555	-1.421	-3.151	-4.515	1.686	126.975609	37.295593
1685512350176	1685512350166	-11.473	-4.161	0.450	2.011	-0.695	-1.519	-2.701	-3.900	1.604	126.975609	37.295593
1685512350185	1685512350176	-11.150	-3.929	0.438	1.923	-0.812	-1.646	-2.181	-3.388	1.477	126.975609	37.295593
1685512350195	1685512350185	-10.800	-3.735	0.464	1.764	-0.905	-1.804	-1.803	-2.923	1.475	126.975609	37.295593
1685512350205	1685512350195	-10.556	-3.462	0.467	1.556	-0.972	-1.987	-1.492	-2.514	1.358	126.975609	37.295593
1685512350216	1685512350205	-10.338	-3.421	0.397	1.306	-1.023	-2.183	-1.161	-2.131	1.271	126.975609	37.295593
1685512350225	1685512350216	-10.223	-3.371	0.352	1.035	-1.065	-2.371	-0.943	-1.654	1.152	126.975609	37.295593
1685512350236	1685512350225	-10.046	-3.414	0.271	0.767	-1.103	-2.550	-0.761	-1.396	0.960	126.975601	37.295589
1685512350246	1685512350236	-9.898	-3.519	0.177	0.524	-1.140	-2.709	-0.697	-1.092	0.778	126.975601	37.295589
1685512350255	1685512350246	-9.850	-3.505	0.091	0.329	-1.169	-2.847	-0.572	-0.915	0.587	126.975601	37.295589
1685512350265	1685512350255	-9.783	-3.450	-0.036	0.197	-1.179	-2.958	-0.498	-0.737	0.359	126.975601	37.295589
1685512350276	1685512350265	-9.644	-3.536	-0.072	0.130	-1.185	-3.038	-0.524	-0.481	0.165	126.975601	37.295589
1685512350285	1685512350276	-9.438	-3.522	0.022	0.122	-1.177	-3.093	-0.551	-0.153	-0.074	126.975601	37.295589
1685512350295	1685512350285	-9.270	-3.448	-0.036	0.150	-1.163	-3.124	-0.517	0.038	-0.225	126.975601	37.295589
1685512350305	1685512350295	-9.108	-3.347	-0.160	0.211	-1.148	-3.131	-0.441	0.362	-0.254	126.975601	37.295589
1685512350315	1685512350305	-8.973	-3.263	-0.287	0.294	-1.120	-3.118	-0.388	0.685	-0.409	126.975601	37.295589
1685512350325	1685512350315	-8.909	-3.079	-0.335	0.376	-1.087	-3.082	-0.364	1.061	-0.644	126.975601	37.295589
1685512350338	1685512350326	-8.775	-2.983	-0.405	0.435	-1.054	-3.027	-0.378	1.415	-0.881	126.975601	37.295589
1685512350347	1685512350338	-8.428	-2.938	-0.405	0.468	-1.037	-2.949	-0.464	1.851	-1.037	126.975601	37.295589
1685512350357	1685512350347	-8.284	-2.844	-0.479	0.479	-1.018	-2.850	-0.479	2.179	-1.209	126.975601	37.295589
1685512350367	1685512350357	-8.021	-2.679	-0.436	0.467	-0.987	-2.734	-0.311	2.483	-1.326	126.975601	37.295589
1685512350377	1685512350367	-7.810	-2.619	-0.441	0.430	-0.955	-2.607	-0.271	2.717	-1.468	126.975601	37.295589
1685512350387	1685512350377	-7.709	-2.682	-0.481	0.384	-0.911	-2.472	-0.132	3.043	-1.501	126.975601	37.295589
1685512350398	1685512350387	-7.570	-2.622	-0.443	0.335	-0.860	-2.329	-0.034	3.244	-1.573	126.975601	37.295589
1685512350408	1685512350399	-7.513	-2.638	-0.450	0.287	-0.799	-2.180	-0.053	3.323	-1.681	126.975601	37.295589
1685512350419	1685512350408	-7.484	-2.521	-0.450	0.249	-0.738	-2.026	-0.036	3.522	-1.707	126.975601	37.295589
1685512350428	1685512350419	-7.451	-2.480	-0.491	0.221	-0.676	-1.863	-0.117	3.658	-1.786	126.975601	37.295589
1685512350438	1685512350428	-7.621	-2.593	-0.457	0.206	-0.616	-1.691	-0.213	3.905	-1.848	126.975601	37.295589
1685512350449	1685512350439	-7.798	-2.696	-0.496	0.202	-0.534	-1.516	-0.311	4.077	-1.954	126.975601	37.295589
1685512350460	1685512350450	-8.207	-2.698	-0.551	0.200	-0.442	-1.341	-0.601	4.082	-1.975	126.975601	37.295589
1685512350469	1685512350460	-8.514	-2.710	-0.632	0.202	-0.358	-1.156	-0.900	4.092	-2.071	126.975601	37.295589
1685512350479	1685512350469	-8.911	-2.693	-0.649	0.205	-0.277	-0.957	-1.398	4.168	-2.164	126.975601	37.295589
1685512350490	1685512350479	-9.163	-2.631	-0.548	0.200	-0.209	-0.749	-1.808	4.247	-2.291	126.975601	37.295589
1685512350508	1685512350490	-9.134	-2.614	-0.558	0.181	-0.150	-0.531	-2.263	4.312	-2.334	126.975601	37.295589
1685512350509	1685512350509	-9.112	-2.655	-0.520	0.143	-0.109	-0.303	-2.576	4.424	-2.265	126.975601	37.295589
1685512350520	1685512350510	-9.299	-2.708	-0.570	0.094	-0.064	-0.078	-2.583	4.470	-2.296	126.975601	37.295589
1685512350530	1685512350520	-9.881	-2.890	-0.639	0.040	0.012	0.133	-2.564	4.429	-2.263	126.975601	37.295589
1685512350539	1685512350530	-10.965	-3.060	-0.541	-0.017	0.136	0.323	-2.729	4.357	-2.310	126.975601	37.295589
1685512350548	1685512350540	-12.459	-3.385	-0.601	-0.079	0.307	0.508	-3.266	4.137	-2.363	126.975601	37.295589
1685512350559	1685512350549	-13.728	-3.560	-0.646	-0.143	0.516	0.705	-4.286	3.912	-2.231	126.975601	37.295589
1685512350572	1685512350562	-14.444	-3.685	-0.522	-0.184	0.705	0.953	-5.734	3.551	-2.263	126.975601	37.295589
1685512350578	1685512350573	-13.949	-3.847	-0.230	-0.195	0.786	1.299	-6.953	3.335	-2.267	126.975601	37.295589
1685512350587	1685512350578	-12.407	-3.986	0.136	-0.182	0.761	1.713	-7.592	3.148	-2.083	126.975601	37.295589
1685512350598	1685512350587	-10.460	-4.180	0.558	-0.147	0.677	2.107	-6.996	2.899	-1.724	126.975601	37.295589
1685512350606	1685512350598	-8.988	-4.477	1.020	-0.094	0.597	2.414	-5.303	2.619	-1.279	126.975601	37.295589
1685512350616	1685512350607	-8.258	-4.697	1.556	-0.022	0.632	2.601	-3.239	2.306	-0.809	126.975601	37.295589
1685512350626	1685512350616	-8.291	-4.676	1.832	0.114	0.798	2.646	-1.587	1.815	-0.292	126.975601	37.295589
1685512350638	1685512350627	-9.206	-4.192	1.832	0.362	1.067	2.547	-0.704	1.420	0.285	126.975601	37.295589
1685512350647	1685512350639	-10.805	-3.541	1.592	0.713	1.411	2.369	-0.551	1.219	0.620	126.975601	37.295589
1685512350657	1685512350647	-12.313	-2.883	1.288	1.091	1.757	2.206	-1.322	1.518	0.675	126.975601	37.295589
1685512350667	1685512350657	-13.180	-2.504	0.862	1.395	1.980	2.089	-2.729	1.915	0.532	126.975601	37.295589
1685512350676	1685512350669	-12.996	-2.660	0.551	1.554	1.943	2.002	-4.142	2.440	0.285	126.975601	37.295589
1685512350685	1685512350676	-11.942	-3.062	0.328	1.563	1.688	1.945	-4.867	2.614	-0.038	126.975601	37.295589
1685512350699	1685512350686	-10.671	-3.299	0.077	1.456	1.343	1.917	-4.578	2.296	-0.275	126.975601	37.295589
1685512350706	1685512350699	-9.754	-3.093	0.117	1.267	1.027	1.908	-3.407	1.697	-0.424	126.975601	37.295589
1685512350716	1685512350706	-9.182	-2.749	0.201	1.024	0.808	1.911	-2.035	1.286	-0.627	126.975601	37.295589
1685512350727	1685512350717	-8.947	-2.411	0.383	0.717	0.689	1.913	-1.015	1.300	-0.551	126.975601	37.295589
1685512350740	1685512350728	-8.641	-2.437	0.821	0.323	0.624	1.899	-0.364	1.487	-0.443	126.975601	37.295589
1685512350747	1685512350740	-8.313	-2.461	1.152	-0.136	0.566	1.862	-0.045	1.652	-0.230	126.975601	37.295589
1685512350758	1685512350747	-7.894	-2.605	1.420	-0.597	0.513	1.798	0.338	1.453	0.249	126.975601	37.295589
1685512350768	1685512350759	-7.659	-2.665	1.456	-1.015	0.468	1.715	0.747	1.245	0.642	126.975601	37.295589
1685512350778	1685512350768	-7.518	-2.844	1.437	-1.343	0.459	1.621	1.228	0.958	0.972	126.975601	37.295589
1685512350788	1685512350778	-7.326	-3.268	1.360	-1.599	0.492	1.539	1.530	0.728	1.094	126.975601	37.295589
1685512350799	1685512350788	-7.242	-3.711	1.448	-1.803	0.519	1.495	1.721	0.419	1.152	126.975601	37.295589
1685512350810	1685512350801	-7.386	-4.085	1.520	-1.924	0.535	1.493	1.963	-0.141	1.173	126.975601	37.295589
1685512350821	1685512350810	-7.501	-4.211	1.547	-1.924	0.549	1.509	2.093	-0.723	1.365	126.975601	37.295589
1685512350830	1685512350821	-7.755	-4.185	1.499	-1.808	0.567	1.531	1.994	-1.235	1.542	126.975601	37.295589
1685512350843	1685512350830	-7.839	-4.252	1.398	-1.631	0.560	1.553	1.915	-1.489	1.645	126.975601	37.295589
1685512350848	1685512350843	-8.004	-4.171	1.341	-1.449	0.530	1.569	1.700	-1.607	1.686	126.975601	37.295589
1685512350860	1685512350851	-8.104	-4.120	1.226	-1.286	0.490	1.575	1.647	-1.788	1.647	126.975601	37.295589
1685512350870	1685512350860	-8.250	-4.178	1.137	-1.156	0.445	1.571	1.516	-1.856	1.662	126.975601	37.295589
1685512350882	1685512350871	-8.437	-4.209	1.120	-1.056	0.404	1.558	1.441	-1.920	1.592	126.975601	37.295589
1685512350896	1685512350883	-8.557	-4.108	1.211	-0.976	0.378	1.538	1.322	-2.105	1.547	126.975601	37.295589
1685512350899	1685512350896	-8.756	-4.056	1.252	-0.926	0.356	1.505	1.159	-2.258	1.566	126.975601	37.295589
1685512350911	1685512350899	-8.940	-4.008	1.267	-0.907	0.330	1.469	1.063	-2.286	1.688	126.975601	37.295589
1685512350935	1685512350912	-8.988	-4.108	1.281	-0.918	0.307	1.423	0.881	-2.325	1.743	126.975601	37.295589
1685512350936	1685512350936	-9.096	-4.204	1.243	-0.953	0.296	1.361	0.711	-2.373	1.769	126.975601	37.295589
1685512350941	1685512350936	-9.031	-4.310	1.231	-1.003	0.290	1.288	0.678	-2.557	1.791	126.975601	37.295589
1685512350948	1685512350941	-9.088	-4.472	1.250	-1.049	0.279	1.216	0.582	-2.725	1.753	126.975601	37.295589
1685512350959	1685512350948	-9.103	-4.542	1.269	-1.076	0.266	1.150	0.654	-2.890	1.738	126.975601	37.295589
1685512350968	1685512350959	-9.280	-4.611	1.403	-1.082	0.265	1.081	0.608	-3.136	1.767	126.975601	37.295589
1685512350979	1685512350968	-9.694	-4.781	1.566	-1.074	0.288	0.998	0.599	-3.242	1.784	126.975601	37.295589
1685512350989	1685512350981	-9.993	-4.891	1.607	-1.042	0.330	0.905	0.429	-3.369	1.927	126.975601	37.295589
1685512351000	1685512350990	-10.204	-4.956	1.626	-0.979	0.368	0.820	0.022	-3.596	2.105	126.975601	37.295589
1685512351008	1685512351000	-10.223	-4.906	1.666	-0.887	0.380	0.748	-0.271	-3.768	2.172	126.975601	37.295589
1685512351019	1685512351009	-10.173	-4.925	1.616	-0.786	0.362	0.691	-0.476	-3.900	2.227	126.975601	37.295589
1685512351028	1685512351019	-9.898	-4.836	1.568	-0.679	0.320	0.646	-0.488	-3.931	2.315	126.975601	37.295589
1685512351040	1685512351029	-9.668	-4.843	1.523	-0.584	0.272	0.601	-0.436	-4.017	2.303	126.975601	37.295589
1685512351049	1685512351040	-9.443	-4.752	1.398	-0.508	0.228	0.539	-0.156	-3.996	2.294	126.975601	37.295589
1685512351061	1685512351049	-9.345	-4.609	1.199	-0.467	0.203	0.456	0.074	-4.065	2.279	126.975601	37.295589
1685512351068	1685512351061	-9.574	-4.829	1.087	-0.461	0.178	0.360	0.302	-4.037	2.184	126.975601	37.295589
1685512351080	1685512351069	-10.415	-5.073	1.300	-0.490	0.160	0.254	0.402	-3.936	2.004	126.975601	37.295589
1685512351092	1685512351082	-11.454	-5.435	1.496	-0.513	0.216	0.130	0.172	-4.199	1.913	126.975601	37.295589
1685512351108	1685512351092	-12.060	-5.435	1.448	-0.486	0.309	0.002	-0.666	-4.470	2.145	126.975601	37.295589
1685512351108	1685512351108	-12.412	-5.581	1.554	-0.417	0.318	-0.076	-1.707	-4.848	2.365	126.975601	37.295589
1685512351120	1685512351109	-12.644	-5.918	1.994	-0.337	0.246	-0.086	-2.315	-4.853	2.349	126.975601	37.295589
1685512351126	1685512351120	-12.227	-5.772	2.184	-0.233	0.200	-0.073	-2.670	-4.997	2.488	126.975601	37.295589
1685512351137	1685512351127	-11.267	-5.583	2.037	-0.067	0.161	-0.073	-2.907	-5.327	2.954	126.975601	37.295589
1685512351146	1685512351137	-10.415	-5.559	1.937	0.147	0.027	-0.057	-2.492	-5.176	3.168	126.975601	37.295589
1685512351156	1685512351147	-10.185	-5.564	1.738	0.354	-0.106	-0.056	-1.532	-4.982	3.036	126.975601	37.295589
1685512351166	1685512351157	-10.774	-5.655	1.681	0.492	-0.133	-0.154	-0.680	-4.949	2.938	126.975601	37.295589
1685512351178	1685512351166	-11.825	-5.720	1.535	0.591	-0.075	-0.357	-0.450	-4.946	2.727	126.975601	37.295589
1685512351186	1685512351178	-12.744	-5.600	1.300	0.690	-0.021	-0.579	-1.039	-5.018	2.653	126.975601	37.295589
1685512351196	1685512351186	-13.278	-5.394	1.049	0.804	-0.024	-0.757	-2.093	-5.042	2.497	126.975601	37.295589
1685512351206	1685512351197	-13.288	-5.279	0.615	0.907	-0.127	-0.903	-3.017	-4.853	2.253	126.975601	37.295589
1685512351216	1685512351207	-12.986	-5.200	0.366	0.966	-0.314	-1.045	-3.555	-4.573	1.994	126.975601	37.295589
1685512351226	1685512351217	-12.783	-5.205	0.321	0.992	-0.491	-1.186	-3.572	-4.362	1.542	126.975586	37.295578
1685512351239	1685512351226	-12.488	-4.973	0.311	1.018	-0.619	-1.326	-3.278	-4.173	1.252	126.975586	37.295578
1685512351247	1685512351239	-11.997	-4.719	0.208	1.035	-0.738	-1.462	-3.081	-4.053	1.147	126.975586	37.295578
1685512351257	1685512351247	-11.523	-4.424	0.208	1.024	-0.877	-1.607	-2.799	-3.685	1.065	126.975586	37.295578
1685512351267	1685512351257	-10.992	-4.278	0.208	0.987	-0.990	-1.765	-2.327	-3.254	0.860	126.975586	37.295578
1685512351278	1685512351267	-10.551	-3.991	0.148	0.927	-1.059	-1.935	-1.867	-2.830	0.781	126.975586	37.295578
1685512351289	1685512351278	-10.314	-3.812	0.132	0.863	-1.089	-2.122	-1.360	-2.507	0.668	126.975586	37.295578
1685512351303	1685512351289	-10.077	-3.668	0.139	0.784	-1.081	-2.325	-0.950	-2.030	0.488	126.975586	37.295578
1685512351308	1685512351303	-9.934	-3.565	0.117	0.689	-1.063	-2.527	-0.754	-1.645	0.350	126.975586	37.295578
1685512351318	1685512351308	-9.768	-3.476	0.156	0.584	-1.036	-2.713	-0.570	-1.279	0.235	126.975586	37.295578
1685512351328	1685512351318	-9.692	-3.481	0.103	0.487	-1.012	-2.882	-0.503	-0.888	0.072	126.975586	37.295578
1685512351340	1685512351328	-9.627	-3.512	0.105	0.406	-0.980	-3.029	-0.397	-0.596	0.019	126.975586	37.295578
1685512351348	1685512351340	-9.560	-3.517	0.041	0.342	-0.949	-3.150	-0.419	-0.306	-0.151	126.975586	37.295578
1685512351360	1685512351349	-9.469	-3.431	-0.041	0.315	-0.922	-3.239	-0.448	-0.086	-0.242	126.975586	37.295578
1685512351368	1685512351361	-9.201	-3.428	-0.120	0.325	-0.899	-3.296	-0.520	0.249	-0.424	126.975586	37.295578
1685512351380	1685512351369	-9.098	-3.306	-0.194	0.367	-0.875	-3.326	-0.534	0.567	-0.582	126.975586	37.295578
1685512351390	1685512351380	-8.847	-3.235	-0.304	0.425	-0.847	-3.332	-0.438	0.917	-0.773	126.975586	37.295578
1685512351400	1685512351390	-8.753	-3.136	-0.347	0.503	-0.817	-3.310	-0.457	1.269	-0.922	126.975586	37.295578
1685512351410	1685512351400	-8.674	-3.012	-0.259	0.595	-0.781	-3.257	-0.388	1.650	-1.132	126.975586	37.295578
1685512351422	1685512351410	-8.447	-2.909	-0.316	0.684	-0.739	-3.184	-0.445	1.987	-1.257	126.975586	37.295578
1685512351431	1685512351422	-8.373	-2.789	-0.292	0.762	-0.694	-3.087	-0.548	2.380	-1.262	126.975586	37.295578
1685512351443	1685512351431	-8.277	-2.696	-0.306	0.820	-0.655	-2.968	-0.481	2.703	-1.401	126.975586	37.295578
1685512351451	1685512351443	-8.049	-2.583	-0.357	0.845	-0.624	-2.825	-0.579	3.041	-1.463	126.975586	37.295578
1685512351462	1685512351452	-7.831	-2.461	-0.323	0.837	-0.605	-2.658	-0.606	3.282	-1.539	126.975586	37.295578
1685512351471	1685512351462	-7.740	-2.492	-0.285	0.795	-0.585	-2.476	-0.522	3.560	-1.666	126.975586	37.295578
1685512351483	1685512351472	-7.664	-2.473	-0.271	0.734	-0.556	-2.290	-0.417	3.804	-1.693	126.975586	37.295578
1685512351495	1685512351483	-7.561	-2.294	-0.328	0.666	-0.512	-2.106	-0.455	3.907	-1.726	126.975586	37.295578
1685512351514	1685512351497	-7.484	-2.215	-0.412	0.584	-0.479	-1.921	-0.510	4.056	-1.786	126.975586	37.295578
1685512351515	1685512351514	-7.530	-2.267	-0.326	0.486	-0.445	-1.730	-0.551	4.372	-1.923	126.975586	37.295578
1685512351519	1685512351515	-7.733	-2.342	-0.235	0.385	-0.392	-1.545	-0.599	4.563	-2.071	126.975586	37.295578
1685512351528	1685512351524	-8.006	-2.394	-0.072	0.294	-0.323	-1.365	-0.769	4.621	-2.049	126.975586	37.295578
1685512351542	1685512351528	-8.459	-2.598	0.031	0.221	-0.243	-1.180	-1.087	4.642	-2.011	126.975586	37.295578
1685512351551	1685512351544	-8.681	-2.629	-0.017	0.172	-0.166	-0.991	-1.460	4.676	-1.889	126.975586	37.295578
1685512351559	1685512351551	-8.887	-2.567	-0.055	0.153	-0.106	-0.790	-2.002	4.544	-1.817	126.975586	37.295578
1685512351569	1685512351560	-9.017	-2.507	-0.177	0.147	-0.072	-0.573	-2.315	4.585	-1.894	126.975586	37.295578
1685512351579	1685512351569	-9.024	-2.334	-0.405	0.133	-0.054	-0.351	-2.567	4.685	-1.946	126.975586	37.295578
1685512351590	1685512351581	-9.187	-2.332	-0.493	0.099	-0.038	-0.137	-2.739	4.779	-2.083	126.975586	37.295578
1685512351603	1685512351590	-9.665	-2.413	-0.620	0.035	-0.018	0.066	-2.775	4.970	-2.325	126.975586	37.295578
1685512351610	1685512351603	-10.599	-2.653	-0.606	-0.062	0.039	0.260	-2.928	4.966	-2.413	126.975586	37.295578
1685512351623	1685512351612	-11.583	-2.859	-0.694	-0.187	0.156	0.442	-3.378	4.860	-2.533	126.975586	37.295578
1685512351633	1685512351623	-12.455	-3.010	-0.730	-0.309	0.292	0.643	-4.254	4.578	-2.497	126.975586	37.295578
1685512351640	1685512351634	-12.797	-3.189	-0.702	-0.401	0.397	0.908	-5.207	4.348	-2.564	126.975586	37.295578
1685512351649	1685512351640	-12.277	-3.390	-0.462	-0.476	0.448	1.242	-6.026	4.164	-2.559	126.975586	37.295578
1685512351660	1685512351649	-11.133	-3.452	-0.067	-0.536	0.435	1.608	-6.297	3.931	-2.476	126.975586	37.295578
1685512351668	1685512351660	-9.857	-3.677	0.247	-0.582	0.373	1.949	-5.672	3.649	-2.167	126.975586	37.295578
1685512351678	1685512351668	-8.993	-3.991	0.630	-0.602	0.352	2.221	-4.420	3.498	-1.712	126.975586	37.295578
1685512351688	1685512351678	-8.794	-4.192	0.931	-0.586	0.437	2.407	-2.988	3.139	-1.326	126.975586	37.295578
1685512351703	1685512351688	-9.225	-4.341	1.003	-0.520	0.605	2.479	-1.985	2.693	-0.883	126.975586	37.295578
1685512351708	1685512351703	-10.388	-4.410	1.089	-0.381	0.836	2.447	-1.621	2.332	-0.512	126.975586	37.295578
1685512351718	1685512351708	-11.724	-4.293	1.075	-0.151	1.111	2.369	-1.884	2.011	-0.364	126.975586	37.295578
1685512351727	1685512351718	-12.742	-3.917	1.027	0.139	1.359	2.314	-2.883	1.765	-0.192	126.975586	37.295578
1685512351739	1685512351727	-13.269	-3.682	0.941	0.421	1.476	2.304	-4.061	1.705	-0.113	126.975586	37.295578
1685512351748	1685512351739	-13.077	-3.670	0.745	0.654	1.455	2.336	-4.913	1.879	-0.053	126.975586	37.295578
1685512351757	1685512351749	-12.383	-3.749	0.484	0.801	1.339	2.392	-5.306	1.946	-0.057	126.975586	37.295578
1685512351767	1685512351758	-11.370	-3.840	0.237	0.844	1.162	2.441	-4.958	1.745	-0.163	126.975586	37.295578
1685512351778	1685512351767	-10.458	-3.857	0.038	0.809	0.971	2.461	-4.137	1.484	-0.364	126.975586	37.295578
1685512351787	1685512351779	-9.871	-3.615	0.103	0.717	0.812	2.447	-2.990	1.183	-0.558	126.975586	37.295578
1685512351797	1685512351787	-9.469	-3.412	0.350	0.551	0.711	2.397	-1.949	0.953	-0.713	126.975586	37.295578
1685512351807	1685512351798	-8.981	-3.206	0.699	0.297	0.641	2.319	-1.228	0.958	-0.611	126.975586	37.295578
1685512351819	1685512351808	-8.526	-3.220	0.927	-0.028	0.571	2.220	-0.725	0.970	-0.330	126.975586	37.295578
1685512351828	1685512351819	-8.040	-3.287	1.221	-0.369	0.514	2.103	-0.134	0.970	0.060	126.975586	37.295578
1685512351840	1685512351828	-7.582	-3.242	1.348	-0.666	0.487	1.965	0.414	0.759	0.340	126.975586	37.295578
1685512351848	1685512351841	-7.283	-3.261	1.338	-0.900	0.476	1.815	0.984	0.505	0.694	126.975586	37.295578
1685512351860	1685512351848	-7.027	-3.565	1.338	-1.085	0.468	1.679	1.516	0.376	0.891	126.975586	37.295578
1685512351870	1685512351860	-7.037	-4.022	1.408	-1.229	0.480	1.569	1.896	0.160	0.972	126.975586	37.295578
1685512351879	1685512351870	-7.219	-4.235	1.247	-1.319	0.512	1.480	2.198	-0.261	1.037	126.975586	37.295578
1685512351893	1685512351880	-7.417	-4.051	1.288	-1.334	0.546	1.399	2.241	-0.860	1.190	126.975586	37.295578
1685512351909	1685512351893	-7.453	-4.175	1.245	-1.286	0.549	1.344	2.105	-1.209	1.118	126.975586	37.295578
1685512351909	1685512351909	-7.618	-4.120	1.233	-1.212	0.513	1.316	1.949	-1.154	1.250	126.975586	37.295578
1685512351919	1685512351909	-7.858	-4.001	1.180	-1.126	0.483	1.285	1.949	-1.405	1.293	126.975586	37.295578
1685512351930	1685512351920	-8.068	-3.922	0.958	-1.048	0.462	1.245	1.817	-1.460	1.348	126.975586	37.295578
1685512351940	1685512351930	-8.138	-3.857	0.898	-0.997	0.429	1.197	1.599	-1.427	1.343	126.975586	37.295578
1685512351949	1685512351940	-8.272	-3.991	0.816	-0.986	0.390	1.155	1.413	-1.444	1.171	126.975586	37.295578
1685512351961	1685512351949	-8.418	-4.017	0.886	-1.004	0.342	1.124	1.367	-1.470	1.156	126.975586	37.295578
1685512351970	1685512351961	-8.674	-4.051	0.958	-1.040	0.310	1.090	1.255	-1.702	1.120	126.975586	37.295578
1685512351980	1685512351970	-8.894	-4.101	1.092	-1.079	0.296	1.053	1.123	-1.796	1.219	126.975586	37.295578
1685512351990	1685512351980	-9.002	-4.202	1.197	-1.122	0.294	1.015	0.886	-1.913	1.326	126.975586	37.295578
1685512352000	1685512351990	-9.067	-4.159	1.168	-1.163	0.281	0.991	0.675	-2.016	1.477	126.975586	37.295578
1685512352011	1685512352000	-9.007	-4.140	1.190	-1.203	0.258	0.975	0.579	-2.169	1.602	126.975586	37.295578
1685512352024	1685512352012	-8.885	-4.173	1.032	-1.235	0.232	0.949	0.522	-2.167	1.585	126.975586	37.295578
1685512352032	1685512352024	-8.880	-4.164	1.003	-1.260	0.208	0.916	0.589	-2.181	1.609	126.975586	37.295578
1685512352041	1685512352034	-9.045	-4.238	0.927	-1.289	0.192	0.869	0.716	-2.241	1.453	126.975586	37.295578
1685512352052	1685512352042	-9.275	-4.187	0.996	-1.323	0.195	0.799	0.728	-2.270	1.429	126.975586	37.295578
1685512352061	1685512352052	-9.622	-4.384	1.116	-1.362	0.211	0.713	0.565	-2.361	1.350	126.975586	37.295578
1685512352072	1685512352062	-9.768	-4.676	1.290	-1.373	0.222	0.640	0.342	-2.342	1.432	126.975586	37.295578
1685512352081	1685512352073	-9.843	-5.071	1.405	-1.329	0.226	0.594	0.000	-2.552	1.559	126.975586	37.295578
1685512352103	1685512352082	-9.914	-5.183	1.516	-1.242	0.252	0.550	-0.144	-2.871	1.753	126.975586	37.295578
1685512352104	1685512352103	-10.125	-5.210	1.590	-1.108	0.285	0.518	-0.213	-3.297	1.894	126.975586	37.295578
1685512352124	1685512352104	-10.386	-5.162	1.525	-0.925	0.304	0.519	-0.278	-3.457	2.042	126.975586	37.295578
1685512352125	1685512352124	-10.470	-5.049	1.401	-0.750	0.319	0.528	-0.484	-3.527	2.155	126.975586	37.295578
1685512352128	1685512352125	-10.776	-5.021	1.116	-0.635	0.304	0.518	-0.737	-3.534	2.133	126.975586	37.295578
1685512352141	1685512352129	-11.341	-5.339	1.085	-0.569	0.272	0.502	-0.814	-3.479	2.052	126.975586	37.295578
1685512352148	1685512352141	-11.988	-5.607	1.058	-0.545	0.264	0.473	-1.116	-3.503	1.808	126.975586	37.295578
1685512352158	1685512352148	-12.634	-5.732	1.018	-0.530	0.285	0.428	-1.676	-3.874	1.810	126.975586	37.295578
1685512352171	1685512352159	-13.075	-5.734	1.233	-0.509	0.286	0.379	-2.315	-4.202	1.824	126.975586	37.295578
1685512352178	1685512352171	-13.106	-5.938	1.647	-0.483	0.238	0.352	-2.959	-4.365	1.812	126.975586	37.295578
1685512352187	1685512352179	-12.416	-5.947	1.824	-0.431	0.181	0.332	-3.397	-4.408	2.061	126.975586	37.295578
1685512352198	1685512352188	-11.210	-5.713	1.695	-0.330	0.101	0.307	-3.426	-4.650	2.504	126.975586	37.295578
1685512352208	1685512352198	-9.931	-5.636	1.350	-0.217	-0.059	0.266	-2.734	-4.695	2.705	126.975586	37.295578
1685512352218	1685512352208	-9.304	-5.715	1.161	-0.125	-0.227	0.188	-1.523	-4.492	2.591	126.975586	37.295578
1685512352227	1685512352218	-9.313	-5.883	1.159	-0.039	-0.277	0.046	-0.239	-4.448	2.241	126.975586	37.295578
1685512352239	1685512352228	-10.094	-6.074	1.245	0.067	-0.235	-0.161	0.388	-4.544	2.035	126.975586	37.295578
1685512352248	1685512352239	-11.200	-5.878	1.271	0.216	-0.169	-0.420	0.383	-4.717	2.004	126.975586	37.295578
1685512352259	1685512352248	-11.983	-5.871	1.202	0.402	-0.112	-0.670	-0.395	-4.894	2.069	126.975563	37.295578
1685512352267	1685512352259	-12.364	-5.701	0.977	0.602	-0.123	-0.854	-1.508	-4.645	2.073	126.975563	37.295578
1685512352278	1685512352268	-12.313	-5.488	0.862	0.805	-0.210	-0.980	-2.296	-4.585	1.990	126.975563	37.295578
1685512352287	1685512352278	-11.887	-5.449	0.656	0.974	-0.353	-1.069	-2.689	-4.310	1.741	126.975563	37.295578
1685512352301	1685512352288	-11.708	-5.296	0.618	1.091	-0.494	-1.135	-2.650	-4.015	1.602	126.975563	37.295578
1685512352307	1685512352301	-11.509	-4.961	0.546	1.179	-0.586	-1.197	-2.239	-3.857	1.341	126.975563	37.295578
1685512352319	1685512352308	-11.298	-4.666	0.565	1.230	-0.635	-1.275	-2.073	-3.598	1.243	126.975563	37.295578
1685512352329	1685512352319	-11.066	-4.300	0.520	1.233	-0.687	-1.374	-1.894	-3.127	1.087	126.975563	37.295578
1685512352340	1685512352330	-10.616	-4.005	0.455	1.188	-0.740	-1.482	-1.705	-2.705	1.022	126.975563	37.295578
1685512352349	1685512352340	-10.113	-3.804	0.376	1.096	-0.804	-1.599	-1.499	-2.188	0.876	126.975563	37.295578
1685512352360	1685512352349	-9.572	-3.735	0.309	0.955	-0.863	-1.740	-1.075	-1.762	0.725	126.975563	37.295578
1685512352369	1685512352360	-9.160	-3.658	0.225	0.782	-0.896	-1.897	-0.613	-1.391	0.534	126.975563	37.295578
1685512352381	1685512352370	-8.959	-3.646	0.244	0.595	-0.903	-2.061	-0.108	-1.173	0.371	126.975563	37.295578
1685512352390	1685512352381	-8.701	-3.742	0.184	0.417	-0.893	-2.227	0.251	-0.917	0.182	126.975563	37.295578
1685512352400	1685512352390	-8.641	-3.792	0.103	0.270	-0.874	-2.385	0.393	-0.711	0.101	126.975563	37.295578
1685512352410	1685512352400	-8.578	-3.785	0.105	0.169	-0.852	-2.525	0.575	-0.579	-0.065	126.975563	37.295578
1685512352421	1685512352410	-8.605	-3.675	-0.060	0.119	-0.827	-2.644	0.563	-0.433	-0.225	126.975563	37.295578
1685512352431	1685512352422	-8.550	-3.670	-0.022	0.126	-0.808	-2.739	0.534	-0.194	-0.306	126.975563	37.295578
1685512352442	1685512352432	-8.521	-3.594	-0.108	0.183	-0.783	-2.806	0.405	0.153	-0.551	126.975563	37.295578
1685512352451	1685512352443	-8.610	-3.472	-0.223	0.279	-0.757	-2.845	0.347	0.402	-0.591	126.975563	37.295578
1685512352461	1685512352451	-8.612	-3.467	-0.192	0.393	-0.729	-2.860	0.259	0.718	-0.747	126.975563	37.295578
1685512352471	1685512352461	-8.552	-3.256	-0.342	0.507	-0.701	-2.849	0.024	1.116	-0.941	126.975563	37.295578
1685512352482	1685512352472	-8.478	-3.179	-0.405	0.606	-0.678	-2.815	-0.069	1.283	-0.953	126.975563	37.295578
1685512352498	1685512352482	-8.430	-3.057	-0.424	0.683	-0.656	-2.751	-0.127	1.690	-1.161	126.975563	37.295578
1685512352512	1685512352499	-8.282	-2.873	-0.421	0.728	-0.641	-2.665	-0.165	1.944	-1.276	126.975563	37.295578
1685512352512	1685512352512	-8.200	-2.813	-0.397	0.743	-0.627	-2.560	-0.225	2.229	-1.346	126.975563	37.295578
1685512352520	1685512352512	-8.107	-2.705	-0.407	0.729	-0.610	-2.445	-0.184	2.567	-1.398	126.975563	37.295578
1685512352531	1685512352520	-8.054	-2.686	-0.414	0.685	-0.590	-2.327	-0.227	2.794	-1.444	126.975563	37.295578
1685512352541	1685512352532	-7.877	-2.643	-0.371	0.621	-0.567	-2.204	-0.230	3.026	-1.506	126.975563	37.295578
1685512352550	1685512352541	-7.772	-2.550	-0.455	0.540	-0.549	-2.072	-0.290	3.187	-1.578	126.975563	37.295578
1685512352561	1685512352550	-7.700	-2.492	-0.508	0.448	-0.530	-1.938	-0.225	3.364	-1.597	126.975563	37.295578
1685512352571	1685512352562	-7.547	-2.483	-0.541	0.356	-0.505	-1.808	-0.249	3.601	-1.750	126.975563	37.295578
1685512352581	1685512352571	-7.659	-2.660	-0.405	0.269	-0.486	-1.665	-0.292	3.785	-1.863	126.975563	37.295578
1685512352590	1685512352581	-7.910	-2.806	-0.148	0.191	-0.447	-1.520	-0.273	3.934	-1.963	126.975563	37.295578
1685512352601	1685512352591	-8.317	-2.933	-0.055	0.137	-0.371	-1.387	-0.488	3.862	-1.872	126.975563	37.295578
1685512352611	1685512352601	-8.607	-2.919	-0.012	0.128	-0.293	-1.253	-0.845	3.821	-1.662	126.975563	37.295578
1685512352623	1685512352611	-8.641	-2.875	-0.122	0.155	-0.241	-1.090	-1.350	3.790	-1.602	126.975563	37.295578
1685512352631	1685512352623	-8.665	-2.820	-0.237	0.187	-0.217	-0.913	-1.731	3.888	-1.590	126.975563	37.295578
1685512352643	1685512352632	-8.638	-2.875	-0.213	0.203	-0.211	-0.737	-1.844	4.003	-1.726	126.975563	37.295578
1685512352652	1685512352643	-8.799	-2.868	-0.089	0.194	-0.200	-0.568	-1.939	4.123	-1.872	126.975563	37.295578
1685512352660	1685512352652	-9.187	-2.897	-0.045	0.164	-0.171	-0.420	-1.963	4.111	-1.872	126.975563	37.295578
1685512352672	1685512352661	-9.857	-2.964	-0.026	0.142	-0.126	-0.294	-2.172	4.154	-1.779	126.975563	37.295578
1685512352683	1685512352672	-10.956	-2.995	0.024	0.123	-0.066	-0.175	-2.569	4.132	-1.745	126.975563	37.295578
1685512352690	1685512352683	-11.954	-3.112	-0.074	0.083	0.026	-0.059	-3.235	4.061	-1.733	126.975563	37.295578
1685512352712	1685512352690	-12.440	-2.703	-0.306	0.026	0.116	0.068	-4.307	4.005	-1.676	126.975563	37.295578
1685512352712	1685512352712	-12.529	-2.684	-0.769	-0.043	0.116	0.255	-5.310	3.891	-1.779	126.975563	37.295578
1685512352727	1685512352712	-12.366	-2.789	-1.030	-0.151	0.012	0.513	-5.789	4.295	-2.006	126.975563	37.295578
1685512352729	1685512352727	-11.902	-2.746	-1.046	-0.335	-0.049	0.766	-5.859	4.298	-2.459	126.975563	37.295578
1685512352741	1685512352729	-11.363	-3.041	-0.960	-0.566	-0.038	0.977	-5.660	4.161	-2.708	126.975563	37.295578
1685512352748	1685512352741	-10.858	-3.378	-0.627	-0.790	-0.055	1.190	-5.143	4.159	-2.705	126.975563	37.295578
1685512352758	1685512352748	-11.040	-3.800	-0.079	-0.985	-0.042	1.396	-4.537	3.807	-2.581	126.975563	37.295578
1685512352768	1685512352759	-11.569	-4.183	0.369	-1.114	0.099	1.561	-3.936	3.385	-2.188	126.975563	37.295578
1685512352780	1685512352768	-12.213	-4.515	0.745	-1.140	0.304	1.692	-4.044	2.897	-1.590	126.975563	37.295578
1685512352790	1685512352780	-12.452	-4.688	0.893	-1.052	0.502	1.819	-4.468	2.421	-1.061	126.975563	37.295578
1685512352801	1685512352791	-12.342	-4.769	0.881	-0.861	0.648	1.980	-4.997	1.982	-0.589	126.975563	37.295578
1685512352809	1685512352802	-11.911	-4.707	0.749	-0.593	0.734	2.171	-5.112	1.690	-0.335	126.975563	37.295578
1685512352819	1685512352810	-11.435	-4.788	0.725	-0.302	0.797	2.355	-4.870	1.472	-0.244	126.975563	37.295578
1685512352829	1685512352819	-11.140	-4.879	0.663	-0.022	0.869	2.512	-4.283	1.362	-0.275	126.975563	37.295578
1685512352842	1685512352829	-10.805	-4.858	0.632	0.238	0.959	2.625	-3.670	1.120	-0.227	126.975563	37.295578
1685512352850	1685512352843	-10.329	-4.709	0.637	0.478	1.047	2.711	-3.223	0.833	-0.220	126.975563	37.295578
1685512352862	1685512352850	-9.740	-4.245	0.757	0.677	1.098	2.773	-2.732	0.642	-0.189	126.975563	37.295578
1685512352872	1685512352862	-8.906	-3.627	0.800	0.828	1.092	2.812	-2.085	0.543	-0.117	126.975563	37.295578
1685512352881	1685512352872	-8.037	-3.029	0.946	0.938	1.047	2.828	-1.360	0.795	0.050	126.975563	37.295578
1685512352892	1685512352881	-7.405	-2.605	1.176	1.019	0.994	2.812	-0.354	1.120	0.156	126.975563	37.295578
1685512352908	1685512352892	-6.924	-2.179	1.207	1.041	0.974	2.740	0.625	1.520	0.338	126.975563	37.295578
1685512352910	1685512352909	-6.565	-2.172	1.195	0.986	0.976	2.594	1.398	1.666	0.615	126.975563	37.295578
1685512352922	1685512352910	-6.419	-2.761	1.109	0.870	0.986	2.404	1.987	1.870	0.685	126.975563	37.295578
1685512352930	1685512352922	-6.474	-3.639	1.085	0.702	1.030	2.221	2.464	1.616	0.725	126.975563	37.295578
1685512352942	1685512352930	-6.673	-4.372	1.130	0.447	1.103	2.040	2.693	0.826	0.692	126.975563	37.295578
1685512352950	1685512352942	-7.044	-4.487	1.118	0.149	1.141	1.902	2.737	-0.297	0.752	126.975563	37.295578
1685512352962	1685512352951	-7.209	-4.410	1.068	-0.099	1.113	1.846	2.593	-1.183	0.867	126.975563	37.295578
1685512352971	1685512352963	-7.489	-4.128	1.053	-0.264	1.060	1.840	2.296	-1.511	0.977	126.975563	37.295578
1685512352983	1685512352971	-7.592	-3.898	1.070	-0.363	0.983	1.853	2.174	-1.571	1.013	126.975563	37.295578
1685512352991	1685512352984	-7.654	-3.982	1.099	-0.432	0.878	1.870	1.949	-1.480	1.116	126.975563	37.295578
1685512353001	1685512352992	-7.846	-4.391	1.120	-0.480	0.776	1.880	1.889	-1.408	1.226	126.975563	37.295578
1685512353012	1685512353002	-8.037	-4.410	1.123	-0.501	0.707	1.861	1.877	-1.705	1.367	126.975563	37.295578
1685512353024	1685512353015	-8.277	-4.559	1.073	-0.519	0.667	1.801	1.721	-2.279	1.463	126.975563	37.295578
1685512353035	1685512353024	-8.411	-4.571	1.125	-0.530	0.610	1.742	1.563	-2.478	1.544	126.975563	37.295578
1685512353046	1685512353035	-8.535	-4.436	1.104	-0.551	0.542	1.695	1.355	-2.801	1.568	126.975563	37.295578
1685512353052	1685512353048	-8.566	-4.527	0.974	-0.633	0.489	1.621	1.243	-2.959	1.674	126.975563	37.295578
1685512353061	1685512353052	-8.547	-4.733	0.950	-0.768	0.443	1.526	1.137	-2.959	1.695	126.975563	37.295578
1685512353075	1685512353062	-8.748	-4.944	0.907	-0.918	0.409	1.425	1.125	-3.201	1.611	126.975563	37.295578
1685512353083	1685512353075	-9.007	-5.188	0.962	-1.053	0.379	1.312	1.152	-3.479	1.604	126.975563	37.295578
1685512353093	1685512353083	-9.440	-5.466	1.240	-1.147	0.370	1.178	0.960	-3.776	1.583	126.975563	37.295578
1685512353107	1685512353093	-9.867	-5.574	1.583	-1.189	0.379	1.043	0.709	-4.087	1.654	126.975563	37.295578
1685512353112	1685512353107	-10.206	-5.519	1.827	-1.173	0.390	0.919	0.280	-4.415	1.946	126.975563	37.295578
1685512353124	1685512353112	-10.171	-5.533	1.820	-1.079	0.386	0.795	-0.141	-4.575	2.313	126.975563	37.295578
1685512353129	1685512353124	-10.087	-5.650	1.800	-0.929	0.357	0.685	-0.476	-4.594	2.595	126.975563	37.295578
1685512353140	1685512353129	-10.341	-5.892	1.638	-0.781	0.330	0.573	-0.438	-4.673	2.624	126.975563	37.295578
1685512353150	1685512353140	-11.126	-6.098	1.597	-0.645	0.334	0.437	-0.352	-4.865	2.648	126.975563	37.295578
1685512353160	1685512353150	-12.445	-6.424	1.695	-0.495	0.393	0.279	-0.603	-5.169	2.521	126.975563	37.295578
1685512353169	1685512353160	-14.087	-6.622	1.791	-0.335	0.489	0.116	-1.389	-5.430	2.521	126.975563	37.295578
1685512353179	1685512353169	-15.548	-6.730	2.073	-0.166	0.568	-0.037	-2.710	-5.784	2.658	126.975563	37.295578
1685512353189	1685512353179	-16.405	-6.369	2.172	0.021	0.607	-0.151	-4.357	-5.997	2.808	126.975563	37.295578
1685512353199	1685512353189	-15.768	-5.770	2.255	0.210	0.562	-0.211	-5.825	-6.105	3.141	126.975563	37.295578
1685512353209	1685512353199	-13.738	-4.908	2.030	0.359	0.362	-0.233	-6.689	-5.727	3.299	126.975563	37.295578
1685512353220	1685512353209	-11.071	-4.420	1.556	0.426	-0.002	-0.271	-6.060	-5.107	3.436	126.975563	37.295578
1685512353229	1685512353220	-8.813	-4.357	1.178	0.346	-0.456	-0.364	-4.034	-4.216	3.244	126.975563	37.295578
1685512353240	1685512353229	-7.673	-4.535	1.192	0.106	-0.806	-0.536	-1.369	-3.697	2.765	126.975555	37.295570
1685512353251	1685512353240	-7.860	-4.599	1.358	-0.181	-0.930	-0.806	0.891	-3.591	2.337	126.975555	37.295570
1685512353259	1685512353251	-9.673	-4.800	1.386	-0.412	-0.855	-1.175	2.035	-3.721	2.279	126.975555	37.295570
1685512353269	1685512353259	-12.098	-4.951	1.551	-0.498	-0.617	-1.604	1.851	-3.701	2.346	126.975555	37.295570
1685512353280	1685512353269	-13.917	-4.808	1.427	-0.472	-0.360	-1.991	0.036	-3.802	2.303	126.975555	37.295570
1685512353289	1685512353280	-14.770	-4.745	1.130	-0.441	-0.324	-2.261	-2.401	-3.802	2.416	126.975555	37.295570
1685512353302	1685512353289	-14.645	-4.707	0.711	-0.407	-0.514	-2.401	-4.243	-3.469	2.260	126.975555	37.295570
1685512353308	1685512353302	-14.001	-4.690	0.309	-0.359	-0.782	-2.412	-5.128	-3.172	1.937	126.975555	37.295570
1685512353319	1685512353309	-13.400	-4.700	0.077	-0.332	-1.024	-2.345	-5.037	-2.928	1.480	126.975555	37.295570
1685512353329	1685512353319	-12.850	-4.626	-0.098	-0.313	-1.188	-2.274	-4.432	-2.682	1.008	126.975555	37.295570
1685512353342	1685512353329	-12.421	-4.470	-0.101	-0.294	-1.272	-2.222	-3.874	-2.471	0.685	126.975555	37.295570
1685512353350	1685512353342	-11.964	-4.429	0.000	-0.285	-1.285	-2.177	-3.369	-2.181	0.405	126.975555	37.295570
1685512353361	1685512353350	-11.485	-4.312	0.136	-0.283	-1.267	-2.145	-2.993	-1.817	0.290	126.975555	37.295570
1685512353370	1685512353361	-11.107	-4.132	0.208	-0.287	-1.214	-2.143	-2.602	-1.532	0.256	126.975555	37.295570
1685512353381	1685512353371	-10.673	-4.106	0.263	-0.293	-1.140	-2.173	-2.172	-1.255	0.304	126.975555	37.295570
1685512353391	1685512353381	-10.305	-3.850	0.309	-0.309	-1.078	-2.239	-1.860	-0.876	0.273	126.975555	37.295570
1685512353403	1685512353391	-9.797	-3.558	0.115	-0.346	-1.016	-2.324	-1.499	-0.649	0.232	126.975555	37.295570
1685512353413	1685512353403	-9.213	-3.527	-0.026	-0.400	-0.959	-2.402	-1.211	-0.189	0.189	126.975555	37.295570
1685512353421	1685512353413	-8.689	-3.824	-0.055	-0.443	-0.909	-2.462	-0.792	0.311	-0.081	126.975555	37.295570
1685512353433	1685512353421	-8.193	-3.809	0.029	-0.464	-0.848	-2.520	-0.316	0.582	-0.299	126.975555	37.295570
1685512353444	1685512353433	-7.853	-3.886	0.108	-0.440	-0.771	-2.586	0.110	0.481	-0.383	126.975555	37.295570
1685512353454	1685512353444	-7.621	-4.005	0.230	-0.335	-0.690	-2.647	0.493	0.718	-0.354	126.975555	37.295570
1685512353465	1685512353455	-7.645	-4.015	0.357	-0.149	-0.602	-2.700	0.709	0.867	-0.321	126.975555	37.295570
1685512353474	1685512353466	-7.738	-3.876	0.383	0.097	-0.498	-2.743	0.797	0.996	-0.244	126.975555	37.295570
1685512353484	1685512353474	-7.863	-3.670	0.259	0.373	-0.415	-2.772	0.646	1.190	-0.156	126.975555	37.295570
1685512353494	1685512353484	-7.853	-3.323	0.074	0.646	-0.362	-2.783	0.388	1.575	-0.180	126.975555	37.295570
1685512353507	1685512353494	-7.798	-2.947	-0.031	0.880	-0.341	-2.768	0.122	1.980	-0.354	126.975555	37.295570
1685512353514	1685512353507	-7.501	-2.708	-0.242	1.040	-0.360	-2.728	-0.029	2.543	-0.603	126.975555	37.295570
1685512353537	1685512353514	-7.278	-2.444	-0.335	1.117	-0.398	-2.669	-0.141	3.127	-0.788	126.975555	37.295570
1685512353538	1685512353537	-7.046	-2.334	-0.266	1.125	-0.432	-2.599	0.024	3.519	-1.077	126.975555	37.295570
1685512353542	1685512353538	-6.879	-2.210	-0.247	1.079	-0.457	-2.519	0.103	3.938	-1.259	126.975555	37.295570
1685512353551	1685512353542	-6.603	-2.102	-0.268	0.983	-0.472	-2.431	0.163	4.228	-1.298	126.975555	37.295570
1685512353563	1685512353552	-6.474	-1.975	-0.287	0.856	-0.481	-2.335	0.175	4.503	-1.374	126.975555	37.295570
1685512353573	1685512353564	-6.393	-1.994	-0.232	0.709	-0.479	-2.227	0.261	4.786	-1.504	126.975555	37.295570
1685512353583	1685512353574	-6.251	-1.925	-0.271	0.556	-0.468	-2.105	0.239	5.045	-1.607	126.975555	37.295570
1685512353592	1685512353584	-6.225	-1.887	-0.294	0.406	-0.456	-1.966	0.156	5.164	-1.633	126.975555	37.295570
1685512353602	1685512353592	-5.988	-1.702	-0.328	0.266	-0.443	-1.804	0.139	5.361	-1.743	126.975555	37.295570
1685512353612	1685512353602	-5.863	-1.745	-0.340	0.151	-0.446	-1.616	0.000	5.531	-1.832	126.975555	37.295570
1685512353622	1685512353612	-5.751	-1.927	-0.323	0.062	-0.439	-1.405	0.108	5.811	-1.906	126.975555	37.295570
1685512353633	1685512353622	-5.808	-2.121	-0.251	-0.009	-0.401	-1.183	0.103	5.863	-1.956	126.975555	37.295570
1685512353646	1685512353633	-5.859	-2.267	-0.172	-0.065	-0.346	-0.960	0.101	5.763	-1.970	126.975555	37.295570
1685512353653	1685512353647	-5.887	-2.349	-0.105	-0.095	-0.286	-0.729	-0.053	5.638	-1.923	126.975555	37.295570
1685512353663	1685512353655	-6.175	-2.327	0.012	-0.092	-0.232	-0.483	-0.182	5.547	-1.858	126.975555	37.295570
1685512353674	1685512353666	-6.294	-2.394	0.014	-0.071	-0.178	-0.228	-0.285	5.516	-1.800	126.975555	37.295570
1685512353685	1685512353674	-6.393	-2.456	0.034	-0.043	-0.122	0.021	-0.606	5.562	-1.688	126.975555	37.295570
1685512353692	1685512353686	-6.646	-2.576	0.029	-0.018	-0.066	0.263	-0.747	5.509	-1.690	126.975555	37.295570
1685512353702	1685512353692	-7.163	-2.629	0.017	0.002	0.002	0.494	-0.845	5.447	-1.674	126.975555	37.295570
1685512353714	1685512353702	-8.296	-2.890	-0.060	0.024	0.090	0.713	-1.080	5.313	-1.681	126.975555	37.295570
1685512353726	1685512353714	-9.828	-3.108	-0.079	0.043	0.217	0.924	-1.559	5.231	-1.693	126.975555	37.295570
1685512353732	1685512353726	-11.650	-3.266	-0.266	0.038	0.370	1.147	-2.629	4.925	-1.767	126.975555	37.295570
1685512353741	1685512353732	-13.240	-3.237	-0.448	0.015	0.527	1.421	-4.094	4.659	-1.776	126.975555	37.295570
1685512353750	1685512353742	-14.040	-3.395	-0.476	-0.007	0.641	1.794	-5.820	4.434	-1.946	126.975555	37.295570
1685512353761	1685512353750	-13.934	-3.589	-0.163	-0.037	0.634	2.266	-7.293	4.379	-2.097	126.975555	37.295570
1685512353771	1685512353761	-13.405	-4.008	0.306	-0.098	0.561	2.742	-7.932	4.101	-2.083	126.975555	37.295570
1685512353781	1685512353771	-13.245	-4.559	0.802	-0.180	0.503	3.128	-7.666	3.783	-1.731	126.975555	37.295570
1685512353791	1685512353781	-13.815	-5.073	1.216	-0.250	0.533	3.389	-6.907	3.172	-1.216	126.975555	37.295570
1685512353800	1685512353791	-14.897	-5.847	1.542	-0.270	0.678	3.544	-6.541	2.437	-0.678	126.975555	37.295570
1685512353810	1685512353800	-16.046	-6.314	1.609	-0.188	0.897	3.626	-6.871	1.695	-0.211	126.975555	37.295570
1685512353821	1685512353810	-17.016	-6.553	1.738	-0.022	1.122	3.668	-7.707	0.675	0.180	126.975555	37.295570
1685512353830	1685512353821	-17.339	-6.369	1.494	0.202	1.290	3.680	-8.614	-0.053	0.323	126.975555	37.295570
1685512353841	1685512353830	-17.071	-6.074	1.142	0.440	1.374	3.662	-9.345	-0.567	0.539	126.975555	37.295570
1685512353852	1685512353841	-16.259	-5.435	0.879	0.646	1.387	3.604	-9.395	-0.733	0.402	126.975555	37.295570
1685512353862	1685512353852	-15.459	-4.690	0.730	0.808	1.323	3.517	-8.952	-0.678	0.120	126.975555	37.295570
1685512353872	1685512353862	-14.384	-4.211	0.520	0.940	1.229	3.416	-7.918	-0.371	-0.055	126.975555	37.295570
1685512353883	1685512353873	-13.436	-4.082	0.582	1.090	1.140	3.311	-6.953	0.098	-0.139	126.975555	37.295570
1685512353892	1685512353884	-12.234	-4.161	0.893	1.235	1.075	3.167	-5.691	0.247	-0.280	126.975555	37.295570
1685512353904	1685512353892	-11.097	-4.144	1.317	1.312	1.027	2.936	-4.606	0.105	-0.170	126.975555	37.295570
1685512353913	1685512353905	-10.005	-3.812	1.779	1.348	0.977	2.647	-3.242	-0.321	0.194	126.975555	37.295570
1685512353931	1685512353913	-9.218	-3.299	2.176	1.377	0.942	2.360	-1.999	-0.551	0.658	126.975555	37.295570
1685512353932	1685512353932	-8.497	-2.741	2.433	1.367	0.932	2.101	-0.809	-0.467	1.164	126.975555	37.295570
1685512353945	1685512353932	-8.047	-2.404	2.526	1.263	0.932	1.867	0.057	-0.182	1.602	126.975555	37.295570
1685512353952	1685512353945	-7.709	-2.327	2.471	1.023	0.921	1.640	0.848	0.170	1.906	126.975555	37.295570
1685512353961	1685512353952	-7.391	-2.375	2.354	0.651	0.885	1.426	1.350	0.345	2.045	126.975555	37.295570
1685512353971	1685512353962	-7.180	-2.449	2.272	0.217	0.827	1.250	1.750	0.215	2.066	126.975555	37.295570
1685512353982	1685512353972	-6.871	-2.543	2.174	-0.203	0.739	1.128	2.100	0.057	2.004	126.975555	37.295570
