1685512328977	1685512328977	-9.972	-2.928	0.498	0.899	-1.035	-2.910	-1.238	-5.478	1.128	126.975456	37.295746
1685512328977	1685512328977	-9.802	-2.801	0.481	0.705	-1.056	-3.069	-0.754	-5.028	1.063	126.975456	37.295746
1685512328977	1685512328977	-9.584	-2.828	0.457	0.545	-1.074	-3.217	-0.309	-4.535	0.900	126.975456	37.295746
1685512328986	1685512328977	-9.536	-2.828	0.366	0.420	-1.086	-3.357	-0.098	-4.168	0.812	126.975456	37.295746
1685512328992	1685512328986	-9.333	-2.916	0.275	0.338	-1.085	-3.476	0.163	-3.850	0.680	126.975456	37.295746
1685512329005	1685512328993	-9.275	-2.890	0.182	0.303	-1.073	-3.563	0.237	-3.553	0.496	126.975456	37.295746
1685512329012	1685512329006	-9.251	-2.950	0.113	0.387	-1.009	-3.643	0.462	-3.268	0.290	126.975456	37.295746
1685512329023	1685512329013	-9.234	-2.825	0.000	0.387	-1.009	-3.643	0.527	-2.926	0.103	126.975456	37.295746
1685512329034	1685512329023	-9.139	-2.835	-0.172	0.484	-0.968	-3.641	0.539	-2.523	-0.093	126.975456	37.295746
1685512329043	1685512329035	-9.189	-2.770	-0.182	0.596	-0.926	-3.607	0.541	-2.150	-0.278	126.975456	37.295746
1685512329053	1685512329043	-9.103	-2.686	-0.239	0.698	-0.877	-3.539	0.599	-1.769	-0.558	126.975456	37.295746
1685512329065	1685512329053	-9.024	-2.543	-0.266	0.782	-0.841	-3.440	0.503	-1.384	-0.654	126.975456	37.295746
1685512329073	1685512329065	-9.098	-2.325	-0.376	0.839	-0.798	-3.323	0.520	-0.912	-0.814	126.975456	37.295746
1685512329083	1685512329073	-8.973	-2.219	-0.381	0.854	-0.761	-3.185	0.524	-0.429	-0.927	126.975456	37.295746
1685512329094	1685512329083	-8.887	-2.028	-0.431	0.842	-0.737	-3.014	0.359	0.139	-1.125	126.975456	37.295746
1685512329104	1685512329095	-8.641	-2.105	-0.362	0.792	-0.715	-2.823	0.405	0.512	-1.190	126.975456	37.295746
1685512329114	1685512329104	-8.559	-1.949	-0.402	0.595	-0.678	-2.410	0.405	0.970	-1.300	126.975456	37.295746
1685512329124	1685512329115	-8.428	-1.982	-0.412	0.595	-0.678	-2.410	0.570	1.123	-1.276	126.975456	37.295746
1685512329133	1685512329124	-8.452	-1.903	-0.330	0.474	-0.654	-2.203	0.575	1.475	-1.353	126.975456	37.295746
1685512329143	1685512329133	-8.605	-1.915	-0.309	0.347	-0.615	-1.990	0.649	1.587	-1.381	126.975456	37.295746
1685512329153	1685512329144	-8.610	-2.081	-0.201	0.244	-0.574	-1.767	0.551	1.839	-1.341	126.975456	37.295746
1685512329163	1685512329153	-8.612	-2.088	-0.259	0.184	-0.533	-1.532	0.345	1.946	-1.346	126.975456	37.295746
1685512329173	1685512329163	-8.523	-2.217	-0.278	0.158	-0.494	-1.295	0.285	1.901	-1.267	126.975456	37.295746
1685512329186	1685512329173	-8.538	-2.054	-0.364	0.156	-0.458	-1.067	0.232	1.994	-1.350	126.975456	37.295746
1685512329193	1685512329186	-8.681	-1.908	-0.421	0.149	-0.413	-0.856	0.280	1.946	-1.396	126.975456	37.295746
1685512329204	1685512329193	-8.703	-1.963	-0.505	0.120	-0.358	-0.656	0.232	2.174	-1.506	126.975456	37.295746
1685512329213	1685512329204	-9.067	-1.817	-0.579	0.007	-0.250	-0.255	0.057	2.375	-1.590	126.975456	37.295746
1685512329223	1685512329213	-9.606	-1.832	-0.663	0.007	-0.250	-0.255	0.022	2.346	-1.688	126.975456	37.295746
1685512329233	1685512329223	-10.630	-1.949	-0.759	-0.100	-0.165	-0.061	-0.342	2.492	-1.767	126.975456	37.295746
1685512329244	1685512329233	-11.473	-2.143	-0.855	-0.215	-0.057	0.148	-0.876	2.471	-1.848	126.975456	37.295746
1685512329260	1685512329245	-12.131	-2.452	-0.860	-0.331	0.040	0.381	-1.884	2.325	-1.927	126.975471	37.295734
1685512329263	1685512329260	-12.383	-2.727	-0.857	-0.452	0.105	0.657	-2.691	2.069	-1.975	126.975471	37.295734
1685512329273	1685512329263	-12.141	-3.093	-0.637	-0.558	0.139	0.991	-3.333	1.729	-1.961	126.975471	37.295734
1685512329284	1685512329273	-11.404	-3.335	-0.385	-0.621	0.182	1.354	-3.558	1.405	-1.935	126.975471	37.295734
1685512329293	1685512329284	-10.625	-3.349	-0.091	-0.654	0.227	1.691	-3.275	0.955	-1.678	126.975471	37.295734
1685512329305	1685512329293	-9.991	-3.531	0.261	-0.665	0.298	1.972	-2.480	0.601	-1.386	126.975471	37.295734
1685512329313	1685512329306	-9.677	-3.711	0.606	-0.546	0.572	2.332	-1.635	0.441	-1.046	126.975471	37.295734
1685512329323	1685512329313	-9.747	-3.869	0.558	-0.546	0.572	2.332	-0.924	0.086	-0.642	126.975471	37.295734
1685512329333	1685512329323	-10.144	-3.824	0.723	-0.396	0.751	2.377	-0.508	-0.340	-0.211	126.975471	37.295734
1685512329343	1685512329333	-10.934	-3.704	0.862	-0.189	0.942	2.359	-0.512	-0.666	-0.204	126.975471	37.295734
1685512329353	1685512329344	-11.784	-3.663	1.041	0.042	1.119	2.315	-0.831	-0.838	0.041	126.975471	37.295734
1685512329365	1685512329353	-12.368	-3.632	1.058	0.272	1.247	2.276	-1.547	-0.939	0.273	126.975471	37.295734
1685512329374	1685512329366	-12.488	-3.603	1.030	0.481	1.300	2.254	-2.330	-1.116	0.558	126.975471	37.295734
1685512329386	1685512329374	-12.189	-3.508	0.991	0.639	1.261	2.257	-2.854	-1.302	0.687	126.975471	37.295734
1685512329393	1685512329386	-11.688	-3.285	0.824	0.735	1.164	2.286	-2.914	-1.511	0.783	126.975471	37.295734
1685512329404	1685512329393	-11.064	-2.981	0.620	0.762	1.063	2.321	-2.571	-1.611	0.843	126.975471	37.295734
1685512329413	1685512329405	-10.455	-2.787	0.618	0.538	0.898	2.325	-2.028	-1.611	0.773	126.975471	37.295734
1685512329424	1685512329413	-9.785	-2.662	0.596	0.538	0.898	2.325	-1.367	-1.530	0.661	126.975471	37.295734
1685512329433	1685512329425	-9.067	-2.708	0.596	0.296	0.836	2.308	-0.725	-1.585	0.747	126.975471	37.295734
1685512329443	1685512329433	-8.430	-3.091	0.122	0.013	0.792	2.283	-0.034	-1.664	0.797	126.975471	37.295734
1685512329453	1685512329443	-8.258	-2.847	1.274	-0.282	0.794	2.235	0.702	-1.956	0.886	126.975471	37.295734
1685512329463	1685512329454	-8.119	-2.737	1.592	-0.573	0.828	2.161	1.350	-2.540	0.481	126.975471	37.295734
1685512329475	1685512329463	-7.822	-3.950	1.812	-0.825	0.801	2.083	1.530	-2.516	1.712	126.975471	37.295734
1685512329485	1685512329475	-7.774	-3.639	1.805	-0.778	0.764	2.087	1.669	-2.619	2.112	126.975471	37.295734
1685512329495	1685512329485	-7.717	-3.491	1.652	-0.721	0.815	2.011	1.961	-4.044	2.411	126.975471	37.295734
1685512329504	1685512329495	-7.769	-3.505	1.635	-0.698	0.843	1.938	2.002	-3.941	2.478	126.975471	37.295734
1685512329513	1685512329504	-7.774	-3.452	1.781	-0.678	0.833	1.916	2.042	-4.013	2.409	126.975471	37.295734
1685512329525	1685512329513	-7.954	-3.515	1.894	-0.713	0.826	1.894	1.973	-4.204	2.461	126.975471	37.295734
1685512329533	1685512329525	-8.040	-3.551	1.846	-0.716	0.799	1.870	1.944	-4.362	2.691	126.975471	37.295734
1685512329545	1685512329533	-8.236	-3.668	1.834	-0.667	0.792	1.863	1.750	-4.539	2.842	126.975471	37.295734
1685512329553	1685512329546	-8.387	-3.622	1.776	-0.626	0.795	1.862	1.642	-4.714	2.837	126.975471	37.295734
1685512329563	1685512329553	-8.768	-3.531	1.781	-0.611	0.803	1.853	1.425	-4.970	2.868	126.975471	37.295734
1685512329573	1685512329564	-9.112	-3.618	1.683	-0.618	0.805	1.836	1.245	-5.083	2.861	126.975471	37.295734
1685512329586	1685512329573	-9.306	-3.828	1.695	-0.659	0.790	1.825	0.843	-5.109	2.902	126.975471	37.295734
1685512329593	1685512329586	-9.400	-3.979	1.733	-0.749	0.737	1.824	0.469	-5.327	2.842	126.975471	37.295734
1685512329606	1685512329593	-9.371	-4.360	1.803	-0.876	0.670	1.825	0.249	-5.657	2.885	126.975471	37.295734
1685512329613	1685512329606	-9.366	-4.568	1.860	-0.980	0.605	1.826	0.132	-5.921	2.942	126.975471	37.295734
1685512329623	1685512329613	-9.337	-4.654	1.949	-1.021	0.561	1.835	0.134	-6.419	3.026	126.975471	37.295734
1685512329633	1685512329623	-9.404	-4.693	2.018	-1.023	0.522	1.836	0.098	-6.795	3.100	126.975471	37.295734
1685512329644	1685512329633	-9.467	-4.767	2.179	-0.988	0.492	1.822	0.103	-6.984	3.189	126.975471	37.295734
1685512329654	1685512329644	-9.759	-4.788	2.229	-0.932	0.470	1.785	0.000	-7.171	3.266	126.975471	37.295734
1685512329665	1685512329654	-10.118	-4.688	2.219	-0.865	0.470	1.718	-0.105	-7.398	3.436	126.975471	37.295734
1685512329673	1685512329665	-10.420	-4.731	2.263	-0.803	0.474	1.618	-0.450	-7.594	3.496	126.975471	37.295734
1685512329684	1685512329673	-10.704	-4.860	2.368	-0.766	0.457	1.510	-0.855	-7.638	3.498	126.975471	37.295734
1685512329693	1685512329684	-10.824	-4.963	2.444	-0.766	0.431	1.399	-1.223	-7.872	3.565	126.975471	37.295734
1685512329705	1685512329693	-10.745	-4.990	2.454	-0.779	0.389	1.279	-1.551	-8.121	3.685	126.975471	37.295734
1685512329713	1685512329705	-10.542	-5.258	2.495	-0.782	0.327	1.164	-1.731	-8.375	3.776	126.975471	37.295734
1685512329727	1685512329713	-10.297	-5.480	2.416	-0.743	0.264	1.063	-1.695	-8.516	3.792	126.975471	37.295734
1685512329736	1685512329727	-10.171	-5.495	2.277	-0.695	0.231	0.946	-1.547	-8.923	3.836	126.975471	37.295734
1685512329744	1685512329736	-10.532	-5.698	2.176	-0.659	0.206	0.800	-1.338	-9.230	3.754	126.975471	37.295734
1685512329754	1685512329744	-11.262	-5.897	2.176	-0.632	0.213	0.646	-1.257	-9.357	3.608	126.975471	37.295734
1685512329764	1685512329754	-12.170	-6.261	2.176	-0.626	0.258	0.481	-1.650	-9.632	3.500	126.975471	37.295734
1685512329774	1685512329764	-12.878	-6.531	2.459	-0.594	0.315	0.329	-2.409	-9.898	3.496	126.975471	37.295734
1685512329787	1685512329774	-13.091	-6.735	2.708	-0.485	0.349	0.217	-3.340	-10.312	3.493	126.975471	37.295734
1685512329794	1685512329787	-12.462	-6.886	3.031	-0.315	0.302	0.151	-4.065	-10.618	3.778	126.975471	37.295734
1685512329808	1685512329794	-11.222	-6.716	3.050	-0.075	0.177	0.125	-4.293	-10.848	4.039	126.975471	37.295734
1685512329816	1685512329809	-9.811	-6.452	2.691	0.231	-0.001	0.114	-3.673	-11.018	4.377	126.975471	37.295734
1685512329827	1685512329816	-8.966	-6.177	2.576	0.534	-0.195	0.086	-2.440	-10.860	4.408	126.975471	37.295734
1685512329836	1685512329829	-9.038	-5.969	2.394	0.779	-0.297	-0.002	-1.034	-10.604	4.058	126.975471	37.295734
1685512329847	1685512329837	-10.017	-6.134	2.294	0.952	-0.265	-0.187	-0.189	-10.329	3.948	126.975471	37.295734
1685512329857	1685512329849	-11.416	-6.297	2.181	1.071	-0.167	-0.486	-0.256	-10.108	3.771	126.975471	37.295734
1685512329867	1685512329857	-12.768	-6.519	1.958	1.173	-0.064	-0.836	-1.226	-10.245	3.687	126.975471	37.295734
1685512329877	1685512329867	-13.724	-6.522	1.645	1.283	-0.043	-1.130	-2.600	-10.343	3.606	126.975471	37.295734
1685512329888	1685512329882	-14.222	-6.299	1.240	1.412	-0.143	-1.313	-3.922	-10.484	3.421	126.975471	37.295734
1685512329899	1685512329888	-14.265	-6.170	0.879	1.550	-0.320	-1.410	-4.834	-10.367	3.153	126.975471	37.295734
1685512329910	1685512329899	-14.059	-5.727	0.567	1.648	-0.525	-1.472	-5.279	-10.005	2.789	126.975471	37.295734
1685512329919	1685512329910	-13.757	-5.332	0.472	1.684	-0.715	-1.552	-5.267	-9.725	2.454	126.975471	37.295734
1685512329928	1685512329920	-13.496	-4.901	0.536	1.670	-0.872	-1.660	-5.001	-9.124	2.155	126.975471	37.295734
1685512329938	1685512329929	-12.929	-4.662	0.453	1.613	-0.985	-1.794	-4.623	-8.528	2.047	126.975471	37.295734
1685512329949	1685512329938	-12.323	-4.350	0.429	1.487	-1.090	-1.965	-4.310	-7.954	2.088	126.975471	37.295734
1685512329960	1685512329950	-11.621	-4.123	0.350	1.299	-1.197	-2.169	-3.675	-7.523	1.961	126.975471	37.295734
1685512329971	1685512329960	-10.985	-3.843	0.395	1.098	-1.277	-2.377	-2.998	-7.008	1.877	126.975471	37.295734
1685512329977	1685512329971	-10.513	-3.682	0.429	0.888	-1.328	-2.589	-2.224	-6.558	1.719	126.975471	37.295734
1685512329996	1685512329980	-10.233	-3.701	0.328	0.667	-1.333	-2.811	-1.516	-6.041	1.671	126.975471	37.295734
1685512329996	1685512329996	-10.120	-3.807	0.266	0.451	-1.315	-3.043	-0.967	-5.598	1.585	126.975471	37.295734
1685512330023	1685512329997	-10.118	-3.898	0.204	0.257	-1.288	-3.279	-0.630	-5.368	1.379	126.975471	37.295734
1685512330024	1685512330023	-10.151	-3.943	0.096	0.123	-1.246	-3.482	-0.457	-5.174	1.197	126.975471	37.295734
1685512330030	1685512330024	-10.242	-3.934	-0.084	0.076	-1.205	-3.629	-0.405	-4.946	1.015	126.975471	37.295734
1685512330036	1685512330030	-10.120	-3.876	-0.180	0.101	-1.175	-3.730	-0.395	-4.616	0.773	126.975471	37.295734
1685512330046	1685512330037	-10.034	-3.859	-0.273	0.180	-1.157	-3.802	-0.462	-4.288	0.488	126.975471	37.295734
1685512330056	1685512330048	-9.934	-3.814	-0.409	0.314	-1.130	-3.836	-0.326	-3.828	0.266	126.975471	37.295734
1685512330068	1685512330057	-9.881	-3.768	-0.496	0.476	-1.082	-3.842	-0.244	-3.476	0.072	126.975471	37.295734
1685512330077	1685512330068	-9.804	-3.591	-0.642	0.644	-1.037	-3.828	-0.160	-3.055	-0.175	126.975471	37.295734
1685512330088	1685512330077	-9.618	-3.378	-0.651	0.817	-1.008	-3.784	-0.144	-2.634	-0.371	126.975471	37.295734
1685512330096	1685512330088	-9.467	-3.019	-0.668	0.986	-0.985	-3.696	-0.117	-2.083	-0.627	126.975471	37.295734
1685512330106	1685512330097	-9.266	-2.878	-0.651	1.131	-0.954	-3.575	0.002	-1.506	-0.749	126.975471	37.295734
1685512330116	1685512330107	-9.110	-2.665	-0.675	1.253	-0.915	-3.434	0.069	-0.757	-0.891	126.975471	37.295734
1685512330125	1685512330118	-8.983	-2.600	-0.656	1.316	-0.892	-3.285	0.189	-0.314	-0.982	126.975471	37.295734
1685512330134	1685512330126	-8.950	-2.595	-0.694	1.305	-0.856	-3.126	0.237	0.247	-1.137	126.975471	37.295734
1685512330145	1685512330135	-8.861	-2.476	-0.721	1.253	-0.825	-2.955	0.271	0.582	-1.226	126.975471	37.295734
1685512330154	1685512330146	-8.696	-2.409	-0.735	1.181	-0.789	-2.768	0.196	0.862	-1.374	126.975471	37.295734
1685512330165	1685512330155	-8.554	-2.444	-0.670	1.082	-0.756	-2.564	0.180	1.231	-1.496	126.975471	37.295734
1685512330175	1685512330165	-8.478	-2.423	-0.618	0.966	-0.735	-2.343	0.235	1.537	-1.602	126.975471	37.295734
1685512330188	1685512330175	-8.464	-2.430	-0.656	0.845	-0.695	-2.123	0.297	1.664	-1.590	126.975471	37.295734
1685512330195	1685512330188	-8.612	-2.332	-0.706	0.726	-0.630	-1.918	0.294	1.839	-1.590	126.975471	37.295734
1685512330206	1685512330195	-8.650	-2.298	-0.752	0.613	-0.564	-1.708	0.244	1.956	-1.669	126.975471	37.295734
1685512330214	1685512330207	-8.574	-2.361	-0.802	0.507	-0.506	-1.481	0.034	2.167	-1.755	126.975471	37.295734
1685512330224	1685512330215	-8.396	-2.337	-0.802	0.414	-0.465	-1.255	-0.057	2.296	-1.832	126.975471	37.295734
1685512330234	1685512330224	-8.198	-2.279	-0.800	0.329	-0.434	-1.036	-0.043	2.339	-1.920	126.975471	37.295734
1685512330244	1685512330234	-8.107	-2.459	-0.644	0.237	-0.386	-0.825	0.105	2.409	-1.932	126.975471	37.295734
1685512330255	1685512330244	-8.083	-2.610	-0.419	0.145	-0.326	-0.624	0.273	2.516	-1.949	126.975479	37.295723
1685512330266	1685512330255	-8.243	-2.672	-0.184	0.065	-0.237	-0.454	0.340	2.377	-1.812	126.975479	37.295723
1685512330275	1685512330266	-8.459	-2.600	-0.067	0.022	-0.125	-0.307	0.345	2.255	-1.599	126.975479	37.295723
1685512330285	1685512330275	-8.938	-2.464	0.014	0.026	0.006	-0.156	0.172	2.212	-1.369	126.975479	37.295723
1685512330295	1685512330285	-9.459	-2.461	0.163	0.062	0.142	0.009	-0.048	2.296	-1.250	126.975479	37.295723
1685512330306	1685512330295	-9.943	-2.492	0.010	0.112	0.281	0.184	-0.522	2.430	-1.156	126.975479	37.295723
1685512330314	1685512330307	-10.427	-2.296	-0.194	0.161	0.396	0.364	-1.030	2.409	-0.982	126.975479	37.295723
1685512330326	1685512330315	-10.757	-2.373	-0.388	0.183	0.486	0.564	-1.480	2.332	-1.094	126.975479	37.295723
1685512330334	1685512330326	-10.788	-2.454	-0.359	0.164	0.561	0.800	-1.913	2.449	-1.240	126.975479	37.295723
1685512330345	1685512330335	-10.314	-2.454	-0.294	0.103	0.619	1.058	-2.215	2.327	-1.405	126.975479	37.295723
1685512330354	1685512330346	-9.414	-2.562	-0.108	-0.001	0.621	1.328	-2.198	2.169	-1.334	126.975479	37.295723
1685512330366	1685512330355	-8.679	-2.830	0.148	-0.137	0.562	1.600	-1.676	2.088	-1.223	126.975479	37.295723
1685512330374	1685512330366	-8.396	-2.880	0.388	-0.283	0.541	1.835	-0.711	1.863	-0.984	126.975479	37.295723
1685512330388	1685512330374	-8.775	-2.844	0.694	-0.415	0.652	1.974	0.098	1.456	-0.673	126.975479	37.295723
1685512330395	1685512330388	-9.730	-2.883	0.958	-0.490	0.874	2.027	0.462	1.247	-0.373	126.975479	37.295723
1685512330406	1685512330395	-10.965	-3.091	1.049	-0.486	1.135	2.050	0.168	1.111	0.007	126.975479	37.295723
1685512330415	1685512330406	-11.856	-3.311	1.015	-0.426	1.373	2.096	-0.685	0.857	0.388	126.975479	37.295723
1685512330427	1685512330415	-12.531	-3.414	0.946	-0.336	1.537	2.200	-1.856	0.500	0.575	126.975479	37.295723
1685512330436	1685512330427	-12.775	-3.716	0.905	-0.232	1.593	2.370	-2.653	0.053	0.709	126.975479	37.295723
1685512330447	1685512330436	-12.799	-3.800	0.941	-0.133	1.585	2.596	-3.268	-0.211	0.764	126.975479	37.295723
1685512330457	1685512330447	-12.414	-3.843	1.018	-0.045	1.555	2.833	-3.431	-0.754	0.893	126.975479	37.295723
1685512330467	1685512330457	-11.921	-3.812	1.082	0.017	1.514	3.030	-3.388	-1.058	1.065	126.975479	37.295723
1685512330477	1685512330467	-11.267	-3.790	1.185	0.040	1.456	3.158	-2.919	-1.422	1.322	126.975479	37.295723
1685512330487	1685512330477	-10.470	-3.819	1.298	0.026	1.409	3.219	-2.375	-1.621	1.501	126.975479	37.295723
1685512330498	1685512330488	-9.764	-3.701	1.391	-0.017	1.361	3.228	-1.657	-1.932	1.755	126.975479	37.295723
1685512330510	1685512330498	-9.129	-3.476	1.441	-0.098	1.327	3.184	-0.819	-2.241	1.990	126.975479	37.295723
1685512330516	1685512330511	-8.650	-3.316	1.678	-0.193	1.310	3.102	-0.074	-2.466	2.229	126.975479	37.295723
1685512330527	1685512330516	-8.358	-3.464	1.848	-0.298	1.296	2.990	0.582	-2.552	2.409	126.975479	37.295723
1685512330538	1685512330528	-8.282	-3.608	2.071	-0.398	1.306	2.855	1.073	-2.756	2.801	126.975479	37.295723
1685512330550	1685512330539	-8.262	-3.867	2.272	-0.468	1.322	2.711	1.362	-3.139	3.072	126.975479	37.295723
1685512330559	1685512330550	-8.526	-3.898	2.308	-0.507	1.326	2.569	1.427	-3.565	3.424	126.975479	37.295723
1685512330570	1685512330560	-8.756	-3.876	2.401	-0.509	1.328	2.441	1.425	-4.094	3.752	126.975479	37.295723
1685512330579	1685512330570	-8.990	-3.840	2.277	-0.497	1.310	2.346	1.132	-4.381	3.915	126.975479	37.295723
1685512330591	1685512330580	-9.203	-3.847	2.184	-0.500	1.246	2.276	0.864	-4.604	4.132	126.975479	37.295723
1685512330598	1685512330592	-9.448	-3.948	2.023	-0.538	1.169	2.215	0.582	-4.824	4.142	126.975479	37.295723
1685512330620	1685512330598	-9.646	-4.003	1.923	-0.600	1.082	2.150	0.333	-5.009	4.130	126.975479	37.295723
1685512330621	1685512330621	-9.847	-4.022	1.865	-0.689	0.982	2.078	0.045	-5.306	4.056	126.975479	37.295723
1685512330631	1685512330621	-10.048	-4.116	1.990	-0.793	0.880	2.018	-0.199	-5.555	4.032	126.975479	37.295723
1685512330637	1685512330632	-10.185	-4.187	1.848	-0.905	0.789	1.958	-0.455	-5.787	4.051	126.975479	37.295723
1685512330648	1685512330637	-10.274	-4.278	1.870	-1.034	0.698	1.885	-0.702	-6.055	4.228	126.975479	37.295723
1685512330659	1685512330648	-10.168	-4.254	1.832	-1.172	0.611	1.812	-0.900	-6.347	4.144	126.975479	37.295723
1685512330668	1685512330659	-9.936	-4.475	1.743	-1.326	0.518	1.745	-1.041	-6.615	4.204	126.975479	37.295723
1685512330678	1685512330668	-9.732	-4.707	1.654	-1.505	0.411	1.666	-0.996	-6.788	4.192	126.975479	37.295723
1685512330689	1685512330678	-9.491	-4.810	1.702	-1.686	0.315	1.567	-0.821	-7.197	4.118	126.975479	37.295723
1685512330697	1685512330689	-9.625	-4.997	1.705	-1.842	0.253	1.454	-0.675	-7.618	4.022	126.975479	37.295723
1685512330709	1685512330698	-9.883	-5.250	1.808	-1.955	0.236	1.338	-0.486	-7.901	4.049	126.975479	37.295723
1685512330718	1685512330709	-10.183	-5.607	1.887	-2.011	0.241	1.217	-0.678	-8.279	4.013	126.975479	37.295723
1685512330728	1685512330718	-10.530	-5.866	2.014	-2.004	0.239	1.097	-0.982	-8.681	4.075	126.975479	37.295723
1685512330737	1685512330728	-10.661	-6.076	2.025	-1.934	0.237	1.001	-1.336	-9.206	4.099	126.975479	37.295723
1685512330750	1685512330738	-10.623	-6.242	2.028	-1.789	0.217	0.937	-1.724	-9.591	4.180	126.975479	37.295723
1685512330758	1685512330750	-10.336	-6.287	2.030	-1.566	0.191	0.881	-1.899	-9.931	4.140	126.975479	37.295723
1685512330769	1685512330758	-9.986	-6.251	1.970	-1.301	0.144	0.817	-1.901	-10.216	4.089	126.975479	37.295723
1685512330779	1685512330769	-9.783	-6.110	1.827	-1.038	0.089	0.743	-1.657	-10.381	4.041	126.975479	37.295723
1685512330790	1685512330779	-9.644	-5.978	1.657	-0.822	0.061	0.659	-1.341	-10.432	3.946	126.975479	37.295723
1685512330799	1685512330791	-9.917	-5.971	1.575	-0.668	0.051	0.550	-1.168	-10.376	3.764	126.975479	37.295723
1685512330819	1685512330799	-10.613	-6.057	1.669	-0.588	0.072	0.406	-1.061	-10.317	3.565	126.975479	37.295723
1685512330820	1685512330819	-11.377	-6.256	1.769	-0.552	0.130	0.227	-1.358	-10.369	3.457	126.975479	37.295723
1685512330828	1685512330820	-11.993	-6.424	2.021	-0.516	0.209	0.049	-2.073	-10.501	3.531	126.975479	37.295723
1685512330838	1685512330828	-11.988	-6.651	2.394	-0.442	0.237	-0.079	-2.854	-10.736	3.615	126.975479	37.295723
1685512330847	1685512330838	-11.272	-6.668	2.784	-0.331	0.191	-0.145	-3.474	-10.913	3.864	126.975479	37.295723
1685512330857	1685512330848	-9.931	-6.558	2.734	-0.155	0.105	-0.167	-3.469	-11.143	4.238	126.975479	37.295723
1685512330869	1685512330858	-8.677	-6.354	2.428	0.088	-0.027	-0.173	-2.751	-11.152	4.628	126.975479	37.295723
1685512330878	1685512330869	-8.219	-6.220	2.349	0.352	-0.169	-0.221	-1.403	-11.032	4.580	126.975479	37.295723
1685512330888	1685512330878	-8.854	-6.139	2.375	0.571	-0.220	-0.371	-0.141	-10.812	4.276	126.975479	37.295723
1685512330898	1685512330888	-10.343	-6.232	2.416	0.738	-0.165	-0.632	0.328	-10.649	4.199	126.975479	37.295723
1685512330909	1685512330898	-12.270	-6.383	2.361	0.882	-0.034	-0.943	-0.285	-10.530	4.231	126.975479	37.295723
1685512330919	1685512330910	-13.843	-6.524	2.088	1.038	0.078	-1.212	-1.745	-10.556	4.288	126.975479	37.295723
1685512330930	1685512330919	-14.863	-6.402	1.626	1.212	0.071	-1.390	-3.632	-10.609	4.269	126.975479	37.295723
1685512330939	1685512330931	-15.301	-6.239	1.125	1.381	-0.086	-1.472	-5.152	-10.611	4.051	126.975479	37.295723
1685512330949	1685512330939	-15.100	-6.045	0.838	1.503	-0.313	-1.487	-6.122	-10.360	3.637	126.975479	37.295723
1685512330959	1685512330949	-14.703	-5.861	0.555	1.558	-0.538	-1.497	-6.495	-10.022	3.187	126.975479	37.295723
1685512330969	1685512330959	-14.485	-5.509	0.488	1.537	-0.729	-1.563	-6.239	-9.682	2.926	126.975479	37.295723
1685512330977	1685512330969	-14.071	-5.186	0.433	1.432	-0.864	-1.685	-5.777	-9.333	2.650	126.975479	37.295723
1685512330991	1685512330978	-13.372	-4.887	0.383	1.268	-0.957	-1.847	-5.492	-8.808	2.569	126.975479	37.295723
1685512330999	1685512330991	-12.613	-4.592	0.421	1.086	-1.036	-2.026	-5.006	-8.303	2.483	126.975479	37.295723
1685512331020	1685512330999	-11.756	-4.355	0.385	0.898	-1.119	-2.216	-4.231	-7.810	2.385	126.975479	37.295723
1685512331020	1685512331020	-11.032	-4.144	0.330	0.705	-1.194	-2.426	-3.385	-7.288	2.351	126.975479	37.295723
1685512331029	1685512331021	-10.494	-4.056	0.479	0.518	-1.236	-2.665	-2.459	-6.850	2.243	126.975479	37.295723
1685512331038	1685512331029	-10.266	-4.058	0.405	0.343	-1.225	-2.917	-1.647	-6.376	2.083	126.975479	37.295723
1685512331049	1685512331038	-10.120	-3.986	0.354	0.192	-1.194	-3.170	-1.039	-6.053	2.136	126.975479	37.295723
1685512331058	1685512331050	-10.096	-3.955	0.290	0.088	-1.141	-3.406	-0.737	-5.772	1.951	126.975479	37.295723
1685512331069	1685512331058	-10.096	-4.075	0.256	0.048	-1.079	-3.610	-0.524	-5.394	1.791	126.975479	37.295723
1685512331078	1685512331070	-10.156	-4.089	0.153	0.079	-1.032	-3.776	-0.438	-5.001	1.607	126.975479	37.295723
1685512331088	1685512331078	-10.041	-3.943	0.101	0.182	-0.990	-3.901	-0.397	-4.805	1.480	126.975479	37.295723
1685512331097	1685512331089	-10.020	-3.900	0.012	0.343	-0.937	-3.982	-0.424	-4.453	1.276	126.975479	37.295723
1685512331110	1685512331098	-9.950	-3.780	-0.062	0.547	-0.899	-4.017	-0.292	-3.924	1.128	126.975479	37.295723
1685512331119	1685512331111	-9.785	-3.591	-0.093	0.779	-0.867	-4.018	-0.268	-3.491	0.948	126.975479	37.295723
1685512331127	1685512331119	-9.574	-3.390	-0.204	1.020	-0.819	-3.989	-0.215	-2.974	0.783	126.975479	37.295723
1685512331137	1685512331128	-9.424	-3.191	-0.268	1.242	-0.778	-3.929	-0.093	-2.308	0.639	126.975479	37.295723
1685512331147	1685512331137	-9.256	-2.880	-0.292	1.428	-0.743	-3.841	0.074	-1.793	0.455	126.975479	37.295723
1685512331156	1685512331148	-9.129	-2.693	-0.438	1.567	-0.710	-3.726	0.160	-1.209	0.292	126.975479	37.295723
1685512331167	1685512331157	-8.928	-2.509	-0.455	1.657	-0.681	-3.589	0.247	-0.524	0.168	126.975479	37.295723
1685512331176	1685512331167	-8.768	-2.243	-0.508	1.688	-0.656	-3.438	0.273	0.055	-0.096	126.975479	37.295723
1685512331185	1685512331176	-8.540	-2.169	-0.582	1.666	-0.628	-3.263	0.383	0.546	-0.213	126.975479	37.295723
1685512331196	1685512331186	-8.291	-2.124	-0.555	1.613	-0.593	-3.058	0.409	1.197	-0.405	126.975479	37.295723
1685512331208	1685512331196	-8.056	-2.033	-0.402	1.542	-0.562	-2.827	0.551	1.499	-0.567	126.975479	37.295723
1685512331215	1685512331208	-7.839	-2.025	-0.369	1.455	-0.542	-2.590	0.682	1.817	-0.658	126.975479	37.295723
1685512331227	1685512331216	-7.676	-2.009	-0.326	1.361	-0.522	-2.346	0.838	2.083	-0.584	126.975479	37.295723
1685512331235	1685512331228	-7.626	-2.040	-0.287	1.269	-0.489	-2.087	0.955	2.294	-0.656	126.975479	37.295723
1685512331246	1685512331236	-7.642	-1.963	-0.306	1.169	-0.447	-1.814	1.061	2.423	-0.675	126.975479	37.295723
1685512331257	1685512331246	-7.575	-1.954	-0.314	1.058	-0.406	-1.544	1.013	2.569	-0.742	126.975494	37.295712
1685512331266	1685512331257	-7.587	-1.769	-0.395	0.940	-0.352	-1.279	0.929	2.761	-0.836	126.975494	37.295712
1685512331276	1685512331266	-7.537	-1.688	-0.397	0.806	-0.318	-1.020	0.922	2.897	-0.927	126.975494	37.295712
1685512331287	1685512331276	-7.468	-1.695	-0.421	0.646	-0.305	-0.755	0.843	3.184	-1.085	126.975494	37.295712
1685512331296	1685512331287	-7.539	-1.798	-0.340	0.465	-0.269	-0.503	0.840	3.345	-1.154	126.975494	37.295712
1685512331307	1685512331296	-7.772	-1.882	-0.441	0.264	-0.208	-0.286	0.869	3.395	-1.235	126.975494	37.295712
1685512331316	1685512331307	-8.112	-1.982	-0.484	0.048	-0.132	-0.088	0.766	3.335	-1.207	126.975494	37.295712
1685512331327	1685512331317	-8.705	-2.116	-0.448	-0.171	-0.033	0.112	0.520	3.270	-1.334	126.975494	37.295712
1685512331337	1685512331328	-9.304	-2.313	-0.582	-0.384	0.082	0.319	0.172	3.177	-1.391	126.975494	37.295712
1685512331347	1685512331338	-9.926	-2.480	-0.577	-0.566	0.210	0.541	-0.414	3.036	-1.350	126.975494	37.295712
1685512331356	1685512331348	-10.484	-2.567	-0.529	-0.709	0.334	0.792	-0.996	2.816	-1.458	126.975494	37.295712
1685512331366	1685512331356	-10.956	-2.851	-0.388	-0.814	0.442	1.079	-1.587	2.607	-1.408	126.975494	37.295712
1685512331376	1685512331367	-11.009	-3.103	-0.163	-0.874	0.557	1.382	-2.100	2.456	-1.288	126.975494	37.295712
1685512331389	1685512331377	-10.563	-3.321	0.043	-0.899	0.668	1.698	-2.519	2.095	-1.077	126.975494	37.295712
1685512331396	1685512331389	-9.991	-3.625	0.383	-0.896	0.734	2.018	-2.502	1.731	-0.761	126.975494	37.295712
1685512331409	1685512331396	-9.440	-3.725	0.651	-0.861	0.783	2.299	-1.970	1.372	-0.457	126.975494	37.295712
1685512331416	1685512331409	-9.369	-3.816	1.032	-0.794	0.865	2.484	-1.302	0.898	-0.012	126.975494	37.295712
1685512331426	1685512331416	-9.831	-3.809	1.274	-0.684	1.009	2.560	-0.646	0.599	0.362	126.975494	37.295712
1685512331436	1685512331427	-10.721	-3.962	1.496	-0.512	1.175	2.566	-0.448	0.247	0.874	126.975494	37.295712
1685512331447	1685512331436	-11.801	-4.010	1.482	-0.277	1.344	2.546	-0.828	0.072	1.209	126.975494	37.295712
1685512331456	1685512331447	-12.723	-4.032	1.513	-0.011	1.475	2.529	-1.618	-0.323	1.551	126.975494	37.295712
1685512331468	1685512331456	-13.386	-4.003	1.367	0.259	1.542	2.538	-2.610	-0.603	1.671	126.975494	37.295712
1685512331478	1685512331468	-13.542	-3.886	1.178	0.494	1.534	2.583	-3.452	-0.860	1.839	126.975494	37.295712
1685512331488	1685512331478	-13.194	-3.701	1.018	0.652	1.437	2.666	-4.044	-1.065	1.827	126.975494	37.295712
1685512331498	1685512331488	-12.673	-3.405	0.929	0.700	1.290	2.759	-4.130	-1.211	1.781	126.975494	37.295712
1685512331510	1685512331498	-11.969	-3.129	0.977	0.612	1.152	2.817	-3.730	-1.250	1.729	126.975494	37.295712
1685512331519	1685512331511	-11.370	-2.971	0.989	0.393	1.036	2.815	-3.153	-1.209	1.745	126.975494	37.295712
1685512331531	1685512331519	-10.604	-2.933	1.113	0.060	0.952	2.756	-2.401	-1.197	1.891	126.975494	37.295712
1685512331540	1685512331532	-9.912	-3.098	1.267	-0.357	0.897	2.665	-1.757	-1.334	2.004	126.975494	37.295712
1685512331550	1685512331540	-9.380	-3.213	1.492	-0.795	0.869	2.561	-0.962	-1.532	2.210	126.975494	37.295712
1685512331559	1685512331551	-8.847	-3.299	1.535	-1.189	0.850	2.446	-0.244	-1.985	2.464	126.975494	37.295712
1685512331570	1685512331560	-8.564	-3.620	1.712	-1.500	0.833	2.315	0.297	-2.332	2.772	126.975494	37.295712
1685512331581	1685512331570	-8.387	-3.912	1.724	-1.713	0.821	2.172	0.838	-2.672	2.907	126.975494	37.295712
1685512331594	1685512331581	-8.406	-4.082	1.719	-1.813	0.817	2.050	1.120	-3.237	3.172	126.975494	37.295712
1685512331599	1685512331594	-8.308	-4.307	1.767	-1.802	0.801	1.960	1.293	-3.766	3.268	126.975494	37.295712
1685512331625	1685512331599	-8.234	-4.322	1.786	-1.702	0.735	1.899	1.262	-4.164	3.342	126.975494	37.295712
1685512331626	1685512331625	-8.250	-4.396	1.781	-1.550	0.656	1.853	1.341	-4.630	3.472	126.975494	37.295712
1685512331630	1685512331628	-8.392	-4.283	1.709	-1.387	0.599	1.815	1.396	-4.836	3.548	126.975494	37.295712
1685512331638	1685512331630	-8.507	-4.178	1.599	-1.235	0.564	1.786	1.353	-5.136	3.603	126.975494	37.295712
1685512331650	1685512331639	-8.763	-4.173	1.547	-1.115	0.545	1.764	1.188	-5.203	3.572	126.975494	37.295712
1685512331659	1685512331651	-8.959	-4.197	1.504	-1.038	0.527	1.747	1.053	-5.255	3.479	126.975494	37.295712
1685512331669	1685512331659	-9.242	-4.319	1.530	-1.016	0.512	1.739	0.778	-5.397	3.438	126.975494	37.295712
1685512331679	1685512331669	-9.488	-4.408	1.528	-1.026	0.516	1.730	0.555	-5.581	3.409	126.975494	37.295712
1685512331689	1685512331679	-9.644	-4.501	1.499	-1.038	0.523	1.728	0.254	-5.827	3.440	126.975494	37.295712
1685512331699	1685512331689	-9.656	-4.503	1.559	-1.054	0.497	1.737	-0.017	-6.060	3.448	126.975494	37.295712
1685512331712	1685512331699	-9.601	-4.602	1.657	-1.080	0.463	1.748	-0.204	-6.306	3.433	126.975494	37.295712
1685512331721	1685512331712	-9.469	-4.779	1.750	-1.112	0.435	1.742	-0.249	-6.469	3.508	126.975494	37.295712
1685512331731	1685512331721	-9.337	-4.827	1.741	-1.139	0.393	1.723	-0.235	-6.735	3.618	126.975494	37.295712
1685512331739	1685512331731	-9.234	-4.841	1.776	-1.163	0.347	1.695	-0.156	-7.123	3.725	126.975494	37.295712
1685512331751	1685512331744	-9.163	-4.937	1.724	-1.192	0.301	1.649	-0.062	-7.312	3.721	126.975494	37.295712
1685512331761	1685512331751	-9.359	-5.033	1.745	-1.222	0.265	1.583	-0.007	-7.503	3.757	126.975494	37.295712
1685512331772	1685512331761	-9.754	-5.258	1.709	-1.262	0.250	1.494	0.012	-7.772	3.697	126.975494	37.295712
1685512331780	1685512331773	-10.173	-5.329	1.647	-1.307	0.246	1.385	-0.235	-8.035	3.706	126.975494	37.295712
1685512331796	1685512331781	-10.554	-5.509	1.738	-1.337	0.244	1.280	-0.680	-8.420	3.656	126.975494	37.295712
1685512331799	1685512331798	-10.582	-5.720	1.791	-1.350	0.227	1.190	-1.159	-8.674	3.567	126.975494	37.295712
1685512331824	1685512331799	-10.396	-5.811	1.810	-1.338	0.195	1.114	-1.578	-8.966	3.642	126.975494	37.295712
1685512331826	1685512331825	-10.211	-5.859	1.834	-1.283	0.156	1.046	-1.659	-9.323	3.663	126.975494	37.295712
1685512331831	1685512331826	-9.962	-5.902	1.772	-1.190	0.119	0.979	-1.511	-9.524	3.654	126.975494	37.295712
1685512331839	1685512331831	-9.936	-6.029	1.650	-1.067	0.089	0.897	-1.377	-9.713	3.637	126.975494	37.295712
1685512331849	1685512331839	-10.278	-6.093	1.496	-0.944	0.071	0.783	-1.161	-9.840	3.546	126.975494	37.295712
1685512331861	1685512331850	-11.035	-6.325	1.583	-0.850	0.078	0.643	-1.180	-10.084	3.381	126.975494	37.295712
1685512331870	1685512331861	-11.638	-6.388	1.697	-0.776	0.126	0.494	-1.551	-10.226	3.199	126.975494	37.295712
1685512331880	1685512331872	-11.782	-6.555	1.743	-0.701	0.193	0.354	-2.337	-10.530	3.256	126.975494	37.295712
1685512331889	1685512331880	-11.303	-6.694	1.851	-0.600	0.205	0.257	-2.964	-10.647	3.349	126.975494	37.295712
1685512331899	1685512331889	-10.613	-6.653	2.045	-0.470	0.144	0.211	-3.124	-10.858	3.383	126.975494	37.295712
1685512331912	1685512331899	-9.620	-6.577	2.210	-0.313	0.067	0.167	-2.660	-11.028	3.481	126.975494	37.295712
1685512331921	1685512331912	-8.724	-6.371	2.174	-0.104	0.034	0.079	-1.982	-11.016	3.668	126.975494	37.295712
1685512331931	1685512331921	-8.200	-6.364	2.179	0.137	-0.024	-0.046	-0.996	-10.956	3.826	126.975494	37.295712
1685512331940	1685512331932	-8.392	-6.369	2.145	0.369	-0.067	-0.213	-0.105	-10.760	3.788	126.975494	37.295712
1685512331953	1685512331942	-9.208	-6.381	2.179	0.577	-0.065	-0.439	0.419	-10.748	3.795	126.975494	37.295712
1685512331961	1685512331953	-10.544	-6.330	2.152	0.775	-0.011	-0.709	0.237	-10.728	3.773	126.975494	37.295712
1685512331972	1685512331962	-11.990	-6.426	2.035	0.968	0.065	-0.959	-0.558	-10.693	3.826	126.975494	37.295712
1685512331982	1685512331972	-13.273	-6.393	1.743	1.156	0.095	-1.145	-1.860	-10.561	3.833	126.975494	37.295712
1685512331999	1685512331982	-14.049	-6.345	1.358	1.341	0.051	-1.263	-3.270	-10.566	3.759	126.975494	37.295712
1685512331999	1685512331999	-14.286	-6.220	1.099	1.515	-0.056	-1.312	-4.511	-10.412	3.522	126.975494	37.295712
1685512332031	1685512332000	-14.267	-6.057	0.754	1.654	-0.213	-1.321	-5.236	-10.228	3.194	126.975494	37.295712
1685512332032	1685512332031	-14.119	-5.686	0.560	1.720	-0.375	-1.339	-5.423	-9.960	2.988	126.975494	37.295712
1685512332033	1685512332032	-13.817	-5.509	0.486	1.699	-0.509	-1.399	-5.351	-9.649	2.684	126.975494	37.295712
1685512332039	1685512332033	-13.281	-5.286	0.457	1.597	-0.619	-1.498	-5.138	-9.093	2.523	126.975494	37.295712
1685512332050	1685512332039	-12.505	-5.028	0.433	1.439	-0.706	-1.624	-4.791	-8.789	2.456	126.975494	37.295712
1685512332060	1685512332051	-11.722	-4.841	0.407	1.256	-0.793	-1.768	-4.195	-8.399	2.423	126.975494	37.295712
1685512332074	1685512332061	-11.018	-4.542	0.419	1.067	-0.881	-1.930	-3.357	-7.963	2.377	126.975494	37.295712
1685512332081	1685512332074	-10.297	-4.350	0.493	0.885	-0.947	-2.116	-2.507	-7.590	2.315	126.975494	37.295712
1685512332090	1685512332081	-9.859	-4.207	0.469	0.715	-0.991	-2.332	-1.736	-7.092	2.274	126.975494	37.295712
1685512332101	1685512332091	-9.644	-4.125	0.493	0.557	-1.015	-2.566	-0.939	-6.665	2.274	126.975494	37.295712
1685512332110	1685512332101	-9.500	-4.137	0.491	0.421	-1.016	-2.800	-0.438	-6.314	2.181	126.975494	37.295712
1685512332119	1685512332111	-9.448	-4.096	0.326	0.324	-1.008	-3.027	-0.156	-5.981	2.119	126.975494	37.295712
1685512332129	1685512332119	-9.483	-4.008	0.275	0.270	-0.993	-3.235	0.050	-5.720	2.028	126.975494	37.295712
1685512332138	1685512332130	-9.574	-4.037	0.187	0.264	-0.981	-3.405	0.168	-5.353	1.762	126.975494	37.295712
1685512332148	1685512332144	-9.527	-3.970	0.036	0.315	-0.968	-3.530	0.177	-4.980	1.628	126.975494	37.295712
1685512332157	1685512332148	-9.570	-3.948	-0.048	0.421	-0.951	-3.616	0.129	-4.642	1.437	126.975494	37.295712
1685512332167	1685512332157	-9.649	-3.761	-0.136	0.571	-0.918	-3.674	0.201	-4.264	1.202	126.975494	37.295712
1685512332177	1685512332167	-9.646	-3.663	-0.292	0.750	-0.870	-3.698	0.172	-3.886	1.027	126.975494	37.295712
1685512332188	1685512332177	-9.646	-3.498	-0.352	0.943	-0.819	-3.685	0.093	-3.335	0.848	126.975494	37.295712
1685512332197	1685512332188	-9.579	-3.359	-0.467	1.130	-0.775	-3.632	0.081	-2.868	0.601	126.975494	37.295712
1685512332210	1685512332197	-9.448	-3.103	-0.546	1.299	-0.738	-3.545	0.053	-2.337	0.453	126.975494	37.295712
1685512332217	1685512332210	-9.270	-2.897	-0.596	1.436	-0.705	-3.431	0.072	-1.803	0.239	126.975494	37.295712
1685512332227	1685512332217	-9.167	-2.737	-0.642	1.523	-0.673	-3.289	0.153	-1.231	0.077	126.975494	37.295712
1685512332237	1685512332227	-8.973	-2.533	-0.716	1.560	-0.646	-3.128	0.259	-0.656	-0.079	126.975494	37.295712
1685512332248	1685512332237	-8.856	-2.488	-0.678	1.544	-0.616	-2.954	0.292	-0.201	-0.215	126.975494	37.295712
1685512332258	1685512332249	-8.691	-2.337	-0.625	1.489	-0.589	-2.764	0.402	0.306	-0.393	126.975502	37.295700
1685512332268	1685512332258	-8.523	-2.349	-0.675	1.407	-0.562	-2.555	0.433	0.632	-0.457	126.975502	37.295700
1685512332278	1685512332268	-8.344	-2.294	-0.678	1.316	-0.542	-2.334	0.503	1.061	-0.512	126.975502	37.295700
1685512332287	1685512332278	-8.296	-2.176	-0.618	1.212	-0.516	-2.105	0.596	1.243	-0.639	126.975502	37.295700
1685512332298	1685512332288	-8.332	-2.193	-0.654	1.096	-0.485	-1.880	0.704	1.475	-0.716	126.975502	37.295700
1685512332311	1685512332298	-8.447	-2.162	-0.692	0.970	-0.456	-1.657	0.692	1.733	-0.718	126.975502	37.295700
1685512332318	1685512332311	-8.543	-2.131	-0.718	0.839	-0.412	-1.436	0.603	1.836	-0.814	126.975502	37.295700
1685512332328	1685512332318	-8.538	-2.100	-0.819	0.709	-0.371	-1.218	0.441	1.968	-0.905	126.975502	37.295700
1685512332338	1685512332328	-8.528	-2.112	-0.752	0.568	-0.357	-1.004	0.292	2.109	-0.991	126.975502	37.295700
1685512332349	1685512332338	-8.552	-2.045	-0.864	0.404	-0.345	-0.789	0.273	2.188	-1.120	126.975502	37.295700
1685512332359	1685512332349	-8.724	-2.042	-0.862	0.222	-0.303	-0.582	0.254	2.229	-1.087	126.975502	37.295700
1685512332370	1685512332359	-9.191	-2.119	-1.034	0.026	-0.246	-0.384	0.211	2.332	-1.228	126.975502	37.295700
1685512332380	1685512332371	-9.979	-2.274	-1.113	-0.187	-0.144	-0.189	0.026	2.358	-1.245	126.975502	37.295700
1685512332391	1685512332381	-10.669	-2.483	-1.223	-0.402	0.005	0.010	-0.441	2.286	-1.422	126.975502	37.295700
1685512332402	1685512332391	-11.133	-2.689	-1.269	-0.596	0.149	0.231	-1.223	2.119	-1.484	126.975502	37.295700
1685512332415	1685512332402	-11.202	-2.799	-1.080	-0.757	0.254	0.497	-1.887	1.863	-1.551	126.975502	37.295700
1685512332419	1685512332415	-10.795	-3.010	-0.871	-0.869	0.320	0.820	-2.342	1.638	-1.554	126.975502	37.295700
1685512332430	1685512332419	-10.259	-3.244	-0.486	-0.920	0.391	1.159	-2.389	1.489	-1.314	126.975502	37.295700
1685512332438	1685512332430	-9.787	-3.440	-0.127	-0.914	0.496	1.459	-1.939	1.195	-1.027	126.975502	37.295700
1685512332449	1685512332438	-9.479	-3.694	0.297	-0.841	0.632	1.684	-1.365	0.879	-0.584	126.975502	37.295700
1685512332458	1685512332449	-9.685	-3.867	0.596	-0.683	0.801	1.841	-0.821	0.524	-0.127	126.975502	37.295700
1685512332467	1685512332458	-10.056	-3.965	0.898	-0.434	0.987	1.939	-0.460	0.151	0.366	126.975502	37.295700
1685512332478	1685512332467	-10.527	-3.943	1.113	-0.105	1.158	1.985	-0.591	-0.204	0.773	126.975502	37.295700
1685512332489	1685512332478	-11.147	-3.792	1.171	0.279	1.295	2.005	-0.900	-0.467	1.171	126.975502	37.295700
1685512332497	1685512332489	-11.705	-3.646	1.032	0.655	1.381	2.031	-1.302	-0.646	1.508	126.975502	37.295700
1685512332509	1685512332497	-12.383	-3.280	0.948	0.983	1.428	2.056	-1.870	-0.663	1.666	126.975502	37.295700
1685512332517	1685512332509	-12.649	-2.966	0.785	1.233	1.434	2.076	-2.363	-0.740	1.657	126.975502	37.295700
1685512332529	1685512332517	-12.481	-2.579	0.656	1.359	1.361	2.096	-2.998	-0.539	1.669	126.975502	37.295700
1685512332537	1685512332529	-12.117	-2.200	0.510	1.335	1.216	2.140	-3.215	-0.431	1.618	126.975502	37.295700
1685512332549	1685512332538	-11.492	-1.810	0.381	1.148	1.046	2.192	-3.012	-0.211	1.575	126.975502	37.295700
1685512332560	1685512332549	-10.934	-1.693	0.333	0.799	0.899	2.222	-2.612	-0.022	1.513	126.975502	37.295700
1685512332569	1685512332560	-10.439	-1.793	0.407	0.318	0.804	2.232	-1.951	0.170	1.460	126.975502	37.295700
1685512332578	1685512332569	-10.005	-2.016	0.594	-0.244	0.775	2.224	-1.360	0.062	1.492	126.975502	37.295700
1685512332588	1685512332578	-9.689	-2.435	0.821	-0.816	0.799	2.199	-0.838	-0.225	1.630	126.975502	37.295700
1685512332599	1685512332588	-9.347	-2.801	1.044	-1.311	0.836	2.167	-0.383	-0.663	1.894	126.975502	37.295700
1685512332611	1685512332599	-8.938	-3.187	1.171	-1.666	0.837	2.139	-0.050	-1.307	2.210	126.975502	37.295700
1685512332618	1685512332611	-8.571	-3.498	1.274	-1.877	0.827	2.118	0.302	-1.901	2.526	126.975502	37.295700
1685512332628	1685512332618	-8.384	-3.737	1.369	-1.947	0.812	2.104	0.713	-2.519	2.746	126.975502	37.295700
1685512332639	1685512332628	-8.315	-3.941	1.487	-1.889	0.781	2.093	1.077	-3.112	2.957	126.975502	37.295700
1685512332650	1685512332639	-8.236	-3.991	1.551	-1.720	0.768	2.079	1.259	-3.541	3.120	126.975502	37.295700
1685512332659	1685512332651	-8.370	-3.903	1.528	-1.478	0.777	2.064	1.314	-3.979	3.314	126.975502	37.295700
1685512332671	1685512332659	-8.274	-3.795	1.456	-1.197	0.765	2.045	1.377	-4.262	3.450	126.975502	37.295700
1685512332680	1685512332671	-8.317	-3.795	1.453	-0.938	0.723	2.034	1.219	-4.401	3.496	126.975502	37.295700
1685512332690	1685512332680	-8.246	-3.673	1.477	-0.742	0.677	2.031	1.288	-4.513	3.488	126.975502	37.295700
1685512332700	1685512332691	-8.399	-3.673	1.535	-0.618	0.646	2.027	1.223	-4.693	3.515	126.975502	37.295700
1685512332712	1685512332700	-8.712	-3.685	1.575	-0.571	0.641	2.015	1.281	-4.697	3.551	126.975502	37.295700
1685512332721	1685512332712	-9.050	-3.689	1.563	-0.584	0.663	1.994	1.109	-4.836	3.618	126.975502	37.295700
1685512332732	1685512332721	-9.416	-3.833	1.480	-0.635	0.690	1.968	0.776	-4.982	3.666	126.975502	37.295700
1685512332742	1685512332732	-9.586	-3.994	1.506	-0.707	0.707	1.949	0.412	-5.138	3.670	126.975502	37.295700
1685512332753	1685512332742	-9.776	-4.216	1.542	-0.793	0.693	1.933	0.026	-5.397	3.594	126.975502	37.295700
1685512332763	1685512332753	-9.924	-4.338	1.669	-0.886	0.655	1.919	-0.175	-5.717	3.644	126.975502	37.295700
1685512332773	1685512332763	-9.998	-4.480	1.717	-0.963	0.621	1.906	-0.393	-6.069	3.697	126.975502	37.295700
1685512332782	1685512332774	-9.833	-4.518	1.688	-1.014	0.585	1.885	-0.579	-6.352	3.845	126.975502	37.295700
1685512332794	1685512332782	-9.661	-4.650	1.659	-1.064	0.514	1.856	-0.697	-6.663	3.915	126.975502	37.295700
1685512332805	1685512332794	-9.345	-4.788	1.597	-1.120	0.445	1.813	-0.582	-6.883	3.907	126.975502	37.295700
1685512332826	1685512332806	-9.273	-4.841	1.676	-1.170	0.396	1.751	-0.462	-7.202	3.895	126.975502	37.295700
1685512332827	1685512332826	-9.371	-4.920	1.621	-1.205	0.365	1.663	-0.208	-7.549	3.845	126.975502	37.295700
1685512332832	1685512332827	-9.627	-5.004	1.678	-1.229	0.356	1.554	-0.189	-7.767	3.926	126.975502	37.295700
1685512332844	1685512332832	-9.934	-5.260	1.733	-1.250	0.360	1.442	-0.352	-8.042	3.867	126.975502	37.295700
1685512332853	1685512332844	-10.113	-5.492	1.836	-1.251	0.371	1.339	-0.661	-8.277	3.917	126.975502	37.295700
1685512332861	1685512332853	-10.118	-5.665	1.987	-1.208	0.378	1.262	-1.022	-8.689	3.962	126.975502	37.295700
1685512332871	1685512332861	-10.137	-5.839	2.105	-1.108	0.358	1.211	-1.257	-9.069	4.056	126.975502	37.295700
1685512332881	1685512332872	-10.044	-5.921	2.040	-0.955	0.335	1.173	-1.322	-9.392	4.195	126.975502	37.295700
1685512332891	1685512332881	-9.993	-5.976	1.944	-0.767	0.321	1.139	-1.391	-9.685	4.302	126.975502	37.295700
1685512332901	1685512332892	-10.075	-5.978	1.630	-0.580	0.304	1.098	-1.350	-9.890	4.231	126.975502	37.295700
1685512332914	1685512332902	-10.652	-6.045	1.599	-0.430	0.277	1.042	-1.353	-10.060	4.130	126.975502	37.295700
1685512332922	1685512332914	-11.631	-6.330	1.678	-0.340	0.274	0.958	-1.487	-10.171	3.819	126.975502	37.295700
1685512332932	1685512332922	-12.352	-6.462	1.748	-0.298	0.315	0.839	-2.114	-10.336	3.792	126.975502	37.295700
1685512332941	1685512332932	-12.524	-6.673	1.681	-0.258	0.353	0.717	-3.151	-10.728	3.883	126.975502	37.295700
1685512332952	1685512332942	-12.141	-6.907	1.930	-0.204	0.312	0.635	-3.907	-10.922	3.962	126.975502	37.295700
1685512332962	1685512332952	-11.315	-7.080	2.181	-0.136	0.195	0.590	-4.118	-11.198	3.915	126.975502	37.295700
1685512332973	1685512332962	-10.228	-7.072	2.167	-0.040	0.073	0.523	-3.771	-11.492	4.180	126.975502	37.295700
1685512332982	1685512332973	-9.409	-7.008	2.236	0.105	-0.031	0.411	-2.981	-11.722	4.444	126.975502	37.295700
1685512332992	1685512332982	-9.100	-6.900	2.203	0.281	-0.110	0.254	-1.915	-11.753	4.432	126.975502	37.295700
1685512333001	1685512332992	-9.579	-6.898	2.195	0.464	-0.134	0.028	-1.118	-11.727	4.503	126.975502	37.295700
1685512333026	1685512333001	-10.489	-6.907	2.076	0.657	-0.110	-0.276	-0.819	-11.631	4.475	126.975502	37.295700
1685512333027	1685512333026	-11.578	-7.022	1.992	0.863	-0.075	-0.608	-1.295	-11.619	4.480	126.975502	37.295700
1685512333031	1685512333027	-12.498	-7.051	1.894	1.082	-0.067	-0.902	-2.191	-11.595	4.379	126.975502	37.295700
1685512333041	1685512333032	-13.209	-6.766	1.489	1.299	-0.117	-1.146	-3.249	-11.633	4.331	126.975502	37.295700
1685512333052	1685512333041	-13.652	-6.488	1.058	1.483	-0.236	-1.345	-4.130	-11.571	4.274	126.975502	37.295700
1685512333062	1685512333053	-13.862	-6.268	0.785	1.616	-0.387	-1.497	-4.776	-11.133	3.926	126.975502	37.295700
1685512333071	1685512333063	-13.992	-6.050	0.608	1.686	-0.546	-1.629	-5.169	-10.736	3.529	126.975502	37.295700
1685512333080	1685512333071	-13.898	-5.605	0.362	1.691	-0.682	-1.786	-5.301	-10.329	3.294	126.975502	37.295700
1685512333092	1685512333081	-13.661	-5.329	0.108	1.627	-0.798	-1.967	-5.358	-9.948	3.136	126.975502	37.295700
1685512333102	1685512333092	-13.118	-4.994	-0.089	1.510	-0.913	-2.144	-5.171	-9.285	2.895	126.975502	37.295700
1685512333112	1685512333102	-12.529	-4.719	-0.136	1.357	-1.014	-2.315	-4.853	-8.815	2.629	126.975502	37.295700
1685512333120	1685512333112	-11.830	-4.465	-0.108	1.191	-1.100	-2.490	-4.195	-8.207	2.397	126.975502	37.295700
1685512333130	1685512333120	-11.349	-4.300	-0.151	1.010	-1.163	-2.685	-3.529	-7.740	2.310	126.975502	37.295700
1685512333139	1685512333130	-11.068	-4.056	-0.120	0.820	-1.190	-2.899	-2.713	-7.180	2.260	126.975502	37.295700
1685512333150	1685512333139	-10.748	-4.001	-0.148	0.635	-1.185	-3.118	-2.152	-6.800	2.152	126.975502	37.295700
1685512333159	1685512333150	-10.678	-4.017	-0.266	0.470	-1.168	-3.328	-1.769	-6.239	2.083	126.975502	37.295700
1685512333169	1685512333159	-10.628	-4.005	-0.318	0.342	-1.142	-3.515	-1.358	-5.880	1.958	126.975502	37.295700
1685512333179	1685512333169	-10.652	-3.941	-0.278	0.270	-1.117	-3.664	-1.199	-5.540	1.729	126.975502	37.295700
1685512333189	1685512333179	-10.441	-4.063	-0.304	0.269	-1.087	-3.769	-1.087	-5.222	1.583	126.975502	37.295700
1685512333199	1685512333189	-10.376	-3.972	-0.338	0.332	-1.056	-3.841	-1.051	-4.800	1.518	126.975502	37.295700
1685512333211	1685512333199	-10.252	-3.919	-0.505	0.447	-1.025	-3.877	-0.797	-4.556	1.389	126.975502	37.295700
1685512333219	1685512333211	-10.029	-3.814	-0.570	0.608	-0.991	-3.864	-0.704	-4.089	1.255	126.975502	37.295700
1685512333229	1685512333219	-9.898	-3.733	-0.632	0.805	-0.940	-3.812	-0.565	-3.654	0.986	126.975502	37.295700
1685512333239	1685512333229	-9.668	-3.553	-0.697	1.014	-0.875	-3.730	-0.350	-3.089	0.804	126.975502	37.295700
1685512333253	1685512333239	-9.596	-3.390	-0.843	1.223	-0.822	-3.627	-0.235	-2.703	0.663	126.975510	37.295685
1685512333259	1685512333253	-9.359	-3.194	-0.826	1.417	-0.770	-3.499	-0.038	-2.150	0.503	126.975510	37.295685
1685512333270	1685512333260	-9.251	-3.041	-0.936	1.581	-0.715	-3.344	-0.014	-1.626	0.256	126.975510	37.295685
1685512333279	1685512333270	-9.038	-2.885	-1.020	1.698	-0.668	-3.170	0.160	-1.080	0.172	126.975510	37.295685
1685512333289	1685512333279	-8.966	-2.612	-0.986	1.761	-0.638	-2.990	0.199	-0.594	-0.038	126.975510	37.295685
1685512333299	1685512333289	-8.792	-2.579	-0.986	1.765	-0.615	-2.803	0.326	-0.096	-0.242	126.975510	37.295685
1685512333311	1685512333299	-8.770	-2.497	-1.020	1.726	-0.596	-2.612	0.323	0.438	-0.306	126.975510	37.295685
1685512333319	1685512333311	-8.823	-2.461	-0.941	1.654	-0.577	-2.425	0.414	0.742	-0.419	126.975510	37.295685
1685512333331	1685512333320	-8.871	-2.351	-0.989	1.555	-0.558	-2.246	0.350	1.065	-0.563	126.975510	37.295685
1685512333340	1685512333332	-8.983	-2.306	-0.960	1.431	-0.550	-2.070	0.208	1.334	-0.599	126.975510	37.295685
1685512333351	1685512333342	-9.127	-2.224	-0.907	1.279	-0.544	-1.888	0.096	1.599	-0.728	126.975510	37.295685
1685512333361	1685512333351	-9.165	-2.169	-0.970	1.108	-0.519	-1.698	-0.086	1.808	-0.790	126.975510	37.295685
1685512333372	1685512333362	-9.151	-2.255	-1.032	0.933	-0.490	-1.504	-0.273	1.985	-0.797	126.975510	37.295685
1685512333382	1685512333372	-9.060	-2.207	-1.058	0.759	-0.473	-1.299	-0.354	2.131	-0.919	126.975510	37.295685
1685512333393	1685512333383	-8.933	-2.234	-1.025	0.585	-0.448	-1.089	-0.373	2.114	-1.030	126.975510	37.295685
1685512333401	1685512333394	-8.938	-2.289	-1.001	0.418	-0.406	-0.886	-0.309	2.212	-1.094	126.975510	37.295685
1685512333422	1685512333403	-8.782	-2.418	-0.924	0.253	-0.348	-0.695	-0.196	2.215	-1.087	126.975510	37.295685
1685512333423	1685512333422	-8.698	-2.523	-0.974	0.110	-0.280	-0.517	-0.211	2.179	-1.085	126.975510	37.295685
1685512333431	1685512333423	-8.938	-2.500	-1.010	-0.006	-0.202	-0.347	-0.050	2.042	-1.008	126.975510	37.295685
1685512333442	1685512333431	-9.459	-2.624	-0.895	-0.095	-0.106	-0.189	0.036	1.925	-1.056	126.975510	37.295685
1685512333452	1685512333443	-10.029	-2.799	-0.771	-0.154	0.011	-0.043	-0.187	1.923	-1.073	126.975510	37.295685
1685512333461	1685512333452	-10.475	-2.947	-0.685	-0.187	0.143	0.106	-0.690	1.760	-0.929	126.975510	37.295685
1685512333472	1685512333461	-10.728	-2.842	-0.838	-0.191	0.257	0.286	-1.231	1.528	-0.761	126.975510	37.295685
1685512333482	1685512333472	-10.874	-2.868	-0.917	-0.170	0.334	0.514	-1.640	1.305	-0.615	126.975510	37.295685
1685512333492	1685512333482	-10.788	-2.842	-0.718	-0.144	0.381	0.776	-1.860	1.336	-0.716	126.975510	37.295685
1685512333500	1685512333493	-10.350	-2.806	-0.615	-0.149	0.429	1.026	-1.970	1.228	-0.742	126.975510	37.295685
1685512333513	1685512333501	-9.685	-2.971	-0.548	-0.206	0.472	1.246	-1.853	1.185	-0.503	126.975510	37.295685
1685512333526	1685512333513	-9.182	-3.033	-0.496	-0.290	0.502	1.444	-1.374	1.128	-0.354	126.975510	37.295685
1685512333530	1685512333526	-9.179	-3.100	-0.213	-0.359	0.553	1.604	-0.661	0.850	-0.237	126.975510	37.295685
1685512333540	1685512333531	-9.694	-3.148	0.081	-0.412	0.668	1.685	-0.096	0.630	-0.117	126.975510	37.295685
1685512333550	1685512333540	-10.570	-3.512	0.297	-0.430	0.841	1.704	-0.045	0.433	0.215	126.975510	37.295685
1685512333559	1685512333550	-11.468	-3.704	0.515	-0.379	1.034	1.731	-0.500	0.220	0.589	126.975510	37.295685
1685512333571	1685512333559	-11.947	-3.776	0.615	-0.264	1.205	1.807	-1.324	-0.309	0.895	126.975510	37.295685
1685512333581	1685512333572	-12.143	-3.666	0.577	-0.094	1.272	1.947	-2.174	-0.666	1.216	126.975510	37.295685
1685512333592	1685512333581	-12.045	-3.630	0.589	0.104	1.244	2.145	-2.610	-0.907	1.439	126.975510	37.295685
1685512333601	1685512333592	-11.746	-3.656	0.627	0.259	1.203	2.343	-2.758	-0.998	1.532	126.975510	37.295685
1685512333614	1685512333602	-11.293	-3.558	0.591	0.325	1.168	2.485	-2.622	-1.142	1.647	126.975510	37.295685
1685512333621	1685512333614	-10.812	-3.474	0.464	0.315	1.123	2.557	-2.279	-1.389	1.793	126.975510	37.295685
1685512333632	1685512333621	-10.087	-3.294	0.488	0.228	1.069	2.580	-1.788	-1.523	1.863	126.975510	37.295685
1685512333641	1685512333632	-9.419	-3.175	0.496	0.064	1.003	2.574	-1.269	-1.702	1.846	126.975510	37.295685
1685512333651	1685512333641	-8.686	-3.043	0.476	-0.161	0.936	2.530	-0.520	-1.741	1.958	126.975510	37.295685
1685512333660	1685512333651	-8.140	-3.163	0.582	-0.421	0.887	2.439	0.172	-1.915	2.081	126.975510	37.295685
1685512333671	1685512333661	-7.927	-3.333	0.881	-0.689	0.880	2.313	0.917	-1.980	2.133	126.975510	37.295685
1685512333681	1685512333671	-7.824	-3.613	0.979	-0.924	0.913	2.176	1.470	-2.365	2.337	126.975510	37.295685
1685512333692	1685512333682	-7.908	-3.802	1.197	-1.086	0.957	2.046	1.683	-2.746	2.717	126.975510	37.295685
1685512333702	1685512333693	-7.985	-4.013	1.283	-1.167	1.009	1.934	1.779	-3.278	2.916	126.975510	37.295685
1685512333715	1685512333702	-7.898	-4.130	1.398	-1.159	1.037	1.864	1.683	-3.663	3.220	126.975510	37.295685
1685512333724	1685512333715	-7.954	-4.113	1.432	-1.079	1.024	1.842	1.580	-4.125	3.421	126.975510	37.295685
1685512333732	1685512333725	-8.013	-4.178	1.528	-0.952	1.009	1.851	1.647	-4.405	3.615	126.975510	37.295685
1685512333742	1685512333732	-8.253	-4.101	1.484	-0.797	1.012	1.864	1.554	-4.628	3.761	126.975510	37.295685
1685512333756	1685512333743	-8.595	-3.979	1.489	-0.643	1.018	1.862	1.463	-4.870	3.936	126.975510	37.295685
1685512333764	1685512333756	-8.792	-4.061	1.499	-0.523	1.015	1.857	1.199	-4.930	3.943	126.975510	37.295685
1685512333776	1685512333766	-9.177	-4.046	1.496	-0.453	1.010	1.867	0.831	-4.942	4.001	126.975510	37.295685
1685512333784	1685512333777	-9.529	-4.041	1.561	-0.435	0.997	1.892	0.603	-5.169	4.068	126.975510	37.295685
1685512333793	1685512333786	-9.807	-4.005	1.611	-0.453	0.997	1.917	0.194	-5.260	4.104	126.975510	37.295685
1685512333804	1685512333793	-9.998	-4.063	1.662	-0.498	0.976	1.935	-0.184	-5.377	4.211	126.975510	37.295685
1685512333828	1685512333804	-10.015	-4.252	1.645	-0.577	0.935	1.945	-0.498	-5.478	4.312	126.975510	37.295685
1685512333828	1685512333828	-9.969	-4.286	1.671	-0.681	0.876	1.951	-0.730	-5.684	4.415	126.975510	37.295685
1685512333833	1685512333828	-9.907	-4.391	1.602	-0.799	0.801	1.947	-0.807	-6.069	4.475	126.975510	37.295685
1685512333842	1685512333834	-9.843	-4.496	1.518	-0.924	0.727	1.927	-0.836	-6.340	4.583	126.975510	37.295685
1685512333853	1685512333842	-10.092	-4.659	1.472	-1.042	0.670	1.884	-0.826	-6.608	4.559	126.975510	37.295685
1685512333862	1685512333853	-10.489	-4.769	1.492	-1.146	0.649	1.819	-0.824	-6.910	4.515	126.975510	37.295685
1685512333874	1685512333863	-10.874	-5.013	1.566	-1.229	0.650	1.746	-1.142	-7.274	4.503	126.975510	37.295685
1685512333883	1685512333874	-11.265	-5.289	1.700	-1.285	0.640	1.677	-1.609	-7.580	4.549	126.975510	37.295685
1685512333893	1685512333883	-11.320	-5.602	1.894	-1.310	0.613	1.619	-2.064	-8.016	4.645	126.975510	37.295685
1685512333903	1685512333893	-11.281	-5.916	2.004	-1.283	0.579	1.582	-2.533	-8.497	4.798	126.975510	37.295685
1685512333914	1685512333903	-10.997	-5.995	2.126	-1.180	0.555	1.580	-2.653	-8.973	5.001	126.975510	37.295685
1685512333923	1685512333914	-10.621	-6.043	1.980	-1.014	0.529	1.591	-2.689	-9.464	5.116	126.975510	37.295685
1685512333934	1685512333923	-10.451	-5.976	1.954	-0.819	0.495	1.580	-2.478	-9.716	5.243	126.975510	37.295685
1685512333942	1685512333934	-10.214	-6.105	1.721	-0.637	0.454	1.533	-2.186	-9.946	5.104	126.975510	37.295685
1685512333952	1685512333943	-10.482	-6.201	1.666	-0.484	0.415	1.453	-2.088	-10.022	5.085	126.975510	37.295685
