1685512218813	1685512218813	-13.956	-6.244	0.338	1.498	-0.518	-2.814	-6.716	-12.402	2.574	126.974800	37.295425
1685512218815	1685512218813	-13.707	-5.739	0.273	1.361	-0.597	-3.040	-6.258	-11.851	2.545	126.974800	37.295425
1685512218822	1685512218815	-13.410	-5.456	0.220	1.217	-0.665	-3.269	-5.861	-11.337	2.497	126.974800	37.295425
1685512218832	1685512218822	-12.984	-5.291	0.160	1.082	-0.720	-3.488	-5.449	-10.554	2.452	126.974800	37.295425
1685512218841	1685512218832	-12.665	-5.116	0.062	0.965	-0.766	-3.699	-4.968	-9.941	2.401	126.974800	37.295425
1685512218852	1685512218841	-12.491	-5.066	0.024	0.856	-0.801	-3.908	-4.393	-9.486	2.327	126.974800	37.295425
1685512218862	1685512218853	-12.342	-4.872	-0.017	0.760	-0.819	-4.106	-3.907	-8.971	2.203	126.974800	37.295425
1685512218873	1685512218864	-12.215	-4.808	-0.127	0.691	-0.827	-4.279	-3.572	-8.557	2.124	126.974800	37.295425
1685512218881	1685512218873	-12.175	-4.635	-0.278	0.660	-0.834	-4.421	-3.259	-7.939	2.030	126.974800	37.295425
1685512218891	1685512218881	-11.981	-4.496	-0.364	0.660	-0.838	-4.531	-3.005	-7.508	1.870	126.974800	37.295425
1685512218901	1685512218891	-11.878	-4.341	-0.433	0.690	-0.844	-4.611	-2.825	-6.871	1.652	126.974800	37.295425
1685512218911	1685512218902	-11.744	-4.271	-0.510	0.754	-0.841	-4.658	-2.535	-6.337	1.506	126.974800	37.295425
1685512218921	1685512218911	-11.641	-4.104	-0.603	0.854	-0.817	-4.667	-2.342	-5.732	1.367	126.974800	37.295425
1685512218935	1685512218921	-11.466	-3.862	-0.723	0.971	-0.797	-4.641	-2.138	-5.203	1.219	126.974800	37.295425
1685512218943	1685512218935	-11.305	-3.601	-0.871	1.078	-0.771	-4.588	-1.990	-4.571	1.053	126.974800	37.295425
1685512218952	1685512218943	-10.915	-3.395	-0.972	1.169	-0.740	-4.497	-1.791	-3.864	0.860	126.974800	37.295425
1685512218962	1685512218952	-10.542	-3.282	-1.063	1.236	-0.720	-4.371	-1.630	-3.096	0.625	126.974800	37.295425
1685512218973	1685512218962	-10.096	-3.017	-1.085	1.275	-0.701	-4.220	-1.259	-2.483	0.453	126.974800	37.295425
1685512218981	1685512218973	-9.773	-2.957	-1.053	1.288	-0.683	-4.049	-0.929	-1.889	0.271	126.974800	37.295425
1685512218995	1685512218981	-9.500	-2.823	-0.958	1.288	-0.657	-3.864	-0.536	-1.245	0.170	126.974800	37.295425
1685512219001	1685512218995	-9.321	-2.763	-0.982	1.279	-0.632	-3.668	-0.285	-0.783	0.110	126.974800	37.295425
1685512219011	1685512219001	-9.017	-2.507	-1.013	1.253	-0.608	-3.461	-0.096	-0.268	0.113	126.974800	37.295425
1685512219021	1685512219012	-8.674	-2.380	-1.053	1.218	-0.578	-3.239	-0.019	0.180	-0.012	126.974800	37.295425
1685512219031	1685512219021	-8.317	-2.267	-1.190	1.177	-0.556	-3.004	0.192	0.735	-0.129	126.974800	37.295425
1685512219041	1685512219032	-8.179	-2.042	-1.171	1.124	-0.539	-2.754	0.429	1.168	-0.263	126.974800	37.295425
1685512219053	1685512219041	-7.966	-2.066	-1.104	1.056	-0.519	-2.496	0.678	1.563	-0.493	126.974800	37.295425
1685512219061	1685512219054	-8.102	-1.982	-1.101	0.975	-0.490	-2.242	0.711	2.042	-0.567	126.974800	37.295425
1685512219071	1685512219062	-8.112	-2.040	-1.168	0.888	-0.447	-1.982	0.824	2.243	-0.591	126.974800	37.295425
1685512219081	1685512219072	-8.092	-1.954	-1.106	0.806	-0.386	-1.706	0.570	2.569	-0.692	126.974800	37.295425
1685512219092	1685512219081	-7.949	-1.980	-1.173	0.734	-0.334	-1.411	0.488	2.650	-0.824	126.974800	37.295425
1685512219102	1685512219092	-7.913	-1.985	-1.171	0.665	-0.294	-1.107	0.460	2.828	-0.809	126.974800	37.295425
1685512219112	1685512219102	-7.743	-1.901	-1.135	0.585	-0.235	-0.805	0.563	2.878	-0.922	126.974800	37.295425
1685512219121	1685512219112	-7.616	-1.973	-1.238	0.501	-0.162	-0.518	0.565	2.933	-0.960	126.974800	37.295425
1685512219131	1685512219121	-7.762	-1.987	-1.161	0.414	-0.079	-0.244	0.709	3.062	-0.962	126.974800	37.295425
1685512219141	1685512219131	-8.222	-2.193	-1.199	0.327	0.013	0.020	0.807	3.038	-1.109	126.974800	37.295425
1685512219152	1685512219141	-9.052	-2.413	-1.228	0.247	0.123	0.265	0.651	3.043	-1.056	126.974800	37.295425
1685512219161	1685512219152	-9.986	-2.574	-1.156	0.170	0.275	0.502	0.192	2.835	-1.111	126.974800	37.295425
1685512219172	1685512219161	-10.745	-2.646	-1.142	0.090	0.429	0.767	-0.622	2.593	-1.140	126.974800	37.295425
1685512219181	1685512219173	-11.116	-2.851	-0.974	0.035	0.541	1.090	-1.530	2.387	-1.053	126.974800	37.295425
1685512219193	1685512219181	-10.942	-3.017	-0.800	0.007	0.613	1.469	-2.241	2.229	-0.996	126.974800	37.295425
1685512219201	1685512219193	-10.293	-3.177	-0.517	-0.002	0.687	1.861	-2.555	1.920	-0.778	126.974800	37.295425
1685512219212	1685512219202	-9.330	-3.330	-0.302	0.004	0.754	2.217	-2.320	1.640	-0.558	126.974800	37.295425
1685512219221	1685512219212	-8.744	-3.417	-0.110	0.039	0.798	2.506	-1.578	1.302	-0.208	126.974800	37.295425
1685512219233	1685512219222	-9.000	-3.570	0.345	0.099	0.867	2.693	-0.529	0.974	0.065	126.974747	37.295414
1685512219242	1685512219233	-9.977	-3.594	0.809	0.197	1.016	2.762	0.165	0.644	0.330	126.974747	37.295414
1685512219252	1685512219242	-11.521	-3.778	0.931	0.336	1.199	2.744	0.002	0.275	0.852	126.974747	37.295414
1685512219261	1685512219252	-12.912	-4.025	1.063	0.524	1.373	2.731	-0.857	-0.045	1.420	126.974747	37.295414
1685512219272	1685512219261	-13.989	-4.101	1.018	0.753	1.523	2.789	-2.332	-0.429	1.621	126.974747	37.295414
1685512219281	1685512219272	-14.375	-4.025	0.919	0.977	1.592	2.917	-3.632	-0.974	1.884	126.974747	37.295414
1685512219293	1685512219281	-14.166	-3.850	0.771	1.179	1.564	3.111	-4.654	-1.255	1.935	126.974747	37.295414
1685512219301	1685512219293	-13.302	-3.651	0.510	1.304	1.481	3.330	-4.970	-1.468	1.970	126.974747	37.295414
1685512219312	1685512219301	-12.529	-3.488	0.448	1.286	1.368	3.504	-4.709	-1.544	1.930	126.974747	37.295414
1685512219321	1685512219312	-11.937	-3.414	0.292	1.092	1.271	3.577	-3.780	-1.707	1.803	126.974747	37.295414
1685512219332	1685512219322	-11.552	-3.230	0.335	0.739	1.219	3.559	-2.971	-1.798	1.827	126.974747	37.295414
1685512219341	1685512219332	-11.226	-3.093	0.443	0.281	1.197	3.482	-2.342	-2.083	1.788	126.974747	37.295414
1685512219354	1685512219342	-10.781	-3.213	0.625	-0.231	1.174	3.379	-1.935	-2.195	1.927	126.974747	37.295414
1685512219362	1685512219354	-10.302	-3.448	1.001	-0.745	1.130	3.267	-1.597	-2.423	2.160	126.974747	37.295414
1685512219372	1685512219362	-9.792	-3.776	1.132	-1.207	1.095	3.146	-1.156	-2.871	2.456	126.974747	37.295414
1685512219382	1685512219372	-9.323	-4.209	1.302	-1.569	1.047	3.037	-0.697	-3.500	2.964	126.974747	37.295414
1685512219392	1685512219382	-8.950	-4.678	1.439	-1.800	0.999	2.935	-0.208	-4.089	3.177	126.974747	37.295414
1685512219402	1685512219392	-8.782	-4.879	1.571	-1.874	0.981	2.843	0.223	-4.846	3.440	126.974747	37.295414
1685512219413	1685512219403	-8.610	-5.131	1.686	-1.794	0.952	2.766	0.551	-5.634	3.658	126.974747	37.295414
1685512219423	1685512219413	-8.569	-5.282	1.709	-1.578	0.936	2.701	0.663	-6.148	3.862	126.974747	37.295414
1685512219433	1685512219423	-8.677	-5.150	1.750	-1.258	0.926	2.644	0.776	-6.701	4.041	126.974747	37.295414
1685512219441	1685512219433	-8.780	-4.946	1.585	-0.897	0.910	2.582	0.740	-7.171	4.132	126.974747	37.295414
1685512219454	1685512219441	-8.945	-4.784	1.305	-0.564	0.903	2.511	0.563	-7.288	4.226	126.974747	37.295414
1685512219462	1685512219454	-9.187	-4.894	1.173	-0.312	0.918	2.443	0.378	-7.345	4.125	126.974747	37.295414
1685512219475	1685512219462	-9.536	-5.001	1.099	-0.140	0.954	2.387	0.127	-7.424	3.912	126.974747	37.295414
1685512219484	1685512219475	-9.941	-5.013	1.247	-0.012	0.981	2.332	-0.213	-7.788	3.862	126.974747	37.295414
1685512219492	1685512219484	-10.247	-5.069	1.369	0.072	1.027	2.266	-0.651	-8.090	3.862	126.974747	37.295414
1685512219502	1685512219492	-10.499	-5.116	1.496	0.142	1.096	2.210	-1.168	-8.329	4.104	126.974747	37.295414
1685512219512	1685512219502	-10.518	-5.042	1.585	0.238	1.166	2.175	-1.571	-8.562	4.310	126.974747	37.295414
1685512219522	1685512219512	-10.539	-5.013	1.566	0.343	1.200	2.147	-1.935	-8.794	4.537	126.974747	37.295414
1685512219533	1685512219522	-10.338	-5.191	1.611	0.428	1.241	2.099	-2.071	-8.899	4.733	126.974747	37.295414
1685512219542	1685512219533	-10.151	-5.428	1.958	0.511	1.267	2.054	-2.215	-9.038	4.829	126.974747	37.295414
1685512219553	1685512219542	-10.221	-5.638	2.337	0.600	1.269	2.000	-2.143	-9.376	4.994	126.974747	37.295414
1685512219562	1685512219553	-10.302	-5.509	2.535	0.717	1.300	1.919	-2.100	-9.776	5.478	126.974747	37.295414
1685512219572	1685512219562	-10.489	-5.502	2.682	0.874	1.343	1.812	-2.289	-10.111	5.971	126.974747	37.295414
1685512219582	1685512219572	-10.635	-5.567	2.789	1.053	1.374	1.692	-2.519	-10.118	6.318	126.974747	37.295414
1685512219595	1685512219582	-10.556	-5.928	3.067	1.253	1.378	1.580	-2.830	-10.206	6.594	126.974747	37.295414
1685512219604	1685512219595	-10.654	-5.954	3.335	1.483	1.348	1.462	-3.110	-10.360	6.857	126.974747	37.295414
1685512219612	1685512219604	-10.587	-5.574	3.496	1.745	1.335	1.350	-3.165	-10.786	7.298	126.974747	37.295414
1685512219622	1685512219612	-10.336	-5.107	3.579	1.950	1.305	1.257	-3.405	-10.860	7.755	126.974747	37.295414
1685512219633	1685512219623	-10.072	-4.729	3.706	2.067	1.255	1.177	-3.452	-10.496	8.078	126.974747	37.295414
1685512219642	1685512219633	-9.878	-4.401	3.730	2.049	1.185	1.071	-3.323	-10.027	8.351	126.974747	37.295414
1685512219655	1685512219643	-9.919	-3.962	3.615	1.886	1.089	0.924	-3.179	-9.629	8.667	126.974747	37.295414
1685512219663	1685512219655	-10.218	-4.147	3.816	1.625	0.988	0.749	-3.098	-9.270	8.871	126.974747	37.295414
1685512219674	1685512219663	-10.786	-5.061	4.190	1.288	0.870	0.575	-3.239	-8.796	8.921	126.974747	37.295414
1685512219683	1685512219675	-11.710	-5.622	4.650	0.994	0.738	0.404	-3.646	-8.935	9.294	126.974747	37.295414
1685512219696	1685512219683	-12.342	-5.449	4.733	0.875	0.660	0.247	-4.274	-9.823	9.764	126.974747	37.295414
1685512219706	1685512219696	-12.390	-5.284	4.899	0.885	0.539	0.134	-5.260	-10.355	10.319	126.974747	37.295414
1685512219716	1685512219706	-11.976	-5.358	5.061	0.971	0.354	0.098	-5.940	-10.147	10.487	126.974747	37.295414
1685512219726	1685512219717	-11.140	-5.234	5.109	1.074	0.158	0.088	-6.026	-9.941	10.726	126.974747	37.295414
1685512219735	1685512219726	-10.343	-5.064	5.004	1.177	-0.026	0.031	-5.636	-9.962	10.958	126.974747	37.295414
1685512219746	1685512219735	-9.876	-4.946	4.796	1.260	-0.241	-0.067	-4.815	-9.776	11.071	126.974747	37.295414
1685512219758	1685512219746	-10.046	-4.492	4.573	1.344	-0.457	-0.165	-4.017	-9.543	11.011	126.974747	37.295414
1685512219770	1685512219758	-10.635	-4.396	4.317	1.383	-0.652	-0.296	-3.534	-9.345	10.843	126.974747	37.295414
1685512219776	1685512219770	-11.439	-5.090	4.247	1.354	-0.812	-0.479	-3.668	-8.799	10.649	126.974747	37.295414
1685512219788	1685512219776	-12.435	-5.669	4.140	1.371	-0.910	-0.670	-4.199	-8.590	10.412	126.974747	37.295414
1685512219794	1685512219789	-13.578	-5.212	3.895	1.493	-1.001	-0.849	-4.942	-9.182	10.345	126.974747	37.295414
1685512219804	1685512219794	-14.449	-4.583	3.472	1.690	-1.137	-0.982	-5.849	-9.622	10.233	126.974747	37.295414
1685512219815	1685512219804	-14.657	-4.118	3.129	1.923	-1.321	-1.007	-6.907	-9.031	9.981	126.974747	37.295414
1685512219824	1685512219815	-14.545	-4.075	2.940	2.112	-1.528	-0.981	-7.673	-8.234	9.543	126.974747	37.295414
1685512219836	1685512219825	-14.214	-4.503	2.641	2.170	-1.735	-0.988	-7.764	-7.582	9.179	126.974747	37.295414
1685512219844	1685512219836	-14.121	-5.171	2.284	2.098	-1.914	-1.080	-7.527	-7.343	8.954	126.974747	37.295414
1685512219856	1685512219844	-14.502	-5.076	2.014	2.065	-1.996	-1.196	-7.061	-7.573	8.602	126.974747	37.295414
1685512219864	1685512219856	-14.305	-4.547	1.793	2.149	-2.079	-1.262	-6.809	-8.018	8.159	126.974747	37.295414
1685512219875	1685512219864	-13.664	-4.695	1.453	2.188	-2.293	-1.301	-7.056	-7.733	7.807	126.974747	37.295414
1685512219885	1685512219875	-13.032	-5.069	1.202	2.195	-2.498	-1.349	-6.692	-6.965	7.475	126.974747	37.295414
1685512219897	1685512219885	-12.605	-4.693	1.056	2.265	-2.612	-1.433	-5.906	-6.912	7.022	126.974747	37.295414
1685512219905	1685512219898	-12.500	-3.874	0.955	2.376	-2.705	-1.569	-5.109	-7.061	6.622	126.974747	37.295414
1685512219916	1685512219905	-12.086	-3.795	0.790	2.470	-2.815	-1.696	-4.515	-6.448	6.309	126.974747	37.295414
1685512219926	1685512219916	-11.674	-3.682	0.821	2.494	-2.916	-1.796	-4.231	-5.353	6.007	126.974747	37.295414
1685512219937	1685512219926	-11.317	-4.010	1.010	2.476	-2.972	-1.924	-3.668	-5.035	5.660	126.974747	37.295414
1685512219946	1685512219937	-11.183	-4.621	0.646	2.458	-3.015	-2.083	-3.098	-4.652	5.471	126.974747	37.295414
1685512219959	1685512219947	-11.799	-4.389	0.728	2.572	-2.988	-2.214	-2.591	-4.702	5.423	126.974747	37.295414
1685512219975	1685512219960	-11.736	-3.922	0.419	2.972	-2.889	-2.239	-2.315	-5.023	4.808	126.974747	37.295414
1685512219976	1685512219975	-11.315	-4.348	0.352	3.316	-2.993	-2.186	-2.806	-4.489	4.628	126.974747	37.295414
1685512219991	1685512219976	-11.092	-3.869	0.328	3.635	-3.074	-2.110	-2.614	-3.646	4.003	126.974747	37.295414
1685512219995	1685512219991	-11.107	-3.017	0.165	3.968	-3.093	-2.032	-2.119	-3.819	3.706	126.974747	37.295414
1685512220004	1685512219995	-11.016	-2.516	0.168	4.129	-3.115	-1.954	-1.810	-3.029	3.371	126.974747	37.295414
1685512220016	1685512220004	-10.788	-2.339	0.220	4.186	-3.065	-1.837	-1.757	-1.872	2.883	126.974747	37.295414
1685512220025	1685512220017	-10.451	-2.471	0.122	4.071	-3.040	-1.779	-1.611	-1.085	2.538	126.974747	37.295414
1685512220034	1685512220025	-10.362	-2.346	0.072	3.812	-3.007	-1.772	-1.346	-0.642	2.236	126.974747	37.295414
1685512220046	1685512220035	-10.068	-2.310	0.093	3.550	-2.938	-1.698	-0.982	-0.508	1.741	126.974747	37.295414
1685512220056	1685512220046	-9.680	-2.267	-0.043	3.279	-2.887	-1.534	-0.888	-0.182	1.362	126.974747	37.295414
1685512220065	1685512220057	-9.388	-1.796	-0.005	3.096	-2.798	-1.360	-0.599	0.053	1.027	126.974747	37.295414
1685512220076	1685512220065	-8.928	-1.745	-0.108	3.024	-2.696	-1.194	-0.227	0.266	0.536	126.974747	37.295414
1685512220085	1685512220076	-8.830	-1.738	-0.156	2.916	-2.623	-1.043	0.036	0.891	0.194	126.974747	37.295414
1685512220093	1685512220085	-8.543	-1.705	-0.002	2.834	-2.479	-0.929	0.467	1.044	-0.208	126.974747	37.295414
1685512220103	1685512220093	-8.289	-1.925	-0.405	2.742	-2.338	-0.825	0.524	1.149	-0.618	126.974747	37.295414
1685512220112	1685512220103	-8.308	-1.425	-0.357	2.633	-2.175	-0.728	0.776	1.247	-0.749	126.974747	37.295414
1685512220122	1685512220113	-8.092	-1.329	-0.294	2.552	-1.963	-0.618	0.984	1.077	-1.451	126.974747	37.295414
1685512220134	1685512220122	-8.064	-1.369	-0.084	2.343	-1.808	-0.497	0.917	1.614	-1.683	126.974747	37.295414
1685512220142	1685512220134	-7.898	-1.688	-0.124	2.045	-1.627	-0.407	1.085	1.731	-1.879	126.974747	37.295414
1685512220153	1685512220143	-7.887	-1.379	-0.007	1.723	-1.433	-0.341	1.068	1.695	-1.906	126.974747	37.295414
1685512220162	1685512220153	-7.673	-1.563	-0.127	1.500	-1.214	-0.279	1.185	1.374	-2.176	126.974747	37.295414
1685512220172	1685512220162	-7.774	-1.463	-0.144	1.280	-1.027	-0.219	1.173	1.664	-2.191	126.974747	37.295414
1685512220182	1685512220172	-8.021	-1.537	-0.168	1.136	-0.816	-0.167	1.346	1.468	-2.480	126.974747	37.295414
1685512220194	1685512220182	-8.590	-1.547	-0.278	0.998	-0.601	-0.142	1.216	1.559	-2.614	126.974747	37.295414
1685512220202	1685512220194	-9.139	-1.465	-0.706	0.916	-0.332	-0.126	0.946	1.470	-2.746	126.974747	37.295414
1685512220213	1685512220202	-9.505	-1.420	-0.673	0.856	-0.033	-0.103	0.354	1.448	-2.940	126.974747	37.295414
1685512220222	1685512220213	-9.790	-1.305	-0.304	0.765	0.259	-0.062	-0.206	1.513	-3.438	126.974747	37.295414
1685512220232	1685512220222	-9.845	-1.317	0.096	0.602	0.522	-0.007	-0.577	1.547	-3.428	126.974747	37.295414
1685512220242	1685512220232	-9.756	-1.396	0.163	0.385	0.795	0.040	-0.855	1.645	-3.057	126.974747	37.295414
1685512220254	1685512220242	-9.366	-1.080	0.294	0.204	1.082	0.077	-0.898	1.618	-2.631	126.974747	37.295414
1685512220262	1685512220255	-9.263	-0.967	0.515	0.101	1.337	0.111	-0.788	1.525	-2.504	126.974747	37.295414
1685512220272	1685512220262	-9.340	-0.584	0.697	0.044	1.525	0.149	-0.366	1.829	-2.282	126.974747	37.295418
1685512220282	1685512220272	-9.799	-0.043	0.778	0.023	1.682	0.173	-0.215	1.927	-1.908	126.974747	37.295418
1685512220295	1685512220283	-10.238	0.254	0.807	-0.020	1.822	0.193	-0.242	2.270	-1.580	126.974747	37.295418
1685512220302	1685512220295	-11.181	0.328	0.893	-0.149	1.955	0.232	-0.634	2.758	-1.286	126.974747	37.295418
1685512220313	1685512220302	-12.124	0.388	0.860	-0.379	2.094	0.286	-1.010	2.993	-1.058	126.974747	37.295418
1685512220323	1685512220314	-12.706	0.271	0.778	-0.720	2.227	0.359	-1.884	2.986	-0.723	126.974747	37.295418
1685512220333	1685512220323	-12.704	-0.429	0.570	-1.238	2.330	0.463	-2.772	2.969	-0.543	126.974747	37.295418
1685512220343	1685512220333	-12.699	-1.264	0.182	-1.945	2.392	0.594	-3.309	2.823	-0.352	126.974747	37.295418
1685512220355	1685512220343	-12.819	-1.374	0.019	-2.566	2.462	0.735	-3.278	2.100	-0.359	126.974747	37.295418
1685512220368	1685512220355	-12.684	-1.566	-0.098	-2.913	2.518	0.913	-3.237	1.219	-0.445	126.974747	37.295418
1685512220375	1685512220368	-12.337	-1.834	-0.096	-3.202	2.529	1.065	-3.328	1.056	-0.342	126.974747	37.295418
1685512220386	1685512220376	-11.887	-1.867	-0.194	-3.447	2.568	1.152	-3.163	0.766	-0.089	126.974747	37.295418
1685512220394	1685512220386	-11.392	-1.923	-0.115	-3.703	2.588	1.185	-2.799	0.414	0.163	126.974747	37.295418
1685512220404	1685512220394	-10.810	-2.485	-0.031	-4.035	2.617	1.189	-2.332	0.230	0.450	126.974747	37.295418
1685512220415	1685512220405	-10.350	-2.804	-0.096	-4.387	2.672	1.174	-1.834	0.045	0.819	126.974747	37.295418
1685512220424	1685512220415	-9.651	-3.235	-0.223	-4.489	2.782	1.153	-1.257	-0.673	1.228	126.974747	37.295418
1685512220436	1685512220424	-9.711	-3.328	-0.019	-4.220	2.915	1.195	-0.816	-1.166	1.494	126.974747	37.295418
1685512220444	1685512220436	-10.070	-2.703	0.812	-3.465	3.085	1.295	-0.148	-1.786	1.702	126.974747	37.295418
1685512220456	1685512220445	-10.199	-2.634	1.614	-2.387	3.166	1.418	-0.251	-2.081	2.239	126.974747	37.295418
1685512220465	1685512220456	-10.084	-2.650	1.992	-1.443	3.069	1.378	-0.678	-1.683	3.433	126.974747	37.295418
1685512220476	1685512220465	-10.094	-2.349	2.083	-0.748	3.063	1.139	-0.874	-1.791	4.523	126.974747	37.295418
1685512220485	1685512220476	-9.716	-1.961	2.126	-0.354	3.097	0.891	-0.852	-1.997	5.227	126.974747	37.295418
1685512220498	1685512220486	-10.886	-1.202	2.978	-0.290	3.129	0.749	-0.948	-1.812	5.574	126.974747	37.295418
1685512220506	1685512220498	-10.992	-0.024	3.000	-0.545	3.106	0.689	-0.678	-1.518	5.902	126.974747	37.295418
1685512220517	1685512220507	-10.862	-2.452	1.817	-1.349	2.990	0.486	-1.968	-0.838	7.037	126.974747	37.295418
1685512220526	1685512220517	-11.466	-3.788	1.432	-2.271	2.917	0.418	-2.215	0.247	7.362	126.974747	37.295418
1685512220537	1685512220526	-11.471	-2.777	1.030	-2.568	3.027	0.547	-2.205	-2.274	6.416	126.974747	37.295418
1685512220547	1685512220537	-11.389	-2.624	1.135	-2.899	2.883	0.462	-2.947	-3.754	6.282	126.974747	37.295418
1685512220559	1685512220548	-11.629	-3.136	1.305	-3.406	2.720	0.420	-3.103	-2.916	6.134	126.974747	37.295418
1685512220565	1685512220559	-12.026	-3.311	1.618	-3.785	2.724	0.512	-3.172	-2.952	6.474	126.974747	37.295418
1685512220577	1685512220572	-12.268	-3.517	1.798	-4.199	2.673	0.508	-3.563	-3.685	6.850	126.974747	37.295418
1685512220595	1685512220577	-12.096	-3.970	1.791	-4.757	2.475	0.459	-4.149	-4.166	7.393	126.974747	37.295418
1685512220597	1685512220596	-11.827	-4.132	1.891	-5.351	2.147	0.491	-4.520	-4.599	7.707	126.974747	37.295418
1685512220606	1685512220597	-11.459	-3.929	1.748	-5.853	1.762	0.613	-4.501	-5.373	7.829	126.974747	37.295418
1685512220616	1685512220607	-11.088	-3.850	1.434	-6.220	1.392	0.792	-4.372	-5.897	8.009	126.974747	37.295418
1685512220624	1685512220617	-11.054	-4.049	1.389	-6.452	1.118	0.964	-4.123	-6.098	7.879	126.974747	37.295418
1685512220634	1685512220626	-11.119	-4.618	1.614	-6.528	0.985	1.080	-3.855	-6.455	7.518	126.974747	37.295418
1685512220644	1685512220636	-11.353	-5.499	1.870	-6.552	0.871	1.113	-3.926	-7.159	7.357	126.974747	37.295418
1685512220656	1685512220644	-11.423	-6.385	2.179	-6.524	0.777	1.069	-4.075	-8.145	7.451	126.974747	37.295418
1685512220667	1685512220656	-11.684	-6.907	2.354	-6.382	0.739	1.016	-4.401	-9.481	7.523	126.974747	37.295418
1685512220677	1685512220667	-11.619	-7.185	2.411	-6.048	0.731	1.031	-4.559	-10.803	7.611	126.974747	37.295418
1685512220686	1685512220678	-11.416	-7.338	2.550	-5.516	0.688	1.140	-4.915	-11.772	7.515	126.974747	37.295418
1685512220696	1685512220686	-10.951	-7.554	2.552	-4.839	0.633	1.291	-4.930	-12.388	7.343	126.974747	37.295418
1685512220708	1685512220696	-10.439	-7.558	2.497	-4.118	0.561	1.404	-4.829	-12.914	7.207	126.974747	37.295418
1685512220719	1685512220708	-10.168	-7.554	2.332	-3.443	0.489	1.428	-4.458	-13.405	6.996	126.974747	37.295418
1685512220728	1685512220719	-10.027	-7.623	2.363	-2.865	0.440	1.374	-4.053	-13.678	6.732	126.974747	37.295418
1685512220740	1685512220729	-10.221	-7.647	2.550	-2.419	0.415	1.250	-3.893	-13.908	6.383	126.974747	37.295418
1685512220747	1685512220742	-10.489	-7.882	2.950	-2.104	0.411	1.056	-3.857	-14.176	6.256	126.974747	37.295418
1685512220759	1685512220748	-10.637	-8.150	3.361	-1.873	0.439	0.819	-4.149	-14.368	6.309	126.974747	37.295418
1685512220768	1685512220759	-10.721	-8.507	3.644	-1.644	0.485	0.579	-4.513	-14.758	6.577	126.974747	37.295418
1685512220781	1685512220780	-10.448	-8.648	4.092	-1.370	0.505	0.359	-4.729	-15.131	6.898	126.974747	37.295418
1685512220788	1685512220781	-9.996	-8.892	4.427	-1.035	0.484	0.159	-4.875	-15.589	7.084	126.974747	37.295418
1685512220818	1685512220788	-9.644	-8.677	4.549	-0.600	0.440	-0.046	-4.640	-15.790	7.470	126.974747	37.295418
1685512220819	1685512220819	-9.606	-8.155	4.391	-0.072	0.360	-0.266	-4.216	-16.079	7.760	126.974747	37.295418
1685512220819	1685512220819	-10.003	-7.566	4.341	0.397	0.213	-0.512	-3.874	-15.881	7.863	126.974747	37.295418
1685512220828	1685512220820	-10.944	-7.374	4.537	0.729	0.055	-0.819	-3.828	-15.344	7.724	126.974747	37.295418
1685512220837	1685512220828	-12.158	-7.558	4.688	0.947	-0.089	-1.183	-4.199	-14.717	7.709	126.974747	37.295418
1685512220847	1685512220837	-13.324	-7.506	4.496	1.104	-0.255	-1.545	-5.083	-14.451	7.961	126.974747	37.295418
1685512220859	1685512220848	-14.334	-7.309	4.106	1.216	-0.454	-1.862	-6.213	-14.535	8.174	126.974747	37.295418
1685512220866	1685512220860	-15.218	-7.037	3.577	1.277	-0.661	-2.115	-7.262	-14.351	8.042	126.974747	37.295418
1685512220876	1685512220866	-15.857	-6.732	3.117	1.329	-0.863	-2.303	-8.131	-13.997	7.707	126.974747	37.295418
1685512220887	1685512220876	-16.331	-6.455	2.610	1.363	-1.065	-2.459	-8.820	-13.508	7.228	126.974747	37.295418
1685512220897	1685512220887	-16.563	-6.098	2.241	1.352	-1.250	-2.616	-9.316	-13.046	6.790	126.974747	37.295418
1685512220907	1685512220897	-16.601	-5.890	1.815	1.277	-1.436	-2.770	-9.598	-12.553	6.297	126.974747	37.295418
1685512220918	1685512220907	-16.297	-5.665	1.475	1.142	-1.625	-2.911	-9.627	-11.969	5.923	126.974747	37.295418
1685512220926	1685512220918	-15.948	-5.480	1.164	0.968	-1.794	-3.054	-9.455	-11.519	5.471	126.974747	37.295418
1685512220937	1685512220927	-15.601	-5.270	0.857	0.771	-1.923	-3.216	-8.930	-11.040	5.073	126.974747	37.295418
1685512220946	1685512220937	-15.091	-4.918	0.749	0.567	-2.009	-3.395	-8.315	-10.539	4.662	126.974747	37.295418
1685512220958	1685512220947	-15.177	-4.424	-0.364	0.362	-2.061	-3.587	-7.786	-10.108	4.266	126.974747	37.295418
1685512220967	1685512220959	-14.186	-4.640	0.194	0.173	-2.088	-3.776	-7.027	-9.438	4.013	126.974747	37.295418
1685512220979	1685512220968	-13.779	-4.010	0.237	0.160	-2.033	-3.954	-6.912	-8.672	2.763	126.974747	37.295418
1685512220999	1685512220980	-13.357	-4.609	0.151	-0.090	-2.087	-4.121	-5.662	-8.499	3.117	126.974747	37.295418
1685512221000	1685512221000	-13.060	-4.547	-0.050	-0.247	-2.009	-4.255	-5.090	-7.594	3.026	126.974747	37.295418
1685512221006	1685512221001	-12.854	-4.245	-0.237	-0.249	-1.891	-4.412	-4.436	-7.760	2.715	126.974747	37.295418
1685512221016	1685512221006	-12.596	-4.087	-0.441	-0.197	-1.819	-4.522	-3.996	-7.396	2.363	126.974747	37.295418
1685512221027	1685512221017	-12.318	-3.907	-0.658	-0.046	-1.718	-4.563	-3.615	-6.656	1.980	126.974747	37.295418
1685512221037	1685512221027	-11.897	-3.871	-0.747	0.132	-1.608	-4.572	-3.230	-6.124	1.618	126.974747	37.295418
1685512221046	1685512221038	-11.583	-3.792	-0.826	0.326	-1.530	-4.559	-2.825	-5.471	1.223	126.974747	37.295418
1685512221057	1685512221046	-11.370	-3.742	-0.850	0.562	-1.449	-4.523	-2.320	-5.042	0.998	126.974747	37.295418
1685512221067	1685512221057	-11.088	-3.716	-0.895	0.838	-1.359	-4.452	-1.927	-4.429	0.745	126.974747	37.295418
1685512221077	1685512221068	-10.896	-3.510	-0.936	1.128	-1.267	-4.340	-1.676	-3.977	0.599	126.974747	37.295418
1685512221088	1685512221079	-10.836	-3.354	-1.018	1.406	-1.185	-4.198	-1.374	-3.462	0.407	126.974747	37.295418
1685512221099	1685512221088	-10.683	-3.091	-1.199	1.649	-1.113	-4.034	-1.185	-2.866	0.251	126.974747	37.295418
1685512221105	1685512221099	-10.532	-2.933	-1.250	1.831	-1.058	-3.844	-1.149	-2.286	0.043	126.974747	37.295418
1685512221115	1685512221106	-10.226	-2.875	-1.288	1.954	-1.025	-3.629	-1.034	-1.616	-0.266	126.974747	37.295418
1685512221124	1685512221116	-9.993	-2.794	-1.295	2.020	-1.013	-3.399	-0.946	-1.034	-0.462	126.974747	37.295418
1685512221135	1685512221124	-9.694	-2.689	-1.255	2.040	-1.013	-3.166	-0.699	-0.651	-0.625	126.974747	37.295418
1685512221144	1685512221136	-9.488	-2.483	-1.305	2.017	-1.013	-2.928	-0.543	-0.235	-0.776	126.974747	37.295418
1685512221156	1685512221145	-9.182	-2.318	-1.360	1.950	-1.002	-2.691	-0.326	0.175	-0.886	126.974747	37.295418
1685512221164	1685512221157	-9.043	-2.138	-1.391	1.835	-0.996	-2.469	-0.204	0.658	-1.092	126.974747	37.295418
1685512221174	1685512221164	-8.945	-1.999	-1.341	1.664	-1.004	-2.257	0.014	1.075	-1.302	126.974747	37.295418
1685512221185	1685512221174	-8.758	-1.923	-1.343	1.448	-0.998	-2.061	0.048	1.525	-1.520	126.974747	37.295418
1685512221194	1685512221185	-8.605	-1.939	-1.353	1.203	-0.969	-1.877	0.077	1.827	-1.595	126.974747	37.295418
1685512221204	1685512221194	-8.329	-1.863	-1.410	0.947	-0.944	-1.690	0.180	2.081	-1.741	126.974747	37.295418
1685512221215	1685512221204	-8.102	-1.891	-1.539	0.693	-0.920	-1.491	0.261	2.212	-1.870	126.974747	37.295418
1685512221224	1685512221215	-7.755	-1.683	-1.504	0.446	-0.878	-1.290	0.474	2.406	-2.023	126.974747	37.295418
1685512221234	1685512221224	-7.736	-1.803	-1.554	0.206	-0.826	-1.101	0.654	2.464	-2.222	126.974747	37.295418
1685512221244	1685512221234	-7.999	-1.784	-1.501	-0.023	-0.748	-0.916	0.960	2.741	-2.236	126.974754	37.295441
1685512221255	1685512221244	-8.552	-1.879	-1.590	-0.228	-0.633	-0.738	0.955	2.665	-2.313	126.974754	37.295441
1685512221264	1685512221255	-9.325	-1.990	-1.671	-0.401	-0.481	-0.561	0.666	2.732	-2.289	126.974754	37.295441
1685512221276	1685512221264	-10.001	-2.083	-1.846	-0.523	-0.308	-0.367	0.089	2.679	-2.394	126.974754	37.295441
1685512221284	1685512221276	-10.329	-2.191	-2.037	-0.601	-0.138	-0.126	-0.702	2.602	-2.476	126.974754	37.295441
1685512221295	1685512221285	-10.348	-2.215	-2.090	-0.649	-0.002	0.189	-1.374	2.512	-2.622	126.974754	37.295441
1685512221305	1685512221297	-9.838	-2.308	-1.872	-0.688	0.103	0.575	-1.686	2.380	-2.753	126.974754	37.295441
1685512221314	1685512221306	-9.158	-2.255	-1.585	-0.727	0.197	1.004	-1.697	2.346	-2.780	126.974754	37.295441
1685512221324	1685512221315	-8.622	-2.294	-1.061	-0.754	0.299	1.429	-1.161	2.207	-2.521	126.974754	37.295441
1685512221335	1685512221324	-8.456	-2.485	-0.524	-0.764	0.440	1.798	-0.433	2.176	-2.184	126.974754	37.295441
1685512221344	1685512221336	-8.643	-2.624	-0.247	-0.750	0.637	2.082	0.165	2.018	-1.599	126.974754	37.295441
1685512221356	1685512221344	-9.268	-2.619	-0.134	-0.706	0.877	2.270	0.409	1.671	-0.991	126.974754	37.295441
1685512221364	1685512221357	-10.104	-2.808	0.048	-0.618	1.128	2.391	0.318	1.331	-0.618	126.974754	37.295441
1685512221374	1685512221365	-10.961	-2.746	0.103	-0.474	1.371	2.511	-0.223	1.154	-0.409	126.974754	37.295441
1685512221384	1685512221374	-11.650	-2.820	0.328	-0.301	1.542	2.636	-0.960	0.728	-0.091	126.974754	37.295441
1685512221396	1685512221384	-12.201	-3.000	0.484	-0.112	1.620	2.778	-1.741	0.582	0.091	126.974754	37.295441
1685512221405	1685512221396	-12.479	-3.084	0.639	0.078	1.684	2.949	-2.346	0.263	0.467	126.974754	37.295441
1685512221416	1685512221405	-12.380	-3.105	0.567	0.244	1.724	3.128	-2.818	-0.172	0.778	126.974754	37.295441
1685512221426	1685512221417	-11.990	-3.010	0.663	0.353	1.701	3.307	-3.017	-0.563	1.106	126.974754	37.295441
1685512221436	1685512221426	-11.715	-2.890	0.687	0.371	1.637	3.459	-2.859	-0.850	1.176	126.974754	37.295441
1685512221446	1685512221436	-11.507	-2.916	0.711	0.303	1.594	3.549	-2.411	-1.068	1.427	126.974754	37.295441
1685512221458	1685512221446	-11.308	-2.933	0.826	0.151	1.580	3.569	-2.088	-1.276	1.602	126.974754	37.295441
1685512221467	1685512221459	-11.109	-3.012	0.898	-0.070	1.545	3.548	-1.844	-1.642	1.774	126.974754	37.295441
1685512221477	1685512221468	-10.898	-3.045	0.960	-0.346	1.503	3.510	-1.623	-2.004	2.042	126.974754	37.295441
1685512221488	1685512221477	-10.673	-3.225	0.939	-0.657	1.481	3.467	-1.420	-2.495	2.294	126.974754	37.295441
1685512221496	1685512221488	-10.475	-3.531	1.032	-0.982	1.470	3.431	-1.214	-2.806	2.473	126.974754	37.295441
1685512221506	1685512221497	-10.343	-3.821	1.247	-1.284	1.455	3.407	-1.010	-3.330	2.595	126.974754	37.295441
1685512221519	1685512221506	-10.427	-4.154	1.405	-1.525	1.453	3.394	-0.848	-3.986	2.828	126.974754	37.295441
1685512221528	1685512221519	-10.523	-4.295	1.547	-1.686	1.453	3.384	-0.764	-4.626	3.175	126.974754	37.295441
1685512221538	1685512221528	-10.831	-4.460	1.556	-1.764	1.448	3.372	-0.910	-5.313	3.457	126.974754	37.295441
1685512221548	1685512221538	-10.527	-4.235	1.358	-1.775	1.448	3.351	-1.089	-5.847	3.725	126.974754	37.295441
1685512221559	1685512221548	-10.561	-5.286	2.174	-1.772	1.449	3.312	-1.480	-6.333	3.828	126.974754	37.295441
1685512221567	1685512221560	-11.698	-4.774	1.820	-1.748	1.350	3.269	-1.279	-6.462	3.728	126.974754	37.295441
1685512221578	1685512221567	-11.784	-5.511	1.283	-1.842	1.428	3.272	-1.427	-7.860	4.635	126.974754	37.295441
1685512221587	1685512221579	-12.225	-4.733	1.401	-1.608	1.310	3.190	-2.701	-7.721	4.362	126.974754	37.295441
1685512221616	1685512221588	-12.392	-5.035	1.322	-1.545	1.194	3.081	-2.911	-8.765	3.891	126.974754	37.295441
1685512221617	1685512221616	-12.486	-5.622	1.271	-1.607	1.192	3.114	-3.510	-8.341	4.075	126.974754	37.295441
1685512221618	1685512221617	-12.565	-5.777	1.360	-1.598	1.092	3.135	-3.812	-8.921	4.037	126.974754	37.295441
1685512221627	1685512221618	-12.625	-5.765	1.173	-1.664	1.016	3.035	-4.063	-9.816	4.022	126.974754	37.295441
1685512221638	1685512221627	-12.696	-5.854	1.262	-1.708	0.962	2.930	-4.307	-10.278	4.132	126.974754	37.295441
1685512221647	1685512221639	-12.550	-6.007	1.494	-1.735	0.907	2.876	-4.537	-10.561	3.950	126.974754	37.295441
1685512221658	1685512221647	-12.282	-6.230	1.779	-1.781	0.844	2.815	-4.781	-10.932	4.032	126.974754	37.295441
1685512221666	1685512221658	-12.024	-6.325	1.700	-1.824	0.787	2.701	-4.827	-11.384	4.243	126.974754	37.295441
1685512221677	1685512221666	-11.748	-6.548	1.762	-1.841	0.750	2.556	-4.719	-11.844	4.499	126.974754	37.295441
1685512221687	1685512221677	-11.454	-6.634	1.762	-1.835	0.702	2.409	-4.654	-12.218	4.367	126.974754	37.295441
1685512221698	1685512221689	-11.176	-6.625	1.824	-1.826	0.645	2.255	-4.535	-12.651	4.381	126.974754	37.295441
1685512221708	1685512221699	-11.083	-6.819	1.786	-1.819	0.606	2.079	-4.408	-12.957	4.317	126.974754	37.295441
1685512221719	1685512221708	-11.052	-7.005	1.975	-1.800	0.572	1.885	-4.290	-13.149	4.307	126.974754	37.295441
1685512221729	1685512221720	-10.872	-7.142	1.946	-1.752	0.547	1.691	-4.365	-13.549	4.180	126.974754	37.295441
1685512221740	1685512221729	-10.846	-7.063	1.858	-1.647	0.544	1.517	-4.463	-13.886	4.295	126.974754	37.295441
1685512221750	1685512221740	-10.566	-7.118	1.784	-1.492	0.531	1.362	-4.413	-14.174	4.180	126.974754	37.295441
1685512221762	1685512221750	-10.364	-7.144	1.913	-1.315	0.492	1.211	-4.506	-14.226	4.008	126.974754	37.295441
1685512221767	1685512221762	-10.238	-7.350	1.903	-1.125	0.432	1.063	-4.345	-14.411	3.852	126.974754	37.295441
1685512221780	1685512221780	-9.957	-7.448	1.774	-0.929	0.371	0.911	-4.233	-14.528	3.922	126.974754	37.295441
1685512221790	1685512221780	-9.986	-7.400	1.990	-0.748	0.279	0.744	-4.221	-14.849	3.838	126.974754	37.295441
1685512221799	1685512221791	-10.285	-7.487	2.085	-0.597	0.242	0.568	-3.994	-14.997	3.675	126.974754	37.295441
1685512221823	1685512221822	-10.482	-7.381	2.119	-0.463	0.263	0.398	-4.089	-15.012	3.847	126.974754	37.295441
1685512221823	1685512221823	-10.434	-7.412	2.205	-0.373	0.275	0.215	-4.432	-15.139	3.915	126.974754	37.295441
1685512221827	1685512221823	-10.166	-7.494	2.289	-0.302	0.258	0.054	-4.669	-15.069	3.926	126.974754	37.295441
1685512221837	1685512221828	-9.867	-7.501	2.437	-0.220	0.187	-0.070	-4.640	-15.117	4.001	126.974754	37.295441
1685512221851	1685512221837	-9.301	-7.219	2.430	-0.117	0.116	-0.198	-4.381	-15.208	4.075	126.974754	37.295441
1685512221858	1685512221851	-8.842	-7.013	2.253	0.016	0.060	-0.348	-4.080	-15.215	4.219	126.974754	37.295441
1685512221867	1685512221858	-8.535	-6.838	2.277	0.160	-0.039	-0.507	-3.500	-14.923	4.209	126.974754	37.295441
1685512221879	1685512221869	-8.868	-6.991	2.351	0.308	-0.131	-0.689	-3.017	-14.698	4.034	126.974754	37.295441
1685512221888	1685512221880	-9.720	-6.979	2.401	0.453	-0.148	-0.935	-2.662	-14.485	4.070	126.974754	37.295441
1685512221897	1685512221888	-10.824	-7.108	2.382	0.589	-0.119	-1.241	-2.947	-14.595	4.159	126.974754	37.295441
1685512221907	1685512221897	-12.016	-7.207	2.239	0.735	-0.093	-1.541	-3.718	-14.514	4.238	126.974754	37.295441
1685512221918	1685512221907	-12.953	-7.111	2.054	0.907	-0.094	-1.780	-4.738	-14.566	4.252	126.974754	37.295441
1685512221928	1685512221918	-13.882	-7.125	1.760	1.052	-0.173	-1.954	-5.813	-14.554	4.156	126.974754	37.295441
1685512221940	1685512221928	-14.420	-7.044	1.432	1.197	-0.291	-2.061	-6.620	-14.329	4.032	126.974754	37.295441
1685512221948	1685512221940	-14.667	-6.850	1.197	1.352	-0.423	-2.138	-7.405	-14.198	3.802	126.974754	37.295441
1685512221960	1685512221948	-14.612	-6.507	0.903	1.465	-0.573	-2.221	-7.793	-13.956	3.539	126.974754	37.295441
1685512221968	1685512221960	-14.485	-6.237	0.634	1.516	-0.743	-2.310	-7.870	-13.573	3.373	126.974754	37.295441
1685512221978	1685512221969	-14.183	-5.863	0.474	1.509	-0.905	-2.418	-7.671	-13.065	3.132	126.974754	37.295441
1685512221995	1685512221979	-13.920	-5.444	0.352	1.432	-1.045	-2.557	-7.362	-12.577	2.914	126.974754	37.295441
1685512221998	1685512221997	-13.592	-5.030	0.302	1.283	-1.178	-2.733	-6.905	-12.016	2.780	126.974754	37.295441
1685512222007	1685512221999	-13.245	-4.834	0.235	1.078	-1.288	-2.947	-6.464	-11.375	2.667	126.974754	37.295441
1685512222018	1685512222008	-12.859	-4.556	0.273	0.837	-1.367	-3.180	-5.950	-10.724	2.602	126.974754	37.295441
1685512222028	1685512222018	-12.562	-4.357	0.275	0.575	-1.431	-3.420	-5.389	-10.250	2.490	126.974754	37.295441
1685512222039	1685512222028	-12.347	-4.240	0.271	0.330	-1.464	-3.657	-4.827	-9.728	2.471	126.974754	37.295441
1685512222048	1685512222039	-12.342	-4.183	0.122	0.116	-1.470	-3.883	-4.326	-9.239	2.387	126.974754	37.295441
1685512222060	1685512222048	-12.311	-4.252	0.041	-0.057	-1.444	-4.096	-3.907	-8.808	2.274	126.974754	37.295441
1685512222068	1685512222062	-12.318	-4.269	-0.057	-0.170	-1.389	-4.285	-3.704	-8.418	2.006	126.974754	37.295441
1685512222079	1685512222068	-12.313	-4.233	-0.182	-0.208	-1.333	-4.436	-3.479	-8.131	1.796	126.974754	37.295441
1685512222089	1685512222079	-12.275	-4.180	-0.359	-0.171	-1.273	-4.549	-3.270	-7.690	1.542	126.974754	37.295441
1685512222098	1685512222090	-12.139	-4.039	-0.582	-0.081	-1.213	-4.616	-3.134	-7.333	1.314	126.974754	37.295441
1685512222107	1685512222099	-12.000	-3.986	-0.618	0.048	-1.162	-4.640	-2.947	-6.862	1.015	126.974754	37.295441
1685512222118	1685512222109	-11.777	-3.833	-0.663	0.205	-1.106	-4.625	-2.679	-6.287	0.675	126.974754	37.295441
1685512222127	1685512222119	-11.595	-3.737	-0.697	0.400	-1.042	-4.574	-2.433	-5.794	0.529	126.974754	37.295441
1685512222136	1685512222127	-11.325	-3.634	-0.776	0.608	-0.982	-4.489	-2.124	-5.193	0.381	126.974754	37.295441
1685512222146	1685512222139	-11.059	-3.369	-0.838	0.804	-0.924	-4.371	-1.875	-4.606	0.242	126.974754	37.295441
1685512222157	1685512222149	-10.760	-3.230	-0.867	0.981	-0.866	-4.227	-1.571	-4.104	0.079	126.974754	37.295441
1685512222166	1685512222158	-10.458	-2.986	-0.874	1.133	-0.810	-4.063	-1.286	-3.405	-0.067	126.974754	37.295441
1685512222177	1685512222166	-10.216	-2.847	-0.831	1.261	-0.751	-3.884	-0.986	-2.847	-0.184	126.974754	37.295441
1685512222190	1685512222177	-9.785	-2.744	-0.725	1.361	-0.689	-3.681	-0.706	-2.157	-0.285	126.974754	37.295441
1685512222196	1685512222190	-9.436	-2.509	-0.759	1.422	-0.651	-3.457	-0.496	-1.671	-0.318	126.974754	37.295441
1685512222205	1685512222196	-9.067	-2.368	-0.678	1.450	-0.626	-3.223	-0.117	-1.168	-0.309	126.974754	37.295441
1685512222216	1685512222205	-8.746	-2.277	-0.730	1.460	-0.597	-2.980	0.180	-0.630	-0.419	126.974754	37.295441
1685512222226	1685512222216	-8.528	-2.294	-0.747	1.445	-0.564	-2.727	0.484	-0.175	-0.429	126.974754	37.295441
1685512222237	1685512222226	-8.313	-2.342	-0.785	1.400	-0.524	-2.473	0.737	0.201	-0.572	126.974754	37.295441
1685512222245	1685512222237	-8.195	-2.229	-0.824	1.323	-0.491	-2.222	0.883	0.443	-0.680	126.974754	37.295441
1685512222256	1685512222246	-8.128	-2.229	-0.907	1.222	-0.462	-1.967	1.030	0.627	-0.807	126.974754	37.295441
1685512222265	1685512222257	-7.918	-2.229	-0.824	1.104	-0.426	-1.703	1.070	0.967	-0.941	126.974754	37.295441
1685512222277	1685512222266	-7.846	-2.035	-0.915	0.988	-0.387	-1.432	1.080	1.128	-1.099	126.974762	37.295448
1685512222286	1685512222277	-7.855	-1.666	-0.883	0.863	-0.342	-1.166	1.223	1.298	-1.099	126.974762	37.295448
1685512222297	1685512222286	-8.222	-1.848	-0.812	0.694	-0.292	-0.909	1.247	1.607	-1.255	126.974762	37.295448
1685512222306	1685512222297	-8.715	-1.958	-0.800	0.507	-0.222	-0.650	1.211	2.042	-1.245	126.974762	37.295448
1685512222316	1685512222307	-9.249	-2.093	-0.752	0.301	-0.120	-0.413	0.821	1.913	-1.197	126.974762	37.295448
1685512222326	1685512222317	-9.876	-2.334	-0.742	0.093	-0.015	-0.184	0.311	1.844	-1.204	126.974762	37.295448
1685512222336	1685512222326	-10.262	-2.425	-0.757	-0.064	0.097	0.095	-0.225	1.719	-1.154	126.974762	37.295448
1685512222345	1685512222336	-10.446	-2.490	-0.694	-0.155	0.197	0.439	-0.848	1.465	-1.123	126.974762	37.295448
1685512222358	1685512222346	-10.094	-2.346	-0.754	-0.192	0.255	0.826	-1.209	1.326	-1.092	126.974762	37.295448
1685512222365	1685512222358	-9.572	-2.246	-0.536	-0.189	0.307	1.222	-1.377	1.221	-1.006	126.974762	37.295448
1685512222375	1685512222366	-9.007	-2.282	-0.144	-0.166	0.380	1.609	-0.994	1.290	-1.034	126.974762	37.295448
1685512222385	1685512222376	-8.614	-2.286	0.223	-0.154	0.458	1.960	-0.414	1.247	-0.771	126.974762	37.295448
1685512222396	1685512222386	-8.760	-2.653	0.673	-0.172	0.551	2.238	0.187	1.109	-0.350	126.974762	37.295448
1685512222405	1685512222396	-9.187	-3.019	0.955	-0.187	0.684	2.430	0.646	0.922	0.060	126.974762	37.295448
1685512222417	1685512222406	-9.919	-2.873	1.147	-0.150	0.852	2.541	0.570	0.347	0.567	126.974762	37.295448
1685512222426	1685512222417	-10.774	-2.646	1.152	-0.053	1.013	2.612	0.220	-0.261	0.936	126.974762	37.295448
1685512222436	1685512222427	-11.624	-2.296	0.797	0.100	1.135	2.707	-0.445	-0.354	1.214	126.974762	37.295448
1685512222447	1685512222436	-12.292	-2.102	0.560	0.272	1.224	2.830	-1.226	-0.424	1.336	126.974762	37.295448
1685512222458	1685512222447	-12.435	-2.042	0.409	0.385	1.269	2.941	-2.033	-0.283	1.065	126.974762	37.295448
1685512222467	1685512222458	-12.459	-2.064	0.362	0.373	1.252	3.024	-2.648	-0.385	0.953	126.974762	37.295448
1685512222479	1685512222467	-12.119	-2.207	0.251	0.235	1.184	3.106	-2.753	-0.582	0.907	126.974762	37.295448
1685512222488	1685512222479	-11.827	-2.310	0.373	0.023	1.095	3.198	-2.744	-0.922	0.986	126.974762	37.295448
1685512222498	1685512222488	-11.442	-2.444	0.457	-0.232	1.003	3.274	-2.382	-1.336	0.979	126.974762	37.295448
1685512222509	1685512222498	-11.001	-2.746	0.680	-0.505	0.925	3.323	-2.073	-1.815	1.228	126.974762	37.295448
1685512222519	1685512222509	-10.657	-3.041	1.058	-0.760	0.869	3.350	-1.686	-2.239	1.401	126.974762	37.295448
1685512222529	1685512222520	-10.412	-3.105	1.259	-0.969	0.848	3.357	-1.252	-2.868	1.714	126.974762	37.295448
1685512222540	1685512222529	-10.209	-3.081	1.255	-1.135	0.848	3.335	-0.927	-3.498	2.176	126.974762	37.295448
1685512222549	1685512222541	-9.953	-3.115	1.329	-1.250	0.848	3.312	-0.713	-3.900	2.452	126.974762	37.295448
1685512222563	1685512222550	-9.811	-3.134	1.477	-1.318	0.863	3.305	-0.553	-4.211	2.519	126.974762	37.295448
1685512222568	1685512222563	-9.811	-3.134	1.477	-1.405	0.847	3.289	-0.357	-4.614	2.665	126.974762	37.295448
1685512222579	1685512222571	-9.665	-3.879	2.286	-1.509	0.830	3.257	-0.275	-4.934	2.868	126.974762	37.295448
1685512222603	1685512222579	-9.665	-3.879	2.286	-1.580	0.859	3.198	-0.359	-5.301	2.926	126.974762	37.295448
1685512222604	1685512222603	-10.606	-3.996	1.185	-1.580	0.859	3.198	-0.292	-6.340	3.773	126.974762	37.295448
1685512222608	1685512222604	-10.599	-3.548	0.757	-1.701	0.888	3.091	-0.390	-6.663	3.814	126.974762	37.295448
1685512222619	1685512222608	-10.599	-3.548	0.757	-1.679	0.819	3.029	-1.427	-7.068	2.741	126.974762	37.295448
1685512222628	1685512222619	-10.822	-3.972	0.826	-1.679	0.819	3.029	-1.556	-6.991	2.344	126.974762	37.295448
1685512222640	1685512222629	-11.013	-4.168	0.826	-1.774	0.700	2.910	-1.666	-7.259	2.356	126.974762	37.295448
1685512222648	1685512222641	-11.399	-4.559	0.759	-1.774	0.700	2.910	-2.018	-7.980	2.433	126.974762	37.295448
1685512222660	1685512222650	-11.595	-4.559	0.828	-1.938	0.639	2.810	-2.344	-8.459	2.421	126.974762	37.295448
1685512222668	1685512222661	-11.880	-4.975	0.912	-1.984	0.605	2.760	-2.868	-9.127	2.334	126.974762	37.295448
1685512222679	1685512222668	-12.112	-5.114	0.958	-1.984	0.605	2.760	-3.206	-9.395	2.368	126.974762	37.295448
1685512222689	1685512222679	-12.215	-5.109	0.962	-1.985	0.589	2.716	-3.668	-10.123	2.392	126.974762	37.295448
1685512222699	1685512222689	-12.167	-5.227	0.785	-1.938	0.567	2.693	-4.022	-10.465	2.394	126.974762	37.295448
1685512222709	1685512222699	-11.830	-5.476	0.754	-1.894	0.523	2.683	-4.283	-10.704	2.337	126.974762	37.295448
1685512222721	1685512222709	-11.420	-5.660	0.721	-1.883	0.467	2.666	-4.396	-11.061	2.095	126.974762	37.295448
1685512222729	1685512222721	-11.025	-5.662	0.651	-1.890	0.419	2.618	-4.226	-11.540	1.990	126.974762	37.295448
1685512222739	1685512222730	-10.649	-5.713	0.730	-1.889	0.384	2.539	-3.986	-11.947	1.875	126.974762	37.295448
1685512222750	1685512222739	-10.422	-5.974	0.804	-1.869	0.357	2.446	-3.780	-12.184	1.707	126.974762	37.295448
1685512222761	1685512222750	-10.398	-6.139	0.915	-1.833	0.345	2.337	-3.558	-12.416	1.697	126.974762	37.295448
1685512222768	1685512222761	-10.549	-6.460	1.085	-1.630	0.420	2.050	-3.500	-12.866	1.671	126.974762	37.295448
1685512222781	1685512222769	-10.661	-6.699	1.188	-1.630	0.420	2.050	-3.644	-13.206	1.676	126.974762	37.295448
1685512222799	1685512222781	-10.843	-6.929	1.307	-1.438	0.472	1.905	-3.958	-13.690	1.750	126.974762	37.295448
1685512222800	1685512222800	-10.930	-7.089	1.350	-1.190	0.509	1.785	-4.207	-14.059	1.769	126.974762	37.295448
1685512222808	1685512222800	-11.044	-7.290	1.219	-0.908	0.519	1.690	-4.549	-14.430	1.805	126.974762	37.295448
1685512222818	1685512222809	-11.097	-7.444	1.101	-0.629	0.511	1.603	-4.757	-14.696	1.796	126.974762	37.295448
1685512222829	1685512222820	-11.246	-7.580	0.958	-0.374	0.511	1.511	-5.004	-15.004	1.626	126.974762	37.295448
1685512222841	1685512222829	-11.777	-7.683	0.860	-0.158	0.516	1.403	-5.183	-15.256	1.492	126.974762	37.295448
1685512222848	1685512222842	-12.352	-7.819	0.960	0.005	0.513	1.267	-5.454	-15.483	1.348	126.974762	37.295448
1685512222860	1685512222849	-12.615	-7.944	0.939	0.125	0.518	1.103	-6.098	-15.668	1.267	126.974762	37.295448
1685512222869	1685512222860	-12.605	-7.925	1.089	0.275	0.440	0.764	-6.788	-15.881	1.398	126.974762	37.295448
1685512222879	1685512222869	-11.949	-7.836	1.214	0.275	0.440	0.764	-7.132	-16.060	1.413	126.974762	37.295448
1685512222889	1685512222880	-10.843	-7.719	1.590	0.287	0.298	0.600	-7.195	-16.087	1.614	126.974762	37.295448
1685512222900	1685512222889	-9.598	-7.417	1.784	0.285	0.151	0.407	-6.596	-16.034	1.781	126.974762	37.295448
1685512222909	1685512222900	-8.559	-6.869	1.829	0.282	0.023	0.181	-5.540	-15.945	2.195	126.974762	37.295448
1685512222920	1685512222909	-7.796	-6.665	1.798	0.265	-0.099	-0.075	-4.329	-15.663	2.421	126.974762	37.295448
1685512222930	1685512222920	-7.659	-6.560	1.810	0.226	-0.169	-0.379	-3.306	-15.124	2.495	126.974762	37.295448
1685512222939	1685512222930	-8.092	-6.735	1.834	0.215	-0.139	-0.750	-2.538	-14.916	2.478	126.974762	37.295448
1685512222950	1685512222940	-9.333	-6.857	1.822	0.279	-0.021	-1.174	-2.368	-14.789	2.500	126.974762	37.295448
1685512222961	1685512222950	-10.752	-6.900	1.798	0.414	0.128	-1.604	-2.739	-14.921	2.533	126.974762	37.295448
1685512222970	1685512222961	-12.091	-6.845	1.618	0.913	0.280	-2.187	-3.883	-14.978	2.543	126.974762	37.295448
1685512222982	1685512222970	-12.996	-6.740	1.348	0.913	0.280	-2.187	-5.176	-14.930	2.559	126.974762	37.295448
1685512223003	1685512222982	-13.489	-6.558	1.147	1.218	0.210	-2.302	-6.309	-14.717	2.485	126.974762	37.295448
1685512223004	1685512223003	-13.439	-6.469	0.941	1.516	0.071	-2.337	-7.080	-14.502	2.286	126.974762	37.295448
1685512223009	1685512223004	-13.190	-6.249	0.852	1.794	-0.089	-2.335	-7.398	-14.169	2.191	126.974762	37.295448
1685512223020	1685512223009	-13.034	-5.863	0.781	2.056	-0.233	-2.341	-7.173	-13.920	2.105	126.974762	37.295448
1685512223029	1685512223022	-12.854	-5.418	0.608	2.259	-0.369	-2.379	-6.749	-13.530	2.140	126.974762	37.295448
1685512223041	1685512223030	-12.792	-5.061	0.536	2.384	-0.481	-2.446	-6.424	-12.962	2.203	126.974762	37.295448
1685512223049	1685512223041	-12.756	-4.563	0.450	2.428	-0.577	-2.534	-6.055	-12.304	2.176	126.974762	37.295448
1685512223060	1685512223051	-12.505	-4.125	0.364	2.391	-0.685	-2.634	-5.835	-11.760	2.219	126.974762	37.295448
1685512223069	1685512223060	-12.246	-3.874	0.275	2.105	-0.953	-2.874	-5.622	-11.042	2.253	126.974762	37.295448
1685512223080	1685512223069	-12.045	-3.673	0.177	2.105	-0.953	-2.874	-5.191	-10.369	2.270	126.974762	37.295448
1685512223090	1685512223080	-11.854	-3.524	0.091	1.870	-1.074	-3.015	-4.719	-9.838	2.243	126.974762	37.295448
1685512223100	1685512223091	-11.710	-3.498	0.038	1.593	-1.174	-3.172	-4.348	-9.402	2.191	126.974762	37.295448
1685512223108	1685512223100	-11.655	-3.529	0.019	1.305	-1.247	-3.324	-3.948	-8.954	2.128	126.974762	37.295448
1685512223118	1685512223108	-11.557	-3.467	-0.010	1.048	-1.289	-3.462	-3.632	-8.669	2.066	126.974762	37.295448
1685512223127	1685512223118	-11.612	-3.352	-0.158	0.833	-1.317	-3.580	-3.385	-8.404	2.011	126.974762	37.295448
1685512223138	1685512223127	-11.564	-3.285	-0.285	0.649	-1.357	-3.676	-3.098	-8.030	1.925	126.974762	37.295448
1685512223147	1685512223138	-11.334	-3.287	-0.453	0.496	-1.399	-3.746	-2.971	-7.592	1.700	126.974762	37.295448
1685512223158	1685512223147	-11.092	-3.421	-0.510	0.387	-1.422	-3.776	-2.749	-7.195	1.480	126.974762	37.295448
1685512223167	1685512223158	-10.968	-3.414	-0.567	0.301	-1.411	-3.765	-2.339	-6.819	1.197	126.974762	37.295448
1685512223177	1685512223167	-10.726	-3.448	-0.670	0.301	-1.411	-3.765	-1.961	-6.639	1.034	126.974762	37.295448
1685512223187	1685512223177	-10.439	-3.412	-0.587	0.321	-1.376	-3.727	-1.688	-6.246	0.845	126.974762	37.295448
1685512223197	1685512223187	-10.285	-3.393	-0.536	0.369	-1.328	-3.664	-1.338	-5.959	0.630	126.974762	37.295448
1685512223206	1685512223197	-10.178	-3.436	-0.577	0.437	-1.266	-3.575	-0.948	-5.569	0.591	126.974762	37.295448
1685512223217	1685512223206	-10.070	-3.321	-0.625	0.524	-1.197	-3.465	-0.706	-5.195	0.522	126.974762	37.295448
1685512223227	1685512223217	-9.936	-3.223	-0.651	0.611	-1.136	-3.340	-0.522	-4.855	0.354	126.974762	37.295448
1685512223236	1685512223227	-9.780	-3.057	-0.675	0.678	-1.090	-3.196	-0.364	-4.434	0.208	126.974762	37.295448
1685512223246	1685512223236	-9.483	-2.976	-0.771	0.722	-1.048	-3.037	-0.192	-4.005	0.079	126.974762	37.295464
1685512223259	1685512223246	-9.318	-2.952	-0.769	0.745	-1.005	-2.870	-0.007	-3.524	-0.045	126.974762	37.295464
1685512223267	1685512223259	-9.311	-2.899	-0.723	0.731	-0.913	-2.534	0.304	-3.141	-0.242	126.974762	37.295464
1685512223277	1685512223267	-9.390	-2.890	-0.670	0.731	-0.913	-2.534	0.474	-2.832	-0.338	126.974762	37.295464
1685512223287	1685512223277	-9.625	-2.813	-0.745	0.707	-0.842	-2.371	0.476	-2.480	-0.402	126.974762	37.295464
1685512223299	1685512223287	-9.785	-2.725	-0.826	0.678	-0.749	-2.215	0.390	-2.270	-0.424	126.974762	37.295464
1685512223309	1685512223299	-9.835	-2.725	-0.888	0.643	-0.673	-2.051	0.136	-1.935	-0.594	126.974762	37.295464
1685512223319	1685512223309	-9.776	-2.643	-0.960	0.601	-0.629	-1.850	-0.041	-1.642	-0.745	126.974762	37.295464
1685512223328	1685512223320	-9.498	-2.643	-0.927	0.556	-0.599	-1.629	-0.120	-1.410	-0.883	126.974762	37.295464
1685512223339	1685512223328	-9.249	-2.507	-0.984	0.503	-0.572	-1.409	-0.084	-1.156	-1.013	126.974762	37.295464
1685512223348	1685512223339	-9.050	-2.540	-0.864	0.442	-0.540	-1.199	0.158	-0.958	-1.051	126.974762	37.295464
1685512223361	1685512223350	-9.227	-2.416	-0.898	0.379	-0.489	-0.998	0.385	-0.702	-1.147	126.974762	37.295464
1685512223368	1685512223362	-9.697	-2.332	-0.879	0.236	-0.310	-0.639	0.555	-0.594	-1.077	126.974762	37.295464
1685512223379	1685512223369	-10.364	-2.452	-0.960	0.236	-0.310	-0.639	0.357	-0.366	-1.132	126.974762	37.295464
1685512223392	1685512223381	-10.946	-2.282	-0.924	0.162	-0.191	-0.448	-0.132	-0.194	-1.125	126.974762	37.295464
1685512223399	1685512223393	-11.370	-1.856	-1.255	0.110	-0.081	-0.231	-0.814	-0.254	-1.204	126.974762	37.295464
1685512223409	1685512223404	-11.289	-1.494	-1.482	0.101	-0.009	0.043	-1.408	-0.024	-1.171	126.974762	37.295464
1685512223418	1685512223409	-10.879	-1.259	-1.360	0.119	0.046	0.391	-1.839	0.421	-1.499	126.974762	37.295464
1685512223427	1685512223418	-9.969	-1.243	-1.092	0.095	0.109	0.770	-1.755	0.778	-1.729	126.974762	37.295464
1685512223438	1685512223427	-9.007	-1.365	-0.620	-0.013	0.159	1.133	-1.336	0.974	-1.604	126.974762	37.295464
1685512223447	1685512223438	-8.231	-1.446	-0.024	-0.167	0.215	1.459	-0.409	0.919	-1.329	126.974762	37.295464
1685512223458	1685512223447	-7.877	-1.654	0.500	-0.291	0.327	1.732	0.575	0.687	-0.840	126.974762	37.295464
1685512223468	1685512223459	-7.942	-1.748	1.015	-0.349	0.667	2.061	1.384	0.453	-0.218	126.974762	37.295464
1685512223479	1685512223468	-8.574	-1.832	1.410	-0.349	0.667	2.061	1.767	0.096	0.338	126.974762	37.295464
1685512223487	1685512223479	-9.610	-1.946	1.389	-0.276	0.876	2.131	1.741	-0.215	0.929	126.974762	37.295464
1685512223498	1685512223487	-10.764	-1.987	1.101	-0.134	1.092	2.175	1.135	-0.479	1.386	126.974762	37.295464
1685512223508	1685512223498	-11.677	-1.930	0.613	0.031	1.274	2.213	0.124	-0.800	1.453	126.974762	37.295464
1685512223519	1685512223508	-12.311	-1.707	0.079	0.136	1.349	2.252	-1.006	-1.053	1.274	126.974762	37.295464
1685512223528	1685512223519	-12.340	-1.587	-0.362	0.140	1.304	2.336	-1.903	-1.233	0.922	126.974762	37.295464
1685512223539	1685512223528	-12.007	-1.537	-0.646	0.066	1.172	2.492	-2.531	-1.209	0.508	126.974762	37.295464
1685512223549	1685512223540	-11.614	-1.525	-0.656	-0.066	1.008	2.684	-2.555	-1.317	0.194	126.974762	37.295464
1685512223562	1685512223550	-11.260	-1.832	-0.601	-0.244	0.859	2.849	-2.227	-1.511	0.022	126.974762	37.295464
1685512223570	1685512223563	-11.025	-2.112	-0.287	-0.707	0.690	3.001	-1.844	-1.762	0.113	126.974762	37.295464
1685512223582	1685512223571	-10.748	-2.308	0.122	-0.707	0.690	3.001	-1.506	-2.349	0.249	126.974762	37.295464
1685512223590	1685512223582	-10.506	-2.533	0.393	-0.977	0.633	3.019	-1.305	-2.986	0.639	126.974762	37.295464
1685512223600	1685512223590	-10.089	-2.780	0.543	-1.213	0.574	3.043	-1.056	-3.421	1.097	126.974762	37.295464
1685512223614	1685512223614	-9.799	-2.799	0.745	-1.389	0.538	3.063	-0.860	-3.948	1.415	126.974762	37.295464
1685512223621	1685512223615	-9.747	-2.945	0.761	-1.533	0.539	3.053	-0.496	-4.501	1.602	126.974762	37.295464
1685512223629	1685512223622	-9.785	-3.282	0.809	-1.652	0.564	3.036	-0.268	-4.827	1.829	126.974762	37.295464
1685512223640	1685512223630	-9.934	-3.582	0.804	-1.737	0.611	3.021	-0.290	-5.279	1.863	126.974762	37.295464
1685512223650	1685512223640	-10.151	-3.800	0.687	-1.796	0.660	2.996	-0.417	-5.952	1.925	126.974762	37.295464
1685512223661	1685512223650	-10.484	-3.919	0.642	-1.808	0.696	2.968	-0.649	-6.522	1.927	126.974762	37.295464
1685512223670	1685512223662	-10.633	-3.965	0.620	-1.758	0.727	2.952	-0.967	-7.039	1.815	126.974762	37.295464
1685512223680	1685512223670	-10.767	-4.185	0.551	-1.675	0.735	2.948	-1.408	-7.448	1.772	126.974762	37.295464
1685512223690	1685512223681	-11.121	-4.197	0.572	-1.587	0.733	2.930	-1.686	-7.810	1.750	126.974762	37.295464
1685512223702	1685512223690	-11.274	-4.365	0.606	-1.499	0.743	2.894	-1.932	-8.282	1.681	126.974762	37.295464
1685512223711	1685512223702	-11.490	-4.513	0.587	-1.414	0.738	2.864	-2.433	-8.598	1.700	126.974762	37.295464
1685512223721	1685512223711	-11.590	-4.810	0.646	-1.333	0.712	2.853	-2.710	-9.005	1.729	126.974762	37.295464
1685512223732	1685512223721	-11.696	-4.889	0.613	-1.255	0.690	2.842	-3.072	-9.412	1.705	126.974762	37.295464
1685512223743	1685512223732	-11.732	-4.970	0.496	-1.181	0.663	2.822	-3.323	-9.962	1.757	126.974762	37.295464
1685512223751	1685512223744	-11.526	-5.052	0.484	-1.126	0.635	2.790	-3.587	-10.288	1.714	126.974762	37.295464
1685512223762	1685512223751	-11.466	-5.109	0.622	-1.098	0.600	2.754	-3.785	-10.609	1.585	126.974762	37.295464
1685512223772	1685512223762	-11.224	-5.198	0.802	-1.101	0.552	2.709	-3.764	-10.944	1.556	126.974762	37.295464
1685512223787	1685512223772	-11.150	-5.399	0.970	-1.115	0.512	2.645	-3.857	-11.202	1.678	126.974762	37.295464
1685512223806	1685512223788	-10.867	-5.313	1.001	-1.126	0.485	2.558	-3.807	-11.528	1.827	126.974762	37.295464
1685512223809	1685512223806	-10.755	-5.447	1.056	-1.136	0.468	2.450	-3.891	-11.914	1.966	126.974762	37.295464
