1685512394064	1685512394064	-7.728	-2.990	0.086	1.070	-0.264	-2.897	1.587	-1.290	0.326	126.975105	37.295185
1685512394064	1685512394064	-7.496	-2.938	0.060	1.040	-0.313	-2.970	1.638	-0.919	0.330	126.975105	37.295185
1685512394065	1685512394065	-7.415	-2.942	0.201	1.007	-0.345	-3.025	1.753	-0.505	0.263	126.975105	37.295185
1685512394077	1685512394066	-7.465	-2.813	0.096	0.987	-0.349	-3.057	1.908	-0.172	0.180	126.975105	37.295185
1685512394087	1685512394077	-7.511	-2.756	0.034	0.977	-0.345	-3.070	1.901	0.105	0.261	126.975105	37.295185
1685512394097	1685512394087	-7.530	-2.631	0.017	0.971	-0.334	-3.063	1.748	0.536	0.086	126.975105	37.295185
1685512394105	1685512394097	-7.499	-2.492	0.048	0.968	-0.323	-3.023	1.583	0.903	-0.045	126.975105	37.295185
1685512394116	1685512394105	-7.573	-2.406	-0.036	0.962	-0.331	-2.944	1.460	1.271	-0.122	126.975105	37.295185
1685512394125	1685512394116	-7.570	-2.294	-0.055	0.941	-0.353	-2.839	1.362	1.695	-0.165	126.975105	37.295185
1685512394137	1685512394125	-7.654	-2.131	-0.120	0.908	-0.362	-2.718	1.173	2.014	-0.311	126.975105	37.295185
1685512394146	1685512394137	-7.664	-2.025	-0.187	0.856	-0.373	-2.580	1.044	2.370	-0.405	126.975105	37.295185
1685512394156	1685512394146	-7.645	-1.946	-0.182	0.787	-0.389	-2.412	0.828	2.761	-0.543	126.975105	37.295185
1685512394166	1685512394156	-7.736	-1.949	-0.168	0.698	-0.401	-2.221	0.675	3.100	-0.692	126.975105	37.295185
1685512394176	1685512394166	-8.023	-1.954	-0.077	0.597	-0.408	-2.017	0.579	3.357	-0.754	126.975105	37.295185
1685512394186	1685512394176	-8.207	-2.057	-0.108	0.497	-0.392	-1.798	0.366	3.531	-0.809	126.975105	37.295185
1685512394198	1685512394186	-8.478	-2.155	-0.101	0.409	-0.359	-1.560	-0.034	3.685	-0.783	126.975105	37.295185
1685512394206	1685512394198	-8.669	-2.179	-0.218	0.346	-0.325	-1.296	-0.323	3.721	-0.874	126.975105	37.295185
1685512394216	1685512394206	-8.765	-2.263	-0.376	0.303	-0.301	-1.013	-0.687	3.742	-0.919	126.975105	37.295185
1685512394226	1685512394216	-8.672	-2.234	-0.450	0.263	-0.291	-0.713	-0.974	3.836	-1.092	126.975105	37.295185
1685512394236	1685512394226	-8.559	-2.320	-0.395	0.215	-0.293	-0.413	-1.123	3.812	-1.283	126.975105	37.295185
1685512394249	1685512394236	-8.368	-2.413	-0.369	0.155	-0.292	-0.127	-1.075	3.891	-1.396	126.975090	37.295174
1685512394257	1685512394249	-8.569	-2.478	-0.467	0.090	-0.266	0.122	-0.991	3.833	-1.377	126.975090	37.295174
1685512394267	1685512394257	-9.218	-2.595	-0.599	0.017	-0.195	0.326	-0.809	3.749	-1.381	126.975090	37.295174
1685512394276	1685512394267	-10.338	-2.780	-0.553	-0.054	-0.071	0.505	-1.006	3.675	-1.506	126.975090	37.295174
1685512394286	1685512394276	-11.442	-3.038	-0.682	-0.111	0.097	0.676	-1.635	3.529	-1.654	126.975090	37.295174
1685512394297	1685512394286	-12.342	-3.124	-0.790	-0.167	0.252	0.869	-2.715	3.294	-1.604	126.975090	37.295174
1685512394306	1685512394298	-12.582	-3.443	-0.646	-0.230	0.358	1.142	-3.749	2.950	-1.702	126.975090	37.295174
1685512394317	1685512394306	-11.768	-3.508	-0.493	-0.259	0.406	1.541	-4.594	2.799	-1.781	126.975090	37.295174
1685512394326	1685512394317	-10.264	-3.771	-0.249	-0.266	0.375	1.990	-4.757	2.385	-1.592	126.975090	37.295174
1685512394336	1685512394326	-9.017	-4.104	-0.110	-0.277	0.290	2.365	-3.859	2.212	-1.396	126.975090	37.295174
1685512394346	1685512394336	-8.815	-4.214	0.192	-0.274	0.287	2.582	-2.227	1.779	-1.101	126.975090	37.295174
1685512394356	1685512394346	-9.744	-4.116	0.268	-0.254	0.453	2.619	-0.862	1.274	-0.929	126.975090	37.295174
1685512394366	1685512394356	-11.387	-4.075	0.247	-0.165	0.726	2.522	-0.522	0.955	-0.589	126.975090	37.295174
1685512394377	1685512394366	-13.269	-4.017	0.405	0.002	1.032	2.379	-1.314	0.836	-0.462	126.975090	37.295174
1685512394386	1685512394377	-14.597	-4.116	0.498	0.180	1.277	2.298	-2.830	0.663	-0.414	126.975090	37.295174
1685512394397	1685512394386	-15.158	-4.305	0.484	0.303	1.345	2.326	-4.597	0.515	-0.165	126.975090	37.295174
1685512394406	1685512394397	-14.830	-4.453	0.455	0.375	1.257	2.474	-5.806	0.196	0.038	126.975090	37.295174
1685512394416	1685512394406	-13.989	-4.592	0.476	0.430	1.101	2.709	-6.273	-0.177	0.120	126.975090	37.295174
1685512394426	1685512394416	-13.130	-4.535	0.563	0.463	0.938	2.927	-5.832	-0.570	0.199	126.975090	37.295174
1685512394437	1685512394426	-12.203	-4.413	0.713	0.464	0.798	3.059	-4.899	-0.931	0.294	126.975090	37.295174
1685512394446	1685512394437	-11.327	-4.350	0.828	0.430	0.689	3.100	-3.934	-1.142	0.450	126.975090	37.295174
1685512394456	1685512394446	-10.312	-4.068	0.994	0.356	0.628	3.068	-2.907	-1.302	0.661	126.975090	37.295174
1685512394466	1685512394456	-9.218	-3.819	1.176	0.228	0.573	2.983	-1.930	-1.561	0.833	126.975090	37.295174
1685512394476	1685512394466	-8.116	-3.548	1.252	0.053	0.509	2.867	-0.840	-1.537	1.041	126.975090	37.295174
1685512394486	1685512394476	-7.403	-3.440	1.458	-0.162	0.456	2.720	0.323	-1.573	1.274	126.975090	37.295174
1685512394498	1685512394486	-6.843	-3.591	1.556	-0.403	0.443	2.533	1.484	-1.575	1.398	126.975090	37.295174
1685512394506	1685512394499	-6.598	-4.020	1.832	-0.635	0.474	2.315	2.248	-1.731	1.650	126.975090	37.295174
1685512394516	1685512394506	-6.510	-4.290	2.030	-0.810	0.525	2.092	2.847	-2.128	1.798	126.975090	37.295174
1685512394526	1685512394516	-6.500	-4.365	2.140	-0.902	0.549	1.889	3.127	-2.828	2.138	126.975090	37.295174
1685512394536	1685512394526	-6.419	-4.348	2.052	-0.903	0.529	1.734	3.232	-3.263	2.385	126.975090	37.295174
1685512394546	1685512394536	-6.373	-4.269	1.966	-0.830	0.476	1.630	3.259	-3.527	2.557	126.975090	37.295174
1685512394557	1685512394546	-6.249	-4.257	1.753	-0.731	0.391	1.548	3.349	-3.682	2.528	126.975090	37.295174
1685512394566	1685512394557	-6.294	-4.192	1.697	-0.654	0.298	1.458	3.402	-3.766	2.492	126.975090	37.295174
1685512394576	1685512394566	-6.452	-4.142	1.659	-0.610	0.228	1.356	3.531	-3.910	2.320	126.975090	37.295174
1685512394586	1685512394576	-6.740	-4.154	1.681	-0.594	0.188	1.250	3.488	-4.005	2.301	126.975090	37.295174
1685512394597	1685512394586	-7.032	-4.135	1.697	-0.608	0.159	1.146	3.330	-4.080	2.282	126.975090	37.295174
1685512394606	1685512394598	-7.384	-4.286	1.681	-0.649	0.149	1.051	3.043	-4.216	2.322	126.975090	37.295174
1685512394617	1685512394606	-7.578	-4.326	1.760	-0.685	0.144	0.966	2.749	-4.314	2.354	126.975090	37.295174
1685512394626	1685512394618	-7.609	-4.334	1.709	-0.709	0.127	0.900	2.392	-4.583	2.351	126.975090	37.295174
1685512394636	1685512394626	-7.669	-4.357	1.640	-0.717	0.093	0.843	2.193	-4.712	2.442	126.975090	37.295174
1685512394646	1685512394636	-7.760	-4.444	1.549	-0.711	0.066	0.788	2.157	-4.831	2.401	126.975090	37.295174
1685512394656	1685512394646	-7.958	-4.446	1.523	-0.705	0.044	0.731	2.093	-4.925	2.337	126.975090	37.295174
1685512394666	1685512394656	-8.248	-4.549	1.446	-0.709	0.017	0.662	1.997	-5.092	2.248	126.975090	37.295174
1685512394678	1685512394666	-8.665	-4.515	1.386	-0.723	0.000	0.585	1.793	-5.171	2.222	126.975090	37.295174
1685512394686	1685512394678	-9.225	-4.571	1.207	-0.749	-0.007	0.506	1.496	-5.351	2.140	126.975090	37.295174
1685512394698	1685512394686	-9.792	-4.666	1.094	-0.795	-0.007	0.426	1.080	-5.346	2.064	126.975090	37.295174
1685512394706	1685512394698	-10.254	-4.695	0.962	-0.855	-0.009	0.353	0.517	-5.425	1.858	126.975090	37.295174
1685512394717	1685512394706	-10.333	-4.760	0.728	-0.922	-0.031	0.305	-0.043	-5.502	1.717	126.975090	37.295174
1685512394726	1685512394717	-10.185	-4.820	0.642	-0.991	-0.092	0.286	-0.510	-5.578	1.575	126.975090	37.295174
1685512394738	1685512394726	-10.029	-4.987	0.524	-1.052	-0.156	0.280	-0.591	-5.672	1.331	126.975090	37.295174
1685512394746	1685512394738	-9.936	-5.059	0.486	-1.106	-0.182	0.253	-0.445	-5.770	1.226	126.975090	37.295174
1685512394757	1685512394747	-9.919	-5.136	0.385	-1.152	-0.167	0.188	-0.290	-5.966	1.087	126.975090	37.295174
1685512394766	1685512394757	-10.154	-5.210	0.079	-1.186	-0.133	0.100	-0.199	-6.076	1.013	126.975090	37.295174
1685512394777	1685512394766	-10.611	-5.401	0.034	-1.207	-0.089	0.002	-0.182	-6.175	0.888	126.975090	37.295174
1685512394787	1685512394777	-11.394	-5.648	0.220	-1.224	-0.026	-0.106	-0.419	-6.263	0.555	126.975090	37.295174
1685512394799	1685512394787	-12.045	-5.799	0.218	-1.222	0.072	-0.232	-0.874	-6.462	0.488	126.975090	37.295174
1685512394809	1685512394799	-12.270	-6.048	0.354	-1.162	0.182	-0.341	-1.657	-6.704	0.661	126.975090	37.295174
1685512394820	1685512394809	-12.028	-6.194	0.678	-1.021	0.228	-0.386	-2.306	-6.835	0.651	126.975090	37.295174
1685512394828	1685512394820	-11.305	-6.280	0.994	-0.803	0.202	-0.367	-2.528	-7.051	0.795	126.975090	37.295174
1685512394839	1685512394828	-10.575	-6.290	1.027	-0.495	0.182	-0.334	-2.284	-7.171	1.128	126.975090	37.295174
1685512394849	1685512394839	-10.132	-6.203	0.783	-0.109	0.173	-0.323	-1.559	-7.226	1.456	126.975090	37.295174
1685512394861	1685512394849	-10.491	-5.935	0.611	0.292	0.186	-0.365	-0.826	-7.204	1.504	126.975090	37.295174
1685512394869	1685512394861	-11.499	-5.760	0.713	0.645	0.241	-0.478	-0.381	-7.087	1.274	126.975090	37.295174
1685512394879	1685512394869	-12.761	-5.777	0.615	0.926	0.319	-0.638	-0.737	-6.783	1.123	126.975090	37.295174
1685512394890	1685512394879	-14.078	-5.679	0.522	1.136	0.364	-0.790	-1.743	-6.553	1.257	126.975090	37.295174
1685512394901	1685512394890	-14.954	-5.404	0.096	1.286	0.373	-0.907	-3.002	-6.510	1.192	126.975090	37.295174
1685512394913	1685512394902	-15.390	-5.057	-0.340	1.370	0.320	-0.986	-4.317	-6.325	1.144	126.975090	37.295174
1685512394922	1685512394914	-15.148	-4.827	-0.529	1.379	0.173	-1.032	-5.191	-5.954	0.761	126.975090	37.295174
1685512394929	1685512394922	-14.542	-4.810	-0.699	1.291	-0.033	-1.053	-5.624	-5.490	0.366	126.975090	37.295174
1685512394940	1685512394929	-13.599	-4.697	-0.713	1.109	-0.233	-1.085	-5.377	-5.162	0.199	126.975090	37.295174
1685512394950	1685512394940	-12.582	-4.681	-0.781	0.864	-0.397	-1.167	-4.769	-5.021	0.029	126.975090	37.295174
1685512394960	1685512394950	-11.653	-4.611	-0.656	0.623	-0.496	-1.293	-3.824	-4.805	-0.002	126.975090	37.295174
1685512394970	1685512394961	-10.702	-4.523	-0.565	0.452	-0.508	-1.432	-2.801	-4.669	-0.108	126.975090	37.295174
1685512394981	1685512394970	-9.862	-4.403	-0.445	0.364	-0.478	-1.574	-1.870	-4.468	-0.034	126.975090	37.295174
1685512394991	1685512394982	-9.143	-4.305	-0.187	0.354	-0.420	-1.725	-0.919	-4.238	0.005	126.975090	37.295174
1685512395002	1685512394991	-8.449	-4.300	-0.024	0.401	-0.356	-1.881	-0.081	-3.962	0.077	126.975090	37.295174
1685512395011	1685512395002	-7.913	-4.164	0.199	0.490	-0.279	-2.037	0.627	-3.675	0.287	126.975090	37.295174
1685512395022	1685512395011	-7.590	-4.001	0.168	0.621	-0.197	-2.182	1.312	-3.505	0.417	126.975090	37.295174
1685512395032	1685512395022	-7.355	-3.792	0.244	0.777	-0.125	-2.316	1.829	-3.146	0.606	126.975090	37.295174
1685512395043	1685512395032	-7.298	-3.543	0.407	0.933	-0.065	-2.441	2.131	-2.789	0.551	126.975090	37.295174
1685512395052	1685512395043	-7.192	-3.484	0.625	1.076	-0.033	-2.551	2.334	-2.354	0.606	126.975090	37.295174
1685512395062	1685512395052	-7.096	-3.448	0.749	1.202	-0.031	-2.647	2.356	-1.865	0.747	126.975090	37.295174
1685512395072	1685512395063	-7.101	-3.357	0.704	1.322	-0.040	-2.735	2.409	-1.532	0.941	126.975090	37.295174
1685512395080	1685512395072	-7.163	-3.208	0.570	1.447	-0.049	-2.808	2.456	-1.264	1.039	126.975090	37.295174
1685512395093	1685512395081	-7.183	-2.916	0.515	1.563	-0.079	-2.853	2.387	-0.910	0.960	126.975090	37.295174
1685512395101	1685512395093	-7.338	-2.729	0.426	1.649	-0.126	-2.861	2.253	-0.491	0.783	126.975090	37.295174
1685512395109	1685512395101	-7.532	-2.557	0.496	1.690	-0.177	-2.830	2.143	0.098	0.663	126.975090	37.295174
1685512395128	1685512395110	-7.839	-2.483	0.498	1.680	-0.232	-2.771	1.894	0.565	0.503	126.975090	37.295174
1685512395128	1685512395128	-8.088	-2.375	0.510	1.632	-0.272	-2.691	1.583	1.051	0.484	126.975090	37.295174
1685512395141	1685512395131	-8.250	-2.198	0.414	1.560	-0.302	-2.585	1.192	1.326	0.419	126.975090	37.295174
1685512395148	1685512395141	-8.284	-2.162	0.366	1.466	-0.351	-2.446	0.838	1.674	0.342	126.975090	37.295174
1685512395159	1685512395151	-8.337	-2.066	0.287	1.343	-0.398	-2.280	0.567	2.076	0.153	126.975090	37.295174
1685512395167	1685512395159	-8.380	-2.095	0.237	1.191	-0.458	-2.098	0.426	2.322	0.012	126.975090	37.295174
1685512395177	1685512395168	-8.452	-2.025	0.189	1.020	-0.507	-1.919	0.266	2.610	-0.160	126.975090	37.295174
1685512395188	1685512395178	-8.578	-2.021	0.113	0.844	-0.535	-1.747	0.101	2.789	-0.326	126.975090	37.295174
1685512395199	1685512395189	-8.835	-2.071	0.084	0.679	-0.550	-1.572	-0.048	2.983	-0.450	126.975090	37.295174
1685512395208	1685512395199	-9.084	-2.229	0.115	0.528	-0.546	-1.393	-0.275	3.141	-0.622	126.975090	37.295174
1685512395219	1685512395208	-9.309	-2.322	0.022	0.392	-0.536	-1.203	-0.611	3.203	-0.723	126.975090	37.295174
1685512395227	1685512395219	-9.498	-2.339	-0.072	0.287	-0.519	-0.997	-0.955	3.177	-0.781	126.975090	37.295174
1685512395238	1685512395227	-9.555	-2.368	-0.184	0.216	-0.513	-0.765	-1.235	3.158	-0.927	126.975090	37.295174
1685512395247	1685512395238	-9.383	-2.358	-0.330	0.166	-0.525	-0.519	-1.482	3.213	-1.082	126.975090	37.295174
1685512395257	1685512395247	-9.045	-2.404	-0.407	0.117	-0.552	-0.280	-1.554	3.199	-1.228	126.975090	37.295174
1685512395269	1685512395257	-8.873	-2.418	-0.582	0.064	-0.578	-0.055	-1.389	3.213	-1.417	126.975082	37.295166
1685512395279	1685512395269	-9.357	-2.588	-0.836	-0.009	-0.564	0.143	-1.037	3.141	-1.523	126.975082	37.295166
1685512395287	1685512395279	-10.357	-2.636	-0.984	-0.103	-0.464	0.301	-0.840	3.084	-1.731	126.975082	37.295166
1685512395299	1685512395287	-11.586	-2.705	-1.027	-0.214	-0.285	0.435	-1.290	2.859	-2.004	126.975082	37.295166
1685512395307	1685512395299	-12.452	-2.861	-1.073	-0.334	-0.093	0.602	-2.241	2.734	-2.164	126.975082	37.295166
1685512395318	1685512395307	-12.524	-3.196	-0.946	-0.430	0.040	0.856	-3.409	2.576	-2.181	126.975082	37.295166
1685512395327	1685512395318	-11.296	-3.349	-0.721	-0.498	0.087	1.206	-4.238	2.365	-2.215	126.975082	37.295166
1685512395339	1685512395327	-9.613	-3.515	-0.601	-0.555	0.033	1.610	-4.269	1.970	-2.064	126.975082	37.295166
1685512395348	1685512395339	-8.581	-3.943	-0.321	-0.582	-0.043	1.984	-2.978	1.724	-1.808	126.975082	37.295166
1685512395358	1685512395348	-8.590	-4.025	0.014	-0.551	0.026	2.208	-1.214	1.429	-1.657	126.975082	37.295166
1685512395368	1685512395358	-9.934	-4.123	0.247	-0.469	0.287	2.231	-0.077	0.824	-1.350	126.975082	37.295166
1685512395378	1685512395368	-11.890	-4.326	0.409	-0.296	0.654	2.131	0.005	0.577	-0.989	126.975082	37.295166
1685512395388	1685512395378	-13.664	-4.568	0.472	-0.026	1.018	2.035	-1.233	0.290	-0.711	126.975082	37.295166
1685512395403	1685512395388	-14.621	-4.405	0.541	0.266	1.251	2.031	-3.091	-0.093	-0.479	126.975082	37.295166
1685512395410	1685512395403	-14.724	-4.460	0.551	0.530	1.284	2.156	-4.772	-0.517	-0.323	126.975082	37.295166
1685512395420	1685512395410	-14.178	-4.432	0.639	0.764	1.194	2.414	-5.641	-0.536	-0.153	126.975082	37.295166
1685512395429	1685512395420	-13.235	-4.556	0.668	0.947	1.085	2.694	-5.638	-0.831	-0.029	126.975082	37.295166
1685512395441	1685512395429	-12.359	-4.367	0.713	1.054	0.976	2.872	-5.018	-0.982	0.122	126.975082	37.295166
1685512395451	1685512395441	-11.542	-4.223	0.819	1.095	0.887	2.935	-3.979	-1.358	0.220	126.975082	37.295166
1685512395462	1685512395451	-10.621	-3.862	0.948	1.067	0.823	2.928	-3.010	-1.441	0.323	126.975082	37.295166
1685512395472	1685512395462	-9.658	-3.543	1.008	0.968	0.751	2.880	-2.109	-1.575	0.484	126.975082	37.295166
1685512395481	1685512395472	-8.727	-3.117	1.106	0.789	0.649	2.779	-1.111	-1.496	0.663	126.975082	37.295166
1685512395491	1685512395482	-7.956	-2.667	1.161	0.518	0.549	2.613	-0.077	-1.482	0.778	126.975082	37.295166
1685512395504	1685512395491	-7.204	-2.571	1.250	0.155	0.478	2.395	0.903	-1.298	0.919	126.975082	37.295166
1685512395511	1685512395504	-6.730	-2.794	1.456	-0.270	0.426	2.153	1.719	-1.101	1.018	126.975082	37.295166
1685512395539	1685512395511	-6.412	-3.227	1.580	-0.721	0.403	1.903	2.507	-1.238	1.152	126.975082	37.295166
1685512395540	1685512395540	-6.093	-3.642	1.731	-1.153	0.374	1.665	3.010	-1.690	1.405	126.975082	37.295166
1685512395541	1685512395541	-5.971	-3.943	1.693	-1.495	0.342	1.462	3.347	-2.291	1.573	126.975082	37.295166
1685512395551	1685512395542	-5.847	-3.926	1.650	-1.708	0.299	1.318	3.680	-2.885	1.774	126.975082	37.295166
1685512395561	1685512395552	-5.763	-3.994	1.518	-1.801	0.227	1.228	3.812	-3.316	1.776	126.975082	37.295166
1685512395571	1685512395561	-5.686	-4.032	1.398	-1.807	0.147	1.156	3.943	-3.428	1.772	126.975082	37.295166
1685512395582	1685512395571	-5.861	-4.245	1.319	-1.774	0.087	1.076	4.032	-3.620	1.669	126.975082	37.295166
1685512395591	1685512395583	-5.988	-4.300	1.288	-1.708	0.048	0.991	4.113	-3.773	1.571	126.975082	37.295166
1685512395602	1685512395591	-6.237	-4.204	1.156	-1.609	0.037	0.914	3.938	-4.096	1.504	126.975082	37.295166
1685512395611	1685512395603	-6.438	-4.156	1.104	-1.491	0.048	0.866	3.814	-4.262	1.480	126.975082	37.295166
1685512395621	1685512395611	-6.517	-4.238	1.034	-1.376	0.050	0.856	3.565	-4.250	1.350	126.975082	37.295166
1685512395632	1685512395621	-6.481	-4.281	1.068	-1.284	0.037	0.861	3.361	-4.298	1.302	126.975082	37.295166
1685512395643	1685512395632	-6.548	-4.329	1.111	-1.206	0.044	0.866	3.282	-4.458	1.233	126.975082	37.295166
1685512395652	1685512395643	-6.613	-4.434	1.154	-1.118	0.086	0.861	3.316	-4.587	1.269	126.975082	37.295166
1685512395661	1685512395652	-6.816	-4.508	1.092	-1.008	0.143	0.850	3.244	-4.721	1.312	126.975082	37.295166
1685512395673	1685512395662	-7.161	-4.575	1.077	-0.885	0.200	0.834	3.177	-4.922	1.358	126.975082	37.295166
1685512395682	1685512395673	-7.508	-4.590	1.111	-0.765	0.244	0.816	2.969	-5.073	1.302	126.975082	37.295166
1685512395693	1685512395683	-8.064	-4.590	1.099	-0.662	0.281	0.790	2.617	-5.224	1.302	126.975082	37.295166
1685512395707	1685512395693	-8.624	-4.673	1.197	-0.580	0.316	0.759	2.265	-5.320	1.355	126.975082	37.295166
1685512395713	1685512395709	-9.141	-4.784	1.240	-0.518	0.354	0.735	1.702	-5.399	1.367	126.975082	37.295166
1685512395742	1685512395714	-9.491	-4.870	1.298	-0.465	0.387	0.728	1.135	-5.559	1.489	126.975082	37.295166
1685512395743	1685512395743	-9.720	-4.975	1.415	-0.420	0.404	0.742	0.608	-5.758	1.568	126.975082	37.295166
1685512395744	1685512395743	-9.948	-5.143	1.422	-0.367	0.398	0.760	0.251	-5.902	1.652	126.975082	37.295166
1685512395751	1685512395744	-9.946	-5.100	1.379	-0.297	0.403	0.773	0.012	-6.081	1.805	126.975082	37.295166
1685512395763	1685512395752	-9.989	-5.236	1.398	-0.222	0.398	0.776	-0.225	-6.323	1.846	126.975082	37.295166
1685512395770	1685512395765	-10.274	-5.212	1.123	-0.167	0.374	0.753	-0.232	-6.357	1.839	126.975082	37.295166
1685512395780	1685512395771	-10.987	-5.318	0.905	-0.149	0.356	0.689	-0.287	-6.570	1.894	126.975082	37.295166
1685512395791	1685512395780	-12.119	-5.559	0.958	-0.189	0.349	0.579	-0.587	-6.627	1.657	126.975082	37.295166
1685512395802	1685512395791	-13.685	-5.918	1.152	-0.270	0.380	0.419	-1.312	-6.795	1.468	126.975082	37.295166
1685512395811	1685512395804	-14.930	-6.088	1.480	-0.341	0.465	0.220	-2.454	-7.094	1.551	126.975082	37.295166
1685512395824	1685512395812	-15.028	-6.045	1.542	-0.357	0.529	0.042	-4.029	-7.494	1.776	126.975082	37.295166
1685512395832	1685512395824	-13.621	-6.021	1.374	-0.305	0.443	-0.033	-5.282	-7.690	2.150	126.975082	37.295166
1685512395842	1685512395833	-11.693	-5.986	1.164	-0.219	0.191	-0.012	-5.385	-7.652	2.253	126.975082	37.295166
1685512395852	1685512395843	-10.884	-6.029	1.015	-0.139	-0.099	-0.022	-3.979	-7.628	2.131	126.975082	37.295166
1685512395863	1685512395853	-11.514	-6.108	1.164	-0.066	-0.238	-0.178	-2.052	-7.592	1.932	126.975082	37.295166
1685512395873	1685512395864	-13.360	-6.141	1.149	0.016	-0.143	-0.494	-1.243	-7.635	1.769	126.975082	37.295166
1685512395885	1685512395873	-15.277	-6.148	1.010	0.117	0.064	-0.889	-1.867	-7.697	1.896	126.975082	37.295166
1685512395892	1685512395885	-16.285	-6.105	0.646	0.243	0.204	-1.229	-3.704	-7.678	1.867	126.975082	37.295166
1685512395907	1685512395893	-16.388	-5.883	0.239	0.393	0.175	-1.417	-5.612	-7.609	1.736	126.975082	37.295166
1685512395911	1685512395909	-15.881	-5.559	-0.192	0.546	0.011	-1.470	-6.601	-7.420	1.398	126.975082	37.295166
1685512395946	1685512395912	-15.103	-5.303	-0.369	0.665	-0.205	-1.465	-6.692	-7.084	1.010	126.975082	37.295166
1685512395947	1685512395946	-14.257	-5.191	-0.450	0.720	-0.404	-1.493	-6.163	-6.586	0.587	126.975082	37.295166
1685512395947	1685512395947	-13.388	-5.100	-0.402	0.724	-0.519	-1.592	-5.373	-6.211	0.400	126.975082	37.295166
1685512395952	1685512395947	-12.519	-4.906	-0.381	0.721	-0.542	-1.718	-4.511	-5.933	0.280	126.975082	37.295166
1685512395962	1685512395952	-11.595	-4.681	-0.338	0.755	-0.520	-1.830	-3.627	-5.681	0.283	126.975082	37.295166
1685512395972	1685512395963	-10.664	-4.350	-0.275	0.827	-0.476	-1.923	-2.744	-5.296	0.249	126.975082	37.295166
1685512395981	1685512395973	-9.699	-4.178	-0.136	0.914	-0.420	-2.016	-1.812	-4.906	0.249	126.975082	37.295166
1685512395993	1685512395981	-8.911	-4.061	0.048	1.001	-0.359	-2.117	-0.874	-4.384	0.266	126.975082	37.295166
1685512396003	1685512395994	-8.255	-4.037	0.192	1.089	-0.292	-2.230	0.089	-4.008	0.364	126.975082	37.295166
1685512396012	1685512396005	-7.906	-3.984	0.352	1.190	-0.226	-2.357	0.874	-3.680	0.510	126.975082	37.295166
1685512396021	1685512396012	-7.863	-3.814	0.460	1.308	-0.148	-2.490	1.520	-3.433	0.620	126.975082	37.295166
1685512396032	1685512396023	-7.882	-3.575	0.460	1.429	-0.067	-2.622	1.848	-3.098	0.742	126.975082	37.295166
1685512396042	1685512396032	-8.006	-3.397	0.395	1.548	-0.001	-2.744	1.872	-2.729	0.828	126.975082	37.295166
1685512396051	1685512396042	-8.068	-3.218	0.328	1.646	0.017	-2.855	1.822	-2.229	0.804	126.975082	37.295166
1685512396065	1685512396052	-7.800	-3.172	0.201	1.715	-0.018	-2.948	1.657	-1.781	0.716	126.975082	37.295166
1685512396073	1685512396065	-7.587	-2.966	0.232	1.754	-0.099	-3.013	1.544	-1.322	0.622	126.975082	37.295166
1685512396082	1685512396074	-7.446	-2.801	0.266	1.763	-0.198	-3.054	1.753	-0.989	0.460	126.975082	37.295166
1685512396093	1685512396082	-7.618	-2.646	0.201	1.750	-0.286	-3.089	1.889	-0.462	0.433	126.975082	37.295166
1685512396105	1685512396093	-7.786	-2.361	0.129	1.724	-0.319	-3.115	1.944	0.010	0.393	126.975082	37.295166
1685512396113	1685512396105	-8.088	-2.253	0.117	1.684	-0.320	-3.123	1.671	0.484	0.237	126.975082	37.295166
1685512396121	1685512396113	-8.274	-2.109	-0.101	1.620	-0.358	-3.103	1.398	1.065	0.072	126.975082	37.295166
1685512396153	1685512396122	-8.346	-1.939	-0.108	1.522	-0.434	-3.045	0.974	1.482	-0.036	126.975082	37.295166
1685512396153	1685512396153	-8.377	-1.853	-0.146	1.392	-0.514	-2.946	0.682	1.865	-0.340	126.975082	37.295166
1685512396153	1685512396153	-8.387	-1.781	-0.283	1.228	-0.597	-2.809	0.476	2.315	-0.457	126.975082	37.295166
1685512396160	1685512396154	-8.131	-1.630	-0.364	1.035	-0.691	-2.645	0.328	2.629	-0.589	126.975082	37.295166
1685512396169	1685512396160	-7.930	-1.501	-0.498	0.820	-0.775	-2.463	0.187	2.938	-0.836	126.975082	37.295166
1685512396180	1685512396169	-7.717	-1.336	-0.493	0.590	-0.847	-2.261	0.311	3.309	-1.025	126.975082	37.295166
1685512396190	1685512396180	-7.561	-1.453	-0.445	0.352	-0.911	-2.042	0.383	3.637	-1.264	126.975082	37.295166
1685512396202	1685512396190	-7.669	-1.559	-0.438	0.114	-0.946	-1.814	0.469	3.984	-1.360	126.975082	37.295166
1685512396210	1685512396202	-7.858	-1.810	-0.472	-0.103	-0.931	-1.589	0.496	4.046	-1.415	126.975082	37.295166
1685512396219	1685512396210	-7.999	-1.954	-0.591	-0.272	-0.869	-1.365	0.287	4.070	-1.482	126.975082	37.295166
1685512396229	1685512396220	-8.186	-2.083	-0.632	-0.381	-0.827	-1.115	-0.010	3.958	-1.590	126.975082	37.295166
1685512396240	1685512396230	-8.224	-2.157	-0.606	-0.451	-0.793	-0.839	-0.232	3.915	-1.757	126.975082	37.295166
1685512396249	1685512396241	-8.171	-2.282	-0.675	-0.485	-0.745	-0.547	-0.493	3.876	-1.839	126.975082	37.295166
1685512396262	1685512396249	-8.346	-2.394	-0.761	-0.495	-0.691	-0.248	-0.591	3.871	-1.846	126.975067	37.295158
1685512396271	1685512396262	-8.899	-2.514	-0.900	-0.491	-0.615	0.045	-0.587	3.800	-1.946	126.975067	37.295158
1685512396279	1685512396271	-9.881	-2.758	-0.955	-0.496	-0.465	0.323	-0.783	3.709	-2.052	126.975067	37.295158
1685512396289	1685512396280	-10.925	-3.160	-0.948	-0.507	-0.258	0.595	-1.341	3.591	-2.207	126.975067	37.295158
1685512396302	1685512396290	-11.545	-3.508	-0.848	-0.508	-0.049	0.900	-2.310	3.330	-2.267	126.975067	37.295158
1685512396310	1685512396302	-11.569	-3.709	-0.673	-0.498	0.105	1.260	-3.321	2.890	-2.248	126.975067	37.295158
1685512396320	1685512396310	-10.762	-3.934	-0.500	-0.495	0.178	1.670	-3.888	2.480	-2.121	126.975067	37.295158
1685512396330	1685512396320	-9.785	-4.214	-0.292	-0.484	0.192	2.092	-3.821	2.169	-1.901	126.975067	37.295158
1685512396342	1685512396330	-9.285	-4.345	0.127	-0.454	0.220	2.429	-2.933	1.846	-1.695	126.975067	37.295158
1685512396351	1685512396344	-9.558	-4.501	0.328	-0.431	0.345	2.611	-1.834	1.405	-1.444	126.975067	37.295158
1685512396362	1685512396351	-10.537	-4.664	0.438	-0.379	0.595	2.657	-1.197	1.085	-0.982	126.975067	37.295158
1685512396370	1685512396362	-11.890	-4.664	0.589	-0.238	0.922	2.629	-1.329	0.721	-0.730	126.975067	37.295158
1685512396380	1685512396370	-13.120	-4.839	0.706	-0.027	1.230	2.594	-2.167	0.340	-0.551	126.975067	37.295158
1685512396389	1685512396381	-14.013	-4.889	0.910	0.211	1.453	2.594	-3.354	0.077	-0.292	126.975067	37.295158
1685512396401	1685512396390	-14.516	-4.932	0.931	0.446	1.594	2.638	-4.482	-0.275	-0.089	126.975067	37.295158
1685512396409	1685512396401	-14.396	-4.748	0.929	0.672	1.675	2.727	-5.248	-0.553	0.230	126.975067	37.295158
1685512396421	1685512396410	-13.680	-4.685	0.783	0.869	1.660	2.853	-5.629	-0.831	0.371	126.975067	37.295158
1685512396430	1685512396421	-12.768	-4.477	0.694	1.010	1.565	2.972	-5.382	-0.919	0.505	126.975067	37.295158
1685512396440	1685512396430	-11.854	-4.436	0.673	1.086	1.436	3.045	-4.566	-1.092	0.467	126.975067	37.295158
1685512396451	1685512396440	-10.958	-4.161	0.838	1.096	1.319	3.057	-3.527	-1.214	0.508	126.975067	37.295158
1685512396460	1685512396451	-10.171	-3.972	1.185	1.042	1.223	3.012	-2.533	-1.401	0.565	126.975067	37.295158
1685512396472	1685512396460	-9.222	-3.950	1.635	0.943	1.156	2.939	-1.539	-1.441	0.833	126.975067	37.295158
1685512396484	1685512396472	-8.442	-3.716	2.066	0.834	1.098	2.844	-0.673	-1.537	1.269	126.975067	37.295158
1685512396492	1685512396484	-7.757	-3.723	2.349	0.729	1.057	2.700	0.338	-1.793	1.808	126.975067	37.295158
1685512396503	1685512396492	-7.331	-3.426	2.653	0.637	1.035	2.518	1.173	-1.832	2.327	126.975067	37.295158
1685512396512	1685512396512	-6.898	-3.151	2.375	0.550	1.029	2.315	1.908	-2.121	2.708	126.975067	37.295158
1685512396522	1685512396512	-6.634	-2.835	2.052	0.431	0.986	2.105	2.363	-2.042	3.093	126.975067	37.295158
1685512396532	1685512396522	-6.558	-2.749	1.875	0.236	0.933	1.888	2.823	-2.011	2.919	126.975067	37.295158
1685512396543	1685512396532	-6.543	-2.784	1.652	-0.037	0.905	1.692	3.103	-1.877	2.677	126.975067	37.295158
1685512396552	1685512396543	-6.615	-2.789	1.551	-0.357	0.822	1.523	3.189	-1.973	2.588	126.975067	37.295158
1685512396562	1685512396552	-6.584	-3.103	1.561	-0.682	0.709	1.367	3.208	-2.174	2.454	126.975067	37.295158
1685512396572	1685512396563	-6.579	-3.357	1.705	-0.959	0.608	1.239	3.136	-2.346	2.444	126.975067	37.295158
1685512396583	1685512396572	-6.555	-3.448	2.006	-1.156	0.522	1.137	3.168	-2.784	2.519	126.975067	37.295158
1685512396593	1685512396583	-6.692	-3.699	2.131	-1.300	0.443	1.053	3.170	-3.170	2.725	126.975067	37.295158
1685512396604	1685512396593	-6.831	-3.845	2.184	-1.393	0.395	0.985	3.189	-3.383	3.079	126.975067	37.295158
1685512396613	1685512396606	-6.862	-3.931	2.294	-1.414	0.385	0.936	3.048	-3.752	3.247	126.975067	37.295158
1685512396626	1685512396613	-6.895	-4.156	2.342	-1.379	0.360	0.904	2.904	-4.010	3.335	126.975067	37.295158
1685512396635	1685512396627	-7.013	-4.235	2.423	-1.289	0.331	0.892	2.863	-4.226	3.486	126.975067	37.295158
1685512396644	1685512396635	-7.156	-4.257	2.521	-1.136	0.327	0.896	2.825	-4.535	3.558	126.975067	37.295158
1685512396655	1685512396644	-7.374	-4.389	2.593	-0.946	0.341	0.909	2.698	-4.714	3.668	126.975067	37.295158
1685512396667	1685512396655	-7.781	-4.314	2.612	-0.738	0.367	0.924	2.547	-4.839	3.790	126.975067	37.295158
1685512396672	1685512396668	-8.076	-4.317	2.526	-0.553	0.386	0.929	2.318	-5.071	3.891	126.975067	37.295158
1685512396684	1685512396673	-8.310	-4.484	2.349	-0.425	0.385	0.927	1.901	-5.095	3.938	126.975067	37.295158
1685512396695	1685512396685	-8.782	-4.513	2.423	-0.336	0.381	0.920	1.592	-5.205	3.888	126.975067	37.295158
1685512396710	1685512396696	-9.385	-4.544	2.392	-0.274	0.380	0.896	1.343	-5.459	3.742	126.975067	37.295158
1685512396712	1685512396710	-9.946	-4.695	2.557	-0.230	0.386	0.859	0.862	-5.559	3.836	126.975067	37.295158
1685512396745	1685512396712	-10.496	-4.860	2.567	-0.171	0.401	0.826	0.251	-5.643	3.812	126.975067	37.295158
1685512396746	1685512396746	-10.951	-4.736	2.538	-0.116	0.407	0.783	-0.323	-5.890	4.015	126.975067	37.295158
1685512396747	1685512396746	-11.097	-4.729	2.440	-0.105	0.376	0.721	-0.888	-6.129	4.058	126.975067	37.295158
1685512396752	1685512396747	-11.176	-4.793	2.140	-0.114	0.283	0.650	-1.362	-6.088	4.070	126.975067	37.295158
1685512396765	1685512396752	-11.179	-5.049	1.721	-0.144	0.181	0.569	-1.523	-6.144	4.003	126.975067	37.295158
1685512396774	1685512396765	-11.787	-5.325	1.528	-0.213	0.095	0.461	-1.616	-6.273	3.730	126.975067	37.295158
1685512396784	1685512396774	-12.814	-5.646	1.604	-0.291	0.073	0.318	-1.630	-6.586	3.326	126.975067	37.295158
1685512396792	1685512396784	-14.281	-6.053	1.676	-0.353	0.126	0.139	-2.246	-6.910	3.136	126.975067	37.295158
1685512396803	1685512396793	-15.397	-6.021	1.867	-0.336	0.233	-0.072	-3.280	-7.264	3.215	126.975067	37.295158
1685512396813	1685512396805	-15.402	-6.050	2.188	-0.252	0.268	-0.269	-4.752	-7.693	3.294	126.975067	37.295158
1685512396823	1685512396813	-13.949	-5.567	2.320	-0.101	0.151	-0.393	-5.871	-7.661	3.503	126.975067	37.295158
1685512396833	1685512396824	-11.715	-5.183	1.973	0.122	-0.104	-0.450	-5.878	-7.666	3.845	126.975067	37.295158
1685512396844	1685512396833	-9.979	-4.925	1.731	0.343	-0.448	-0.490	-4.420	-7.149	3.989	126.975067	37.295158
1685512396853	1685512396844	-9.359	-4.772	1.472	0.491	-0.694	-0.586	-2.176	-6.721	3.634	126.975067	37.295158
1685512396863	1685512396853	-10.235	-4.882	1.130	0.530	-0.710	-0.781	-0.424	-6.409	3.354	126.975067	37.295158
1685512396873	1685512396864	-11.878	-4.963	0.943	0.534	-0.545	-1.073	0.215	-6.187	3.031	126.975067	37.295158
1685512396885	1685512396873	-13.604	-5.071	0.797	0.549	-0.299	-1.422	-0.639	-6.223	2.634	126.975067	37.295158
1685512396895	1685512396885	-14.923	-4.934	0.500	0.585	-0.144	-1.732	-2.263	-6.194	2.401	126.975067	37.295158
1685512396913	1685512396895	-15.297	-4.650	0.201	0.656	-0.178	-1.927	-3.967	-6.155	2.234	126.975067	37.295158
1685512396914	1685512396913	-15.103	-4.439	-0.113	0.748	-0.367	-1.998	-5.265	-5.825	1.927	126.975067	37.295158
1685512396933	1685512396914	-14.624	-4.276	-0.400	0.842	-0.601	-1.993	-5.624	-5.365	1.616	126.975067	37.295158
1685512396934	1685512396933	-14.174	-4.056	-0.364	0.921	-0.794	-1.972	-5.409	-4.889	1.262	126.975067	37.295158
1685512396944	1685512396934	-13.683	-3.824	-0.283	0.963	-0.913	-1.960	-4.918	-4.583	0.936	126.975067	37.295158
1685512396952	1685512396944	-12.936	-3.797	-0.067	0.941	-0.985	-1.949	-4.451	-4.140	0.888	126.975067	37.295158
1685512396966	1685512396953	-12.254	-3.716	0.084	0.887	-1.030	-1.933	-3.950	-3.723	0.891	126.975067	37.295158
1685512396974	1685512396966	-11.301	-3.598	0.251	0.819	-1.085	-1.925	-3.196	-3.476	0.998	126.975067	37.295158
1685512396983	1685512396975	-10.271	-3.436	0.335	0.742	-1.147	-1.927	-2.512	-3.218	1.056	126.975067	37.295158
1685512396993	1685512396984	-9.172	-3.158	0.407	0.652	-1.189	-1.939	-1.561	-2.866	1.092	126.975067	37.295158
1685512397003	1685512396993	-8.243	-3.041	0.448	0.540	-1.210	-1.972	-0.536	-2.531	1.068	126.975067	37.295158
1685512397011	1685512397004	-7.508	-2.993	0.479	0.406	-1.199	-2.038	0.548	-2.059	1.018	126.975067	37.295158
1685512397023	1685512397011	-7.108	-3.024	0.424	0.268	-1.153	-2.137	1.460	-1.748	0.934	126.975067	37.295158
1685512397032	1685512397023	-6.833	-2.969	0.397	0.153	-1.071	-2.260	2.172	-1.480	0.831	126.975067	37.295158
1685512397041	1685512397032	-6.914	-3.139	0.366	0.086	-0.970	-2.399	2.543	-1.324	0.673	126.975067	37.295158
1685512397050	1685512397042	-6.960	-3.105	0.357	0.075	-0.870	-2.539	2.775	-1.030	0.529	126.975067	37.295158
1685512397061	1685512397051	-7.089	-3.108	0.187	0.104	-0.784	-2.663	2.650	-0.991	0.414	126.975067	37.295158
1685512397070	1685512397061	-7.242	-3.045	0.218	0.164	-0.731	-2.756	2.547	-0.716	0.318	126.975067	37.295158
1685512397082	1685512397071	-7.309	-2.907	0.108	0.254	-0.709	-2.809	2.351	-0.467	0.072	126.975067	37.295158
1685512397091	1685512397082	-7.345	-2.677	-0.012	0.364	-0.698	-2.832	2.119	-0.146	0.029	126.975067	37.295158
1685512397102	1685512397091	-7.523	-2.576	-0.182	0.478	-0.690	-2.834	1.966	0.251	-0.151	126.975067	37.295158
1685512397111	1685512397102	-7.582	-2.444	-0.206	0.572	-0.693	-2.811	1.824	0.769	-0.354	126.975067	37.295158
1685512397121	1685512397111	-7.587	-2.380	-0.266	0.623	-0.704	-2.764	1.554	1.101	-0.599	126.975067	37.295158
1685512397131	1685512397121	-7.520	-2.387	-0.235	0.624	-0.731	-2.687	1.374	1.508	-0.713	126.975067	37.295158
1685512397142	1685512397131	-7.614	-2.373	-0.187	0.596	-0.753	-2.582	1.264	1.791	-0.852	126.975067	37.295158
1685512397151	1685512397142	-7.719	-2.404	-0.189	0.550	-0.759	-2.461	1.211	2.016	-0.912	126.975067	37.295158
1685512397161	1685512397151	-7.908	-2.176	-0.220	0.492	-0.745	-2.326	0.996	2.251	-0.958	126.975067	37.295158
1685512397171	1685512397161	-8.030	-2.037	-0.287	0.418	-0.722	-2.178	0.754	2.444	-1.061	126.975067	37.295158
1685512397181	1685512397171	-8.116	-1.999	-0.323	0.320	-0.716	-2.007	0.457	2.844	-1.168	126.975067	37.295158
1685512397191	1685512397181	-8.243	-2.085	-0.366	0.198	-0.726	-1.809	0.215	3.160	-1.317	126.975067	37.295158
1685512397203	1685512397191	-8.499	-2.284	-0.311	0.062	-0.715	-1.598	0.017	3.361	-1.429	126.975067	37.295158
1685512397211	1685512397203	-8.751	-2.433	-0.263	-0.061	-0.668	-1.390	-0.215	3.419	-1.542	126.975067	37.295158
1685512397221	1685512397211	-9.017	-2.488	-0.263	-0.153	-0.616	-1.175	-0.570	3.347	-1.547	126.975067	37.295158
1685512397231	1685512397222	-9.201	-2.504	-0.429	-0.214	-0.574	-0.940	-0.927	3.330	-1.559	126.975067	37.295158
1685512397241	1685512397231	-9.316	-2.485	-0.472	-0.266	-0.538	-0.696	-1.252	3.349	-1.590	126.975067	37.295158
1685512397252	1685512397241	-9.158	-2.538	-0.498	-0.318	-0.490	-0.456	-1.501	3.409	-1.786	126.975052	37.295155
1685512397262	1685512397252	-8.923	-2.593	-0.527	-0.376	-0.456	-0.216	-1.664	3.486	-1.856	126.975052	37.295155
1685512397271	1685512397262	-8.801	-2.708	-0.450	-0.432	-0.424	0.020	-1.523	3.452	-1.889	126.975052	37.295155
1685512397281	1685512397271	-9.167	-2.942	-0.381	-0.467	-0.359	0.237	-1.283	3.393	-1.915	126.975052	37.295155
1685512397291	1685512397281	-10.005	-3.120	-0.354	-0.473	-0.216	0.419	-1.142	3.254	-1.829	126.975052	37.295155
1685512397302	1685512397291	-11.028	-3.156	-0.294	-0.447	-0.004	0.578	-1.475	2.981	-1.741	126.975052	37.295155
1685512397311	1685512397302	-11.684	-3.160	-0.388	-0.398	0.203	0.757	-2.260	2.741	-1.681	126.975052	37.295155
1685512397322	1685512397311	-11.763	-3.294	-0.371	-0.342	0.330	0.998	-3.208	2.617	-1.566	126.975052	37.295155
1685512397331	1685512397322	-11.181	-3.342	-0.180	-0.301	0.378	1.301	-3.773	2.502	-1.587	126.975052	37.295155
1685512397341	1685512397331	-10.135	-3.256	-0.093	-0.286	0.385	1.631	-3.797	2.301	-1.530	126.975052	37.295155
1685512397351	1685512397341	-9.325	-3.450	0.014	-0.288	0.370	1.935	-3.132	2.143	-1.286	126.975052	37.295155
1685512397361	1685512397351	-9.218	-3.603	0.194	-0.296	0.402	2.169	-2.002	2.112	-1.159	126.975052	37.295155
1685512397371	1685512397361	-9.878	-3.685	0.395	-0.309	0.544	2.307	-1.085	1.762	-1.006	126.975052	37.295155
1685512397382	1685512397371	-11.135	-3.802	0.649	-0.318	0.782	2.345	-0.862	1.432	-0.776	126.975052	37.295155
1685512397391	1685512397382	-12.402	-4.149	0.898	-0.280	1.035	2.349	-1.405	1.159	-0.515	126.975052	37.295155
1685512397402	1685512397391	-13.302	-4.393	1.238	-0.197	1.252	2.395	-2.543	0.845	-0.180	126.975052	37.295155
1685512397411	1685512397402	-13.874	-4.441	1.243	-0.071	1.396	2.496	-3.685	0.275	0.180	126.975052	37.295155
1685512397421	1685512397411	-13.985	-4.334	1.130	0.099	1.459	2.639	-4.484	-0.153	0.627	126.975052	37.295155
1685512397431	1685512397422	-13.635	-4.233	0.991	0.276	1.451	2.811	-4.934	-0.445	0.771	126.975052	37.295155
1685512397442	1685512397431	-13.135	-4.204	0.742	0.391	1.414	2.986	-4.949	-0.551	0.773	126.975052	37.295155
1685512397451	1685512397443	-12.447	-4.341	0.740	0.417	1.368	3.120	-4.492	-0.706	0.757	126.975052	37.295155
1685512397461	1685512397452	-11.720	-4.379	0.721	0.380	1.318	3.198	-3.886	-0.953	0.625	126.975052	37.295155
1685512397471	1685512397462	-10.839	-4.281	0.960	0.325	1.262	3.229	-3.093	-1.410	0.747	126.975052	37.295155
1685512397481	1685512397471	-9.823	-4.147	1.264	0.276	1.179	3.223	-2.284	-1.719	0.831	126.975052	37.295155
1685512397491	1685512397482	-8.717	-3.809	1.516	0.233	1.071	3.178	-1.324	-1.925	1.180	126.975052	37.295155
1685512397503	1685512397492	-7.681	-3.539	1.741	0.184	0.959	3.087	-0.242	-2.097	1.592	126.975052	37.295155
1685512397512	1685512397504	-6.931	-3.299	1.824	0.109	0.877	2.946	0.919	-2.066	1.942	126.975052	37.295155
1685512397522	1685512397512	-6.402	-3.158	1.927	0.022	0.847	2.756	2.002	-2.093	2.258	126.975052	37.295155
1685512397531	1685512397522	-6.273	-3.000	1.920	-0.067	0.863	2.534	2.792	-2.224	2.449	126.975052	37.295155
1685512397542	1685512397532	-6.270	-3.055	2.035	-0.191	0.896	2.286	3.338	-2.270	2.610	126.975052	37.295155
1685512397552	1685512397542	-6.428	-3.235	2.078	-0.364	0.918	2.039	3.481	-2.385	2.696	126.975052	37.295155
1685512397563	1685512397552	-6.565	-3.450	2.083	-0.560	0.908	1.824	3.486	-2.641	2.890	126.975052	37.295155
1685512397572	1685512397563	-6.685	-3.541	1.915	-0.732	0.854	1.651	3.326	-3.043	3.033	126.975052	37.295155
1685512397582	1685512397572	-6.835	-3.685	1.772	-0.872	0.761	1.511	3.184	-3.424	3.120	126.975052	37.295155
1685512397592	1685512397582	-6.898	-3.862	1.568	-0.977	0.650	1.396	3.050	-3.718	3.050	126.975052	37.295155
1685512397603	1685512397593	-7.254	-3.893	1.645	-1.048	0.558	1.296	2.890	-3.986	2.964	126.975052	37.295155
1685512397612	1685512397604	-7.630	-4.001	1.657	-1.114	0.484	1.196	2.813	-4.326	2.825	126.975052	37.295155
1685512397624	1685512397612	-8.207	-4.101	1.657	-1.177	0.412	1.097	2.444	-4.484	2.947	126.975052	37.295155
1685512397632	1685512397625	-8.557	-4.080	1.638	-1.213	0.360	1.002	2.049	-4.748	3.005	126.975052	37.295155
1685512397642	1685512397632	-8.835	-4.221	1.676	-1.240	0.316	0.921	1.460	-4.958	3.033	126.975052	37.295155
1685512397654	1685512397642	-9.052	-4.329	1.535	-1.277	0.257	0.858	1.094	-5.061	3.041	126.975052	37.295155
1685512397662	1685512397654	-9.093	-4.381	1.508	-1.318	0.193	0.809	0.804	-5.298	3.093	126.975052	37.295155
1685512397674	1685512397662	-9.064	-4.484	1.516	-1.356	0.140	0.767	0.572	-5.509	2.964	126.975052	37.295155
1685512397683	1685512397674	-9.208	-4.743	1.630	-1.385	0.104	0.729	0.520	-5.657	2.940	126.975052	37.295155
1685512397694	1685512397683	-9.577	-4.841	1.549	-1.392	0.100	0.689	0.536	-5.854	2.942	126.975052	37.295155
1685512397703	1685512397694	-9.984	-4.901	1.628	-1.355	0.147	0.637	0.381	-6.201	3.048	126.975052	37.295155
1685512397712	1685512397703	-10.400	-5.057	1.640	-1.285	0.211	0.580	0.000	-6.395	2.954	126.975052	37.295155
1685512397722	1685512397712	-10.453	-5.231	1.709	-1.189	0.253	0.536	-0.405	-6.472	3.000	126.975052	37.295155
1685512397732	1685512397722	-10.568	-5.270	1.731	-1.062	0.275	0.505	-0.826	-6.673	2.995	126.975052	37.295155
1685512397743	1685512397732	-10.408	-5.332	1.721	-0.905	0.272	0.486	-0.886	-6.893	3.060	126.975052	37.295155
1685512397752	1685512397743	-10.290	-5.435	1.743	-0.726	0.253	0.476	-1.013	-6.993	3.091	126.975052	37.295155
1685512397762	1685512397752	-10.329	-5.320	1.686	-0.535	0.243	0.454	-0.864	-7.116	3.091	126.975052	37.295155
1685512397772	1685512397762	-10.642	-5.289	1.511	-0.368	0.249	0.402	-0.761	-7.278	3.124	126.975052	37.295155
1685512397782	1685512397772	-11.317	-5.447	1.391	-0.246	0.276	0.320	-0.809	-7.209	3.079	126.975052	37.295155
1685512397792	1685512397782	-12.244	-5.665	1.420	-0.161	0.316	0.224	-1.135	-7.223	2.921	126.975052	37.295155
1685512397804	1685512397792	-13.391	-5.607	1.470	-0.087	0.385	0.108	-1.820	-7.415	2.823	126.975052	37.295155
1685512397812	1685512397804	-14.071	-5.610	1.681	0.012	0.459	-0.017	-2.756	-7.657	2.878	126.975052	37.295155
1685512397822	1685512397812	-13.925	-5.507	1.920	0.119	0.457	-0.109	-3.912	-7.609	2.964	126.975052	37.295155
1685512397832	1685512397822	-12.670	-5.478	2.037	0.213	0.343	-0.154	-4.599	-7.611	3.227	126.975052	37.295155
1685512397842	1685512397832	-10.939	-5.169	1.958	0.316	0.134	-0.170	-4.458	-7.496	3.503	126.975052	37.295155
1685512397852	1685512397842	-9.562	-4.961	1.729	0.420	-0.138	-0.194	-3.206	-7.451	3.656	126.975052	37.295155
1685512397864	1685512397853	-8.985	-4.827	1.369	0.474	-0.356	-0.277	-1.472	-7.120	3.596	126.975052	37.295155
1685512397872	1685512397864	-9.629	-4.894	1.231	0.468	-0.407	-0.454	-0.089	-6.886	3.361	126.975052	37.295155
1685512397884	1685512397872	-11.375	-4.990	1.159	0.457	-0.290	-0.732	0.498	-6.718	2.978	126.975052	37.295155
1685512397892	1685512397884	-13.288	-5.128	1.130	0.484	-0.097	-1.059	-0.129	-6.730	2.806	126.975052	37.295155
1685512397905	1685512397892	-14.715	-5.138	0.924	0.542	0.024	-1.345	-1.858	-6.756	2.717	126.975052	37.295155
1685512397912	1685512397905	-15.227	-4.913	0.515	0.630	-0.016	-1.533	-3.752	-6.788	2.686	126.975052	37.295155
1685512397925	1685512397913	-14.921	-4.697	0.172	0.738	-0.203	-1.608	-5.160	-6.661	2.492	126.975052	37.295155
1685512397935	1685512397925	-14.286	-4.420	0.017	0.845	-0.459	-1.599	-5.648	-6.263	2.090	126.975052	37.295155
1685512397943	1685512397935	-13.513	-4.295	-0.065	0.893	-0.722	-1.589	-5.320	-5.897	1.741	126.975052	37.295155
1685512397952	1685512397943	-12.862	-4.238	-0.026	0.853	-0.929	-1.622	-4.654	-5.420	1.542	126.975052	37.295155
1685512397963	1685512397952	-12.412	-4.156	-0.019	0.772	-1.034	-1.681	-3.859	-5.162	1.413	126.975052	37.295155
1685512397974	1685512397963	-11.890	-4.089	0.163	0.688	-1.082	-1.746	-3.179	-4.918	1.358	126.975052	37.295155
1685512397984	1685512397975	-11.344	-3.814	0.285	0.622	-1.115	-1.820	-2.708	-4.681	1.279	126.975052	37.295155
1685512397992	1685512397984	-10.664	-3.601	0.378	0.568	-1.135	-1.917	-2.164	-4.417	1.348	126.975052	37.295155
1685512398004	1685512397993	-9.924	-3.364	0.381	0.508	-1.167	-2.022	-1.602	-3.977	1.374	126.975052	37.295155
1685512398015	1685512398004	-9.194	-3.112	0.397	0.420	-1.194	-2.129	-0.907	-3.531	1.336	126.975052	37.295155
1685512398023	1685512398016	-8.578	-3.105	0.371	0.302	-1.192	-2.242	-0.160	-3.132	1.247	126.975052	37.295155
1685512398032	1685512398023	-8.088	-3.187	0.352	0.161	-1.164	-2.368	0.570	-2.629	1.120	126.975052	37.295155
1685512398044	1685512398033	-7.796	-3.323	0.362	0.034	-1.117	-2.512	1.180	-2.421	0.989	126.975052	37.295155
1685512398053	1685512398044	-7.602	-3.359	0.273	-0.044	-1.049	-2.660	1.659	-2.272	0.855	126.975052	37.295155
1685512398063	1685512398053	-7.523	-3.244	0.362	-0.062	-0.972	-2.789	1.930	-2.162	0.754	126.975052	37.295155
1685512398073	1685512398063	-7.525	-3.287	0.273	-0.023	-0.897	-2.893	2.090	-1.915	0.555	126.975052	37.295155
1685512398084	1685512398073	-7.547	-3.292	0.323	0.051	-0.828	-2.979	2.131	-1.556	0.560	126.975052	37.295155
1685512398094	1685512398084	-7.748	-3.136	0.170	0.159	-0.765	-3.042	2.078	-1.322	0.385	126.975052	37.295155
1685512398114	1685512398094	-7.915	-3.041	0.002	0.294	-0.711	-3.076	1.994	-1.041	0.354	126.975052	37.295155
1685512398115	1685512398114	-7.875	-2.758	-0.043	0.432	-0.681	-3.079	1.721	-0.596	0.124	126.975052	37.295155
1685512398124	1685512398115	-7.817	-2.708	-0.074	0.545	-0.677	-3.048	1.470	-0.211	-0.115	126.975052	37.295155
1685512398133	1685512398124	-7.831	-2.660	-0.129	0.633	-0.689	-2.986	1.393	0.426	-0.254	126.975052	37.295155
1685512398143	1685512398133	-7.963	-2.488	-0.287	0.691	-0.685	-2.904	1.369	0.704	-0.350	126.975052	37.295155
1685512398152	1685512398143	-8.023	-2.365	-0.254	0.715	-0.676	-2.809	1.247	1.020	-0.488	126.975052	37.295155
1685512398164	1685512398153	-8.135	-2.399	-0.144	0.715	-0.670	-2.690	1.001	1.451	-0.735	126.975052	37.295155
1685512398173	1685512398165	-8.250	-2.294	-0.232	0.698	-0.659	-2.539	0.824	1.820	-0.790	126.975052	37.295155
1685512398183	1685512398174	-8.282	-2.241	-0.275	0.652	-0.649	-2.365	0.591	2.018	-0.769	126.975052	37.295155
1685512398193	1685512398183	-8.147	-2.152	-0.318	0.575	-0.662	-2.172	0.345	2.361	-0.955	126.975052	37.295155
1685512398204	1685512398193	-8.112	-2.179	-0.338	0.474	-0.682	-1.965	0.208	2.591	-1.077	126.975052	37.295155
1685512398213	1685512398204	-8.073	-2.207	-0.287	0.357	-0.691	-1.752	0.230	2.859	-1.204	126.975052	37.295155
1685512398226	1685512398213	-8.191	-2.397	-0.184	0.235	-0.661	-1.544	0.160	2.990	-1.305	126.975037	37.295143
1685512398233	1685512398226	-8.305	-2.464	-0.041	0.122	-0.617	-1.340	0.089	3.117	-1.336	126.975037	37.295143
1685512398243	1685512398233	-8.586	-2.471	-0.122	0.029	-0.558	-1.142	-0.105	3.038	-1.293	126.975037	37.295143
1685512398253	1685512398243	-8.638	-2.320	-0.294	-0.037	-0.500	-0.951	-0.311	3.089	-1.211	126.975037	37.295143
1685512398263	1685512398253	-8.638	-2.286	-0.302	-0.081	-0.441	-0.759	-0.654	3.163	-1.334	126.975037	37.295143
1685512398273	1685512398263	-8.502	-2.229	-0.326	-0.112	-0.396	-0.557	-0.766	3.388	-1.544	126.975037	37.295143
1685512398285	1685512398273	-8.399	-2.380	-0.381	-0.149	-0.378	-0.354	-0.816	3.484	-1.583	126.975037	37.295143
1685512398294	1685512398285	-8.727	-2.435	-0.520	-0.195	-0.345	-0.160	-0.716	3.584	-1.630	126.975037	37.295143
1685512398304	1685512398294	-9.701	-2.701	-0.491	-0.238	-0.253	0.020	-0.639	3.464	-1.705	126.975037	37.295143
1685512398313	1685512398304	-10.903	-2.794	-0.558	-0.259	-0.067	0.197	-0.982	3.426	-1.863	126.975037	37.295143
1685512398324	1685512398314	-11.959	-2.916	-0.699	-0.249	0.139	0.406	-1.958	3.160	-1.839	126.975037	37.295143
1685512398334	1685512398325	-12.354	-3.069	-0.790	-0.231	0.286	0.688	-3.129	3.029	-1.879	126.975037	37.295143
1685512398345	1685512398334	-12.076	-3.100	-0.685	-0.226	0.335	1.056	-4.164	2.883	-1.999	126.975037	37.295143
1685512398355	1685512398345	-11.006	-3.144	-0.400	-0.243	0.316	1.467	-4.513	2.679	-2.054	126.975037	37.295143
1685512398364	1685512398355	-9.907	-3.230	-0.215	-0.287	0.264	1.858	-4.173	2.567	-1.908	126.975037	37.295143
1685512398373	1685512398365	-9.359	-3.409	0.043	-0.349	0.239	2.184	-3.007	2.399	-1.580	126.975037	37.295143
1685512398383	1685512398373	-9.862	-3.730	0.302	-0.424	0.348	2.419	-1.812	2.181	-1.362	126.975037	37.295143
1685512398394	1685512398384	-11.018	-3.926	0.608	-0.486	0.589	2.539	-1.144	1.827	-1.065	126.975037	37.295143
1685512398407	1685512398395	-12.263	-4.300	0.769	-0.494	0.871	2.578	-1.520	1.310	-0.757	126.975037	37.295143
1685512398414	1685512398408	-13.273	-4.599	1.049	-0.423	1.133	2.624	-2.545	0.905	-0.378	126.975037	37.295143
1685512398425	1685512398414	-13.788	-4.652	1.137	-0.282	1.322	2.727	-3.661	0.316	-0.120	126.975037	37.295143
1685512398436	1685512398425	-13.884	-4.662	1.257	-0.090	1.415	2.865	-4.520	-0.251	0.299	126.975037	37.295143
1685512398445	1685512398436	-13.575	-4.568	1.135	0.137	1.434	3.008	-4.934	-0.493	0.491	126.975037	37.295143
1685512398456	1685512398445	-13.024	-4.460	0.986	0.354	1.439	3.146	-4.906	-0.759	0.740	126.975037	37.295143
1685512398468	1685512398457	-12.483	-4.482	0.838	0.519	1.444	3.264	-4.477	-0.939	0.742	126.975037	37.295143
1685512398476	1685512398468	-11.803	-4.357	0.848	0.623	1.440	3.334	-3.812	-1.118	0.713	126.975037	37.295143
1685512398486	1685512398477	-10.908	-4.238	0.831	0.681	1.411	3.350	-3.163	-1.444	0.682	126.975037	37.295143
1685512398498	1685512398486	-9.876	-4.113	0.977	0.699	1.337	3.321	-2.368	-1.695	0.833	126.975037	37.295143
1685512398508	1685512398498	-8.701	-3.936	1.113	0.695	1.232	3.256	-1.405	-1.829	0.910	126.975037	37.295143
1685512398520	1685512398508	-7.724	-3.649	1.365	0.685	1.120	3.161	-0.292	-2.052	1.178	126.975037	37.295143
1685512398528	1685512398520	-7.032	-3.402	1.506	0.662	1.051	3.021	0.934	-2.155	1.410	126.975037	37.295143
1685512398537	1685512398528	-6.591	-3.230	1.688	0.605	1.038	2.836	1.968	-2.231	1.779	126.975037	37.295143
1685512398547	1685512398537	-6.474	-3.144	1.820	0.512	1.071	2.617	2.686	-2.217	1.994	126.975037	37.295143
1685512398556	1685512398547	-6.541	-3.270	1.939	0.406	1.134	2.391	3.156	-2.373	2.291	126.975037	37.295143
1685512398566	1685512398556	-6.857	-3.247	1.939	0.285	1.188	2.172	3.282	-2.488	2.502	126.975037	37.295143
1685512398577	1685512398567	-6.981	-3.318	1.920	0.140	1.202	1.972	3.220	-2.868	2.741	126.975037	37.295143
1685512398588	1685512398577	-6.989	-3.481	1.848	-0.032	1.152	1.813	2.902	-3.033	2.844	126.975037	37.295143
1685512398597	1685512398588	-6.958	-3.615	1.719	-0.215	1.035	1.697	2.768	-3.314	2.954	126.975037	37.295143
1685512398608	1685512398597	-7.080	-3.745	1.686	-0.379	0.908	1.608	2.746	-3.654	2.995	126.975037	37.295143
1685512398618	1685512398608	-7.163	-3.840	1.717	-0.505	0.798	1.527	2.758	-3.972	2.976	126.975037	37.295143
1685512398628	1685512398618	-7.487	-3.847	1.779	-0.595	0.716	1.448	2.619	-4.247	3.019	126.975037	37.295143
1685512398638	1685512398631	-7.817	-3.931	1.781	-0.655	0.652	1.367	2.514	-4.513	3.134	126.975037	37.295143
1685512398651	1685512398639	-8.207	-4.106	1.616	-0.711	0.589	1.279	2.172	-4.654	3.254	126.975037	37.295143
1685512398658	1685512398651	-8.444	-4.209	1.578	-0.773	0.520	1.180	1.820	-4.879	3.314	126.975037	37.295143
1685512398670	1685512398658	-8.787	-4.310	1.662	-0.836	0.453	1.085	1.405	-5.188	3.199	126.975037	37.295143
1685512398677	1685512398670	-9.002	-4.288	1.630	-0.893	0.392	0.993	1.144	-5.430	3.203	126.975037	37.295143
1685512398690	1685512398679	-9.136	-4.417	1.602	-0.944	0.337	0.903	0.788	-5.614	3.304	126.975037	37.295143
1685512398698	1685512398690	-9.357	-4.561	1.676	-0.988	0.292	0.814	0.560	-5.669	3.280	126.975037	37.295143
1685512398716	1685512398698	-9.797	-4.882	1.788	-1.023	0.266	0.722	0.409	-5.902	3.270	126.975037	37.295143
1685512398731	1685512398716	-10.374	-4.824	1.894	-1.016	0.281	0.616	0.170	-6.139	3.357	126.975037	37.295143
1685512398732	1685512398732	-11.023	-4.851	1.973	-0.959	0.338	0.491	-0.283	-6.546	3.479	126.975037	37.295143
1685512398737	1685512398732	-11.289	-4.848	1.896	-0.891	0.373	0.367	-0.879	-6.579	3.594	126.975037	37.295143
1685512398746	1685512398737	-11.286	-4.863	1.958	-0.817	0.356	0.259	-1.539	-6.656	3.685	126.975037	37.295143
1685512398756	1685512398746	-11.052	-4.779	1.978	-0.735	0.305	0.170	-1.820	-6.704	3.627	126.975037	37.295143
1685512398767	1685512398757	-10.939	-4.602	1.920	-0.643	0.232	0.090	-1.827	-6.756	3.709	126.975037	37.295143
1685512398776	1685512398767	-11.111	-4.640	1.686	-0.575	0.165	-0.010	-1.602	-6.701	3.742	126.975037	37.295143
1685512398787	1685512398776	-11.746	-4.606	1.492	-0.535	0.130	-0.138	-1.494	-6.543	3.694	126.975037	37.295143
1685512398797	1685512398787	-12.924	-4.829	1.477	-0.530	0.144	-0.286	-1.671	-6.594	3.464	126.975037	37.295143
1685512398808	1685512398797	-14.358	-4.963	1.475	-0.535	0.206	-0.441	-2.306	-6.555	3.273	126.975037	37.295143
1685512398817	1685512398809	-15.323	-5.042	1.590	-0.503	0.293	-0.589	-3.479	-6.761	3.261	126.975037	37.295143
1685512398828	1685512398817	-15.349	-5.023	1.937	-0.437	0.294	-0.684	-4.911	-6.864	3.268	126.975037	37.295143
1685512398837	1685512398828	-13.901	-4.889	2.198	-0.348	0.160	-0.690	-5.868	-6.891	3.402	126.975037	37.295143
1685512398848	1685512398837	-11.837	-4.515	2.045	-0.225	-0.101	-0.627	-5.890	-6.821	3.768	126.975037	37.295143
1685512398856	1685512398848	-9.759	-4.254	1.599	-0.098	-0.432	-0.563	-4.429	-6.622	4.039	126.975037	37.295143
1685512398868	1685512398857	-8.734	-4.250	1.298	-0.027	-0.724	-0.558	-2.354	-6.199	3.874	126.975037	37.295143
1685512398876	1685512398868	-8.844	-4.257	1.154	0.004	-0.810	-0.627	-0.259	-5.885	3.385	126.975037	37.295143
1685512398888	1685512398876	-10.130	-4.288	1.037	-0.001	-0.723	-0.790	0.788	-5.827	3.014	126.975037	37.295143
1685512398898	1685512398888	-11.916	-4.494	1.144	0.009	-0.530	-1.040	0.699	-5.775	2.794	126.975037	37.295143
1685512398912	1685512398899	-13.372	-4.554	1.022	0.065	-0.325	-1.296	-0.560	-5.732	2.607	126.975037	37.295143
1685512398926	1685512398912	-14.155	-4.307	0.668	0.147	-0.266	-1.476	-2.322	-5.827	2.660	126.975037	37.295143
1685512398927	1685512398927	-14.188	-4.080	0.201	0.248	-0.390	-1.555	-3.759	-5.775	2.509	126.975037	37.295143
1685512398937	1685512398927	-13.683	-3.982	-0.230	0.325	-0.617	-1.547	-4.520	-5.370	2.128	126.975037	37.295143
1685512398948	1685512398937	-13.012	-3.888	-0.642	0.326	-0.866	-1.495	-4.535	-5.004	1.630	126.975037	37.295143
1685512398958	1685512398948	-12.347	-3.792	-0.735	0.253	-1.068	-1.449	-4.008	-4.750	1.142	126.975037	37.295143
1685512398967	1685512398958	-11.748	-3.673	-0.749	0.140	-1.201	-1.429	-3.314	-4.508	0.649	126.975037	37.295143
1685512398977	1685512398968	-10.922	-3.766	-0.649	0.016	-1.293	-1.429	-2.624	-4.240	0.433	126.975037	37.295143
1685512398988	1685512398977	-10.099	-3.697	-0.409	-0.108	-1.344	-1.453	-2.009	-4.008	0.326	126.975037	37.295143
1685512398997	1685512398988	-9.232	-3.701	-0.187	-0.222	-1.350	-1.502	-1.166	-3.948	0.287	126.975037	37.295143
1685512399011	1685512398998	-8.430	-3.745	0.182	-0.310	-1.321	-1.580	-0.328	-3.752	0.407	126.975037	37.295143
1685512399017	1685512399011	-7.910	-3.637	0.390	-0.357	-1.246	-1.686	0.546	-3.596	0.486	126.975037	37.295143
1685512399028	1685512399018	-7.520	-3.515	0.409	-0.358	-1.115	-1.812	1.353	-3.486	0.725	126.975037	37.295143
1685512399038	1685512399028	-7.338	-3.414	0.381	-0.313	-0.963	-1.946	1.875	-3.182	0.790	126.975037	37.295143
1685512399048	1685512399040	-7.166	-3.345	0.261	-0.247	-0.822	-2.083	2.260	-2.921	0.723	126.975037	37.295143
