1685512298924	1685512298924	-9.323	-4.046	0.505	-0.605	0.479	1.811	-3.409	2.289	-1.135	126.975136	37.295845
1685512298927	1685512298924	-8.940	-4.295	1.061	-0.566	0.512	2.026	-2.243	1.932	-0.682	126.975136	37.295845
1685512298937	1685512298927	-9.177	-4.535	1.573	-0.458	0.661	2.138	-1.216	1.429	-0.134	126.975136	37.295845
1685512298947	1685512298938	-9.984	-4.439	1.925	-0.242	0.902	2.153	-0.733	1.034	0.484	126.975136	37.295845
1685512298957	1685512298948	-11.052	-4.290	2.107	0.081	1.190	2.114	-0.852	0.620	1.075	126.975136	37.295845
1685512298969	1685512298958	-12.005	-4.092	1.958	0.458	1.478	2.079	-1.547	0.536	1.516	126.975136	37.295845
1685512298977	1685512298969	-12.589	-3.706	1.640	0.815	1.684	2.078	-2.507	0.505	1.793	126.975136	37.295845
1685512298987	1685512298977	-12.419	-3.347	1.283	1.101	1.754	2.105	-3.359	0.524	1.750	126.975136	37.295845
1685512298997	1685512298987	-12.060	-3.069	0.809	1.301	1.706	2.155	-3.828	0.692	1.563	126.975136	37.295845
1685512299007	1685512298997	-11.351	-2.892	0.417	1.417	1.577	2.214	-3.584	0.903	1.293	126.975136	37.295845
1685512299017	1685512299007	-10.839	-2.696	0.184	1.439	1.432	2.237	-3.136	0.989	0.917	126.975136	37.295845
1685512299028	1685512299017	-10.360	-2.509	0.187	1.343	1.302	2.204	-2.344	0.970	0.608	126.975136	37.295845
1685512299037	1685512299028	-10.025	-2.497	0.457	1.135	1.207	2.138	-1.750	0.967	0.453	126.975136	37.295845
1685512299047	1685512299037	-9.510	-2.495	0.881	0.852	1.145	2.073	-1.195	0.958	0.524	126.975136	37.295845
1685512299057	1685512299047	-8.902	-2.476	1.288	0.528	1.068	2.011	-0.785	0.757	0.876	126.975136	37.295845
1685512299068	1685512299057	-8.308	-2.720	1.664	0.210	0.969	1.945	-0.218	0.591	1.372	126.975136	37.295845
1685512299077	1685512299068	-7.628	-2.772	2.049	-0.066	0.880	1.878	0.443	0.426	1.863	126.975136	37.295845
1685512299088	1685512299077	-7.302	-2.844	2.219	-0.288	0.839	1.809	1.087	0.000	2.322	126.975136	37.295845
1685512299097	1685512299088	-7.111	-2.952	2.270	-0.456	0.859	1.737	1.815	-0.247	2.801	126.975136	37.295845
1685512299107	1685512299097	-7.195	-3.079	2.131	-0.574	0.909	1.669	2.174	-0.474	3.050	126.975136	37.295845
1685512299117	1685512299107	-7.298	-3.330	2.195	-0.654	0.970	1.609	2.401	-0.766	3.201	126.975136	37.295845
1685512299127	1685512299117	-7.487	-3.443	2.105	-0.707	1.005	1.565	2.339	-1.041	3.151	126.975136	37.295845
1685512299137	1685512299127	-7.489	-3.426	1.985	-0.734	0.991	1.542	2.258	-1.453	3.321	126.975136	37.295845
1685512299148	1685512299137	-7.623	-3.522	1.990	-0.735	0.952	1.539	2.085	-1.726	3.338	126.975136	37.295845
1685512299157	1685512299149	-7.831	-3.567	1.968	-0.721	0.891	1.552	2.095	-1.865	3.326	126.975136	37.295845
1685512299168	1685512299157	-8.064	-3.508	2.021	-0.709	0.823	1.555	1.970	-2.119	3.433	126.975136	37.295845
1685512299177	1685512299169	-8.365	-3.651	1.927	-0.712	0.784	1.541	1.772	-2.325	3.496	126.975136	37.295845
1685512299187	1685512299177	-8.825	-3.658	1.858	-0.713	0.768	1.516	1.547	-2.397	3.606	126.975136	37.295845
1685512299197	1685512299188	-9.048	-3.584	1.736	-0.720	0.740	1.487	1.250	-2.698	3.584	126.975136	37.295845
1685512299209	1685512299198	-9.249	-3.632	1.657	-0.759	0.677	1.459	0.792	-2.828	3.560	126.975136	37.295845
1685512299217	1685512299209	-9.323	-3.886	1.611	-0.833	0.590	1.434	0.572	-2.880	3.481	126.975136	37.295845
1685512299227	1685512299217	-9.266	-4.025	1.547	-0.925	0.495	1.410	0.373	-3.045	3.431	126.975136	37.295845
1685512299237	1685512299228	-9.321	-3.919	1.654	-1.002	0.420	1.374	0.302	-3.421	3.405	126.975136	37.295845
1685512299247	1685512299237	-9.426	-3.962	1.640	-1.059	0.381	1.327	0.366	-3.642	3.328	126.975136	37.295845
1685512299257	1685512299247	-9.462	-4.154	1.697	-1.101	0.352	1.271	0.316	-3.630	3.424	126.975136	37.295845
1685512299275	1685512299257	-9.582	-4.197	1.530	-1.137	0.325	1.202	0.215	-3.768	3.400	126.975159	37.295856
1685512299278	1685512299275	-9.864	-4.350	1.592	-1.170	0.309	1.117	0.182	-4.056	3.452	126.975159	37.295856
1685512299287	1685512299278	-9.977	-4.575	1.614	-1.203	0.310	1.026	0.062	-4.195	3.282	126.975159	37.295856
1685512299297	1685512299288	-10.226	-4.705	1.738	-1.216	0.301	0.949	-0.220	-4.470	3.352	126.975159	37.295856
1685512299307	1685512299297	-10.317	-4.779	1.681	-1.194	0.292	0.876	-0.335	-4.767	3.376	126.975159	37.295856
1685512299317	1685512299307	-10.408	-4.796	1.755	-1.145	0.275	0.809	-0.589	-4.994	3.517	126.975159	37.295856
1685512299328	1685512299317	-10.343	-4.851	1.686	-1.069	0.236	0.762	-0.687	-5.174	3.481	126.975159	37.295856
1685512299337	1685512299328	-10.319	-4.963	1.633	-0.976	0.195	0.731	-0.788	-5.289	3.577	126.975159	37.295856
1685512299349	1685512299338	-10.218	-4.994	1.403	-0.886	0.160	0.687	-0.730	-5.437	3.524	126.975159	37.295856
1685512299357	1685512299349	-9.977	-4.882	1.176	-0.805	0.122	0.628	-0.716	-5.648	3.486	126.975159	37.295856
1685512299368	1685512299358	-9.862	-4.788	0.927	-0.750	0.078	0.571	-0.622	-5.751	3.266	126.975159	37.295856
1685512299377	1685512299369	-10.020	-4.975	0.802	-0.722	0.029	0.524	-0.388	-5.715	3.043	126.975159	37.295856
1685512299389	1685512299378	-10.640	-5.193	0.766	-0.727	-0.022	0.462	-0.280	-5.691	2.794	126.975159	37.295856
1685512299397	1685512299392	-11.384	-5.502	1.065	-0.772	-0.022	0.348	-0.443	-5.947	2.665	126.975159	37.295856
1685512299408	1685512299397	-11.866	-5.657	1.156	-0.794	0.055	0.209	-1.068	-6.218	2.622	126.975159	37.295856
1685512299418	1685512299408	-11.935	-5.710	1.178	-0.771	0.115	0.122	-1.815	-6.579	2.909	126.975159	37.295856
1685512299427	1685512299419	-11.602	-6.000	1.463	-0.757	0.048	0.122	-2.301	-6.766	2.998	126.975159	37.295856
1685512299439	1685512299428	-11.071	-6.352	1.702	-0.768	-0.059	0.154	-2.373	-6.843	3.021	126.975159	37.295856
1685512299450	1685512299440	-10.537	-6.493	1.832	-0.712	-0.078	0.158	-2.042	-7.159	3.302	126.975159	37.295856
1685512299458	1685512299450	-10.190	-6.620	1.887	-0.530	-0.072	0.137	-1.511	-7.539	3.527	126.975159	37.295856
1685512299469	1685512299458	-10.281	-6.929	1.841	-0.246	-0.087	0.104	-0.979	-7.709	3.639	126.975159	37.295856
1685512299477	1685512299470	-10.815	-6.993	1.762	0.100	-0.057	0.029	-0.632	-7.863	3.680	126.975159	37.295856
1685512299488	1685512299477	-11.502	-7.013	1.549	0.458	0.006	-0.126	-0.723	-8.183	3.625	126.975159	37.295856
1685512299499	1685512299491	-12.268	-6.996	1.367	0.805	0.017	-0.326	-1.255	-8.250	3.541	126.975159	37.295856
1685512299509	1685512299499	-12.795	-6.845	1.044	1.118	-0.024	-0.528	-1.942	-8.250	3.333	126.975159	37.295856
1685512299520	1685512299509	-13.175	-6.555	0.824	1.373	-0.098	-0.722	-2.703	-8.183	3.165	126.975159	37.295856
1685512299528	1685512299520	-13.223	-6.239	0.685	1.556	-0.226	-0.910	-3.225	-7.970	2.849	126.975159	37.295856
1685512299540	1685512299528	-13.106	-5.863	0.527	1.665	-0.391	-1.098	-3.594	-7.566	2.636	126.975159	37.295856
1685512299549	1685512299543	-12.833	-5.581	0.467	1.712	-0.535	-1.289	-3.632	-7.159	2.492	126.975159	37.295856
1685512299558	1685512299549	-12.637	-5.143	0.431	1.673	-0.661	-1.495	-3.496	-6.632	2.308	126.975159	37.295856
1685512299571	1685512299558	-12.378	-4.851	0.397	1.549	-0.766	-1.714	-3.208	-6.211	2.212	126.975159	37.295856
1685512299578	1685512299571	-11.985	-4.542	0.347	1.370	-0.836	-1.935	-2.990	-5.583	2.116	126.975159	37.295856
1685512299588	1685512299578	-11.485	-4.266	0.273	1.166	-0.887	-2.154	-2.715	-5.119	2.021	126.975159	37.295856
1685512299597	1685512299588	-11.009	-4.061	0.314	0.948	-0.933	-2.365	-2.301	-4.539	1.867	126.975159	37.295856
1685512299608	1685512299598	-10.597	-3.950	0.287	0.715	-0.974	-2.573	-1.791	-4.082	1.724	126.975159	37.295856
1685512299618	1685512299608	-10.276	-3.958	0.304	0.490	-0.982	-2.778	-1.310	-3.634	1.671	126.975159	37.295856
1685512299630	1685512299618	-10.022	-3.936	0.215	0.290	-0.951	-2.982	-0.898	-3.263	1.547	126.975159	37.295856
1685512299638	1685512299630	-9.833	-3.977	0.189	0.130	-0.910	-3.168	-0.589	-2.995	1.465	126.975159	37.295856
1685512299648	1685512299638	-9.680	-3.967	0.108	0.026	-0.869	-3.324	-0.357	-2.684	1.281	126.975159	37.295856
1685512299658	1685512299648	-9.515	-3.869	-0.012	-0.007	-0.823	-3.440	-0.206	-2.385	1.156	126.975159	37.295856
1685512299669	1685512299658	-9.371	-3.857	-0.045	0.026	-0.781	-3.522	-0.098	-2.088	0.998	126.975159	37.295856
1685512299678	1685512299669	-9.311	-3.668	-0.096	0.105	-0.750	-3.580	0.000	-1.662	0.800	126.975159	37.295856
1685512299689	1685512299678	-9.201	-3.680	-0.120	0.225	-0.718	-3.613	0.067	-1.317	0.692	126.975159	37.295856
1685512299698	1685512299690	-9.045	-3.575	-0.093	0.385	-0.684	-3.610	0.026	-0.757	0.560	126.975159	37.295856
1685512299710	1685512299698	-8.988	-3.397	-0.225	0.575	-0.654	-3.575	0.041	-0.464	0.472	126.975159	37.295856
1685512299719	1685512299711	-8.861	-3.191	-0.311	0.767	-0.634	-3.515	0.065	0.005	0.414	126.975159	37.295856
1685512299728	1685512299719	-8.701	-2.966	-0.352	0.930	-0.627	-3.432	0.005	0.476	0.208	126.975159	37.295856
1685512299740	1685512299728	-8.588	-2.861	-0.345	1.047	-0.629	-3.321	-0.005	0.998	0.036	126.975159	37.295856
1685512299751	1685512299740	-8.586	-2.784	-0.299	1.126	-0.627	-3.183	0.010	1.523	-0.101	126.975159	37.295856
1685512299761	1685512299753	-8.578	-2.583	-0.254	1.166	-0.616	-3.035	-0.017	1.896	-0.196	126.975159	37.295856
1685512299773	1685512299761	-8.672	-2.653	-0.196	1.156	-0.608	-2.889	-0.146	2.205	-0.259	126.975159	37.295856
1685512299781	1685512299774	-9.002	-2.686	-0.278	1.115	-0.590	-2.740	-0.280	2.636	-0.330	126.975159	37.295856
1685512299794	1685512299781	-9.268	-2.543	-0.378	1.051	-0.560	-2.593	-0.472	2.720	-0.362	126.975159	37.295856
1685512299800	1685512299794	-9.464	-2.437	-0.493	0.964	-0.534	-2.442	-0.924	2.861	-0.551	126.975159	37.295856
1685512299824	1685512299801	-9.694	-2.356	-0.560	0.861	-0.538	-2.265	-1.274	3.122	-0.730	126.975159	37.295856
1685512299825	1685512299824	-9.871	-2.282	-0.690	0.734	-0.557	-2.061	-1.566	3.352	-0.924	126.975159	37.295856
1685512299831	1685512299825	-9.950	-2.298	-0.702	0.589	-0.572	-1.853	-1.882	3.546	-1.068	126.975159	37.295856
1685512299840	1685512299831	-10.032	-2.227	-0.699	0.436	-0.573	-1.653	-2.152	3.735	-1.274	126.975159	37.295856
1685512299851	1685512299840	-9.898	-2.152	-0.690	0.285	-0.590	-1.442	-2.294	3.790	-1.341	126.975159	37.295856
1685512299862	1685512299851	-9.699	-2.167	-0.759	0.147	-0.612	-1.217	-2.442	3.941	-1.393	126.975159	37.295856
1685512299874	1685512299862	-9.251	-2.186	-0.792	0.016	-0.605	-1.001	-2.368	4.082	-1.432	126.975159	37.295856
1685512299881	1685512299874	-9.057	-2.260	-0.821	-0.120	-0.588	-0.805	-2.217	4.120	-1.542	126.975159	37.295856
1685512299891	1685512299881	-9.158	-2.315	-0.886	-0.258	-0.553	-0.618	-1.805	4.140	-1.607	126.975159	37.295856
1685512299901	1685512299892	-9.732	-2.473	-0.986	-0.381	-0.463	-0.435	-1.642	4.096	-1.662	126.975159	37.295856
1685512299911	1685512299901	-10.360	-2.619	-1.032	-0.485	-0.305	-0.261	-1.738	4.037	-1.726	126.975159	37.295856
1685512299922	1685512299912	-10.834	-2.679	-1.142	-0.558	-0.132	-0.073	-2.301	3.867	-1.817	126.975159	37.295856
1685512299933	1685512299923	-11.016	-2.756	-1.166	-0.604	-0.010	0.169	-2.907	3.699	-1.834	126.975159	37.295856
1685512299942	1685512299934	-10.772	-2.945	-0.879	-0.622	0.057	0.479	-3.354	3.613	-1.903	126.975159	37.295856
1685512299953	1685512299943	-10.123	-2.988	-0.467	-0.621	0.121	0.830	-3.508	3.508	-1.879	126.975159	37.295856
1685512299963	1685512299953	-9.215	-3.124	-0.201	-0.600	0.189	1.178	-3.220	3.273	-1.542	126.975159	37.295856
1685512299975	1685512299963	-8.681	-3.211	-0.036	-0.536	0.254	1.503	-2.523	3.175	-1.085	126.975159	37.295856
1685512299999	1685512299975	-8.461	-3.373	0.266	-0.434	0.353	1.762	-1.544	2.952	-0.769	126.975159	37.295856
1685512299999	1685512299999	-8.940	-3.567	0.512	-0.315	0.519	1.924	-0.917	2.753	-0.551	126.975159	37.295856
1685512299999	1685512299999	-9.864	-3.579	0.543	-0.177	0.743	1.989	-0.582	2.442	-0.192	126.975159	37.295856
1685512300016	1685512300000	-11.021	-3.709	0.639	-0.017	0.982	1.999	-0.958	2.112	0.108	126.975159	37.295856
1685512300019	1685512300016	-11.952	-3.816	0.754	0.177	1.197	2.037	-1.757	1.923	0.215	126.975159	37.295856
1685512300030	1685512300019	-12.392	-3.747	0.661	0.385	1.317	2.136	-2.813	1.647	0.383	126.975159	37.295856
1685512300039	1685512300030	-12.392	-3.582	0.567	0.579	1.322	2.290	-3.637	1.372	0.589	126.975159	37.295856
1685512300050	1685512300039	-12.050	-3.385	0.302	0.728	1.272	2.486	-3.965	1.262	0.584	126.975159	37.295856
1685512300058	1685512300050	-11.595	-3.318	0.081	0.800	1.210	2.683	-3.852	1.233	0.575	126.975159	37.295856
1685512300071	1685512300060	-11.078	-3.074	-0.163	0.789	1.134	2.836	-3.395	1.214	0.385	126.975159	37.295856
1685512300079	1685512300071	-10.736	-3.045	-0.278	0.699	1.053	2.938	-2.796	1.003	0.249	126.975159	37.295856
1685512300089	1685512300079	-10.369	-3.017	-0.163	0.533	0.985	2.998	-2.186	1.046	0.057	126.975159	37.295856
1685512300099	1685512300089	-9.919	-2.887	0.005	0.296	0.919	3.018	-1.707	0.761	0.022	126.975159	37.295856
1685512300110	1685512300099	-9.340	-2.830	0.294	0.005	0.836	3.003	-1.255	0.575	0.194	126.975159	37.295856
1685512300118	1685512300110	-8.712	-3.112	0.704	-0.308	0.744	2.971	-0.694	0.400	0.443	126.975159	37.295856
1685512300129	1685512300118	-8.188	-3.371	0.965	-0.604	0.684	2.924	-0.031	0.208	0.802	126.975159	37.295856
1685512300138	1685512300129	-7.975	-3.519	1.058	-0.860	0.676	2.843	0.690	-0.409	1.305	126.975159	37.295856
1685512300149	1685512300138	-7.831	-3.587	1.173	-1.058	0.707	2.743	1.279	-0.919	1.638	126.975159	37.295856
1685512300158	1685512300149	-7.966	-4.070	1.331	-1.195	0.740	2.657	1.554	-1.343	1.817	126.975159	37.295856
1685512300171	1685512300158	-8.121	-4.216	1.410	-1.269	0.783	2.597	1.748	-1.681	2.021	126.975159	37.295856
1685512300178	1685512300171	-8.384	-4.312	1.556	-1.268	0.828	2.550	1.654	-2.430	2.270	126.975159	37.295856
1685512300189	1685512300179	-8.617	-4.233	1.496	-1.189	0.847	2.514	1.530	-2.840	2.444	126.975159	37.295856
1685512300199	1685512300189	-8.684	-4.254	1.358	-1.062	0.820	2.498	1.293	-3.249	2.705	126.975159	37.295856
1685512300214	1685512300199	-8.732	-4.175	1.223	-0.941	0.775	2.489	1.070	-3.376	2.720	126.975189	37.295864
1685512300219	1685512300214	-8.796	-4.223	1.044	-0.860	0.718	2.468	1.013	-3.589	2.624	126.975189	37.295864
1685512300230	1685512300219	-8.868	-4.245	0.950	-0.827	0.667	2.429	0.972	-3.701	2.531	126.975189	37.295864
1685512300239	1685512300230	-9.096	-4.362	0.898	-0.832	0.605	2.382	0.910	-3.938	2.385	126.975189	37.295864
1685512300249	1685512300239	-9.232	-4.484	0.970	-0.876	0.538	2.334	0.838	-4.144	2.320	126.975189	37.295864
1685512300259	1685512300249	-9.608	-4.475	1.053	-0.943	0.485	2.270	0.606	-4.470	2.298	126.975189	37.295864
1685512300270	1685512300259	-9.790	-4.535	1.128	-1.020	0.451	2.192	0.464	-4.750	2.387	126.975189	37.295864
1685512300279	1685512300270	-9.881	-4.602	1.123	-1.097	0.411	2.111	0.079	-4.925	2.488	126.975189	37.295864
1685512300291	1685512300279	-9.809	-4.638	0.965	-1.189	0.364	2.031	-0.115	-5.171	2.581	126.975189	37.295864
1685512300301	1685512300291	-9.799	-4.745	1.039	-1.296	0.314	1.944	-0.225	-5.449	2.598	126.975189	37.295864
1685512300310	1685512300301	-9.823	-4.853	1.070	-1.401	0.274	1.853	-0.172	-5.660	2.452	126.975189	37.295864
1685512300320	1685512300311	-10.082	-5.076	1.082	-1.497	0.253	1.752	-0.189	-5.983	2.538	126.975189	37.295864
1685512300331	1685512300321	-10.290	-5.286	1.077	-1.583	0.252	1.631	-0.239	-6.266	2.574	126.975189	37.295864
1685512300341	1685512300331	-10.551	-5.698	1.283	-1.635	0.255	1.502	-0.527	-6.680	2.588	126.975189	37.295864
1685512300352	1685512300341	-10.810	-5.830	1.422	-1.633	0.269	1.383	-0.769	-7.070	2.581	126.975189	37.295864
1685512300362	1685512300352	-10.786	-6.041	1.571	-1.561	0.281	1.275	-1.061	-7.649	2.780	126.975189	37.295864
1685512300373	1685512300362	-10.546	-6.215	1.626	-1.412	0.275	1.184	-1.350	-7.937	2.911	126.975189	37.295864
1685512300383	1685512300374	-10.302	-6.302	1.532	-1.202	0.249	1.111	-1.362	-8.305	3.053	126.975189	37.295864
1685512300395	1685512300383	-10.094	-6.282	1.338	-0.970	0.209	1.034	-1.152	-8.600	3.100	126.975189	37.295864
1685512300402	1685512300395	-10.156	-6.323	1.149	-0.750	0.177	0.943	-0.941	-8.820	3.000	126.975189	37.295864
1685512300424	1685512300402	-10.776	-6.452	1.250	-0.566	0.175	0.832	-0.759	-8.899	2.801	126.975189	37.295864
1685512300425	1685512300424	-11.794	-6.665	1.331	-0.426	0.220	0.689	-0.850	-9.041	2.610	126.975189	37.295864
1685512300431	1685512300425	-12.517	-6.673	1.403	-0.294	0.308	0.514	-1.494	-9.254	2.710	126.975189	37.295864
1685512300442	1685512300432	-12.684	-6.579	1.518	-0.156	0.356	0.345	-2.538	-9.546	2.801	126.975189	37.295864
1685512300452	1685512300442	-12.416	-6.632	1.829	-0.043	0.293	0.221	-3.280	-9.598	2.890	126.975189	37.295864
1685512300462	1685512300452	-11.406	-6.730	2.045	0.049	0.172	0.130	-3.462	-9.538	3.033	126.975189	37.295864
1685512300475	1685512300462	-10.175	-6.512	2.006	0.166	0.050	0.034	-3.206	-9.613	3.371	126.975189	37.295864
1685512300482	1685512300475	-9.342	-6.390	1.755	0.327	-0.068	-0.092	-2.200	-9.723	3.603	126.975189	37.295864
1685512300492	1685512300482	-9.227	-6.333	1.657	0.465	-0.169	-0.252	-0.972	-9.505	3.575	126.975189	37.295864
1685512300502	1685512300493	-9.888	-6.462	1.590	0.552	-0.181	-0.479	-0.134	-9.366	3.328	126.975189	37.295864
1685512300512	1685512300502	-11.219	-6.539	1.602	0.628	-0.098	-0.784	-0.010	-9.285	3.227	126.975189	37.295864
1685512300522	1685512300512	-12.692	-6.670	1.504	0.745	0.013	-1.118	-0.654	-9.361	3.160	126.975189	37.295864
1685512300533	1685512300522	-13.973	-6.548	1.228	0.911	0.073	-1.399	-1.963	-9.357	3.182	126.975189	37.295864
1685512300542	1685512300533	-13.973	-6.548	1.228	1.107	0.035	-1.591	-3.405	-9.371	3.105	126.975189	37.295864
1685512300553	1685512300543	-14.806	-5.930	0.527	1.296	-0.109	-1.703	-4.650	-9.105	2.861	126.975189	37.295864
1685512300563	1685512300554	-14.806	-5.930	0.527	1.431	-0.321	-1.776	-4.609	-8.921	2.895	126.975189	37.295864
1685512300573	1685512300563	-13.982	-5.380	0.177	1.491	-0.542	-1.851	-5.404	-8.140	2.210	126.975189	37.295864
1685512300583	1685512300574	-13.982	-5.380	0.177	1.489	-0.713	-1.947	-5.361	-7.949	2.210	126.975189	37.295864
1685512300596	1685512300584	-13.649	-4.748	0.199	1.443	-0.834	-2.077	-4.494	-7.197	1.836	126.975189	37.295864
1685512300602	1685512300596	-13.269	-4.480	0.199	1.443	-0.834	-2.077	-4.444	-6.967	1.791	126.975189	37.295864
1685512300623	1685512300602	-12.866	-4.317	0.285	1.191	-0.990	-2.442	-4.070	-6.134	1.760	126.975189	37.295864
1685512300624	1685512300623	-12.553	-4.317	0.215	1.191	-0.990	-2.442	-3.649	-5.622	1.690	126.975189	37.295864
1685512300632	1685512300624	-12.139	-4.082	0.187	0.804	-1.049	-2.871	-3.211	-5.231	1.702	126.975189	37.295864
1685512300642	1685512300632	-11.672	-3.907	0.141	0.804	-1.049	-2.871	-2.863	-4.980	1.547	126.975189	37.295864
1685512300654	1685512300643	-11.303	-3.764	0.192	0.613	-1.068	-3.070	-2.421	-4.456	1.420	126.975189	37.295864
1685512300664	1685512300654	-10.997	-3.836	0.079	0.435	-1.060	-3.258	-1.935	-3.991	1.274	126.975189	37.295864
1685512300673	1685512300664	-10.724	-3.790	0.067	0.283	-1.030	-3.438	-1.556	-3.543	1.221	126.975189	37.295864
1685512300682	1685512300673	-10.527	-3.797	0.034	0.121	-0.948	-3.738	-1.252	-3.227	0.982	126.975189	37.295864
1685512300692	1685512300682	-10.338	-3.804	-0.053	0.121	-0.948	-3.738	-0.994	-2.914	0.888	126.975189	37.295864
1685512300702	1685512300692	-10.259	-3.819	-0.124	0.131	-0.902	-3.842	-0.838	-2.483	0.742	126.975189	37.295864
1685512300713	1685512300703	-10.173	-3.687	-0.208	0.197	-0.855	-3.917	-0.687	-2.200	0.582	126.975189	37.295864
1685512300722	1685512300714	-10.080	-3.527	-0.249	0.304	-0.804	-3.963	-0.678	-1.808	0.412	126.975189	37.295864
1685512300732	1685512300722	-9.857	-3.519	-0.280	0.446	-0.759	-3.972	-0.666	-1.338	0.249	126.975189	37.295864
1685512300742	1685512300732	-9.673	-3.369	-0.364	0.611	-0.722	-3.946	-0.690	-0.728	0.108	126.975189	37.295864
1685512300754	1685512300743	-9.373	-3.259	-0.419	0.793	-0.688	-3.886	-0.560	-0.421	0.010	126.975189	37.295864
1685512300763	1685512300754	-9.084	-3.036	-0.412	0.979	-0.656	-3.797	-0.517	0.129	-0.168	126.975189	37.295864
1685512300775	1685512300764	-8.815	-2.806	-0.479	1.146	-0.633	-3.682	-0.345	0.558	-0.304	126.975189	37.295864
1685512300783	1685512300775	-8.578	-2.686	-0.481	1.350	-0.607	-3.403	-0.220	1.156	-0.405	126.975189	37.295864
1685512300796	1685512300783	-8.329	-2.559	-0.575	1.350	-0.607	-3.403	-0.113	1.709	-0.577	126.975189	37.295864
1685512300804	1685512300796	-8.138	-2.397	-0.553	1.382	-0.591	-3.241	-0.069	2.176	-0.718	126.975189	37.295864
1685512300823	1685512300804	-7.889	-2.325	-0.611	1.371	-0.573	-3.069	0.048	2.519	-0.903	126.975189	37.295864
1685512300824	1685512300823	-7.666	-2.219	-0.699	1.330	-0.561	-2.878	0.089	2.916	-0.991	126.975189	37.295864
1685512300836	1685512300824	-7.393	-1.987	-0.713	1.267	-0.549	-2.674	0.201	3.184	-1.152	126.975189	37.295864
1685512300842	1685512300836	-7.161	-1.846	-0.781	1.181	-0.536	-2.459	0.259	3.512	-1.360	126.975189	37.295864
1685512300853	1685512300843	-7.008	-1.844	-0.848	1.074	-0.520	-2.242	0.371	3.946	-1.492	126.975189	37.295864
1685512300862	1685512300853	-7.010	-1.985	-0.824	0.948	-0.473	-2.028	0.436	4.283	-1.683	126.975189	37.295864
1685512300874	1685512300862	-7.077	-2.207	-0.670	0.810	-0.412	-1.814	0.460	4.429	-1.844	126.975189	37.295864
1685512300883	1685512300875	-7.396	-2.291	-0.668	0.589	-0.252	-1.346	0.323	4.429	-1.915	126.975189	37.295864
1685512300894	1685512300884	-7.700	-2.306	-0.742	0.589	-0.252	-1.346	0.134	4.329	-1.844	126.975189	37.295864
1685512300903	1685512300894	-7.913	-2.296	-0.692	0.527	-0.166	-1.097	-0.283	4.343	-1.906	126.975189	37.295864
1685512300913	1685512300903	-8.054	-2.308	-0.697	0.472	-0.106	-0.825	-0.670	4.408	-2.030	126.975189	37.295864
1685512300922	1685512300913	-8.258	-2.397	-0.733	0.400	-0.061	-0.539	-0.970	4.494	-2.033	126.975189	37.295864
1685512300933	1685512300924	-8.595	-2.442	-0.771	0.314	0.004	-0.263	-1.161	4.527	-2.073	126.975189	37.295864
1685512300942	1685512300933	-9.072	-2.602	-0.816	0.226	0.083	-0.004	-1.403	4.470	-2.140	126.975189	37.295864
1685512300954	1685512300944	-9.768	-2.823	-0.843	0.137	0.189	0.243	-1.760	4.439	-2.200	126.975189	37.295864
1685512300961	1685512300954	-10.664	-2.966	-0.821	0.040	0.315	0.473	-2.234	4.274	-2.255	126.975189	37.295864
1685512300973	1685512300961	-11.260	-3.033	-0.910	-0.050	0.456	0.691	-2.911	4.037	-2.277	126.975189	37.295864
1685512300981	1685512300974	-11.808	-3.067	-1.001	-0.210	0.629	1.190	-3.766	3.855	-2.236	126.975189	37.295864
1685512300994	1685512300981	-11.930	-3.266	-0.809	-0.210	0.629	1.190	-4.314	3.747	-2.294	126.975189	37.295864
1685512301002	1685512300994	-11.708	-3.486	-0.558	-0.277	0.687	1.470	-4.767	3.625	-2.320	126.975189	37.295864
1685512301016	1685512301002	-11.138	-3.812	-0.259	-0.323	0.750	1.731	-4.810	3.352	-2.076	126.975189	37.295864
1685512301022	1685512301016	-10.472	-4.029	0.309	-0.316	0.794	1.968	-4.482	3.029	-1.757	126.975189	37.295864
1685512301030	1685512301022	-10.094	-4.118	0.642	-0.242	0.848	2.162	-3.792	2.581	-1.381	126.975189	37.295864
1685512301041	1685512301031	-10.242	-4.053	0.922	-0.098	0.954	2.283	-2.981	2.207	-0.728	126.975189	37.295864
1685512301052	1685512301041	-10.867	-3.946	0.955	0.117	1.133	2.314	-2.473	1.973	-0.323	126.975189	37.295864
1685512301062	1685512301052	-11.808	-3.584	0.871	0.397	1.377	2.282	-2.476	1.863	0.034	126.975189	37.295864
1685512301074	1685512301063	-12.826	-3.242	0.500	0.696	1.604	2.248	-2.957	1.788	0.151	126.975189	37.295864
1685512301082	1685512301075	-13.664	-3.005	0.242	1.114	1.803	2.228	-3.759	1.966	0.153	126.975189	37.295864
1685512301092	1685512301082	-13.956	-2.919	0.038	1.114	1.803	2.228	-4.642	2.119	-0.122	126.975189	37.295864
1685512301100	1685512301092	-13.750	-3.050	-0.124	1.178	1.741	2.243	-5.329	2.128	-0.273	126.975189	37.295864
1685512301110	1685512301101	-13.091	-2.935	-0.230	1.139	1.578	2.277	-5.523	2.061	-0.400	126.975189	37.295864
1685512301120	1685512301111	-12.443	-2.849	-0.172	1.020	1.379	2.329	-5.203	1.733	-0.474	126.975189	37.295864
1685512301131	1685512301120	-11.779	-2.682	-0.053	0.828	1.202	2.380	-4.432	1.650	-0.496	126.975189	37.295864
1685512301140	1685512301131	-11.214	-2.660	0.194	0.568	1.073	2.414	-3.675	1.530	-0.364	126.975189	37.295864
1685512301150	1685512301140	-10.676	-2.564	0.642	0.252	0.987	2.429	-2.907	1.487	-0.175	126.975189	37.295864
1685512301160	1685512301150	-10.187	-2.751	1.015	-0.099	0.935	2.421	-2.234	1.271	0.151	126.975189	37.295864
1685512301171	1685512301160	-9.673	-2.784	1.322	-0.451	0.898	2.388	-1.611	1.168	0.670	126.975189	37.295864
1685512301180	1685512301171	-9.306	-2.746	1.563	-0.972	0.907	2.280	-1.034	0.761	1.132	126.975189	37.295864
1685512301191	1685512301180	-9.002	-2.741	1.456	-0.972	0.907	2.280	-0.441	0.508	1.537	126.975189	37.295864
1685512301200	1685512301191	-8.775	-2.751	1.312	-1.144	0.931	2.225	0.000	0.311	1.906	126.975189	37.295864
1685512301211	1685512301200	-8.574	-3.045	1.252	-1.289	0.947	2.180	0.362	0.120	1.899	126.975189	37.295864
1685512301220	1685512301211	-8.373	-3.366	1.326	-1.411	0.948	2.148	0.651	-0.124	1.887	126.975189	37.295864
1685512301230	1685512301220	-8.389	-3.551	1.377	-1.482	0.924	2.123	0.898	-0.611	1.937	126.975204	37.295868
1685512301240	1685512301230	-8.550	-3.524	1.482	-1.498	0.888	2.089	1.142	-1.147	2.133	126.975204	37.295868
1685512301251	1685512301240	-8.543	-3.565	1.451	-1.477	0.839	2.055	1.161	-1.547	2.303	126.975204	37.295868
1685512301260	1685512301251	-8.471	-3.577	1.439	-1.442	0.766	2.034	1.032	-1.733	2.521	126.975204	37.295868
1685512301272	1685512301260	-8.392	-3.637	1.389	-1.421	0.674	2.018	1.065	-1.990	2.595	126.975204	37.295868
1685512301281	1685512301272	-8.329	-3.723	1.259	-1.433	0.505	1.993	1.159	-2.200	2.646	126.975204	37.295868
1685512301292	1685512301281	-8.384	-3.757	1.257	-1.433	0.505	1.993	1.255	-2.409	2.622	126.975204	37.295868
1685512301302	1685512301293	-8.667	-3.888	1.257	-1.443	0.459	1.979	1.336	-2.677	2.514	126.975204	37.295868
1685512301313	1685512301302	-9.026	-3.850	1.262	-1.472	0.426	1.961	1.295	-2.842	2.514	126.975204	37.295868
1685512301322	1685512301314	-9.282	-3.986	1.338	-1.522	0.404	1.944	1.025	-3.122	2.514	126.975204	37.295868
1685512301333	1685512301322	-9.421	-4.135	1.427	-1.572	0.386	1.933	0.675	-3.227	2.519	126.975204	37.295868
1685512301342	1685512301333	-9.548	-4.281	1.384	-1.618	0.346	1.929	0.429	-3.529	2.598	126.975204	37.295868
1685512301354	1685512301344	-9.606	-4.233	1.214	-1.651	0.292	1.925	0.294	-3.807	2.684	126.975204	37.295868
1685512301364	1685512301354	-9.649	-4.343	1.099	-1.673	0.264	1.908	0.170	-4.111	2.646	126.975204	37.295868
1685512301375	1685512301364	-9.512	-4.410	0.936	-1.704	0.220	1.878	0.115	-4.228	2.476	126.975204	37.295868
1685512301383	1685512301376	-9.388	-4.513	0.857	-1.800	0.106	1.783	0.069	-4.511	2.363	126.975204	37.295868
1685512301398	1685512301383	-9.177	-4.731	0.955	-1.800	0.106	1.783	0.201	-4.752	2.203	126.975204	37.295868
1685512301403	1685512301399	-9.263	-4.994	1.070	-1.845	0.056	1.714	0.318	-5.066	2.112	126.975204	37.295868
1685512301428	1685512301404	-9.258	-5.138	1.231	-1.859	0.037	1.632	0.522	-5.420	2.200	126.975204	37.295868
1685512301429	1685512301428	-9.313	-5.152	1.405	-1.828	0.053	1.538	0.424	-5.851	2.296	126.975204	37.295868
1685512301434	1685512301429	-9.373	-5.346	1.451	-1.753	0.082	1.450	0.417	-6.160	2.437	126.975204	37.295868
1685512301442	1685512301434	-9.498	-5.468	1.379	-1.643	0.095	1.371	0.345	-6.333	2.591	126.975204	37.295868
1685512301454	1685512301444	-9.558	-5.531	1.307	-1.505	0.098	1.299	0.268	-6.680	2.619	126.975204	37.295868
1685512301464	1685512301454	-9.658	-5.679	1.367	-1.343	0.109	1.230	0.117	-6.981	2.531	126.975204	37.295868
1685512301474	1685512301465	-9.656	-5.873	1.298	-1.152	0.127	1.161	0.041	-7.159	2.447	126.975204	37.295868
1685512301483	1685512301475	-9.649	-6.012	1.149	-0.695	0.149	1.030	-0.079	-7.441	2.495	126.975204	37.295868
1685512301494	1685512301484	-9.986	-6.208	1.111	-0.695	0.149	1.030	-0.101	-7.757	2.416	126.975204	37.295868
1685512301503	1685512301494	-10.748	-6.809	1.437	-0.490	0.151	0.960	-0.117	-8.025	2.270	126.975204	37.295868
1685512301513	1685512301503	-11.705	-7.202	1.748	-0.285	0.220	0.863	-0.474	-8.305	2.231	126.975204	37.295868
1685512301523	1685512301514	-12.265	-7.341	1.748	-0.007	0.341	0.728	-1.262	-9.024	2.562	126.975204	37.295868
1685512301534	1685512301525	-12.246	-7.709	2.105	0.332	0.403	0.624	-2.239	-9.483	2.883	126.975204	37.295868
1685512301544	1685512301534	-11.581	-8.102	2.334	0.720	0.374	0.589	-2.823	-9.699	2.919	126.975204	37.295868
1685512301555	1685512301545	-10.858	-7.970	2.255	1.161	0.305	0.562	-2.820	-10.118	3.316	126.975204	37.295868
1685512301565	1685512301556	-10.180	-7.954	2.071	1.629	0.211	0.461	-2.176	-10.561	3.606	126.975204	37.295868
1685512301576	1685512301566	-10.147	-8.600	2.164	2.009	0.066	0.290	-1.468	-10.463	3.577	126.975204	37.295868
1685512301585	1685512301577	-10.803	-8.775	2.540	2.860	-0.089	-0.233	-0.807	-10.472	3.467	126.975204	37.295868
1685512301605	1685512301585	-11.803	-8.258	2.564	2.860	-0.089	-0.233	-0.781	-11.116	3.610	126.975204	37.295868
1685512301606	1685512301605	-12.917	-7.982	2.610	3.339	-0.165	-0.596	-1.429	-11.222	4.056	126.975204	37.295868
1685512301636	1685512301606	-14.025	-7.479	2.389	3.824	-0.230	-0.947	-2.425	-10.652	4.128	126.975204	37.295868
1685512301636	1685512301636	-15.038	-6.440	2.315	4.376	-0.290	-1.224	-3.522	-10.254	4.243	126.975204	37.295868
1685512301637	1685512301636	-15.581	-5.928	2.270	4.848	-0.463	-1.453	-4.604	-9.601	4.085	126.975204	37.295868
1685512301643	1685512301637	-15.773	-5.638	2.066	5.081	-0.765	-1.690	-5.586	-8.351	4.077	126.975204	37.295868
1685512301655	1685512301643	-15.890	-5.346	1.662	5.082	-1.080	-1.941	-6.098	-7.635	4.070	126.975204	37.295868
1685512301663	1685512301655	-15.972	-5.789	1.434	4.944	-1.332	-2.181	-6.249	-7.094	3.874	126.975204	37.295868
1685512301677	1685512301664	-16.178	-5.739	1.125	4.866	-1.502	-2.364	-6.321	-6.524	3.433	126.975204	37.295868
1685512301684	1685512301677	-15.914	-5.629	0.587	5.005	-1.632	-2.483	-6.357	-6.673	3.129	126.975204	37.295868
1685512301694	1685512301684	-15.744	-4.858	0.788	5.256	-1.833	-2.545	-6.522	-6.316	2.710	126.975204	37.295868
1685512301704	1685512301695	-14.861	-4.635	0.893	5.599	-2.066	-2.572	-6.218	-5.825	2.006	126.975204	37.295868
1685512301714	1685512301704	-13.997	-4.568	0.836	5.804	-2.413	-2.562	-6.026	-4.800	2.066	126.975204	37.295868
1685512301724	1685512301714	-13.417	-4.171	0.479	5.883	-2.722	-2.602	-5.124	-4.262	1.958	126.975204	37.295868
1685512301735	1685512301724	-12.871	-4.010	0.318	5.878	-2.897	-2.684	-4.250	-3.891	1.635	126.975204	37.295868
1685512301744	1685512301736	-12.464	-4.458	0.357	5.774	-3.080	-2.760	-3.675	-3.201	0.965	126.975204	37.295868
1685512301754	1685512301744	-12.627	-4.154	0.673	5.633	-3.228	-2.821	-3.148	-2.761	0.457	126.975204	37.295868
1685512301764	1685512301755	-12.543	-3.620	0.723	5.629	-3.297	-2.867	-2.787	-2.919	0.079	126.975204	37.295868
1685512301776	1685512301765	-12.172	-3.225	0.675	5.672	-3.405	-2.871	-3.005	-2.392	0.031	126.975204	37.295868
1685512301785	1685512301776	-11.712	-3.156	0.874	5.630	-3.528	-2.854	-3.002	-1.633	-0.338	126.975204	37.295868
1685512301807	1685512301786	-11.346	-3.644	0.934	5.500	-3.588	-2.815	-2.734	-1.037	-0.828	126.975204	37.295868
1685512301807	1685512301807	-11.107	-3.840	1.037	5.356	-3.615	-2.767	-2.416	-0.783	-1.132	126.975204	37.295868
1685512301835	1685512301808	-10.901	-3.941	0.881	5.275	-3.596	-2.710	-2.181	-1.147	-1.492	126.975204	37.295868
1685512301836	1685512301835	-10.465	-4.003	0.783	5.200	-3.564	-2.612	-2.126	-1.226	-1.901	126.975204	37.295868
1685512301836	1685512301836	-10.008	-3.917	0.503	5.089	-3.536	-2.481	-2.088	-1.257	-2.471	126.975204	37.295868
1685512301843	1685512301837	-9.469	-3.512	0.376	4.915	-3.501	-2.342	-1.848	-1.279	-3.019	126.975204	37.295868
1685512301856	1685512301844	-8.926	-3.654	0.486	4.669	-3.443	-2.215	-1.602	-1.185	-3.740	126.975204	37.295868
1685512301864	1685512301856	-8.605	-3.551	0.563	4.337	-3.382	-2.100	-1.283	-0.804	-4.290	126.975204	37.295868
1685512301875	1685512301865	-8.277	-3.148	0.733	4.029	-3.267	-2.002	-0.967	-0.996	-4.585	126.975204	37.295868
1685512301883	1685512301877	-7.884	-3.124	0.833	3.725	-3.133	-1.918	-0.903	-0.962	-4.925	126.975204	37.295868
1685512301894	1685512301883	-7.582	-2.966	0.876	3.418	-2.987	-1.806	-0.785	-0.630	-5.071	126.975204	37.295868
1685512301904	1685512301894	-7.290	-2.998	0.898	3.128	-2.808	-1.686	-0.651	-0.694	-5.325	126.975204	37.295868
1685512301915	1685512301904	-7.022	-2.840	0.891	2.856	-2.629	-1.578	-0.558	-0.615	-5.547	126.975204	37.295868
1685512301923	1685512301915	-6.716	-2.866	1.025	2.618	-2.421	-1.477	-0.488	-0.735	-5.792	126.975204	37.295868
1685512301934	1685512301924	-6.591	-2.962	1.099	2.428	-2.199	-1.384	-0.433	-0.666	-6.038	126.975204	37.295868
1685512301943	1685512301934	-6.529	-2.349	1.106	2.329	-1.966	-1.289	-0.350	-0.788	-6.139	126.975204	37.295868
1685512301955	1685512301943	-6.261	-2.538	1.295	2.255	-1.726	-1.199	-0.395	-0.965	-6.232	126.975204	37.295868
1685512301967	1685512301955	-6.314	-2.488	1.465	2.087	-1.510	-1.102	-0.503	-0.445	-6.390	126.975204	37.295868
1685512301979	1685512301967	-6.373	-2.306	1.573	1.869	-1.294	-1.020	-0.388	-0.735	-6.347	126.975204	37.295868
1685512301985	1685512301982	-6.364	-2.143	1.745	1.637	-1.090	-0.962	-0.577	-0.781	-6.299	126.975204	37.295868
1685512301996	1685512301986	-6.634	-1.994	1.889	1.373	-0.898	-0.904	-0.754	-0.687	-6.297	126.975204	37.295868
1685512302009	1685512301996	-6.874	-1.870	1.901	1.112	-0.705	-0.845	-0.867	-0.615	-6.227	126.975204	37.295868
1685512302031	1685512302009	-7.223	-1.674	2.033	0.908	-0.522	-0.789	-1.204	-0.515	-6.141	126.975204	37.295868
1685512302033	1685512302032	-7.590	-1.286	2.274	0.751	-0.330	-0.726	-1.513	-0.436	-6.182	126.975204	37.295868
1685512302034	1685512302033	-8.076	-1.077	2.133	0.650	-0.115	-0.650	-1.918	-0.271	-6.091	126.975204	37.295868
1685512302045	1685512302034	-8.286	-0.974	1.875	0.563	0.104	-0.555	-2.320	0.093	-5.878	126.975204	37.295868
1685512302054	1685512302046	-8.655	-0.974	1.860	0.441	0.310	-0.441	-2.825	0.283	-6.033	126.975204	37.295868
1685512302064	1685512302054	-8.729	-1.097	1.877	0.237	0.519	-0.316	-3.036	0.366	-6.294	126.975204	37.295868
1685512302076	1685512302065	-8.471	-0.821	1.688	-0.026	0.739	-0.186	-3.385	0.354	-6.299	126.975204	37.295868
1685512302083	1685512302079	-8.305	-1.082	1.566	-0.324	0.933	-0.048	-3.421	0.230	-6.258	126.975204	37.295868
1685512302112	1685512302084	-8.296	-1.152	1.271	-0.679	1.079	0.071	-3.105	0.517	-6.407	126.975204	37.295868
1685512302113	1685512302112	-8.365	-1.058	1.408	-0.992	1.224	0.156	-2.859	0.290	-6.469	126.975204	37.295868
1685512302113	1685512302113	-8.691	-1.223	1.504	-1.191	1.376	0.231	-2.770	0.266	-6.704	126.975204	37.295868
1685512302121	1685512302113	-9.191	-0.570	1.817	-1.260	1.549	0.307	-2.732	0.436	-6.474	126.975204	37.295868
1685512302132	1685512302122	-9.754	-0.414	2.114	-1.196	1.772	0.365	-2.957	0.342	-6.292	126.975204	37.295868
1685512302142	1685512302132	-10.278	-0.484	2.172	-1.071	2.021	0.441	-3.333	1.075	-5.868	126.975204	37.295868
1685512302152	1685512302142	-10.640	-0.527	2.095	-0.935	2.294	0.539	-3.754	1.300	-5.447	126.975204	37.295868
1685512302161	1685512302152	-11.016	-0.821	1.867	-0.859	2.557	0.628	-4.118	1.286	-5.248	126.975204	37.295868
1685512302172	1685512302161	-11.179	-1.046	1.477	-0.908	2.786	0.724	-4.269	1.274	-5.136	126.975204	37.295868
1685512302181	1685512302172	-11.329	-1.106	1.590	-1.073	2.960	0.831	-4.432	1.001	-5.164	126.975204	37.295868
1685512302191	1685512302181	-11.609	-1.511	1.975	-1.280	3.069	0.949	-4.410	0.790	-5.373	126.975204	37.295868
1685512302201	1685512302191	-11.799	-1.494	2.219	-1.493	3.152	1.058	-4.324	0.747	-5.013	126.975204	37.295868
1685512302213	1685512302201	-11.614	-1.528	2.241	-1.706	3.228	1.111	-4.410	0.357	-4.410	126.975204	37.295868
1685512302221	1685512302213	-11.219	-1.774	2.207	-1.916	3.264	1.164	-4.381	0.388	-3.907	126.975204	37.295868
1685512302231	1685512302221	-11.056	-2.040	2.212	-2.088	3.264	1.232	-3.982	0.373	-3.610	126.975204	37.295868
1685512302241	1685512302231	-10.841	-2.100	2.342	-2.213	3.249	1.272	-3.359	0.148	-3.326	126.975204	37.295868
1685512302251	1685512302241	-10.630	-1.994	2.449	-2.293	3.233	1.275	-3.017	-0.103	-3.050	126.975204	37.295868
1685512302261	1685512302251	-10.429	-2.267	2.421	-2.348	3.203	1.257	-2.610	-0.153	-2.614	126.975204	37.295868
1685512302274	1685512302261	-10.420	-2.363	2.591	-2.375	3.187	1.232	-2.219	-0.043	-2.193	126.975220	37.295879
1685512302282	1685512302274	-10.403	-2.157	2.653	-2.313	3.179	1.200	-1.848	-0.318	-1.903	126.975220	37.295879
1685512302292	1685512302282	-10.317	-2.114	2.904	-2.183	3.179	1.159	-1.683	-0.421	-1.410	126.975220	37.295879
1685512302301	1685512302292	-10.448	-2.296	2.952	-2.024	3.185	1.131	-1.494	-0.237	-0.958	126.975220	37.295879
1685512302312	1685512302301	-10.862	-1.681	4.233	-1.850	3.207	1.100	-1.300	-0.215	-0.445	126.975220	37.295879
1685512302322	1685512302312	-10.977	-0.381	5.334	-1.693	3.200	1.016	-1.310	-0.436	-0.069	126.975220	37.295879
1685512302333	1685512302322	-10.616	-1.743	4.978	-1.866	3.013	0.881	-1.611	0.129	1.537	126.975220	37.295879
1685512302343	1685512302333	-10.568	-2.349	4.240	-2.105	2.916	0.948	-1.628	1.377	2.966	126.975220	37.295879
1685512302353	1685512302343	-10.288	-1.815	3.685	-1.837	2.983	1.142	-1.185	-0.024	2.926	126.975220	37.295879
1685512302363	1685512302354	-10.060	-2.263	3.637	-1.294	3.045	1.184	-1.051	-0.692	2.562	126.975220	37.295879
1685512302375	1685512302363	-10.388	-2.339	4.089	-1.020	3.053	1.107	-0.721	-0.220	2.258	126.975220	37.295879
1685512302384	1685512302375	-10.671	-1.985	4.436	-1.056	3.041	0.931	-0.436	-0.766	2.523	126.975220	37.295879
1685512302395	1685512302384	-10.534	-1.860	4.745	-1.184	2.959	0.764	-0.718	-0.941	3.285	126.975220	37.295879
1685512302406	1685512302397	-10.379	-1.674	4.829	-1.312	2.810	0.711	-0.965	-0.678	3.972	126.975220	37.295879
1685512302425	1685512302407	-10.226	-1.341	4.865	-1.351	2.641	0.701	-0.812	-0.615	4.554	126.975220	37.295879
1685512302426	1685512302426	-9.989	-1.671	5.047	-1.252	2.454	0.681	-0.644	-0.512	4.985	126.975220	37.295879
1685512302434	1685512302426	-9.957	-2.054	5.183	-1.144	2.254	0.648	-0.491	-0.237	5.239	126.975220	37.295879
1685512302444	1685512302434	-10.041	-1.918	5.452	-1.048	2.074	0.584	-0.259	-0.646	5.698	126.975220	37.295879
1685512302455	1685512302444	-10.221	-1.923	5.871	-0.920	1.910	0.495	-0.237	-1.094	6.041	126.975220	37.295879
1685512302463	1685512302455	-10.470	-1.602	6.079	-0.772	1.765	0.401	-0.338	-1.032	6.541	126.975220	37.295879
1685512302476	1685512302463	-10.427	-1.336	6.189	-0.610	1.655	0.297	-0.534	-1.089	7.135	126.975220	37.295879
1685512302484	1685512302476	-10.223	-1.214	6.419	-0.450	1.547	0.204	-0.809	-0.828	7.556	126.975220	37.295879
1685512302494	1685512302484	-10.216	-1.075	6.397	-0.331	1.431	0.136	-0.785	-0.596	7.815	126.975220	37.295879
1685512302504	1685512302494	-10.324	-0.690	6.414	-0.235	1.310	0.086	-0.611	-0.505	8.212	126.975220	37.295879
1685512302516	1685512302505	-10.592	-1.085	6.397	-0.123	1.166	0.065	-0.625	-0.383	8.315	126.975220	37.295879
1685512302525	1685512302517	-11.566	-1.427	6.584	-0.072	1.012	0.064	-0.759	-0.010	8.459	126.975220	37.295879
1685512302536	1685512302526	-12.991	-1.132	7.072	-0.029	0.888	0.034	-1.051	-0.414	8.554	126.975220	37.295879
1685512302546	1685512302537	-13.750	-1.142	7.350	0.094	0.778	0.009	-2.049	-0.764	8.849	126.975220	37.295879
1685512302555	1685512302546	-14.310	-1.195	7.405	0.270	0.668	0.027	-3.493	-0.474	9.414	126.975220	37.295879
1685512302567	1685512302555	-13.939	-1.070	7.084	0.417	0.566	0.055	-4.271	-0.481	9.764	126.975220	37.295879
1685512302579	1685512302567	-12.438	-1.255	6.627	0.448	0.425	0.071	-4.848	-0.532	9.881	126.975220	37.295879
1685512302586	1685512302579	-10.910	-1.611	6.211	0.336	0.210	0.076	-4.489	-0.400	9.610	126.975220	37.295879
1685512302597	1685512302586	-10.302	-1.446	6.014	0.097	-0.077	0.054	-3.000	-0.579	9.189	126.975220	37.295879
1685512302610	1685512302597	-10.147	-1.468	6.132	-0.161	-0.373	-0.007	-1.477	-0.936	8.794	126.975220	37.295879
1685512302615	1685512302610	-10.807	-1.034	6.404	-0.342	-0.649	-0.095	-0.867	-0.773	8.593	126.975220	37.295879
1685512302627	1685512302615	-11.679	-0.812	6.570	-0.321	-0.883	-0.180	-0.702	-0.797	8.674	126.975220	37.295879
1685512302647	1685512302627	-12.708	-0.986	6.474	-0.072	-1.068	-0.241	-1.348	-0.364	8.890	126.975220	37.295879
1685512302648	1685512302647	-13.530	-0.905	6.146	0.320	-1.195	-0.258	-2.198	-0.132	8.973	126.975220	37.295879
1685512302657	1685512302648	-14.044	-1.132	5.605	0.739	-1.307	-0.244	-3.203	-0.285	8.777	126.975220	37.295879
1685512302664	1685512302657	-14.207	-1.353	5.004	1.031	-1.436	-0.199	-3.998	-0.170	8.320	126.975220	37.295879
1685512302676	1685512302666	-14.363	-1.532	4.585	1.114	-1.588	-0.158	-4.492	-0.362	7.661	126.975220	37.295879
1685512302685	1685512302676	-14.377	-1.836	4.250	0.979	-1.769	-0.142	-4.626	-0.541	6.914	126.975220	37.295879
1685512302696	1685512302685	-14.363	-1.891	3.974	0.687	-1.971	-0.142	-4.755	-0.687	6.335	126.975220	37.295879
1685512302705	1685512302697	-14.107	-2.030	3.742	0.349	-2.169	-0.156	-4.738	-0.958	5.801	126.975220	37.295879
1685512302715	1685512302705	-13.712	-2.322	3.646	0.042	-2.392	-0.188	-4.700	-0.991	5.351	126.975220	37.295879
1685512302724	1685512302715	-13.168	-2.404	3.558	-0.202	-2.604	-0.237	-4.415	-1.109	4.884	126.975220	37.295879
1685512302735	1685512302725	-12.713	-2.495	3.383	-0.407	-2.799	-0.331	-3.998	-1.384	4.578	126.975220	37.295879
1685512302745	1685512302735	-12.246	-2.485	3.203	-0.588	-2.975	-0.459	-3.436	-1.444	4.238	126.975220	37.295879
1685512302758	1685512302745	-11.760	-2.495	3.007	-0.748	-3.131	-0.612	-2.969	-1.506	3.795	126.975220	37.295879
1685512302766	1685512302758	-11.337	-2.418	2.780	-0.863	-3.272	-0.775	-2.497	-1.453	3.330	126.975220	37.295879
1685512302779	1685512302766	-10.903	-2.753	2.674	-0.925	-3.396	-0.937	-2.018	-1.403	2.837	126.975220	37.295879
1685512302788	1685512302779	-10.836	-2.298	2.437	-0.937	-3.501	-1.100	-1.616	-1.240	2.270	126.975220	37.295879
1685512302797	1685512302790	-10.501	-2.160	2.310	-0.803	-3.567	-1.260	-1.214	-1.487	1.877	126.975220	37.295879
1685512302816	1685512302797	-10.252	-2.583	2.272	-0.522	-3.635	-1.384	-1.199	-0.905	1.283	126.975220	37.295879
1685512302817	1685512302817	-10.166	-2.538	2.116	-0.228	-3.680	-1.483	-0.924	-0.649	0.857	126.975220	37.295879
1685512302839	1685512302818	-9.948	-2.456	1.882	0.042	-3.687	-1.593	-0.754	-0.931	0.481	126.975220	37.295879
1685512302840	1685512302839	-9.855	-2.404	1.652	0.270	-3.676	-1.677	-0.766	-0.742	-0.017	126.975220	37.295879
1685512302845	1685512302840	-9.677	-2.310	1.504	0.428	-3.641	-1.731	-0.675	-0.498	-0.630	126.975220	37.295879
1685512302856	1685512302845	-9.335	-2.150	1.329	0.527	-3.576	-1.770	-0.702	-0.311	-1.171	126.975220	37.295879
1685512302866	1685512302857	-8.993	-2.030	1.211	0.582	-3.493	-1.797	-0.670	-0.074	-1.659	126.975220	37.295879
1685512302878	1685512302867	-8.808	-2.009	1.092	0.586	-3.392	-1.812	-0.488	0.225	-2.164	126.975220	37.295879
1685512302886	1685512302879	-8.559	-1.999	1.032	0.546	-3.269	-1.812	-0.318	0.481	-2.602	126.975220	37.295879
1685512302896	1685512302887	-8.365	-1.997	1.168	0.467	-3.137	-1.803	-0.314	0.634	-3.029	126.975220	37.295879
1685512302905	1685512302896	-8.294	-2.456	1.058	0.352	-2.994	-1.784	-0.292	0.797	-3.433	126.975220	37.295879
1685512302915	1685512302906	-8.277	-2.282	1.130	0.271	-2.837	-1.754	-0.239	0.895	-3.493	126.975220	37.295879
1685512302925	1685512302915	-8.234	-1.755	0.433	0.351	-2.651	-1.707	-0.357	0.565	-3.840	126.975220	37.295879
1685512302936	1685512302926	-7.901	-1.609	-0.156	0.525	-2.472	-1.615	-0.479	0.843	-3.924	126.975220	37.295879
1685512302945	1685512302937	-7.532	-1.841	-0.053	0.734	-2.335	-1.461	-0.599	1.480	-4.796	126.975220	37.295879
1685512302956	1685512302946	-7.645	-2.152	0.247	0.878	-2.203	-1.302	-0.385	1.700	-5.511	126.975220	37.295879
1685512302966	1685512302956	-7.966	-1.973	0.634	0.977	-2.029	-1.199	-0.194	1.539	-5.607	126.975220	37.295879
1685512302976	1685512302967	-8.018	-1.731	0.728	1.012	-1.829	-1.102	-0.421	1.262	-5.437	126.975220	37.295879
1685512302987	1685512302978	-8.109	-1.441	0.716	0.924	-1.613	-0.986	-0.917	1.472	-5.246	126.975220	37.295879
1685512302998	1685512302987	-8.162	-1.302	0.682	0.738	-1.382	-0.844	-1.101	1.729	-5.298	126.975220	37.295879
1685512303010	1685512302998	-8.296	-1.353	0.587	0.486	-1.159	-0.688	-1.353	2.033	-5.480	126.975220	37.295879
1685512303029	1685512303010	-8.365	-1.398	0.685	0.210	-0.941	-0.530	-1.508	2.181	-5.622	126.975220	37.295879
1685512303030	1685512303030	-8.588	-1.448	0.618	-0.060	-0.717	-0.389	-1.750	2.145	-5.820	126.975220	37.295879
1685512303035	1685512303030	-8.995	-1.441	0.575	-0.258	-0.489	-0.257	-1.891	2.119	-5.782	126.975220	37.295879
1685512303050	1685512303041	-9.639	-1.532	0.601	-0.352	-0.252	-0.112	-2.174	2.097	-5.895	126.975220	37.295879
1685512303055	1685512303051	-10.321	-1.856	0.757	-0.413	-0.012	0.044	-2.622	2.138	-5.959	126.975220	37.295879
1685512303064	1685512303055	-10.956	-2.014	0.702	-0.462	0.266	0.189	-3.287	2.078	-5.935	126.975220	37.295879
1685512303074	1685512303064	-11.231	-2.114	0.656	-0.487	0.577	0.343	-3.970	1.779	-5.765	126.975220	37.295879
1685512303083	1685512303075	-11.274	-2.176	0.651	-0.535	0.898	0.517	-4.578	1.640	-5.784	126.975220	37.295879
1685512303093	1685512303083	-10.903	-2.243	0.802	-0.646	1.218	0.700	-4.808	1.549	-5.780	126.975220	37.295879
1685512303103	1685512303093	-10.326	-2.253	1.022	-0.786	1.509	0.882	-4.767	1.487	-5.701	126.975220	37.295879
1685512303115	1685512303103	-9.838	-2.093	1.472	-0.947	1.741	1.041	-4.302	1.415	-5.456	126.975220	37.295879
1685512303123	1685512303115	-9.572	-2.488	2.047	-1.150	1.933	1.146	-3.601	1.396	-5.107	126.975220	37.295879
1685512303133	1685512303123	-9.567	-2.617	2.478	-1.319	2.115	1.200	-2.969	1.542	-4.503	126.975220	37.295879
1685512303143	1685512303133	-9.608	-2.279	2.696	-1.227	2.313	1.251	-2.533	1.135	-3.735	126.975220	37.295879
1685512303153	1685512303143	-9.859	-1.671	2.404	-0.947	2.476	1.319	-2.380	0.996	-3.124	126.975220	37.295879
1685512303163	1685512303153	-10.154	-1.262	1.937	-0.691	2.621	1.363	-2.231	1.302	-2.674	126.975220	37.295879
1685512303175	1685512303163	-10.740	-0.764	1.118	-0.535	2.771	1.384	-2.306	1.863	-2.749	126.975220	37.295879
1685512303183	1685512303175	-11.123	-0.735	0.893	-0.407	2.911	1.417	-2.421	2.203	-2.990	126.975220	37.295879
1685512303193	1685512303184	-11.478	-1.228	0.974	-0.340	2.999	1.460	-2.825	2.619	-3.575	126.975220	37.295879
1685512303204	1685512303193	-11.952	-1.362	1.341	-0.305	3.063	1.500	-2.993	2.533	-3.503	126.975220	37.295879
1685512303215	1685512303204	-12.189	-1.391	1.714	-0.327	3.118	1.504	-3.203	1.954	-3.211	126.975220	37.295879
1685512303223	1685512303215	-12.124	-1.494	2.088	-0.465	3.124	1.502	-3.508	1.707	-2.579	126.975220	37.295879
1685512303234	1685512303223	-11.854	-1.633	1.788	-0.721	3.079	1.536	-3.582	1.561	-1.930	126.975243	37.295883
1685512303243	1685512303234	-11.449	-1.068	1.561	-0.979	3.026	1.613	-3.364	1.346	-1.271	126.975243	37.295883
1685512303253	1685512303243	-11.092	-1.271	1.638	-1.177	2.955	1.723	-2.952	1.094	-1.279	126.975243	37.295883
1685512303266	1685512303253	-10.815	-1.717	1.834	-1.366	2.842	1.817	-2.401	1.530	-1.178	126.975243	37.295883
1685512303276	1685512303266	-10.606	-2.069	2.176	-1.477	2.765	1.839	-1.937	1.214	-0.833	126.975243	37.295883
1685512303284	1685512303276	-10.448	-2.210	2.466	-1.487	2.700	1.792	-1.549	0.632	-0.342	126.975243	37.295883
1685512303295	1685512303284	-10.159	-2.093	2.691	-1.433	2.616	1.724	-1.243	0.139	0.290	126.975243	37.295883
1685512303305	1685512303296	-9.900	-2.066	2.751	-1.381	2.523	1.652	-0.991	-0.158	0.893	126.975243	37.295883
1685512303315	1685512303305	-9.625	-2.095	2.720	-1.312	2.452	1.597	-0.637	-0.168	1.367	126.975243	37.295883
1685512303325	1685512303315	-9.517	-2.085	2.693	-1.244	2.388	1.548	-0.311	-0.299	1.721	126.975243	37.295883
1685512303335	1685512303325	-9.598	-1.923	2.662	-1.184	2.338	1.482	0.007	-0.455	1.923	126.975243	37.295883
1685512303346	1685512303336	-9.596	-1.899	2.583	-1.109	2.299	1.421	0.153	-0.587	2.145	126.975243	37.295883
1685512303357	1685512303346	-9.464	-1.918	2.193	-1.052	2.253	1.366	0.103	-0.563	2.358	126.975243	37.295883
1685512303366	1685512303357	-9.416	-1.834	2.157	-0.988	2.184	1.315	0.129	-0.673	2.516	126.975243	37.295883
1685512303378	1685512303367	-9.414	-1.844	2.306	-0.852	2.118	1.274	0.275	-0.826	2.358	126.975243	37.295883
1685512303387	1685512303378	-9.574	-2.169	2.461	-0.732	2.032	1.229	0.330	-0.886	2.567	126.975243	37.295883
1685512303397	1685512303387	-9.905	-2.236	2.468	-0.628	1.969	1.155	0.335	-1.008	2.897	126.975243	37.295883
1685512303410	1685512303398	-10.218	-2.064	2.547	-0.520	1.938	1.060	0.170	-1.465	3.259	126.975243	37.295883
1685512303424	1685512303411	-10.424	-2.181	2.591	-0.432	1.917	0.985	-0.165	-1.630	3.424	126.975243	37.295883
1685512303427	1685512303424	-10.649	-2.203	2.732	-0.367	1.894	0.940	-0.493	-1.571	3.697	126.975243	37.295883
1685512303437	1685512303427	-10.786	-1.999	2.763	-0.282	1.867	0.919	-0.716	-1.774	3.898	126.975243	37.295883
1685512303447	1685512303437	-10.726	-1.609	2.713	-0.217	1.839	0.902	-0.970	-1.908	4.259	126.975243	37.295883
1685512303458	1685512303447	-10.312	-1.463	2.715	-0.170	1.791	0.897	-1.128	-1.781	4.434	126.975243	37.295883
1685512303465	1685512303458	-10.003	-1.599	2.667	-0.149	1.706	0.897	-1.101	-1.489	4.580	126.975243	37.295883
1685512303479	1685512303466	-9.943	-1.530	2.830	-0.153	1.631	0.858	-0.718	-1.425	4.738	126.975243	37.295883
1685512303486	1685512303480	-10.123	-1.604	3.163	-0.136	1.597	0.782	-0.450	-1.659	4.870	126.975243	37.295883
1685512303496	1685512303487	-10.467	-1.681	3.498	-0.099	1.564	0.710	-0.424	-1.666	5.171	126.975243	37.295883
1685512303506	1685512303496	-10.716	-1.489	3.831	-0.046	1.534	0.645	-0.656	-1.841	5.701	126.975243	37.295883
1685512303518	1685512303508	-10.779	-1.408	3.962	-0.004	1.480	0.593	-1.030	-1.966	6.141	126.975243	37.295883
1685512303529	1685512303518	-10.855	-1.456	4.094	0.001	1.394	0.562	-1.329	-1.844	6.632	126.975243	37.295883
1685512303540	1685512303529	-10.824	-1.508	4.070	-0.013	1.304	0.541	-1.429	-1.812	6.888	126.975243	37.295883
1685512303548	1685512303540	-10.903	-1.492	4.096	-0.049	1.210	0.512	-1.556	-1.918	7.163	126.975243	37.295883
1685512303559	1685512303549	-11.126	-1.602	4.199	-0.106	1.097	0.472	-1.568	-2.021	7.259	126.975243	37.295883
1685512303568	1685512303559	-11.669	-2.078	4.334	-0.173	0.976	0.424	-1.693	-2.057	7.410	126.975243	37.295883
1685512303580	1685512303569	-12.620	-2.322	4.630	-0.231	0.874	0.351	-1.951	-2.210	7.602	126.975243	37.295883
1685512303588	1685512303580	-13.728	-2.447	4.855	-0.259	0.797	0.258	-2.531	-2.732	7.824	126.975243	37.295883
1685512303600	1685512303588	-14.310	-2.705	4.839	-0.247	0.728	0.178	-3.515	-3.017	8.200	126.975243	37.295883
1685512303618	1685512303601	-14.229	-2.959	4.808	-0.173	0.610	0.144	-4.657	-3.177	8.502	126.975243	37.295883
1685512303619	1685512303619	-13.537	-2.777	4.848	-0.094	0.389	0.123	-5.265	-3.457	8.543	126.975243	37.295883
1685512303639	1685512303619	-12.356	-2.523	4.741	-0.042	0.125	0.081	-5.210	-3.733	8.571	126.975243	37.295883
1685512303640	1685512303639	-10.958	-2.576	4.554	-0.007	-0.178	0.048	-4.532	-3.565	8.643	126.975243	37.295883
1685512303648	1685512303640	-9.953	-2.787	4.381	0.016	-0.491	0.013	-3.357	-3.318	8.547	126.975243	37.295883
1685512303658	1685512303648	-9.486	-2.916	4.178	0.039	-0.748	-0.086	-1.951	-3.376	8.344	126.975243	37.295883
1685512303666	1685512303658	-9.792	-2.830	4.405	0.110	-0.938	-0.259	-0.927	-3.589	8.126	126.975243	37.295883
1685512303678	1685512303667	-10.518	-2.617	4.482	0.286	-1.064	-0.456	-0.431	-3.709	7.855	126.975243	37.295883
1685512303686	1685512303678	-11.356	-2.564	4.468	0.549	-1.163	-0.630	-0.699	-3.591	7.989	126.975243	37.295883
1685512303697	1685512303687	-11.995	-2.502	4.298	0.888	-1.246	-0.766	-1.386	-3.333	7.982	126.975243	37.295883
1685512303707	1685512303697	-12.467	-2.444	3.910	1.240	-1.354	-0.855	-2.176	-3.194	7.855	126.975243	37.295883
1685512303718	1685512303707	-12.708	-2.461	3.577	1.547	-1.489	-0.907	-2.775	-3.043	7.585	126.975243	37.295883
1685512303728	1685512303718	-12.819	-2.303	3.151	1.758	-1.638	-0.935	-3.199	-2.866	7.080	126.975243	37.295883
1685512303738	1685512303728	-13.063	-2.119	2.892	1.848	-1.802	-0.937	-3.390	-2.751	6.613	126.975243	37.295883
1685512303747	1685512303738	-13.209	-2.140	2.717	1.823	-1.963	-0.920	-3.445	-2.440	6.021	126.975243	37.295883
1685512303758	1685512303748	-13.297	-2.298	2.447	1.701	-2.112	-0.924	-3.644	-2.128	5.612	126.975243	37.295883
1685512303769	1685512303759	-13.355	-2.251	2.231	1.560	-2.233	-0.962	-3.740	-2.016	5.250	126.975243	37.295883
1685512303781	1685512303769	-13.072	-2.406	2.138	1.450	-2.369	-0.997	-3.778	-2.045	4.776	126.975243	37.295883
1685512303787	1685512303782	-12.740	-2.456	2.093	1.317	-2.524	-1.025	-3.790	-1.870	4.343	126.975243	37.295883
1685512303799	1685512303790	-12.481	-2.339	1.980	1.203	-2.654	-1.065	-3.464	-1.901	4.015	126.975243	37.295883
1685512303820	1685512303799	-12.091	-2.241	1.987	1.086	-2.768	-1.119	-3.086	-1.805	3.670	126.975243	37.295883
1685512303821	1685512303820	-11.825	-2.349	2.006	0.940	-2.869	-1.179	-2.801	-1.592	3.345	126.975243	37.295883
1685512303840	1685512303821	-11.698	-2.488	2.052	0.776	-2.943	-1.233	-2.387	-1.372	3.074	126.975243	37.295883
1685512303840	1685512303840	-11.430	-2.466	2.033	0.585	-2.998	-1.296	-2.105	-1.358	2.806	126.975243	37.295883
1685512303846	1685512303841	-11.272	-2.643	1.935	0.420	-3.048	-1.355	-1.970	-1.369	2.557	126.975243	37.295883
1685512303858	1685512303847	-10.913	-2.717	1.774	0.304	-3.103	-1.394	-1.707	-1.221	2.239	126.975243	37.295883
1685512303869	1685512303858	-10.616	-2.804	1.721	0.231	-3.155	-1.433	-1.568	-1.252	1.810	126.975243	37.295883
1685512303877	1685512303869	-10.391	-3.304	1.908	0.237	-3.200	-1.472	-1.233	-1.207	1.374	126.975243	37.295883
1685512303888	1685512303878	-10.384	-3.895	2.195	0.270	-3.257	-1.526	-0.977	-1.156	1.013	126.975243	37.295883
1685512303898	1685512303890	-10.513	-4.848	2.521	0.362	-3.274	-1.624	-0.804	-1.516	0.888	126.975243	37.295883
1685512303907	1685512303899	-10.800	-5.329	2.351	0.563	-3.257	-1.724	-0.871	-1.951	0.828	126.975243	37.295883
1685512303917	1685512303908	-11.059	-4.482	2.124	0.905	-3.225	-1.794	-1.075	-2.770	0.869	126.975243	37.295883
