1685512288919	1685512288919	-9.766	-5.547	1.199	-1.709	-0.149	0.139	-0.093	-7.697	3.112	126.975021	37.295837
1685512288919	1685512288919	-9.538	-5.641	1.025	-1.534	-0.122	0.112	-0.385	-7.858	3.062	126.975021	37.295837
1685512288923	1685512288919	-9.345	-5.715	0.941	-1.333	-0.121	0.076	-0.464	-8.085	2.974	126.975021	37.295837
1685512288934	1685512288923	-9.175	-5.705	0.804	-1.095	-0.106	0.040	-0.225	-8.183	2.737	126.975021	37.295837
1685512288944	1685512288935	-9.163	-5.552	0.867	-0.810	-0.066	0.006	-0.024	-8.265	2.600	126.975021	37.295837
1685512288958	1685512288945	-9.335	-5.578	0.692	-0.520	-0.022	-0.053	0.148	-8.267	2.423	126.975021	37.295837
1685512288964	1685512288958	-10.017	-5.686	0.548	-0.049	0.071	-0.254	0.163	-8.124	2.454	126.975021	37.295837
1685512288974	1685512288964	-10.714	-5.567	0.747	-0.049	0.071	-0.254	-0.005	-8.150	2.265	126.975021	37.295837
1685512288983	1685512288974	-11.270	-5.598	0.960	0.092	0.164	-0.354	-0.682	-8.234	2.126	126.975021	37.295837
1685512288994	1685512288983	-11.463	-5.775	1.204	0.226	0.224	-0.397	-1.374	-8.092	2.330	126.975021	37.295837
1685512289002	1685512288995	-11.356	-6.017	1.504	0.357	0.226	-0.384	-1.923	-8.090	2.559	126.975021	37.295837
1685512289015	1685512289003	-10.934	-6.361	1.757	0.500	0.225	-0.343	-2.112	-8.226	2.832	126.975021	37.295837
1685512289024	1685512289016	-10.719	-6.665	1.911	0.696	0.222	-0.312	-1.997	-8.420	3.163	126.975021	37.295837
1685512289035	1685512289024	-10.939	-6.608	1.688	1.013	0.208	-0.318	-1.571	-8.729	3.448	126.975021	37.295837
1685512289043	1685512289036	-11.700	-6.493	1.504	1.398	0.186	-0.384	-1.353	-8.993	3.637	126.975021	37.295837
1685512289055	1685512289044	-12.871	-6.364	1.283	1.772	0.188	-0.486	-1.568	-8.887	3.457	126.975021	37.295837
1685512289062	1685512289055	-14.052	-6.409	1.204	2.087	0.187	-0.589	-2.325	-8.712	3.323	126.975021	37.295837
1685512289073	1685512289063	-14.957	-6.512	0.970	2.318	0.137	-0.676	-3.491	-8.504	3.158	126.975021	37.295837
1685512289085	1685512289073	-15.440	-6.254	0.809	2.478	0.018	-0.777	-4.659	-8.425	3.158	126.975021	37.295837
1685512289094	1685512289085	-15.653	-6.182	0.582	2.572	-0.134	-0.878	-5.557	-8.452	2.964	126.975021	37.295837
1685512289104	1685512289094	-15.553	-6.086	0.357	2.575	-0.338	-0.966	-6.026	-8.059	2.856	126.975021	37.295837
1685512289114	1685512289105	-15.498	-6.024	0.215	2.479	-0.546	-1.085	-6.223	-7.865	2.658	126.975021	37.295837
1685512289122	1685512289115	-15.208	-5.684	-0.060	2.308	-0.690	-1.279	-6.098	-7.609	2.442	126.975021	37.295837
1685512289132	1685512289122	-14.650	-5.344	-0.079	2.101	-0.815	-1.516	-6.017	-7.408	2.289	126.975021	37.295837
1685512289142	1685512289132	-13.872	-4.963	-0.014	1.861	-0.957	-1.762	-5.691	-6.864	1.968	126.975021	37.295837
1685512289156	1685512289142	-12.924	-4.841	0.127	1.610	-1.100	-2.023	-5.107	-6.376	1.906	126.975021	37.295837
1685512289162	1685512289156	-12.129	-4.515	0.110	1.383	-1.223	-2.325	-4.290	-5.770	1.889	126.975021	37.295837
1685512289174	1685512289163	-11.516	-4.271	0.148	1.184	-1.286	-2.651	-3.306	-5.423	1.937	126.975021	37.295837
1685512289183	1685512289174	-11.001	-4.192	0.304	1.014	-1.307	-2.957	-2.476	-4.824	1.796	126.975021	37.295837
1685512289193	1685512289183	-10.554	-4.080	0.383	0.881	-1.327	-3.241	-1.841	-4.331	1.724	126.975021	37.295837
1685512289202	1685512289193	-10.384	-3.946	0.385	0.819	-1.333	-3.515	-1.307	-3.922	1.741	126.975021	37.295837
1685512289213	1685512289203	-10.309	-3.814	0.488	0.844	-1.333	-3.753	-0.855	-3.515	1.700	126.975021	37.295837
1685512289223	1685512289213	-10.190	-3.974	0.577	0.951	-1.327	-3.934	-0.694	-3.029	1.566	126.975021	37.295837
1685512289234	1685512289223	-10.147	-3.996	0.431	1.111	-1.341	-4.079	-0.646	-2.526	1.532	126.975021	37.295837
1685512289243	1685512289234	-10.099	-3.936	0.223	1.326	-1.363	-4.202	-0.572	-2.296	1.477	126.975021	37.295837
1685512289255	1685512289243	-9.957	-3.723	0.045	1.567	-1.359	-4.263	-0.594	-1.918	1.183	126.975029	37.295837
1685512289263	1685512289255	-9.955	-3.589	-0.192	1.807	-1.351	-4.252	-0.644	-1.410	0.797	126.975029	37.295837
1685512289273	1685512289263	-9.773	-3.280	-0.448	2.032	-1.344	-4.199	-0.601	-0.828	0.467	126.975029	37.295837
1685512289283	1685512289273	-9.555	-2.847	-0.601	2.217	-1.339	-4.117	-0.737	-0.254	0.031	126.975029	37.295837
1685512289294	1685512289283	-9.414	-2.380	-0.725	2.340	-1.346	-4.011	-0.687	0.402	-0.397	126.975029	37.295837
1685512289303	1685512289294	-9.163	-1.942	-0.860	2.379	-1.355	-3.880	-0.630	1.204	-0.759	126.975029	37.295837
1685512289313	1685512289303	-8.768	-1.551	-1.032	2.308	-1.366	-3.720	-0.661	2.021	-1.101	126.975029	37.295837
1685512289324	1685512289313	-8.554	-1.154	-1.221	2.132	-1.382	-3.543	-0.613	2.816	-1.484	126.975029	37.295837
1685512289334	1685512289324	-8.301	-0.905	-1.156	1.870	-1.377	-3.359	-0.390	3.474	-1.863	126.975029	37.295837
1685512289343	1685512289334	-7.966	-0.953	-0.965	1.522	-1.371	-3.157	-0.373	4.144	-2.274	126.975029	37.295837
1685512289358	1685512289343	-7.688	-0.979	-0.634	1.122	-1.382	-2.931	-0.318	4.645	-2.423	126.975029	37.295837
1685512289365	1685512289358	-7.307	-1.044	-0.146	0.710	-1.371	-2.685	-0.180	4.824	-2.425	126.975029	37.295837
1685512289373	1685512289365	-7.034	-0.929	0.342	0.332	-1.330	-2.434	-0.096	5.006	-2.267	126.975029	37.295837
1685512289383	1685512289373	-6.905	-0.792	0.639	0.046	-1.269	-2.180	0.057	5.167	-1.954	126.975029	37.295837
1685512289393	1685512289383	-7.135	-0.668	0.795	-0.132	-1.145	-1.912	0.189	5.420	-1.561	126.975029	37.295837
1685512289403	1685512289394	-7.245	-0.721	0.761	-0.241	-0.999	-1.638	0.153	5.710	-1.358	126.975029	37.295837
1685512289416	1685512289404	-7.252	-0.915	0.687	-0.354	-0.893	-1.366	-0.223	5.971	-1.271	126.975029	37.295837
1685512289425	1685512289417	-7.151	-1.190	0.728	-0.503	-0.816	-1.087	-0.464	6.036	-1.358	126.975029	37.295837
1685512289433	1685512289426	-7.003	-1.379	0.620	-0.635	-0.756	-0.789	-0.584	5.942	-1.468	126.975029	37.295837
1685512289446	1685512289434	-6.881	-1.432	0.333	-0.749	-0.682	-0.468	-0.584	5.758	-1.448	126.975029	37.295837
1685512289456	1685512289446	-6.804	-1.446	0.029	-0.876	-0.590	-0.153	-0.500	5.626	-1.561	126.975029	37.295837
1685512289463	1685512289456	-6.859	-1.422	-0.354	-1.046	-0.479	0.123	-0.426	5.622	-1.841	126.975029	37.295837
1685512289475	1685512289464	-7.238	-1.571	-0.431	-1.264	-0.375	0.365	-0.373	5.636	-2.121	126.975029	37.295837
1685512289483	1685512289476	-7.913	-1.951	-0.663	-1.486	-0.274	0.591	-0.431	5.674	-2.456	126.975029	37.295837
1685512289494	1685512289483	-8.880	-2.157	-0.649	-1.648	-0.121	0.820	-0.792	5.528	-2.473	126.975029	37.295837
1685512289505	1685512289494	-9.776	-2.365	-0.716	-1.772	0.084	1.042	-1.427	5.138	-2.610	126.975029	37.295837
1685512289514	1685512289506	-10.348	-2.550	-0.721	-1.848	0.261	1.295	-2.344	4.913	-2.497	126.975029	37.295837
1685512289525	1685512289514	-10.345	-2.756	-0.663	-1.847	0.343	1.627	-3.165	4.669	-2.433	126.975029	37.295837
1685512289535	1685512289526	-10.144	-3.029	-0.505	-1.837	0.480	2.020	-3.642	4.427	-2.291	126.975029	37.295837
1685512289543	1685512289535	-9.926	-3.431	-0.201	-1.842	0.611	2.439	-3.522	4.140	-2.083	126.975029	37.295837
1685512289556	1685512289544	-10.446	-3.965	0.218	-1.836	0.685	2.826	-3.177	3.752	-1.767	126.975029	37.295837
1685512289563	1685512289556	-11.533	-4.343	0.515	-1.804	0.887	3.122	-2.753	3.168	-1.262	126.975029	37.295837
1685512289574	1685512289563	-12.910	-4.836	0.984	-1.681	1.185	3.310	-3.122	2.485	-0.706	126.975029	37.295837
1685512289583	1685512289574	-14.377	-5.313	1.528	-1.432	1.459	3.444	-3.984	1.867	-0.211	126.975029	37.295837
1685512289595	1685512289584	-15.622	-5.499	1.779	-1.020	1.684	3.577	-5.171	1.154	0.429	126.975029	37.295837
1685512289603	1685512289595	-16.558	-5.538	1.798	-0.469	1.896	3.773	-6.412	0.388	1.190	126.975029	37.295837
1685512289614	1685512289604	-16.807	-5.337	1.547	0.166	2.074	4.040	-7.472	-0.053	1.616	126.975029	37.295837
1685512289623	1685512289614	-16.556	-4.968	1.168	0.790	2.193	4.302	-8.169	-0.467	1.853	126.975029	37.295837
1685512289634	1685512289624	-15.950	-4.683	1.025	1.301	2.243	4.495	-8.262	-0.539	1.736	126.975029	37.295837
1685512289644	1685512289634	-15.177	-4.551	1.120	1.720	2.231	4.613	-7.800	-0.577	1.525	126.975029	37.295837
1685512289656	1685512289644	-14.166	-4.448	1.341	2.043	2.149	4.639	-7.015	-0.685	1.525	126.975029	37.295837
1685512289665	1685512289656	-12.663	-4.068	1.496	2.259	1.990	4.534	-6.079	-0.960	1.757	126.975029	37.295837
1685512289674	1685512289665	-11.262	-3.637	1.815	2.310	1.781	4.297	-4.925	-1.267	2.107	126.975029	37.295837
1685512289684	1685512289674	-9.912	-3.218	2.239	2.165	1.572	4.004	-3.282	-1.369	2.404	126.975029	37.295837
1685512289695	1685512289684	-8.882	-2.895	2.737	1.863	1.414	3.684	-1.808	-1.245	2.811	126.975029	37.295837
1685512289705	1685512289695	-8.413	-2.641	2.911	1.478	1.346	3.310	-0.383	-1.185	3.335	126.975029	37.295837
1685512289715	1685512289705	-8.200	-2.557	2.964	1.002	1.354	2.897	0.697	-1.192	3.934	126.975029	37.295837
1685512289725	1685512289715	-8.131	-2.835	2.957	0.454	1.377	2.500	1.199	-1.238	4.216	126.975029	37.295837
1685512289734	1685512289725	-8.102	-3.189	2.792	-0.072	1.354	2.182	1.432	-1.417	4.386	126.975029	37.295837
1685512289744	1685512289734	-7.980	-3.582	2.468	-0.550	1.251	1.935	1.506	-1.954	4.520	126.975029	37.295837
1685512289758	1685512289744	-7.913	-3.771	2.397	-0.916	1.103	1.743	1.530	-2.497	4.472	126.975029	37.295837
1685512289764	1685512289758	-7.762	-4.029	2.277	-1.185	0.918	1.572	1.642	-3.086	4.271	126.975029	37.295837
1685512289776	1685512289764	-7.774	-4.118	2.140	-1.407	0.709	1.411	1.695	-3.462	4.310	126.975029	37.295837
1685512289784	1685512289776	-7.846	-4.008	2.109	-1.525	0.573	1.271	1.832	-3.912	4.290	126.975029	37.295837
1685512289794	1685512289784	-8.097	-3.972	2.119	-1.583	0.481	1.159	1.808	-4.147	4.216	126.975029	37.295837
1685512289804	1685512289794	-8.270	-4.276	2.083	-1.666	0.392	1.081	1.726	-4.178	4.211	126.975029	37.295837
1685512289816	1685512289804	-8.466	-4.429	2.021	-1.725	0.330	1.014	1.475	-4.233	4.221	126.975029	37.295837
1685512289825	1685512289816	-8.689	-4.458	1.824	-1.725	0.312	0.942	1.302	-4.628	4.171	126.975029	37.295837
1685512289835	1685512289825	-8.988	-4.611	1.846	-1.693	0.302	0.896	1.106	-4.865	4.087	126.975029	37.295837
1685512289847	1685512289835	-9.105	-4.721	1.844	-1.627	0.291	0.898	0.886	-4.970	3.867	126.975029	37.295837
1685512289858	1685512289848	-9.091	-4.561	1.827	-1.521	0.287	0.916	0.587	-5.193	3.867	126.975029	37.295837
1685512289868	1685512289858	-8.964	-4.420	1.848	-1.398	0.263	0.910	0.467	-5.389	3.847	126.975029	37.295837
1685512289877	1685512289868	-8.756	-4.535	1.891	-1.295	0.199	0.897	0.479	-5.294	3.814	126.975029	37.295837
1685512289888	1685512289879	-8.554	-4.638	1.815	-1.251	0.145	0.863	0.601	-5.243	3.826	126.975029	37.295837
1685512289900	1685512289888	-8.650	-4.662	1.875	-1.253	0.121	0.805	0.807	-5.425	3.852	126.975029	37.295837
1685512289909	1685512289901	-8.990	-4.784	1.899	-1.255	0.142	0.739	1.006	-5.600	3.754	126.975029	37.295837
1685512289919	1685512289910	-9.333	-4.891	1.951	-1.250	0.192	0.674	0.907	-5.689	3.788	126.975029	37.295837
1685512289929	1685512289919	-9.517	-5.112	2.016	-1.217	0.238	0.604	0.565	-5.880	3.788	126.975029	37.295837
1685512289938	1685512289930	-9.591	-5.160	2.105	-1.125	0.269	0.538	0.220	-6.033	3.824	126.975029	37.295837
1685512289949	1685512289939	-9.558	-5.272	2.136	-0.987	0.283	0.496	0.031	-6.309	3.881	126.975029	37.295837
1685512289962	1685512289950	-9.625	-5.394	2.045	-0.821	0.281	0.469	-0.048	-6.414	3.972	126.975029	37.295837
1685512289968	1685512289962	-9.864	-5.282	1.923	-0.635	0.291	0.432	-0.026	-6.586	4.015	126.975029	37.295837
1685512289990	1685512289969	-10.587	-5.428	1.848	-0.463	0.316	0.387	-0.103	-6.771	3.941	126.975029	37.295837
1685512289991	1685512289991	-11.607	-5.586	2.093	-0.320	0.363	0.335	-0.357	-6.721	3.840	126.975029	37.295837
1685512289996	1685512289991	-12.684	-5.928	2.512	-0.189	0.424	0.271	-1.089	-6.905	3.785	126.975029	37.295837
1685512290007	1685512289998	-13.408	-6.235	2.875	-0.022	0.481	0.209	-2.124	-7.101	4.058	126.975029	37.295837
1685512290019	1685512290008	-13.412	-6.330	2.966	0.193	0.496	0.180	-3.213	-7.472	4.515	126.975029	37.295837
1685512290027	1685512290021	-12.586	-6.273	2.945	0.445	0.417	0.200	-3.948	-7.798	4.925	126.975029	37.295837
1685512290038	1685512290029	-11.598	-5.914	2.581	0.696	0.252	0.250	-3.967	-7.908	5.066	126.975029	37.295837
1685512290047	1685512290039	-10.783	-5.468	2.057	0.885	0.043	0.237	-3.153	-7.860	5.095	126.975029	37.295837
1685512290058	1685512290048	-10.448	-5.262	1.865	0.922	-0.147	0.097	-2.174	-7.508	4.762	126.975029	37.295837
1685512290067	1685512290058	-10.728	-5.298	1.937	0.812	-0.281	-0.147	-1.365	-7.065	4.254	126.975029	37.295837
1685512290078	1685512290067	-11.576	-5.370	1.899	0.635	-0.351	-0.454	-1.027	-6.850	4.065	126.975029	37.295837
1685512290087	1685512290078	-12.447	-5.708	1.851	0.448	-0.373	-0.789	-1.298	-6.850	4.120	126.975029	37.295837
1685512290096	1685512290087	-13.238	-5.796	1.535	0.293	-0.412	-1.084	-2.133	-6.871	4.063	126.975029	37.295837
1685512290106	1685512290098	-13.733	-5.717	1.183	0.194	-0.498	-1.311	-2.981	-7.108	3.979	126.975029	37.295837
1685512290116	1685512290107	-13.961	-5.729	0.855	0.139	-0.635	-1.494	-3.752	-7.108	3.634	126.975029	37.295837
1685512290125	1685512290117	-14.020	-5.660	0.766	0.121	-0.797	-1.668	-4.219	-6.888	3.235	126.975029	37.295837
1685512290136	1685512290126	-14.123	-5.495	0.752	0.112	-0.949	-1.839	-4.420	-6.771	2.854	126.975029	37.295837
1685512290144	1685512290136	-14.102	-5.090	0.680	0.087	-1.074	-1.993	-4.448	-6.539	2.689	126.975029	37.295837
1685512290159	1685512290145	-13.786	-4.638	0.690	0.016	-1.186	-2.115	-4.518	-6.194	2.586	126.975029	37.295837
1685512290165	1685512290159	-13.317	-4.185	0.611	-0.101	-1.263	-2.231	-4.460	-5.559	2.389	126.975029	37.295837
1685512290174	1685512290165	-12.550	-4.008	0.582	-0.264	-1.312	-2.355	-4.123	-4.942	2.308	126.975029	37.295837
1685512290184	1685512290175	-11.799	-4.025	0.534	-0.443	-1.340	-2.509	-3.625	-4.233	2.081	126.975029	37.295837
1685512290196	1685512290185	-11.229	-3.809	0.464	-0.583	-1.366	-2.689	-2.842	-3.852	1.937	126.975029	37.295837
1685512290204	1685512290196	-10.594	-3.821	0.486	-0.678	-1.329	-2.880	-2.081	-3.632	1.762	126.975029	37.295837
1685512290215	1685512290205	-10.156	-3.792	0.515	-0.734	-1.262	-3.057	-1.508	-3.160	1.561	126.975029	37.295837
1685512290224	1685512290215	-9.764	-3.716	0.486	-0.759	-1.188	-3.219	-0.883	-2.873	1.448	126.975029	37.295837
1685512290235	1685512290225	-9.601	-3.826	0.496	-0.750	-1.098	-3.373	-0.464	-2.583	1.372	126.975037	37.295841
1685512290245	1685512290235	-9.258	-3.845	0.555	-0.695	-1.003	-3.510	-0.105	-2.200	1.240	126.975037	37.295841
1685512290257	1685512290245	-9.210	-3.855	0.424	-0.588	-0.900	-3.620	0.005	-1.992	1.156	126.975037	37.295841
1685512290265	1685512290258	-9.093	-3.742	0.287	-0.423	-0.786	-3.699	0.285	-1.678	1.135	126.975037	37.295841
1685512290275	1685512290265	-8.983	-3.654	0.172	-0.203	-0.662	-3.748	0.251	-1.348	0.929	126.975037	37.295841
1685512290285	1685512290275	-8.806	-3.393	0.124	0.056	-0.547	-3.760	0.254	-0.819	0.718	126.975037	37.295841
1685512290295	1685512290285	-8.705	-3.184	0.005	0.316	-0.500	-3.746	0.273	-0.453	0.560	126.975037	37.295841
1685512290305	1685512290295	-8.633	-3.134	-0.146	0.597	-0.403	-3.701	0.326	0.153	0.460	126.975037	37.295841
1685512290316	1685512290306	-8.502	-2.947	-0.091	0.866	-0.297	-3.624	0.290	0.702	0.283	126.975037	37.295841
1685512290327	1685512290317	-8.375	-2.796	-0.115	1.098	-0.231	-3.533	0.213	1.082	0.072	126.975037	37.295841
1685512290335	1685512290328	-8.231	-2.708	-0.187	1.307	-0.182	-3.429	0.192	1.578	0.057	126.975037	37.295841
1685512290345	1685512290335	-8.083	-2.454	-0.275	1.488	-0.143	-3.297	0.153	2.037	-0.048	126.975037	37.295841
1685512290357	1685512290346	-7.853	-2.243	-0.378	1.619	-0.139	-3.136	0.172	2.339	-0.199	126.975037	37.295841
1685512290365	1685512290357	-7.606	-2.076	-0.527	1.710	-0.142	-2.937	0.189	2.806	-0.376	126.975037	37.295841
1685512290379	1685512290365	-7.451	-1.946	-0.534	1.763	-0.148	-2.723	0.294	3.203	-0.575	126.975037	37.295841
1685512290385	1685512290379	-7.305	-1.719	-0.615	1.754	-0.156	-2.514	0.395	3.577	-0.833	126.975037	37.295841
1685512290395	1685512290385	-7.197	-1.618	-0.584	1.693	-0.170	-2.307	0.436	3.862	-0.936	126.975037	37.295841
1685512290407	1685512290395	-7.271	-1.508	-0.469	1.589	-0.177	-2.085	0.431	4.281	-1.140	126.975037	37.295841
1685512290415	1685512290408	-7.429	-1.451	-0.402	1.453	-0.181	-1.844	0.412	4.530	-1.214	126.975037	37.295841
1685512290427	1685512290415	-7.736	-1.487	-0.357	1.299	-0.161	-1.591	0.206	4.788	-1.211	126.975037	37.295841
1685512290438	1685512290428	-8.150	-1.595	-0.192	1.134	-0.111	-1.341	-0.069	4.970	-1.250	126.975037	37.295841
1685512290445	1685512290438	-8.538	-1.776	-0.182	0.968	-0.057	-1.078	-0.479	5.040	-1.300	126.975037	37.295841
1685512290456	1685512290445	-9.069	-2.004	-0.014	0.808	-0.007	-0.787	-0.984	5.016	-1.216	126.975037	37.295841
1685512290465	1685512290457	-9.313	-2.198	-0.036	0.657	0.060	-0.476	-1.451	4.908	-1.283	126.975037	37.295841
1685512290475	1685512290465	-9.287	-2.270	-0.165	0.518	0.111	-0.151	-2.030	4.721	-1.164	126.975037	37.295841
1685512290485	1685512290475	-9.067	-2.217	-0.201	0.381	0.143	0.191	-2.308	4.556	-1.231	126.975037	37.295841
1685512290496	1685512290486	-8.882	-2.011	-0.287	0.239	0.133	0.528	-2.291	4.489	-1.384	126.975037	37.295841
1685512290505	1685512290497	-9.199	-2.138	-0.364	0.046	0.114	0.817	-2.057	4.523	-1.434	126.975037	37.295841
1685512290515	1685512290505	-10.204	-2.363	-0.347	-0.133	0.192	1.069	-1.834	4.690	-1.528	126.975037	37.295841
1685512290525	1685512290516	-11.621	-2.643	-0.302	-0.291	0.352	1.272	-2.088	4.499	-1.599	126.975037	37.295841
1685512290535	1685512290525	-12.790	-3.129	-0.460	-0.445	0.545	1.442	-3.007	4.183	-1.554	126.975037	37.295841
1685512290545	1685512290535	-13.410	-3.230	-0.419	-0.553	0.723	1.624	-4.300	3.773	-1.448	126.975037	37.295841
1685512290558	1685512290546	-12.881	-3.215	-0.196	-0.624	0.819	1.891	-5.370	3.187	-1.537	126.975037	37.295841
1685512290566	1685512290558	-11.473	-3.500	0.184	-0.687	0.778	2.282	-5.883	2.971	-1.408	126.975037	37.295841
1685512290576	1685512290566	-10.242	-3.642	0.711	-0.724	0.673	2.698	-5.229	2.847	-1.085	126.975037	37.295841
1685512290587	1685512290576	-9.816	-3.754	1.185	-0.734	0.649	3.001	-3.651	2.356	-0.584	126.975037	37.295841
1685512290597	1685512290587	-10.257	-4.096	1.618	-0.733	0.765	3.150	-2.291	2.049	0.017	126.975037	37.295841
1685512290607	1685512290597	-11.437	-4.503	2.011	-0.655	1.015	3.180	-1.693	1.700	0.584	126.975037	37.295841
1685512290618	1685512290607	-13.008	-4.836	2.102	-0.450	1.327	3.119	-1.961	1.104	1.120	126.975037	37.295841
1685512290627	1685512290619	-14.538	-4.812	1.956	-0.111	1.649	3.025	-2.976	0.433	1.630	126.975037	37.295841
1685512290638	1685512290627	-15.711	-4.542	1.496	0.313	1.889	2.986	-4.393	-0.163	1.858	126.975037	37.295841
1685512290648	1685512290639	-16.146	-4.341	0.970	0.732	1.972	3.016	-5.756	-0.455	1.889	126.975037	37.295841
1685512290660	1685512290648	-15.795	-4.348	0.481	1.057	1.903	3.089	-6.828	-0.395	1.551	126.975037	37.295841
1685512290669	1685512290660	-14.837	-4.247	0.105	1.260	1.758	3.168	-7.135	-0.491	1.188	126.975037	37.295841
1685512290681	1685512290670	-13.668	-4.128	-0.184	1.362	1.565	3.228	-6.685	-0.747	0.819	126.975037	37.295841
1685512290689	1685512290681	-12.464	-3.895	-0.333	1.387	1.357	3.244	-5.605	-0.989	0.584	126.975037	37.295841
1685512290699	1685512290689	-11.416	-3.632	-0.136	1.332	1.178	3.211	-4.360	-1.101	0.376	126.975037	37.295841
1685512290709	1685512290701	-10.472	-3.237	0.273	1.174	1.004	3.134	-3.055	-1.223	0.333	126.975037	37.295841
1685512290721	1685512290710	-9.495	-3.029	0.785	0.920	0.834	3.018	-1.939	-1.226	0.599	126.975037	37.295841
1685512290730	1685512290721	-8.559	-2.861	1.358	0.615	0.678	2.849	-0.934	-1.118	1.077	126.975037	37.295841
1685512290742	1685512290730	-7.932	-2.610	1.803	0.307	0.579	2.611	0.093	-1.192	1.652	126.975037	37.295841
1685512290749	1685512290743	-7.628	-2.418	2.011	0.027	0.545	2.304	1.073	-1.293	2.279	126.975037	37.295841
1685512290763	1685512290762	-7.491	-2.512	2.179	-0.214	0.584	1.960	1.733	-1.290	2.775	126.975037	37.295841
1685512290771	1685512290763	-7.475	-2.916	2.260	-0.428	0.656	1.633	2.061	-1.343	3.041	126.975037	37.295841
1685512290799	1685512290771	-7.496	-3.096	2.049	-0.622	0.720	1.371	2.210	-1.611	3.263	126.975037	37.295841
1685512290800	1685512290799	-7.654	-3.191	1.867	-0.789	0.733	1.188	2.234	-2.195	3.417	126.975037	37.295841
1685512290801	1685512290800	-7.436	-3.194	1.621	-0.922	0.667	1.087	2.212	-2.500	3.273	126.975037	37.295841
1685512290809	1685512290801	-7.312	-3.247	1.331	-1.038	0.529	1.060	2.049	-2.722	3.168	126.975037	37.295841
1685512290818	1685512290809	-7.324	-3.266	1.259	-1.131	0.385	1.059	2.265	-2.842	2.988	126.975037	37.295841
1685512290830	1685512290819	-7.544	-3.259	1.171	-1.221	0.292	1.048	2.385	-3.024	2.758	126.975037	37.295841
1685512290843	1685512290832	-7.942	-3.314	1.099	-1.322	0.247	1.026	2.373	-3.108	2.684	126.975037	37.295841
1685512290848	1685512290843	-8.207	-3.417	1.228	-1.401	0.241	1.014	2.155	-3.189	2.598	126.975037	37.295841
1685512290861	1685512290849	-8.392	-3.512	1.465	-1.451	0.216	1.019	1.755	-3.340	2.531	126.975037	37.295841
1685512290868	1685512290861	-8.480	-3.723	1.547	-1.484	0.162	1.038	1.489	-3.539	2.667	126.975037	37.295841
1685512290879	1685512290869	-8.440	-3.912	1.659	-1.500	0.127	1.059	1.302	-3.733	2.907	126.975037	37.295841
1685512290890	1685512290879	-8.274	-4.051	1.781	-1.500	0.122	1.091	1.211	-4.063	2.983	126.975037	37.295841
1685512290901	1685512290890	-8.147	-4.324	2.030	-1.472	0.114	1.137	1.250	-4.322	3.079	126.975037	37.295841
1685512290911	1685512290901	-8.021	-4.417	2.411	-1.395	0.121	1.185	1.415	-4.549	3.182	126.975037	37.295841
1685512290923	1685512290911	-8.088	-4.310	2.421	-1.262	0.161	1.224	1.539	-4.913	3.407	126.975037	37.295841
1685512290930	1685512290923	-8.226	-3.955	2.327	-1.089	0.224	1.246	1.664	-5.097	3.764	126.975037	37.295841
1685512290941	1685512290930	-8.337	-3.955	2.191	-0.935	0.276	1.240	1.595	-5.078	3.749	126.975037	37.295841
1685512290949	1685512290941	-8.590	-4.106	2.121	-0.850	0.305	1.207	1.448	-4.822	3.639	126.975037	37.295841
1685512290963	1685512290950	-8.926	-4.175	2.126	-0.805	0.345	1.153	1.336	-4.889	3.486	126.975037	37.295841
1685512290971	1685512290963	-9.227	-4.219	2.200	-0.782	0.391	1.080	1.075	-5.114	3.405	126.975037	37.295841
1685512291000	1685512290971	-9.594	-4.367	2.325	-0.765	0.417	1.003	0.735	-5.246	3.395	126.975037	37.295841
1685512291000	1685512291000	-10.020	-4.511	2.227	-0.723	0.441	0.935	0.429	-5.346	3.460	126.975037	37.295841
1685512291001	1685512291001	-10.403	-4.583	2.176	-0.645	0.479	0.880	0.060	-5.526	3.572	126.975037	37.295841
1685512291008	1685512291002	-10.539	-4.700	2.045	-0.585	0.483	0.823	-0.373	-5.727	3.481	126.975037	37.295841
1685512291019	1685512291008	-10.752	-4.963	1.860	-0.572	0.447	0.759	-0.764	-5.849	3.443	126.975037	37.295841
1685512291029	1685512291020	-11.119	-5.155	2.006	-0.580	0.407	0.695	-0.917	-6.053	3.352	126.975037	37.295841
1685512291041	1685512291029	-11.866	-5.313	2.174	-0.615	0.364	0.615	-1.147	-6.397	3.201	126.975037	37.295841
1685512291049	1685512291041	-12.589	-5.385	2.411	-0.629	0.356	0.524	-1.530	-6.663	3.378	126.975037	37.295841
1685512291060	1685512291049	-12.989	-5.193	2.868	-0.525	0.418	0.439	-2.291	-6.888	3.572	126.975037	37.295841
1685512291069	1685512291060	-12.665	-5.167	3.381	-0.329	0.452	0.358	-3.029	-7.025	3.836	126.975037	37.295841
1685512291079	1685512291069	-11.557	-5.356	3.531	-0.089	0.345	0.303	-3.440	-6.879	4.319	126.975037	37.295841
1685512291089	1685512291079	-10.259	-5.411	3.572	0.217	0.173	0.265	-3.132	-6.895	4.875	126.975037	37.295841
1685512291100	1685512291089	-9.354	-5.454	3.424	0.569	0.010	0.198	-2.033	-7.111	5.052	126.975037	37.295841
1685512291107	1685512291101	-9.105	-5.377	3.153	0.878	-0.117	0.082	-0.742	-7.187	5.114	126.975037	37.295841
1685512291118	1685512291107	-9.421	-5.133	3.029	1.091	-0.165	-0.106	0.158	-7.242	4.978	126.975037	37.295841
1685512291128	1685512291118	-10.360	-4.829	2.899	1.262	-0.137	-0.346	0.407	-7.159	4.712	126.975037	37.295841
1685512291137	1685512291128	-11.564	-4.618	2.679	1.425	-0.123	-0.597	0.096	-6.891	4.590	126.975037	37.295841
1685512291147	1685512291137	-12.483	-4.231	2.519	1.552	-0.177	-0.828	-0.833	-6.534	4.470	126.975037	37.295841
1685512291163	1685512291148	-13.161	-4.065	2.160	1.609	-0.294	-1.035	-2.025	-6.242	4.262	126.975037	37.295841
1685512291167	1685512291163	-13.381	-3.917	1.626	1.627	-0.491	-1.225	-2.928	-5.741	4.108	126.975037	37.295841
1685512291177	1685512291168	-13.585	-3.759	1.381	1.651	-0.726	-1.390	-3.589	-5.464	3.745	126.975037	37.295841
1685512291186	1685512291177	-13.642	-3.486	1.204	1.666	-0.955	-1.517	-3.778	-5.128	3.177	126.975037	37.295841
1685512291196	1685512291187	-13.860	-3.273	1.137	1.626	-1.151	-1.638	-3.962	-4.860	2.897	126.975037	37.295841
1685512291207	1685512291197	-14.107	-2.940	1.075	1.543	-1.285	-1.773	-3.986	-4.398	2.636	126.975037	37.295841
1685512291218	1685512291207	-14.387	-3.105	0.833	1.352	-1.392	-1.943	-4.178	-4.022	2.483	126.975037	37.295841
1685512291227	1685512291218	-14.109	-3.103	0.893	1.075	-1.534	-2.134	-4.396	-3.479	2.294	126.975037	37.295841
1685512291236	1685512291227	-13.266	-3.201	1.020	0.777	-1.692	-2.299	-4.652	-3.460	1.935	126.975037	37.295841
1685512291246	1685512291237	-12.198	-3.189	1.056	0.469	-1.831	-2.425	-4.350	-3.194	1.817	126.975037	37.295841
1685512291259	1685512291247	-11.353	-3.326	1.001	0.172	-1.933	-2.550	-3.496	-3.108	1.812	126.975044	37.295845
1685512291266	1685512291259	-10.872	-3.263	0.725	-0.109	-1.947	-2.720	-2.421	-2.830	1.652	126.975044	37.295845
1685512291278	1685512291267	-10.628	-3.275	0.455	-0.345	-1.880	-2.928	-1.578	-2.717	1.405	126.975044	37.295845
1685512291287	1685512291278	-10.434	-3.203	0.141	-0.514	-1.772	-3.109	-1.111	-2.363	0.922	126.975044	37.295845
1685512291297	1685512291287	-9.938	-3.335	0.017	-0.594	-1.677	-3.219	-0.893	-2.119	0.488	126.975044	37.295845
1685512291307	1685512291297	-9.474	-3.366	0.124	-0.578	-1.602	-3.302	-0.745	-1.714	-0.005	126.975044	37.295845
1685512291318	1685512291307	-9.199	-3.338	0.316	-0.485	-1.515	-3.383	-0.299	-1.563	-0.266	126.975044	37.295845
1685512291329	1685512291318	-8.988	-3.218	0.256	-0.307	-1.422	-3.457	0.093	-1.276	-0.299	126.975044	37.295845
1685512291339	1685512291330	-8.873	-3.299	0.304	-0.042	-1.329	-3.522	0.285	-0.922	-0.242	126.975044	37.295845
1685512291348	1685512291339	-8.758	-3.060	0.170	0.294	-1.234	-3.539	0.397	-0.474	-0.429	126.975044	37.295845
1685512291368	1685512291348	-8.732	-2.624	-0.120	0.652	-1.125	-3.503	0.400	-0.227	-0.503	126.975044	37.295845
1685512291369	1685512291369	-8.617	-2.500	-0.259	0.960	-1.053	-3.433	0.378	0.366	-0.773	126.975044	37.295845
1685512291378	1685512291369	-8.392	-2.251	-0.414	1.241	-0.979	-3.343	0.280	1.082	-1.176	126.975044	37.295845
1685512291389	1685512291379	-8.121	-2.028	-0.567	1.445	-0.898	-3.234	0.237	1.532	-1.458	126.975044	37.295845
1685512291399	1685512291389	-7.968	-1.781	-0.421	1.547	-0.845	-3.097	0.338	2.011	-1.721	126.975044	37.295845
1685512291408	1685512291399	-7.774	-1.626	-0.271	1.559	-0.803	-2.946	0.479	2.459	-1.987	126.975044	37.295845
1685512291418	1685512291409	-7.865	-1.652	-0.177	1.497	-0.760	-2.786	0.512	2.897	-1.942	126.975044	37.295845
1685512291429	1685512291418	-7.839	-1.702	-0.093	1.384	-0.709	-2.624	0.572	3.247	-1.906	126.975044	37.295845
1685512291440	1685512291429	-7.937	-2.016	0.098	1.256	-0.665	-2.457	0.373	3.369	-1.906	126.975044	37.295845
1685512291450	1685512291440	-8.049	-2.047	0.086	1.166	-0.619	-2.253	0.273	3.484	-1.932	126.975044	37.295845
1685512291462	1685512291450	-8.219	-1.932	0.098	1.108	-0.561	-2.032	0.048	3.328	-1.848	126.975044	37.295845
1685512291470	1685512291462	-8.260	-1.839	0.158	1.041	-0.507	-1.804	-0.199	3.452	-1.973	126.975044	37.295845
1685512291482	1685512291470	-8.449	-1.592	0.225	0.987	-0.474	-1.552	-0.493	3.701	-2.066	126.975044	37.295845
1685512291491	1685512291484	-8.480	-1.286	0.196	0.946	-0.415	-1.288	-0.670	3.934	-2.124	126.975044	37.295845
1685512291502	1685512291491	-8.756	-1.326	0.225	0.870	-0.346	-1.051	-0.941	4.254	-2.131	126.975044	37.295845
1685512291511	1685512291502	-9.021	-1.319	0.266	0.750	-0.269	-0.834	-1.058	4.635	-2.246	126.975044	37.295845
1685512291522	1685512291513	-9.287	-1.381	0.333	0.586	-0.178	-0.628	-1.405	4.650	-2.296	126.975044	37.295845
1685512291530	1685512291524	-9.476	-1.480	0.254	0.389	-0.086	-0.429	-1.726	4.700	-2.320	126.975044	37.295845
1685512291543	1685512291530	-9.481	-1.551	0.170	0.148	-0.011	-0.225	-2.035	4.669	-2.301	126.975044	37.295845
1685512291552	1685512291543	-9.677	-1.523	0.014	-0.125	0.044	-0.023	-2.255	4.592	-2.413	126.975044	37.295845
1685512291566	1685512291553	-10.168	-1.602	-0.268	-0.386	0.120	0.178	-2.253	4.511	-2.492	126.975044	37.295845
1685512291569	1685512291566	-11.032	-1.702	-0.347	-0.621	0.233	0.370	-2.421	4.520	-2.622	126.975044	37.295845
1685512291602	1685512291569	-11.880	-1.879	-0.455	-0.820	0.390	0.541	-2.863	4.405	-2.851	126.975044	37.295845
1685512291602	1685512291602	-12.203	-1.949	-0.579	-0.968	0.539	0.721	-3.654	4.247	-2.844	126.975044	37.295845
1685512291603	1685512291603	-12.256	-2.286	-0.663	-1.071	0.632	0.953	-4.463	4.053	-2.883	126.975044	37.295845
1685512291609	1685512291603	-11.861	-2.476	-0.503	-1.141	0.690	1.222	-4.726	3.950	-2.899	126.975044	37.295845
1685512291623	1685512291609	-11.483	-2.722	-0.261	-1.189	0.755	1.486	-4.714	3.570	-2.885	126.975044	37.295845
1685512291631	1685512291623	-11.068	-2.988	0.065	-1.229	0.837	1.721	-4.233	3.311	-2.605	126.975044	37.295845
1685512291650	1685512291632	-10.659	-3.249	0.491	-1.232	0.936	1.919	-3.754	2.976	-2.236	126.975044	37.295845
1685512291650	1685512291650	-10.475	-3.254	0.915	-1.162	1.057	2.064	-3.227	2.600	-1.776	126.975044	37.295845
1685512291660	1685512291650	-10.494	-3.247	1.290	-1.012	1.173	2.154	-2.696	2.207	-1.209	126.975044	37.295845
1685512291668	1685512291661	-10.798	-3.230	1.470	-0.788	1.288	2.206	-2.370	2.042	-0.622	126.975044	37.295845
1685512291678	1685512291669	-11.401	-3.117	1.583	-0.529	1.400	2.228	-2.272	1.903	-0.113	126.975044	37.295845
1685512291689	1685512291679	-12.002	-3.148	1.712	-0.272	1.506	2.233	-2.435	1.731	0.225	126.975044	37.295845
1685512291700	1685512291689	-12.325	-3.017	1.650	-0.040	1.574	2.226	-2.926	1.681	0.467	126.975044	37.295845
1685512291708	1685512291700	-12.388	-2.919	1.741	0.138	1.553	2.213	-3.405	1.460	0.737	126.975044	37.295845
1685512291719	1685512291709	-12.155	-2.763	1.506	0.246	1.455	2.219	-3.615	1.401	0.814	126.975044	37.295845
1685512291728	1685512291720	-11.657	-2.576	1.288	0.254	1.316	2.231	-3.558	1.283	1.049	126.975044	37.295845
1685512291739	1685512291730	-11.121	-2.485	1.238	0.180	1.166	2.235	-3.235	1.262	0.922	126.975044	37.295845
1685512291748	1685512291740	-10.546	-2.468	1.130	0.029	1.029	2.220	-2.643	1.247	0.812	126.975044	37.295845
1685512291760	1685512291749	-10.020	-2.387	1.116	-0.162	0.908	2.198	-2.018	1.135	0.860	126.975044	37.295845
1685512291768	1685512291760	-9.469	-2.318	1.322	-0.368	0.815	2.160	-1.362	0.948	0.845	126.975044	37.295845
1685512291779	1685512291769	-8.988	-2.303	1.484	-0.610	0.756	2.112	-0.759	0.826	0.919	126.975044	37.295845
1685512291787	1685512291779	-8.610	-2.629	1.585	-0.878	0.701	2.074	-0.127	0.656	1.231	126.975044	37.295845
1685512291798	1685512291788	-8.334	-2.962	1.542	-1.135	0.673	2.046	0.400	0.512	1.465	126.975044	37.295845
1685512291808	1685512291799	-8.045	-3.036	1.671	-1.345	0.676	2.013	0.836	-0.007	1.654	126.975044	37.295845
1685512291820	1685512291809	-7.870	-3.182	1.664	-1.522	0.678	1.974	1.161	-0.534	1.705	126.975044	37.295845
1685512291829	1685512291820	-7.630	-3.498	1.908	-1.674	0.655	1.949	1.496	-0.804	1.930	126.975044	37.295845
1685512291839	1685512291829	-7.693	-3.649	2.023	-1.736	0.621	1.947	1.712	-1.142	2.018	126.975044	37.295845
1685512291849	1685512291840	-7.671	-3.634	1.923	-1.708	0.608	1.943	1.990	-1.674	2.368	126.975044	37.295845
1685512291861	1685512291849	-7.767	-3.582	1.872	-1.603	0.594	1.934	1.956	-2.002	2.564	126.975044	37.295845
1685512291870	1685512291861	-7.736	-3.577	1.618	-1.453	0.574	1.923	2.004	-2.184	2.550	126.975044	37.295845
1685512291882	1685512291870	-7.863	-3.601	1.568	-1.321	0.555	1.917	1.930	-2.330	2.579	126.975044	37.295845
1685512291891	1685512291882	-7.975	-3.610	1.492	-1.217	0.514	1.908	1.980	-2.500	2.361	126.975044	37.295845
1685512291900	1685512291892	-8.193	-3.697	1.539	-1.164	0.473	1.886	1.865	-2.662	2.334	126.975044	37.295845
1685512291910	1685512291900	-8.483	-3.850	1.571	-1.164	0.429	1.858	1.767	-2.873	2.298	126.975044	37.295845
1685512291923	1685512291911	-8.756	-3.804	1.602	-1.179	0.385	1.828	1.556	-3.081	2.363	126.975044	37.295845
1685512291932	1685512291923	-9.254	-3.962	1.693	-1.199	0.352	1.791	1.274	-3.409	2.421	126.975044	37.295845
1685512291942	1685512291933	-9.608	-4.027	1.547	-1.195	0.326	1.756	1.003	-3.493	2.459	126.975044	37.295845
1685512291952	1685512291943	-9.883	-4.080	1.551	-1.183	0.307	1.710	0.510	-3.809	2.559	126.975044	37.295845
1685512291967	1685512291952	-9.977	-4.245	1.528	-1.194	0.279	1.654	0.156	-3.996	2.406	126.975044	37.295845
1685512291971	1685512291967	-9.919	-4.245	1.441	-1.234	0.241	1.602	-0.117	-4.173	2.399	126.975044	37.295845
1685512291994	1685512291972	-9.768	-4.338	1.401	-1.288	0.209	1.542	-0.213	-4.494	2.399	126.975044	37.295845
1685512291995	1685512291994	-9.615	-4.453	1.305	-1.371	0.183	1.471	-0.165	-4.678	2.332	126.975044	37.295845
1685512292002	1685512291995	-9.562	-4.542	1.348	-1.461	0.159	1.393	-0.022	-4.901	2.303	126.975044	37.295845
1685512292011	1685512292002	-9.692	-4.729	1.472	-1.554	0.147	1.283	0.117	-5.186	2.217	126.975044	37.295845
1685512292020	1685512292011	-10.025	-4.992	1.568	-1.610	0.154	1.152	0.158	-5.406	2.255	126.975044	37.295845
1685512292030	1685512292021	-10.422	-5.248	1.690	-1.611	0.187	1.015	0.017	-5.734	2.375	126.975044	37.295845
1685512292041	1685512292031	-10.783	-5.459	1.961	-1.555	0.230	0.881	-0.326	-6.105	2.466	126.975044	37.295845
1685512292051	1685512292042	-11.011	-5.703	2.047	-1.447	0.252	0.760	-0.735	-6.474	2.586	126.975044	37.295845
1685512292062	1685512292052	-11.095	-5.763	1.930	-1.275	0.252	0.660	-1.111	-6.783	2.859	126.975044	37.295845
1685512292071	1685512292064	-11.131	-5.600	1.690	-1.043	0.244	0.566	-1.350	-7.116	2.950	126.975044	37.295845
1685512292082	1685512292071	-11.418	-5.471	1.331	-0.797	0.232	0.483	-1.446	-7.250	2.840	126.975044	37.295845
1685512292091	1685512292084	-12.141	-5.454	1.336	-0.604	0.222	0.402	-1.496	-7.163	2.610	126.975044	37.295845
1685512292099	1685512292092	-12.943	-5.634	1.492	-0.485	0.241	0.291	-1.791	-7.077	2.258	126.975044	37.295845
1685512292110	1685512292100	-13.530	-5.660	1.618	-0.424	0.280	0.134	-2.523	-7.106	2.274	126.975044	37.295845
1685512292121	1685512292111	-13.362	-5.638	1.793	-0.381	0.286	-0.006	-3.333	-7.317	2.444	126.975044	37.295845
1685512292129	1685512292123	-12.486	-5.710	1.990	-0.338	0.216	-0.073	-3.924	-7.360	2.591	126.975044	37.295845
1685512292139	1685512292130	-11.389	-5.495	2.081	-0.272	0.108	-0.099	-3.759	-7.343	2.787	126.975044	37.295845
1685512292149	1685512292140	-10.455	-5.444	2.109	-0.202	0.020	-0.150	-2.883	-7.410	3.000	126.975044	37.295845
1685512292162	1685512292150	-9.773	-5.394	2.088	-0.133	-0.021	-0.257	-1.786	-7.187	3.096	126.975044	37.295845
1685512292168	1685512292165	-9.419	-5.162	2.018	-0.065	-0.033	-0.417	-0.850	-7.125	3.122	126.975044	37.295845
1685512292179	1685512292169	-9.529	-5.205	1.963	0.005	-0.043	-0.617	-0.163	-7.051	3.098	126.975044	37.295845
1685512292188	1685512292180	-9.943	-5.109	1.805	0.075	-0.039	-0.842	0.196	-6.776	3.024	126.975044	37.295845
1685512292198	1685512292188	-10.561	-5.308	1.719	0.159	-0.021	-1.075	0.096	-6.766	2.964	126.975044	37.295845
1685512292209	1685512292198	-11.236	-5.545	1.583	0.288	-0.016	-1.290	-0.302	-6.579	2.804	126.975044	37.295845
1685512292220	1685512292209	-11.799	-5.488	1.451	0.484	-0.032	-1.454	-0.905	-6.685	2.717	126.975044	37.295845
1685512292229	1685512292220	-12.213	-5.334	1.211	0.724	-0.075	-1.563	-1.563	-6.795	2.583	126.975044	37.295845
1685512292239	1685512292230	-12.330	-5.143	0.936	0.980	-0.142	-1.632	-2.109	-6.591	2.454	126.975044	37.295845
1685512292248	1685512292240	-12.469	-4.858	0.740	1.213	-0.228	-1.674	-2.507	-6.278	2.215	126.975044	37.295845
1685512292259	1685512292249	-12.538	-4.683	0.625	1.390	-0.307	-1.713	-2.610	-5.918	1.935	126.975044	37.295845
1685512292268	1685512292259	-12.562	-4.448	0.670	1.514	-0.351	-1.769	-2.732	-5.442	1.721	126.975044	37.295845
1685512292279	1685512292268	-12.392	-4.300	0.567	1.566	-0.395	-1.840	-2.792	-5.104	1.587	126.975052	37.295837
1685512292288	1685512292279	-12.084	-4.118	0.785	1.539	-0.459	-1.928	-2.806	-4.664	1.599	126.975052	37.295837
1685512292299	1685512292288	-11.700	-3.508	0.690	1.453	-0.523	-2.028	-2.631	-4.341	1.463	126.975052	37.295837
1685512292308	1685512292299	-11.133	-3.630	0.809	1.291	-0.599	-2.129	-2.318	-3.958	1.635	126.975052	37.295837
1685512292318	1685512292308	-10.671	-3.527	0.785	1.238	-0.671	-2.199	-1.937	-3.136	1.484	126.975052	37.295837
1685512292328	1685512292319	-10.092	-3.096	0.649	1.266	-0.721	-2.291	-1.374	-3.019	1.535	126.975052	37.295837
1685512292338	1685512292328	-9.742	-3.065	0.476	1.191	-0.770	-2.431	-0.922	-2.715	1.444	126.975052	37.295837
1685512292348	1685512292338	-9.347	-3.251	0.534	1.024	-0.801	-2.566	-0.359	-2.052	1.223	126.975052	37.295837
1685512292360	1685512292349	-9.129	-3.306	0.280	0.843	-0.800	-2.679	-0.034	-1.779	0.962	126.975052	37.295837
1685512292368	1685512292360	-8.904	-3.280	0.144	0.726	-0.809	-2.801	0.326	-1.712	0.929	126.975052	37.295837
1685512292379	1685512292369	-8.808	-3.062	0.182	0.690	-0.804	-2.920	0.500	-1.506	0.584	126.975052	37.295837
1685512292388	1685512292379	-8.614	-3.304	0.177	0.693	-0.789	-3.002	0.663	-1.154	0.338	126.975052	37.295837
1685512292398	1685512292388	-8.550	-3.383	0.220	0.765	-0.771	-3.038	0.709	-0.713	0.302	126.975052	37.295837
1685512292408	1685512292398	-8.507	-3.160	0.105	0.920	-0.742	-3.062	0.828	-0.670	0.204	126.975052	37.295837
1685512292420	1685512292409	-8.416	-2.854	0.077	1.109	-0.715	-3.063	0.807	-0.462	0.153	126.975052	37.295837
1685512292430	1685512292420	-8.428	-2.646	-0.081	1.305	-0.681	-3.016	0.757	0.041	-0.055	126.975052	37.295837
1685512292440	1685512292430	-8.428	-2.119	-0.086	1.504	-0.643	-2.925	0.745	0.627	-0.189	126.975052	37.295837
1685512292450	1685512292440	-8.389	-2.097	-0.057	1.619	-0.626	-2.809	0.615	1.118	-0.467	126.975052	37.295837
1685512292461	1685512292450	-8.066	-2.289	-0.050	1.597	-0.632	-2.695	0.524	1.846	-0.567	126.975052	37.295837
1685512292470	1685512292461	-7.898	-2.452	-0.019	1.504	-0.663	-2.602	0.469	2.059	-0.642	126.975052	37.295837
1685512292482	1685512292470	-7.987	-2.382	0.077	1.405	-0.671	-2.527	0.702	2.037	-0.735	126.975052	37.295837
1685512292491	1685512292483	-7.999	-2.399	0.192	1.322	-0.639	-2.429	0.764	2.066	-0.821	126.975052	37.295837
1685512292502	1685512292492	-8.133	-2.382	0.268	1.279	-0.595	-2.291	0.587	2.284	-0.819	126.975052	37.295837
1685512292512	1685512292502	-8.059	-2.148	0.285	1.255	-0.541	-2.099	0.457	2.454	-0.819	126.975052	37.295837
1685512292522	1685512292512	-7.760	-1.686	0.204	1.239	-0.505	-1.857	0.227	2.614	-0.836	126.975052	37.295837
1685512292533	1685512292522	-7.712	-1.362	0.141	1.169	-0.492	-1.599	0.189	3.007	-0.927	126.975052	37.295837
1685512292544	1685512292533	-8.080	-1.295	0.072	1.034	-0.446	-1.348	0.385	3.608	-1.116	126.975052	37.295837
1685512292552	1685512292545	-8.614	-1.300	-0.165	0.844	-0.365	-1.129	0.340	4.044	-1.279	126.975052	37.295837
1685512292571	1685512292553	-8.768	-1.465	-0.297	0.655	-0.298	-0.944	-0.105	4.204	-1.441	126.975052	37.295837
1685512292572	1685512292571	-8.935	-1.501	-0.436	0.484	-0.268	-0.733	-0.716	4.283	-1.762	126.975052	37.295837
1685512292595	1685512292572	-9.213	-1.824	-0.223	0.305	-0.250	-0.486	-0.919	4.175	-1.946	126.975052	37.295837
1685512292595	1685512292595	-9.476	-1.932	0.000	0.137	-0.214	-0.239	-1.140	4.192	-2.140	126.975052	37.295837
1685512292602	1685512292595	-9.562	-2.100	0.163	0.033	-0.167	-0.004	-1.446	3.900	-1.958	126.975052	37.295837
1685512292611	1685512292602	-9.488	-1.951	0.151	-0.048	-0.148	0.232	-1.726	3.807	-1.762	126.975052	37.295837
1685512292622	1685512292612	-9.720	-1.949	0.074	-0.114	-0.138	0.441	-1.800	3.622	-1.604	126.975052	37.295837
1685512292631	1685512292622	-10.420	-1.805	-0.038	-0.189	-0.123	0.593	-1.688	3.721	-1.611	126.975052	37.295837
1685512292640	1685512292631	-11.298	-1.707	-0.127	-0.265	-0.084	0.721	-1.875	3.663	-1.674	126.975052	37.295837
1685512292650	1685512292640	-12.009	-1.946	-0.287	-0.386	-0.035	0.821	-2.504	3.716	-1.762	126.975052	37.295837
1685512292662	1685512292650	-12.656	-1.958	-0.287	-0.530	0.012	0.924	-3.304	3.711	-1.815	126.975052	37.295837
1685512292670	1685512292662	-12.950	-2.495	-0.376	-0.698	0.034	1.067	-3.967	3.405	-1.956	126.975052	37.295837
1685512292679	1685512292670	-12.565	-3.036	-0.199	-0.855	0.044	1.255	-4.571	3.335	-1.930	126.975052	37.295837
1685512292689	1685512292679	-11.679	-3.522	-0.117	-0.990	0.075	1.467	-4.791	2.698	-1.966	126.975052	37.295837
1685512292700	1685512292689	-10.702	-3.713	0.299	-1.115	0.097	1.682	-4.360	2.095	-1.755	126.975052	37.295837
1685512292710	1685512292700	-10.242	-3.644	0.649	-1.186	0.153	1.866	-3.390	1.494	-1.614	126.975052	37.295837
1685512292722	1685512292711	-10.575	-3.618	0.824	-1.218	0.272	1.967	-2.337	1.190	-1.140	126.975052	37.295837
1685512292730	1685512292722	-11.243	-3.666	1.065	-1.185	0.440	1.976	-1.774	1.106	-0.711	126.975052	37.295837
1685512292740	1685512292732	-12.100	-3.711	1.247	-1.122	0.611	1.916	-2.021	0.996	-0.464	126.975052	37.295837
1685512292749	1685512292740	-12.675	-3.836	1.439	-1.037	0.750	1.851	-2.576	0.761	-0.113	126.975052	37.295837
1685512292763	1685512292749	-12.668	-3.915	1.425	-0.902	0.826	1.829	-3.361	0.591	0.148	126.975052	37.295837
1685512292769	1685512292763	-12.390	-3.651	1.199	-0.666	0.859	1.883	-3.840	0.299	0.460	126.975052	37.295837
1685512292782	1685512292771	-11.830	-3.536	0.903	-0.395	0.864	1.978	-3.761	0.084	0.546	126.975052	37.295837
1685512292790	1685512292782	-11.291	-3.464	0.747	-0.150	0.834	2.051	-3.385	0.151	0.443	126.975052	37.295837
1685512292799	1685512292790	-10.774	-3.292	0.828	0.026	0.812	2.071	-2.753	0.108	0.230	126.975052	37.295837
1685512292810	1685512292800	-9.902	-3.330	1.049	0.105	0.775	2.060	-2.128	-0.024	0.163	126.975052	37.295837
1685512292820	1685512292810	-9.124	-3.405	1.295	0.119	0.713	2.035	-1.544	-0.024	0.311	126.975052	37.295837
1685512292831	1685512292821	-8.334	-3.426	1.429	0.073	0.662	1.988	-0.603	-0.251	0.601	126.975052	37.295837
1685512292842	1685512292831	-7.649	-3.254	1.523	-0.006	0.644	1.914	0.235	-0.517	0.910	126.975052	37.295837
1685512292851	1685512292842	-7.221	-3.263	1.571	-0.110	0.649	1.826	1.085	-0.725	1.104	126.975052	37.295837
1685512292863	1685512292851	-6.929	-3.129	1.573	-0.214	0.667	1.745	1.820	-0.735	1.259	126.975052	37.295837
1685512292871	1685512292864	-6.725	-3.196	1.597	-0.325	0.694	1.666	2.298	-0.934	1.377	126.975052	37.295837
1685512292883	1685512292873	-6.735	-3.342	1.707	-0.429	0.718	1.597	2.629	-0.950	1.441	126.975052	37.295837
1685512292893	1685512292883	-6.783	-3.474	1.609	-0.495	0.739	1.543	2.871	-1.192	1.547	126.975052	37.295837
1685512292906	1685512292893	-6.816	-3.536	1.453	-0.529	0.762	1.505	2.890	-1.477	1.726	126.975052	37.295837
1685512292913	1685512292908	-6.768	-3.759	1.274	-0.540	0.778	1.481	2.868	-1.757	1.707	126.975052	37.295837
1685512292922	1685512292913	-7.044	-4.013	1.183	-0.531	0.778	1.482	2.859	-1.966	1.635	126.975052	37.295837
1685512292934	1685512292923	-7.262	-3.735	1.463	-0.513	0.783	1.492	2.928	-2.349	1.547	126.975052	37.295837
1685512292944	1685512292934	-7.518	-3.871	1.611	-0.514	0.773	1.472	2.670	-2.732	1.530	126.975052	37.295837
1685512292954	1685512292944	-7.807	-4.329	1.798	-0.501	0.718	1.466	2.466	-2.602	1.894	126.975052	37.295837
1685512292972	1685512292954	-8.033	-4.247	1.908	-0.389	0.674	1.514	2.222	-2.885	2.121	126.975052	37.295837
1685512292973	1685512292973	-8.327	-4.099	1.817	-0.276	0.644	1.534	1.942	-3.486	2.385	126.975052	37.295837
1685512292995	1685512292973	-8.531	-4.075	1.683	-0.209	0.580	1.515	1.724	-3.555	2.562	126.975052	37.295837
1685512292996	1685512292995	-8.571	-4.187	1.700	-0.192	0.516	1.509	1.434	-3.589	2.550	126.975052	37.295837
1685512293003	1685512292996	-8.633	-4.310	1.683	-0.258	0.461	1.500	1.233	-3.666	2.449	126.975052	37.295837
1685512293012	1685512293003	-8.868	-4.317	1.755	-0.373	0.406	1.467	1.195	-3.900	2.500	126.975052	37.295837
1685512293023	1685512293012	-9.060	-4.298	1.717	-0.469	0.356	1.433	1.132	-4.132	2.507	126.975052	37.295837
1685512293032	1685512293023	-9.127	-4.314	1.772	-0.541	0.304	1.418	0.898	-4.240	2.591	126.975052	37.295837
1685512293041	1685512293032	-9.165	-4.259	1.968	-0.621	0.259	1.405	0.706	-4.310	2.555	126.975052	37.295837
1685512293052	1685512293042	-9.474	-4.396	1.966	-0.731	0.220	1.370	0.639	-4.415	2.602	126.975052	37.295837
1685512293063	1685512293052	-9.828	-4.503	2.033	-0.849	0.187	1.289	0.601	-4.417	2.782	126.975052	37.295837
1685512293072	1685512293063	-10.147	-4.499	2.203	-0.919	0.187	1.181	0.292	-4.630	2.765	126.975052	37.295837
1685512293084	1685512293072	-10.305	-4.784	2.327	-0.936	0.192	1.090	-0.060	-4.820	2.820	126.975052	37.295837
1685512293093	1685512293084	-10.467	-4.946	2.425	-0.898	0.184	1.026	-0.383	-4.913	2.986	126.975052	37.295837
1685512293101	1685512293094	-10.551	-5.054	2.483	-0.779	0.191	0.975	-0.543	-5.279	3.112	126.975052	37.295837
1685512293110	1685512293103	-10.455	-5.006	2.507	-0.612	0.195	0.918	-0.716	-5.555	3.223	126.975052	37.295837
1685512293120	1685512293111	-10.403	-4.769	2.370	-0.418	0.186	0.863	-0.807	-5.756	3.292	126.975052	37.295837
1685512293130	1685512293120	-10.295	-4.515	2.124	-0.259	0.184	0.797	-0.718	-5.801	3.330	126.975052	37.295837
1685512293141	1685512293130	-10.623	-4.525	1.915	-0.147	0.194	0.712	-0.675	-5.653	3.208	126.975052	37.295837
1685512293150	1685512293141	-11.574	-4.650	1.958	-0.110	0.232	0.601	-0.575	-5.478	2.976	126.975052	37.295837
1685512293162	1685512293150	-12.694	-5.375	2.083	-0.192	0.290	0.419	-0.912	-5.557	2.787	126.975052	37.295837
1685512293169	1685512293162	-13.587	-6.100	2.382	-0.271	0.370	0.186	-1.872	-5.746	2.854	126.975052	37.295837
1685512293180	1685512293170	-13.850	-6.340	2.607	-0.261	0.420	-0.020	-3.000	-6.512	3.000	126.975052	37.295837
1685512293190	1685512293180	-13.175	-6.275	2.904	-0.182	0.360	-0.121	-3.900	-7.259	3.335	126.975052	37.295837
1685512293200	1685512293190	-11.763	-5.969	2.753	0.002	0.213	-0.090	-4.166	-7.499	3.596	126.975052	37.295837
1685512293209	1685512293201	-10.436	-5.610	2.428	0.280	0.033	-0.007	-3.493	-7.424	3.924	126.975052	37.295837
1685512293219	1685512293210	-9.572	-5.322	1.942	0.497	-0.171	-0.002	-2.081	-7.108	3.795	126.975052	37.295837
1685512293229	1685512293219	-9.720	-5.136	1.781	0.606	-0.325	-0.105	-0.754	-6.747	3.476	126.975052	37.295837
1685512293239	1685512293229	-10.877	-4.858	1.810	0.656	-0.365	-0.325	0.110	-6.455	2.981	126.975052	37.295837
1685512293249	1685512293239	-12.275	-4.575	1.726	0.662	-0.325	-0.645	-0.034	-6.251	2.794	126.975052	37.295837
1685512293265	1685512293249	-13.257	-4.717	1.884	0.618	-0.298	-0.976	-1.183	-5.935	2.796	126.975067	37.295830
1685512293269	1685512293266	-13.714	-4.633	1.851	0.569	-0.345	-1.232	-2.571	-5.583	2.686	126.975067	37.295830
1685512293280	1685512293269	-13.683	-4.851	1.650	0.582	-0.491	-1.422	-3.541	-5.624	2.823	126.975067	37.295830
1685512293289	1685512293280	-13.494	-4.657	1.389	0.681	-0.660	-1.534	-3.982	-5.389	2.753	126.975067	37.295830
1685512293299	1685512293289	-13.142	-4.614	1.233	0.778	-0.799	-1.576	-3.938	-5.492	2.519	126.975067	37.295830
1685512293311	1685512293299	-12.926	-4.532	1.068	0.847	-0.863	-1.605	-3.737	-5.143	2.195	126.975067	37.295830
1685512293321	1685512293311	-12.680	-4.283	0.718	0.927	-0.874	-1.669	-3.371	-4.942	1.966	126.975067	37.295830
1685512293330	1685512293321	-12.222	-3.843	0.725	0.960	-0.860	-1.756	-3.146	-4.697	1.719	126.975067	37.295830
1685512293341	1685512293330	-11.411	-3.527	0.728	0.929	-0.863	-1.824	-2.892	-4.278	1.283	126.975067	37.295830
1685512293351	1685512293341	-10.714	-3.299	0.771	0.828	-0.896	-1.902	-2.433	-3.644	1.197	126.975067	37.295830
1685512293365	1685512293351	-9.946	-3.096	0.759	0.671	-0.941	-2.021	-1.621	-3.163	1.120	126.975067	37.295830
1685512293371	1685512293366	-9.369	-2.974	0.788	0.458	-0.965	-2.172	-0.931	-2.746	1.073	126.975067	37.295830
1685512293390	1685512293371	-9.103	-2.820	0.735	0.237	-0.977	-2.345	-0.172	-2.344	0.965	126.975067	37.295830
1685512293391	1685512293391	-8.923	-2.940	0.771	0.044	-0.991	-2.522	0.383	-1.987	0.886	126.975067	37.295830
1685512293401	1685512293391	-8.787	-2.998	0.632	-0.050	-0.976	-2.677	0.627	-1.628	0.745	126.975067	37.295830
1685512293413	1685512293401	-8.677	-2.921	0.601	-0.046	-0.944	-2.819	0.766	-1.453	0.663	126.975067	37.295830
1685512293422	1685512293414	-8.454	-2.832	0.661	0.031	-0.911	-2.924	0.867	-1.305	0.450	126.975067	37.295830
1685512293432	1685512293422	-8.329	-2.835	0.532	0.161	-0.875	-2.988	0.924	-0.955	0.328	126.975067	37.295830
1685512293443	1685512293432	-8.246	-2.835	0.412	0.329	-0.826	-3.036	1.082	-0.587	0.302	126.975067	37.295830
1685512293453	1685512293443	-8.243	-2.595	0.259	0.525	-0.749	-3.059	1.123	-0.278	0.077	126.975067	37.295830
1685512293463	1685512293453	-8.181	-2.411	0.227	0.713	-0.667	-3.043	1.130	-0.022	-0.120	126.975067	37.295830
1685512293473	1685512293464	-8.071	-2.267	0.199	0.847	-0.601	-3.002	1.018	0.553	-0.376	126.975067	37.295830
1685512293482	1685512293473	-8.045	-2.164	0.141	0.913	-0.555	-2.937	1.001	0.950	-0.474	126.975067	37.295830
1685512293493	1685512293483	-7.882	-1.985	0.043	0.925	-0.522	-2.848	1.003	1.360	-0.584	126.975067	37.295830
1685512293504	1685512293493	-7.767	-1.903	0.062	0.916	-0.491	-2.743	0.941	1.659	-0.706	126.975067	37.295830
1685512293512	1685512293511	-7.800	-1.858	0.129	0.894	-0.456	-2.625	0.991	2.073	-0.881	126.975067	37.295830
1685512293524	1685512293513	-7.690	-1.686	0.129	0.861	-0.417	-2.492	1.018	2.334	-0.924	126.975067	37.295830
1685512293534	1685512293525	-7.638	-1.580	0.010	0.797	-0.390	-2.363	0.850	2.624	-0.943	126.975067	37.295830
1685512293544	1685512293536	-7.573	-1.616	-0.002	0.707	-0.371	-2.219	0.867	2.962	-1.003	126.975067	37.295830
1685512293554	1685512293545	-7.472	-1.750	-0.072	0.615	-0.369	-2.061	0.790	3.278	-1.202	126.975067	37.295830
1685512293574	1685512293554	-7.470	-1.944	-0.034	0.553	-0.374	-1.890	0.740	3.417	-1.279	126.975067	37.295830
1685512293574	1685512293574	-7.664	-1.966	-0.019	0.522	-0.376	-1.706	0.730	3.445	-1.410	126.975067	37.295830
1685512293596	1685512293575	-8.056	-1.987	0.302	0.467	-0.386	-1.515	0.639	3.383	-1.427	126.975067	37.295830
1685512293597	1685512293596	-8.377	-2.004	0.321	0.368	-0.380	-1.310	0.318	3.531	-1.487	126.975067	37.295830
1685512293602	1685512293597	-8.507	-2.157	0.359	0.244	-0.380	-1.090	-0.144	3.601	-1.211	126.975067	37.295830
1685512293612	1685512293602	-8.588	-1.975	0.373	0.121	-0.407	-0.860	-0.543	3.680	-1.243	126.975067	37.295830
1685512293624	1685512293613	-8.593	-1.966	0.244	0.001	-0.456	-0.623	-0.742	3.608	-1.250	126.975067	37.295830
1685512293636	1685512293626	-8.612	-2.107	0.122	-0.122	-0.490	-0.390	-0.881	3.855	-1.274	126.975067	37.295830
1685512293643	1685512293636	-8.806	-1.954	-0.127	-0.252	-0.507	-0.182	-0.929	3.912	-1.437	126.975067	37.295830
1685512293652	1685512293644	-9.242	-1.781	-0.350	-0.420	-0.516	-0.004	-0.982	3.807	-1.592	126.975067	37.295830
1685512293664	1685512293653	-9.986	-1.717	-0.599	-0.608	-0.503	0.160	-1.195	3.977	-1.863	126.975067	37.295830
1685512293674	1685512293664	-10.994	-1.822	-0.819	-0.775	-0.439	0.329	-1.640	4.156	-2.100	126.975067	37.295830
1685512293686	1685512293674	-11.976	-1.997	-1.082	-0.918	-0.338	0.509	-2.385	4.219	-2.351	126.975067	37.295830
1685512293692	1685512293686	-12.536	-2.260	-1.247	-1.058	-0.246	0.711	-3.359	4.080	-2.547	126.975067	37.295830
1685512293702	1685512293692	-12.572	-2.636	-1.262	-1.223	-0.204	0.948	-4.319	3.883	-2.784	126.975067	37.295830
1685512293712	1685512293702	-12.062	-2.957	-1.077	-1.405	-0.199	1.239	-4.839	3.579	-2.902	126.975067	37.295830
1685512293721	1685512293713	-11.265	-3.448	-0.812	-1.585	-0.189	1.566	-4.827	3.156	-2.866	126.975067	37.295830
1685512293731	1685512293721	-10.678	-3.924	-0.393	-1.726	-0.149	1.880	-4.250	2.761	-2.617	126.975067	37.295830
1685512293742	1685512293731	-10.463	-4.252	0.002	-1.795	-0.013	2.139	-3.366	2.169	-2.277	126.975067	37.295830
1685512293751	1685512293742	-10.604	-4.571	0.268	-1.748	0.211	2.336	-2.677	1.568	-1.774	126.975067	37.295830
1685512293764	1685512293751	-11.140	-4.879	0.668	-1.585	0.457	2.462	-2.346	1.092	-1.281	126.975067	37.295830
1685512293772	1685512293764	-11.861	-5.073	1.144	-1.307	0.701	2.525	-2.349	0.587	-0.895	126.975067	37.295830
1685512293787	1685512293772	-12.531	-5.533	1.652	-0.920	0.940	2.563	-2.768	0.108	-0.390	126.975067	37.295830
1685512293791	1685512293787	-12.864	-5.710	2.016	-0.424	1.150	2.591	-3.345	-0.304	0.220	126.975067	37.295830
1685512293803	1685512293792	-12.886	-5.490	1.958	0.159	1.297	2.607	-3.900	-0.953	0.840	126.975067	37.295830
1685512293812	1685512293803	-12.419	-5.069	1.693	0.773	1.357	2.622	-4.111	-1.353	1.322	126.975067	37.295830
1685512293821	1685512293814	-11.602	-4.489	1.432	1.346	1.346	2.634	-4.013	-1.365	1.372	126.975067	37.295830
1685512293831	1685512293821	-10.831	-3.893	1.214	1.797	1.301	2.608	-3.421	-1.204	1.207	126.975067	37.295830
1685512293841	1685512293831	-10.130	-3.239	1.178	2.065	1.225	2.529	-2.512	-0.845	1.008	126.975067	37.295830
1685512293851	1685512293841	-9.199	-2.667	1.324	2.137	1.124	2.402	-1.642	-0.493	0.848	126.975067	37.295830
1685512293863	1685512293851	-8.341	-2.246	1.504	2.026	1.003	2.250	-0.855	-0.081	0.857	126.975067	37.295830
1685512293871	1685512293863	-7.472	-1.954	1.690	1.773	0.885	2.090	0.151	0.259	1.041	126.975067	37.295830
1685512293881	1685512293871	-6.792	-1.937	1.211	1.389	0.790	1.914	1.075	0.464	1.259	126.975067	37.295830
1685512293891	1685512293882	-6.723	-1.817	2.248	0.903	0.756	1.717	2.011	0.515	1.492	126.975067	37.295830
1685512293903	1685512293892	-6.771	-1.733	2.478	0.340	0.777	1.499	2.729	0.383	1.046	126.975067	37.295830
