1687925613728	1687925613728	-14.475	-1.065	-0.625	-1.012	-2.384	-4.166	-4.855	0.168	-1.156	0.000000	0.000000
1687925613728	1687925613728	-14.353	-0.950	-0.886	-1.076	-2.474	-4.215	-4.966	0.637	-1.697	0.000000	0.000000
1687925613728	1687925613728	-14.006	-0.924	-1.185	-1.135	-2.528	-4.243	-5.047	1.147	-2.145	0.000000	0.000000
1687925613728	1687925613728	-13.709	-0.917	-1.223	-1.181	-2.538	-4.257	-5.052	1.633	-2.593	0.000000	0.000000
1687925613728	1687925613728	-13.283	-0.891	-1.252	-1.225	-2.508	-4.248	-4.870	2.071	-3.093	0.000000	0.000000
1687925613728	1687925613728	-13.032	-0.831	-1.185	-1.267	-2.451	-4.214	-4.760	2.488	-3.323	0.000000	0.000000
1687925613729	1687925613728	-12.768	-0.955	-1.053	-1.305	-2.362	-4.151	-4.542	2.916	-3.529	0.000000	0.000000
1687925613745	1687925613734	-12.342	-0.943	-0.994	-1.338	-2.241	-4.065	-4.515	3.369	-3.625	0.000000	0.000000
1687925613749	1687925613745	-11.832	-0.970	-0.960	-1.356	-2.094	-3.956	-4.544	3.701	-3.661	0.000000	0.000000
1687925613759	1687925613749	-11.152	-1.142	-0.874	-1.352	-1.935	-3.822	-4.324	4.005	-3.694	0.000000	0.000000
1687925613769	1687925613760	-10.372	-1.302	-0.876	-1.328	-1.776	-3.653	-4.073	4.329	-3.757	0.000000	0.000000
1687925613780	1687925613769	-9.840	-1.391	-0.800	-1.257	-1.609	-3.461	-3.656	4.487	-3.745	0.000000	0.000000
1687925613790	1687925613781	-9.440	-1.398	-0.673	-1.130	-1.449	-3.258	-3.139	4.633	-3.800	0.000000	0.000000
1687925613800	1687925613790	-8.859	-1.520	-0.594	-0.959	-1.272	-3.035	-2.863	4.829	-3.761	0.000000	0.000000
1687925613809	1687925613801	-8.459	-1.499	-0.512	-0.764	-1.106	-2.792	-2.739	5.102	-3.666	0.000000	0.000000
1687925613820	1687925613810	-8.052	-1.683	-0.330	-0.569	-0.946	-2.538	-2.373	5.188	-3.603	0.000000	0.000000
1687925613829	1687925613821	-7.858	-1.906	-0.050	-0.391	-0.787	-2.279	-2.195	5.411	-3.541	0.000000	0.000000
1687925613841	1687925613830	-7.705	-2.114	0.065	-0.238	-0.624	-2.023	-1.997	5.399	-3.378	0.000000	0.000000
1687925613849	1687925613841	-7.547	-2.255	0.271	-0.120	-0.467	-1.775	-2.009	5.339	-3.117	0.000000	0.000000
1687925613860	1687925613850	-7.420	-2.617	0.469	-0.055	-0.305	-1.528	-2.004	5.241	-3.019	0.000000	0.000000
1687925613869	1687925613860	-7.307	-2.986	0.697	-0.012	-0.145	-1.284	-2.006	5.215	-2.832	0.000000	0.000000
1687925613880	1687925613870	-7.245	-3.314	0.970	0.053	-0.001	-1.047	-1.992	4.930	-2.646	0.000000	0.000000
1687925613890	1687925613880	-7.166	-3.354	1.393	0.160	0.116	-0.822	-1.982	4.630	-2.425	0.000000	0.000000
1687925613902	1687925613890	-7.190	-3.256	1.985	0.304	0.203	-0.610	-1.999	4.355	-2.157	0.000000	0.000000
1687925613910	1687925613902	-7.171	-3.124	2.217	0.463	0.253	-0.411	-1.980	4.353	-1.738	0.000000	0.000000
1687925613921	1687925613910	-7.144	-3.002	2.255	0.575	0.265	-0.215	-2.045	4.472	-1.159	0.000000	0.000000
1687925613935	1687925613922	-7.015	-2.856	2.172	0.629	0.236	-0.015	-2.052	4.611	-0.953	0.000000	0.000000
1687925613945	1687925613935	-6.993	-2.816	1.891	0.605	0.166	0.180	-2.033	4.729	-0.943	0.000000	0.000000
1687925613950	1687925613945	-6.948	-3.048	1.757	0.509	0.062	0.379	-1.896	4.851	-1.070	0.000000	0.000000
1687925613961	1687925613950	-7.056	-3.395	1.781	0.379	-0.059	0.579	-1.858	4.867	-1.381	0.000000	0.000000
1687925613970	1687925613961	-7.298	-3.565	2.140	0.232	-0.188	0.783	-1.779	4.597	-1.554	0.000000	0.000000
1687925613980	1687925613970	-7.113	-4.094	2.430	0.079	-0.326	0.979	-1.848	4.209	-1.559	0.000000	0.000000
1687925613990	1687925613980	-7.061	-5.145	2.622	-0.084	-0.481	1.180	-2.028	3.982	-1.233	0.000000	0.000000
1687925614000	1687925613990	-7.250	-5.624	2.780	-0.244	-0.599	1.388	-1.793	3.409	-0.960	0.000000	0.000000
1687925614010	1687925614000	-7.300	-5.413	2.947	-0.378	-0.681	1.539	-1.662	2.291	-0.790	0.000000	0.000000
1687925614022	1687925614010	-7.307	-5.447	3.100	-0.486	-0.753	1.679	-1.767	1.745	-0.646	0.000000	0.000000
1687925614030	1687925614022	-7.539	-5.782	2.993	-0.608	-0.808	1.807	-1.729	1.884	-0.491	0.000000	0.000000
1687925614040	1687925614030	-8.001	-5.981	2.892	-0.750	-0.852	1.908	-1.640	1.772	-0.342	0.000000	0.000000
1687925614050	1687925614040	-8.564	-6.208	2.452	-0.911	-0.876	1.980	-1.750	1.338	-0.455	0.000000	0.000000
1687925614060	1687925614050	-8.959	-6.404	2.045	-1.103	-0.925	2.051	-2.126	1.070	-0.553	0.000000	0.000000
1687925614070	1687925614060	-9.220	-6.642	1.731	-1.311	-0.997	2.136	-2.581	0.757	-0.982	0.000000	0.000000
1687925614081	1687925614070	-9.052	-6.749	1.604	-1.503	-1.082	2.235	-2.866	0.474	-1.367	0.000000	0.000000
1687925614090	1687925614082	-8.562	-6.912	1.516	-1.668	-1.184	2.336	-3.014	0.151	-1.652	0.000000	0.000000
1687925614101	1687925614090	-8.013	-6.864	1.537	-1.773	-1.271	2.398	-2.734	-0.045	-1.745	0.000000	0.000000
1687925614110	1687925614101	-7.690	-6.833	1.623	-1.809	-1.330	2.430	-2.114	-0.311	-1.796	0.000000	0.000000
1687925614121	1687925614110	-7.678	-6.744	1.647	-1.786	-1.340	2.463	-1.463	-0.350	-1.743	0.000000	0.000000
1687925614138	1687925614121	-7.700	-6.725	1.784	-1.699	-1.319	2.495	-1.006	-0.431	-1.609	0.000000	0.000000
1687925614142	1687925614138	-7.843	-6.555	1.762	-1.565	-1.275	2.513	-0.862	-0.457	-1.537	0.000000	0.000000
1687925614150	1687925614142	-8.021	-6.227	1.743	-1.426	-1.229	2.519	-0.745	-0.570	-1.360	0.000000	0.000000
1687925614161	1687925614150	-8.174	-5.990	1.595	-1.332	-1.191	2.522	-0.776	-0.515	-1.350	0.000000	0.000000
1687925614170	1687925614161	-8.387	-5.832	1.386	-1.294	-1.153	2.513	-0.821	-0.333	-1.348	0.000000	0.000000
1687925614181	1687925614170	-8.535	-5.804	1.240	-1.323	-1.115	2.505	-0.869	-0.218	-1.480	0.000000	0.000000
1687925614191	1687925614181	-8.691	-5.657	1.183	-1.392	-1.085	2.485	-0.970	-0.196	-1.671	0.000000	0.000000
1687925614202	1687925614191	-8.650	-5.401	1.161	-1.466	-1.069	2.447	-1.008	-0.306	-1.800	0.000000	0.000000
1687925614211	1687925614202	-8.808	-5.253	1.185	-1.537	-1.073	2.399	-1.058	-0.294	-1.834	0.000000	0.000000
1687925614222	1687925614211	-8.701	-5.013	1.137	-1.624	-1.080	2.337	-0.917	-0.170	-1.832	0.000000	0.000000
1687925614231	1687925614222	-8.705	-4.851	1.183	-1.723	-1.080	2.259	-0.972	-0.163	-1.781	0.000000	0.000000
1687925614241	1687925614231	-8.782	-4.606	1.092	-1.829	-1.078	2.175	-0.783	-0.031	-1.800	0.000000	0.000000
1687925614251	1687925614241	-8.787	-4.408	1.077	-1.952	-1.073	2.094	-0.697	0.002	-1.721	0.000000	0.000000
1687925614262	1687925614251	-8.909	-4.183	0.986	-2.087	-1.056	2.004	-0.704	0.153	-1.772	0.000000	0.000000
1687925614271	1687925614262	-9.108	-4.077	0.953	-2.235	-1.030	1.911	-0.637	0.256	-1.738	0.000000	0.000000
1687925614281	1687925614271	-9.361	-4.008	0.855	-2.387	-0.998	1.823	-0.690	0.393	-1.774	0.000000	0.000000
1687925614291	1687925614281	-9.613	-3.859	0.771	-2.522	-0.964	1.747	-0.814	0.402	-1.738	0.000000	0.000000
1687925614301	1687925614291	-9.821	-3.809	0.769	-2.633	-0.932	1.684	-1.015	0.417	-1.769	0.000000	0.000000
1687925614311	1687925614301	-10.068	-3.725	0.692	-2.731	-0.905	1.624	-1.202	0.488	-1.772	0.000000	0.000000
1687925614323	1687925614311	-10.130	-3.711	0.649	-2.808	-0.880	1.577	-1.358	0.479	-1.697	0.000000	0.000000
1687925614333	1687925614323	-10.139	-3.572	0.481	-2.864	-0.859	1.539	-1.544	0.488	-1.690	0.000000	0.000000
1687925614345	1687925614333	-10.159	-3.508	0.467	-2.904	-0.844	1.503	-1.556	0.443	-1.664	0.000000	0.000000
1687925614351	1687925614345	-10.156	-3.366	0.450	-2.933	-0.828	1.471	-1.504	0.496	-1.748	0.000000	0.000000
1687925614361	1687925614351	-10.139	-3.321	0.462	-2.957	-0.812	1.437	-1.482	0.508	-1.702	0.000000	0.000000
1687925614371	1687925614361	-10.063	-3.285	0.476	-2.976	-0.788	1.405	-1.434	0.582	-1.657	0.000000	0.000000
1687925614382	1687925614371	-9.981	-3.194	0.563	-2.987	-0.770	1.371	-1.372	0.563	-1.583	0.000000	0.000000
1687925614391	1687925614382	-9.917	-3.122	0.575	-2.987	-0.744	1.333	-1.255	0.532	-1.508	0.000000	0.000000
1687925614401	1687925614391	-9.893	-2.931	0.532	-2.981	-0.713	1.294	-1.132	0.558	-1.362	0.000000	0.000000
1687925614411	1687925614401	-9.893	-2.847	0.539	-2.974	-0.685	1.252	-1.025	0.560	-1.288	0.000000	0.000000
1687925614422	1687925614411	-9.890	-2.868	0.486	-2.970	-0.657	1.211	-0.965	0.694	-1.276	0.000000	0.000000
1687925614431	1687925614423	-9.821	-2.756	0.510	-2.974	-0.634	1.173	-0.929	0.716	-1.207	0.000000	0.000000
1687925614443	1687925614431	-9.874	-2.794	0.488	-2.986	-0.618	1.136	-0.888	0.632	-1.197	0.000000	0.000000
1687925614451	1687925614443	-9.792	-2.737	0.484	-3.002	-0.612	1.107	-0.781	0.678	-1.106	0.000000	0.000000
1687925614462	1687925614451	-9.632	-2.665	0.491	-3.015	-0.610	1.080	-0.802	0.584	-1.068	0.000000	0.000000
1687925614471	1687925614462	-9.385	-2.701	0.527	-3.021	-0.611	1.053	-0.687	0.575	-1.006	0.000000	0.000000
1687925614481	1687925614472	-9.213	-2.705	0.457	-3.013	-0.619	1.026	-0.496	0.591	-0.941	0.000000	0.000000
1687925614491	1687925614482	-9.306	-2.660	0.321	-2.993	-0.629	0.999	-0.218	0.496	-0.843	0.000000	0.000000
1687925614503	1687925614491	-9.598	-2.629	0.321	-2.968	-0.637	0.969	-0.017	0.429	-0.852	0.000000	0.000000
1687925614511	1687925614503	-9.843	-2.708	0.268	-2.946	-0.634	0.942	-0.081	0.414	-0.929	0.000000	0.000000
1687925614523	1687925614512	-10.058	-2.689	0.249	-2.938	-0.633	0.926	-0.345	0.385	-0.871	0.000000	0.000000
1687925614533	1687925614523	-10.580	-2.636	0.189	-2.948	-0.644	0.931	-0.563	0.242	-0.867	0.000000	0.000000
1687925614555	1687925614533	-11.054	-2.653	0.304	-2.969	-0.650	0.951	-0.757	0.208	-0.838	0.000000	0.000000
1687925614555	1687925614555	-11.176	-2.758	0.383	-2.991	-0.643	0.980	-1.252	0.196	-0.850	0.000000	0.000000
1687925614563	1687925614555	-10.946	-2.947	0.488	-3.002	-0.644	1.026	-1.705	0.124	-0.697	0.000000	0.000000
1687925614572	1687925614563	-10.465	-2.962	0.395	-2.992	-0.665	1.091	-1.805	-0.043	-0.587	0.000000	0.000000
1687925614583	1687925614572	-9.998	-2.986	0.297	-2.946	-0.682	1.161	-1.554	-0.299	-0.455	0.000000	0.000000
1687925614592	1687925614583	-9.601	-2.916	0.156	-2.865	-0.695	1.227	-1.049	-0.395	-0.532	0.000000	0.000000
1687925614602	1687925614592	-9.268	-2.883	-0.050	-2.765	-0.712	1.278	-0.560	-0.493	-0.622	0.000000	0.000000
1687925614612	1687925614602	-9.270	-2.789	-0.201	-2.661	-0.740	1.315	-0.139	-0.515	-0.757	0.000000	0.000000
1687925614624	1687925614612	-9.646	-2.820	-0.369	-2.572	-0.768	1.338	0.215	-0.575	-0.960	0.000000	0.000000
1687925614632	1687925614624	-10.039	-2.782	-0.378	-2.509	-0.794	1.352	0.235	-0.575	-1.113	0.000000	0.000000
1687925614642	1687925614632	-10.417	-2.816	-0.412	-2.487	-0.825	1.371	-0.117	-0.697	-1.283	0.000000	0.000000
1687925614652	1687925614642	-10.628	-2.859	-0.457	-2.506	-0.864	1.400	-0.486	-0.778	-1.305	0.000000	0.000000
1687925614662	1687925614652	-10.851	-2.871	-0.498	-2.547	-0.897	1.443	-0.852	-0.869	-1.338	0.000000	0.000000
1687925614672	1687925614662	-10.965	-2.993	-0.474	-2.594	-0.913	1.492	-1.044	-1.018	-1.405	0.000000	0.000000
1687925614683	1687925614672	-11.116	-3.026	-0.532	-2.622	-0.914	1.545	-1.252	-1.120	-1.468	0.000000	0.000000
1687925614692	1687925614683	-10.884	-3.218	-0.522	-2.625	-0.907	1.597	-1.350	-1.365	-1.484	0.000000	0.000000
1687925614704	1687925614692	-10.678	-3.316	-0.723	-2.597	-0.894	1.643	-1.489	-1.508	-1.585	0.000000	0.000000
1687925614714	1687925614704	-10.427	-3.400	-0.692	-2.538	-0.883	1.687	-1.240	-1.851	-1.633	0.000000	0.000000
1687925614725	1687925614714	-10.199	-3.393	-0.702	-2.452	-0.869	1.721	-1.025	-2.064	-1.882	0.000000	0.000000
1687925614741	1687925614725	-10.106	-3.450	-0.917	-2.348	-0.858	1.742	-0.764	-2.282	-1.906	0.000000	0.000000
1687925614764	1687925614741	-10.168	-3.414	-0.917	-2.246	-0.853	1.748	-0.527	-2.409	-1.973	0.000000	0.000000
1687925614765	1687925614765	-10.355	-3.460	-0.982	-2.158	-0.847	1.742	-0.429	-2.619	-2.258	0.000000	0.000000
1687925614765	1687925614765	-10.494	-3.409	-0.979	-2.093	-0.843	1.726	-0.491	-2.708	-2.315	0.000000	0.000000
1687925614774	1687925614765	-10.611	-3.457	-0.970	-2.057	-0.842	1.703	-0.678	-2.904	-2.456	0.000000	0.000000
1687925614784	1687925614774	-10.661	-3.428	-0.958	-2.046	-0.842	1.669	-0.821	-2.976	-2.519	0.000000	0.000000
1687925614794	1687925614784	-10.628	-3.484	-0.936	-2.049	-0.841	1.629	-0.946	-3.156	-2.581	0.000000	0.000000
1687925614805	1687925614795	-10.551	-3.400	-1.022	-2.059	-0.830	1.582	-1.006	-3.256	-2.646	0.000000	0.000000
1687925614815	1687925614807	-10.563	-3.357	-0.972	-2.073	-0.809	1.525	-0.984	-3.431	-2.703	0.000000	0.000000
1687925614825	1687925614815	-10.391	-3.373	-0.946	-2.090	-0.783	1.459	-0.924	-3.464	-2.871	0.000000	0.000000
1687925614834	1687925614825	-10.376	-3.349	-1.077	-2.110	-0.753	1.384	-0.953	-3.539	-2.909	0.000000	0.000000
1687925614845	1687925614835	-10.333	-3.330	-1.046	-2.129	-0.718	1.302	-0.797	-3.644	-2.954	0.000000	0.000000
1687925614855	1687925614846	-10.353	-3.388	-1.207	-2.140	-0.684	1.217	-0.807	-3.718	-3.172	0.000000	0.000000
1687925614867	1687925614855	-10.293	-3.388	-1.190	-2.144	-0.646	1.130	-0.781	-3.771	-3.211	0.000000	0.000000
1687925614877	1687925614867	-10.178	-3.292	-1.276	-2.142	-0.607	1.046	-0.821	-3.898	-3.448	0.000000	0.000000
1687925614887	1687925614878	-10.075	-3.196	-1.286	-2.138	-0.569	0.966	-0.783	-3.955	-3.503	0.000000	0.000000
1687925614898	1687925614887	-9.898	-3.144	-1.381	-2.140	-0.527	0.892	-0.690	-3.915	-3.666	0.000000	0.000000
1687925614907	1687925614898	-9.570	-3.077	-1.369	-2.154	-0.479	0.826	-0.606	-3.855	-3.737	0.000000	0.000000
1687925614915	1687925614909	-9.244	-3.048	-1.338	-2.171	-0.425	0.768	-0.448	-3.833	-3.898	0.000000	0.000000
1687925614927	1687925614919	-8.897	-2.974	-1.240	-2.186	-0.358	0.717	-0.136	-3.788	-3.946	0.000000	0.000000
1687925614945	1687925614928	-8.483	-2.921	-1.164	-2.188	-0.276	0.668	0.170	-3.776	-3.970	0.000000	0.000000
1687925614945	1687925614945	-8.114	-2.863	-1.046	-2.178	-0.180	0.622	0.505	-3.701	-3.912	0.000000	0.000000
1687925614957	1687925614946	-7.999	-2.794	-0.905	-2.158	-0.073	0.583	0.912	-3.634	-3.867	0.000000	0.000000
1687925614989	1687925614957	-7.875	-2.696	-0.800	-2.129	0.045	0.550	1.286	-3.543	-3.745	0.000000	0.000000
1687925614990	1687925614990	-7.870	-2.770	-0.697	-2.090	0.169	0.519	1.393	-3.469	-3.625	0.000000	0.000000
1687925614990	1687925614990	-7.887	-2.808	-0.582	-2.039	0.281	0.498	1.516	-3.364	-3.529	0.000000	0.000000
1687925614995	1687925614990	-8.021	-2.859	-0.453	-1.982	0.386	0.486	1.523	-3.431	-3.424	0.000000	0.000000
1687925615005	1687925614995	-8.301	-2.880	-0.366	-1.905	0.476	0.479	1.511	-3.460	-3.297	0.000000	0.000000
1687925615016	1687925615006	-8.641	-2.895	-0.177	-1.817	0.550	0.476	1.384	-3.500	-3.139	0.000000	0.000000
1687925615028	1687925615016	-8.971	-2.763	0.043	-1.721	0.608	0.476	1.118	-3.500	-3.012	0.000000	0.000000
1687925615036	1687925615028	-9.258	-2.715	0.175	-1.627	0.644	0.475	0.795	-3.496	-2.763	0.000000	0.000000
1687925615047	1687925615036	-9.467	-2.468	0.345	-1.567	0.652	0.467	0.481	-3.347	-2.483	0.000000	0.000000
1687925615055	1687925615048	-9.821	-2.605	0.400	-1.555	0.655	0.458	0.215	-3.282	-2.277	0.000000	0.000000
1687925615065	1687925615056	-9.847	-2.514	0.694	-1.574	0.649	0.453	0.024	-3.014	-2.040	0.000000	0.000000
1687925615075	1687925615065	-9.838	-2.456	0.836	-1.621	0.637	0.450	-0.304	-3.124	-1.901	0.000000	0.000000
1687925615086	1687925615075	-9.809	-2.377	0.996	-1.691	0.612	0.451	-0.311	-2.995	-1.530	0.000000	0.000000
1687925615095	1687925615086	-9.632	-2.282	1.156	-1.762	0.594	0.461	-0.290	-2.945	-1.334	0.000000	0.000000
1687925615106	1687925615096	-9.433	-2.057	1.279	-1.833	0.593	0.469	-0.249	-2.873	-1.123	0.000000	0.000000
1687925615114	1687925615106	-9.201	-1.879	1.456	-1.900	0.605	0.485	-0.050	-2.713	-0.876	0.000000	0.000000
1687925615125	1687925615114	-9.088	-1.918	1.702	-1.956	0.629	0.502	0.165	-2.423	-0.670	0.000000	0.000000
1687925615138	1687925615125	-9.103	-2.002	2.018	-1.978	0.681	0.519	0.419	-2.181	-0.402	0.000000	0.000000
1687925615144	1687925615138	-9.278	-2.140	2.234	-1.944	0.753	0.541	0.548	-2.157	-0.079	0.000000	0.000000
1687925615156	1687925615145	-9.572	-2.344	2.557	-1.837	0.842	0.572	0.551	-2.186	0.323	0.000000	0.000000
1687925615173	1687925615156	-9.768	-2.346	2.926	-1.646	0.946	0.610	0.390	-2.272	0.618	0.000000	0.000000
1687925615174	1687925615174	-9.902	-2.286	3.311	-1.389	1.045	0.659	0.110	-2.428	1.027	0.000000	0.000000
1687925615184	1687925615174	-10.166	-2.325	3.546	-1.098	1.137	0.718	-0.069	-2.385	1.484	0.000000	0.000000
1687925615194	1687925615184	-10.412	-2.385	3.852	-0.776	1.229	0.781	-0.192	-2.294	1.968	0.000000	0.000000
1687925615204	1687925615194	-10.678	-2.480	4.166	-0.423	1.305	0.841	-0.441	-2.382	2.301	0.000000	0.000000
1687925615214	1687925615204	-10.810	-2.389	4.515	-0.046	1.363	0.893	-0.673	-2.509	2.727	0.000000	0.000000
1687925615227	1687925615214	-10.776	-2.167	4.628	0.342	1.399	0.936	-0.927	-2.682	3.168	0.000000	0.000000
1687925615234	1687925615227	-10.884	-2.049	4.738	0.716	1.414	0.970	-1.049	-2.679	3.651	0.000000	0.000000
1687925615244	1687925615234	-10.824	-1.683	4.738	1.045	1.410	0.998	-1.008	-2.550	3.900	0.000000	0.000000
1687925615256	1687925615245	-10.841	-1.223	4.666	1.305	1.382	1.010	-1.109	-2.552	4.180	0.000000	0.000000
1687925615266	1687925615256	-10.728	-0.769	4.405	1.473	1.321	1.008	-1.049	-2.267	4.295	0.000000	0.000000
1687925615276	1687925615266	-10.755	-0.338	4.381	1.536	1.232	0.993	-1.065	-1.923	4.381	0.000000	0.000000
1687925615288	1687925615277	-10.776	-0.081	4.156	1.482	1.115	0.965	-0.958	-1.559	4.247	0.000000	0.000000
1687925615296	1687925615288	-10.839	0.084	3.941	1.310	0.971	0.929	-0.991	-1.235	4.369	0.000000	0.000000
1687925615307	1687925615296	-10.922	0.163	3.807	1.037	0.812	0.889	-1.022	-1.073	4.266	0.000000	0.000000
1687925615316	1687925615307	-10.891	0.101	3.625	0.696	0.648	0.844	-1.099	-1.003	4.171	0.000000	0.000000
1687925615329	1687925615317	-10.750	-0.156	3.426	0.324	0.473	0.793	-1.192	-1.001	4.118	0.000000	0.000000
1687925615346	1687925615329	-10.669	-0.694	3.177	-0.026	0.302	0.748	-1.173	-1.142	4.008	0.000000	0.000000
1687925615347	1687925615346	-10.633	-0.998	3.017	-0.282	0.162	0.699	-1.044	-1.475	3.859	0.000000	0.000000
1687925615358	1687925615347	-10.537	-1.173	2.863	-0.421	0.050	0.639	-0.977	-2.093	3.642	0.000000	0.000000
1687925615387	1687925615358	-10.470	-1.216	2.691	-0.485	-0.048	0.573	-0.950	-2.459	3.491	0.000000	0.000000
1687925615387	1687925615387	-10.341	-1.257	2.531	-0.483	-0.115	0.520	-0.864	-2.705	3.338	0.000000	0.000000
1687925615387	1687925615387	-10.183	-1.171	2.303	-0.447	-0.171	0.478	-0.804	-2.799	3.153	0.000000	0.000000
1687925615397	1687925615388	-10.003	-1.082	2.107	-0.396	-0.221	0.432	-0.685	-2.892	2.974	0.000000	0.000000
1687925615409	1687925615397	-9.754	-0.905	1.896	-0.346	-0.258	0.378	-0.534	-2.854	2.722	0.000000	0.000000
1687925615418	1687925615410	-9.534	-0.764	1.750	-0.316	-0.290	0.318	-0.359	-2.808	2.497	0.000000	0.000000
1687925615429	1687925615418	-9.421	-0.706	1.585	-0.308	-0.313	0.257	-0.117	-2.670	2.255	0.000000	0.000000
1687925615438	1687925615429	-9.431	-0.761	1.384	-0.319	-0.335	0.199	0.096	-2.564	2.073	0.000000	0.000000
1687925615448	1687925615439	-9.625	-0.931	1.269	-0.343	-0.348	0.144	0.208	-2.519	1.865	0.000000	0.000000
1687925615458	1687925615448	-9.792	-1.216	1.279	-0.348	-0.348	0.101	0.199	-2.579	1.604	0.000000	0.000000
1687925615470	1687925615458	-10.029	-1.276	1.319	-0.314	-0.343	0.070	0.010	-2.732	1.427	0.000000	0.000000
1687925615479	1687925615471	-10.068	-1.429	1.346	-0.225	-0.338	0.055	-0.151	-2.990	1.365	0.000000	0.000000
1687925615489	1687925615479	-10.027	-1.525	1.264	-0.079	-0.331	0.053	-0.381	-3.017	1.336	0.000000	0.000000
1687925615500	1687925615490	-10.025	-1.539	1.259	0.104	-0.319	0.054	-0.412	-3.134	1.293	0.000000	0.000000
1687925615509	1687925615502	-10.036	-1.396	1.259	0.297	-0.302	0.049	-0.366	-3.194	1.156	0.000000	0.000000
1687925615520	1687925615509	-9.919	-1.379	1.142	0.467	-0.283	0.034	-0.359	-3.170	1.099	0.000000	0.000000
1687925615533	1687925615521	-9.804	-1.422	1.161	0.595	-0.271	0.009	-0.364	-2.988	1.051	0.000000	0.000000
1687925615537	1687925615533	-9.718	-1.451	1.087	0.672	-0.258	-0.029	-0.242	-2.933	0.893	0.000000	0.000000
1687925615561	1687925615537	-9.560	-1.563	1.113	0.711	-0.242	-0.079	-0.122	-2.933	0.876	0.000000	0.000000
1687925615562	1687925615562	-9.486	-1.714	1.173	0.742	-0.231	-0.140	-0.029	-2.914	0.761	0.000000	0.000000
1687925615597	1687925615562	-9.412	-1.753	1.183	0.779	-0.230	-0.211	0.134	-2.971	0.759	0.000000	0.000000
1687925615598	1687925615597	-9.254	-1.836	1.132	0.839	-0.236	-0.296	0.218	-3.053	0.785	0.000000	0.000000
1687925615598	1687925615598	-9.220	-1.891	1.197	0.919	-0.246	-0.382	0.299	-3.014	0.764	0.000000	0.000000
1687925615599	1687925615598	-9.258	-1.851	1.149	1.008	-0.265	-0.474	0.469	-3.002	0.678	0.000000	0.000000
1687925615607	1687925615599	-9.206	-1.906	1.132	1.098	-0.290	-0.567	0.512	-2.957	0.706	0.000000	0.000000
1687925615618	1687925615608	-9.371	-1.896	1.125	1.173	-0.324	-0.659	0.484	-2.789	0.618	0.000000	0.000000
1687925615629	1687925615618	-9.371	-1.896	1.125	1.229	-0.364	-0.748	0.546	-2.717	0.560	0.000000	0.000000
1687925615638	1687925615629	-9.591	-1.939	1.094	1.263	-0.409	-0.837	0.388	-2.571	0.510	0.000000	0.000000
1687925615649	1687925615639	-9.591	-1.939	1.094	1.275	-0.459	-0.926	0.395	-2.428	0.462	0.000000	0.000000
1687925615658	1687925615649	-9.625	-1.925	0.915	1.275	-0.459	-0.926	0.177	-2.315	0.373	0.000000	0.000000
1687925615668	1687925615659	-9.718	-1.925	0.922	1.232	-0.566	-1.113	0.177	-2.162	0.321	0.000000	0.000000
1687925615679	1687925615669	-9.754	-1.942	0.821	1.232	-0.566	-1.113	0.141	-1.978	0.079	0.000000	0.000000
1687925615689	1687925615680	-9.960	-1.990	0.740	1.183	-0.618	-1.211	0.043	-1.803	0.024	0.000000	0.000000
1687925615700	1687925615690	-10.099	-2.028	0.596	1.122	-0.667	-1.312	-0.002	-1.645	-0.139	0.000000	0.000000
1687925615711	1687925615700	-10.467	-2.152	0.522	1.053	-0.712	-1.412	-0.220	-1.518	-0.287	0.000000	0.000000
1687925615721	1687925615711	-10.910	-2.138	0.469	0.983	-0.756	-1.510	-0.378	-1.384	-0.498	0.000000	0.000000
1687925615733	1687925615721	-11.183	-2.140	0.359	0.913	-0.799	-1.607	-0.766	-1.338	-0.639	0.000000	0.000000
1687925615739	1687925615733	-11.406	-2.231	0.220	0.767	-0.899	-1.774	-1.235	-1.144	-0.769	0.000000	0.000000
1687925615764	1687925615740	-11.461	-2.282	0.115	0.767	-0.899	-1.774	-1.535	-0.996	-0.943	0.000000	0.000000
1687925615765	1687925615764	-11.636	-2.368	0.007	0.704	-0.938	-1.840	-1.793	-0.903	-1.176	0.000000	0.000000
1687925615808	1687925615765	-11.586	-2.442	-0.029	0.657	-0.968	-1.890	-1.882	-0.807	-1.362	0.000000	0.000000
1687925615808	1687925615808	-11.425	-2.428	-0.067	0.633	-0.988	-1.925	-2.100	-0.728	-1.571	0.000000	0.000000
1687925615809	1687925615808	-11.095	-2.449	-0.110	0.627	-1.002	-1.945	-2.097	-0.632	-1.709	0.000000	0.000000
1687925615809	1687925615809	-10.839	-2.512	-0.122	0.637	-0.998	-1.946	-1.997	-0.431	-1.865	0.000000	0.000000
1687925615809	1687925615809	-10.594	-2.464	-0.124	0.661	-0.976	-1.936	-1.719	-0.297	-2.004	0.000000	0.000000
1687925615819	1687925615809	-10.233	-2.389	-0.129	0.696	-0.932	-1.916	-1.525	-0.189	-2.124	0.000000	0.000000
1687925615831	1687925615819	-10.005	-2.418	-0.086	0.738	-0.874	-1.886	-1.348	0.022	-2.234	0.000000	0.000000
1687925615839	1687925615831	-9.725	-2.370	-0.067	0.831	-0.738	-1.812	-1.056	0.256	-2.342	0.000000	0.000000
1687925615850	1687925615839	-9.546	-2.334	-0.110	0.831	-0.738	-1.812	-0.900	0.383	-2.399	0.000000	0.000000
1687925615858	1687925615850	-9.409	-2.389	-0.081	0.866	-0.665	-1.768	-0.704	0.606	-2.488	0.000000	0.000000
1687925615869	1687925615858	-9.187	-2.433	-0.160	0.896	-0.589	-1.719	-0.582	0.757	-2.605	0.000000	0.000000
1687925615878	1687925615869	-9.170	-2.387	-0.165	0.922	-0.523	-1.670	-0.520	0.836	-2.662	0.000000	0.000000
1687925615890	1687925615878	-9.232	-2.327	-0.098	0.943	-0.465	-1.619	-0.369	0.922	-2.823	0.000000	0.000000
1687925615900	1687925615890	-9.038	-2.361	-0.165	0.960	-0.415	-1.566	-0.421	1.089	-2.907	0.000000	0.000000
1687925615909	1687925615900	-9.048	-2.361	-0.024	0.968	-0.365	-1.511	-0.534	1.247	-2.873	0.000000	0.000000
1687925615918	1687925615909	-8.969	-2.301	-0.031	0.966	-0.321	-1.455	-0.400	1.324	-2.978	0.000000	0.000000
1687925615931	1687925615918	-9.045	-2.330	0.081	0.957	-0.269	-1.398	-0.433	1.381	-2.835	0.000000	0.000000
1687925615941	1687925615931	-8.938	-2.308	0.153	0.927	-0.147	-1.274	-0.393	1.520	-2.851	0.000000	0.000000
1687925615961	1687925615941	-8.780	-2.282	0.347	0.927	-0.147	-1.274	-0.493	1.551	-2.732	0.000000	0.000000
1687925615961	1687925615961	-8.914	-2.409	0.424	0.918	-0.076	-1.210	-0.409	1.630	-2.648	0.000000	0.000000
1687925615990	1687925615961	-8.880	-2.478	0.474	0.920	0.006	-1.144	-0.266	1.700	-2.440	0.000000	0.000000
1687925615990	1687925615990	-8.950	-2.519	0.469	0.941	0.093	-1.080	-0.424	1.630	-2.358	0.000000	0.000000
1687925615991	1687925615990	-9.031	-2.377	0.615	0.980	0.172	-1.015	-0.405	1.597	-2.294	0.000000	0.000000
1687925615999	1687925615991	-9.052	-2.418	0.685	1.027	0.244	-0.952	-0.488	1.595	-2.284	0.000000	0.000000
1687925616012	1687925616000	-9.108	-2.397	0.840	1.071	0.309	-0.892	-0.579	1.769	-2.121	0.000000	0.000000
1687925616019	1687925616012	-9.100	-2.389	0.958	1.103	0.359	-0.833	-0.608	1.755	-2.033	0.000000	0.000000
1687925616031	1687925616020	-9.237	-2.136	0.972	1.123	0.397	-0.773	-0.666	1.793	-1.856	0.000000	0.000000
1687925616040	1687925616031	-9.218	-2.069	1.087	1.136	0.428	-0.720	-0.658	1.817	-1.717	0.000000	0.000000
1687925616049	1687925616040	-9.419	-1.949	1.197	1.130	0.451	-0.673	-0.788	2.073	-1.676	0.000000	0.000000
1687925616059	1687925616050	-9.598	-1.887	1.341	1.103	0.459	-0.630	-0.761	2.140	-1.535	0.000000	0.000000
1687925616070	1687925616059	-9.749	-1.776	1.425	1.052	0.461	-0.589	-0.948	2.251	-1.396	0.000000	0.000000
1687925616079	1687925616070	-9.855	-1.705	1.484	0.979	0.452	-0.541	-1.113	2.301	-1.221	0.000000	0.000000
1687925616089	1687925616079	-9.855	-1.578	1.585	0.883	0.434	-0.486	-1.243	2.389	-1.104	0.000000	0.000000
1687925616101	1687925616090	-9.936	-1.458	1.623	0.771	0.412	-0.426	-1.324	2.435	-1.008	0.000000	0.000000
1687925616110	1687925616101	-10.060	-1.279	1.697	0.646	0.390	-0.364	-1.295	2.523	-0.867	0.000000	0.000000
1687925616120	1687925616111	-10.223	-1.118	1.793	0.513	0.368	-0.301	-1.341	2.598	-0.785	0.000000	0.000000
1687925616131	1687925616121	-10.326	-0.986	1.788	0.381	0.348	-0.228	-1.434	2.732	-0.668	0.000000	0.000000
1687925616141	1687925616131	-10.364	-0.819	1.822	0.248	0.326	-0.143	-1.563	2.847	-0.534	0.000000	0.000000
1687925616159	1687925616141	-10.467	-0.790	1.844	0.117	0.301	-0.044	-1.638	2.935	-0.500	0.000000	0.000000
1687925616160	1687925616159	-10.551	-0.821	1.841	0.000	0.287	0.067	-1.647	3.060	-0.426	0.000000	0.000000
1687925616199	1687925616160	-10.719	-0.781	1.760	-0.097	0.276	0.189	-1.721	3.045	-0.373	0.000000	0.000000
1687925616200	1687925616200	-11.147	-0.840	1.482	-0.171	0.261	0.320	-1.776	2.969	-0.340	0.000000	0.000000
1687925616201	1687925616200	-12.270	-0.891	0.967	-0.227	0.246	0.458	-1.915	2.959	-0.388	0.000000	0.000000
1687925616201	1687925616201	-12.620	-0.728	0.809	-0.286	0.238	0.595	-2.313	2.849	-0.630	0.000000	0.000000
1687925616210	1687925616201	-11.909	-0.503	0.694	-0.378	0.226	0.739	-3.407	2.746	-1.111	0.000000	0.000000
1687925616218	1687925616210	-11.540	-0.352	0.771	-0.540	0.147	0.896	-3.728	2.856	-1.235	0.000000	0.000000
1687925616230	1687925616218	-11.382	-0.491	1.018	-0.742	0.092	1.038	-2.988	3.031	-1.319	0.000000	0.000000
1687925616239	1687925616230	-10.846	-0.713	1.235	-0.953	0.131	1.144	-2.586	3.112	-1.211	0.000000	0.000000
1687925616249	1687925616239	-10.341	-0.955	1.381	-1.142	0.183	1.238	-2.389	2.895	-0.931	0.000000	0.000000
1687925616257	1687925616249	-10.046	-1.027	1.480	-1.277	0.236	1.343	-1.805	2.569	-0.661	0.000000	0.000000
1687925616267	1687925616257	-9.917	-1.109	1.587	-1.354	0.305	1.438	-1.264	2.255	-0.472	0.000000	0.000000
1687925616278	1687925616267	-9.294	-1.228	1.475	-1.387	0.375	1.519	-0.915	2.064	-0.299	0.000000	0.000000
1687925616288	1687925616278	-8.782	-1.156	1.295	-1.394	0.403	1.591	-0.740	1.887	-0.129	0.000000	0.000000
1687925616297	1687925616288	-8.291	-1.149	1.183	-1.382	0.378	1.652	-0.067	1.650	-0.165	0.000000	0.000000
1687925616308	1687925616298	-8.241	-1.147	0.824	-1.360	0.320	1.688	0.496	1.597	-0.268	0.000000	0.000000
1687925616318	1687925616309	-8.708	-1.152	0.527	-1.346	0.241	1.699	1.037	1.470	-0.309	0.000000	0.000000
1687925616328	1687925616318	-9.373	-1.130	0.373	-1.370	0.151	1.692	1.135	1.336	-0.603	0.000000	0.000000
1687925616338	1687925616329	-9.787	-1.171	0.335	-1.447	0.059	1.685	0.716	1.176	-0.840	0.000000	0.000000
1687925616347	1687925616338	-10.151	-1.334	0.218	-1.577	-0.042	1.685	0.086	1.070	-0.953	0.000000	0.000000
1687925616364	1687925616348	-10.578	-1.504	0.117	-1.737	-0.147	1.699	-0.285	0.874	-0.950	0.000000	0.000000
1687925616370	1687925616365	-11.021	-1.760	0.031	-1.897	-0.217	1.710	-0.620	0.584	-1.044	0.000000	0.000000
1687925616377	1687925616370	-11.329	-2.002	-0.055	-2.023	-0.248	1.715	-1.008	0.244	-1.104	0.000000	0.000000
1687925616387	1687925616377	-11.406	-2.097	0.002	-2.106	-0.258	1.723	-1.425	-0.151	-1.180	0.000000	0.000000
1687925616399	1687925616388	-11.320	-2.265	0.098	-2.147	-0.237	1.736	-1.709	-0.548	-1.259	0.000000	0.000000
1687925616408	1687925616399	-10.963	-2.248	0.223	-2.140	-0.184	1.751	-1.767	-0.771	-1.197	0.000000	0.000000
1687925616419	1687925616408	-10.412	-2.203	0.474	-2.099	-0.108	1.762	-1.662	-1.080	-1.097	0.000000	0.000000
1687925616430	1687925616420	-9.974	-2.150	0.541	-2.023	-0.009	1.763	-1.288	-1.207	-0.967	0.000000	0.000000
1687925616438	1687925616430	-9.527	-2.195	0.697	-1.918	0.103	1.748	-0.721	-1.307	-0.704	0.000000	0.000000
1687925616448	1687925616438	-9.213	-2.217	0.670	-1.790	0.219	1.715	-0.268	-1.401	-0.622	0.000000	0.000000
1687925616460	1687925616448	-8.990	-2.188	0.651	-1.640	0.325	1.669	0.192	-1.618	-0.436	0.000000	0.000000
1687925616469	1687925616460	-8.976	-1.939	0.673	-1.480	0.396	1.619	0.515	-1.743	-0.431	0.000000	0.000000
1687925616478	1687925616469	-9.041	-1.719	0.644	-1.307	0.441	1.564	0.749	-1.860	-0.412	0.000000	0.000000
1687925616492	1687925616478	-8.940	-1.525	0.575	-1.144	0.464	1.505	0.771	-1.753	-0.347	0.000000	0.000000
1687925616499	1687925616492	-8.748	-1.393	0.419	-1.009	0.463	1.448	0.713	-1.671	-0.330	0.000000	0.000000
1687925616510	1687925616499	-8.909	-1.300	0.405	-0.913	0.445	1.399	0.816	-1.614	-0.357	0.000000	0.000000
1687925616519	1687925616510	-9.182	-1.190	0.491	-0.852	0.424	1.357	1.010	-1.628	-0.464	0.000000	0.000000
1687925616532	1687925616519	-9.412	-1.135	0.383	-0.815	0.420	1.312	0.855	-1.575	-0.431	0.000000	0.000000
1687925616540	1687925616533	-9.515	-1.152	0.534	-0.793	0.414	1.273	0.582	-1.528	-0.299	0.000000	0.000000
1687925616551	1687925616541	-9.603	-0.970	0.649	-0.778	0.414	1.241	0.354	-1.532	-0.364	0.000000	0.000000
1687925616576	1687925616551	-9.673	-1.068	0.697	-0.767	0.430	1.211	0.251	-1.618	-0.165	0.000000	0.000000
1687925616577	1687925616577	-9.555	-0.984	0.742	-0.756	0.464	1.180	0.163	-1.477	-0.014	0.000000	0.000000
1687925616579	1687925616577	-9.491	-0.989	0.812	-0.743	0.517	1.148	0.093	-1.635	0.074	0.000000	0.000000
1687925616590	1687925616579	-9.335	-0.984	0.948	-0.737	0.580	1.118	0.211	-1.583	0.158	0.000000	0.000000
1687925616599	1687925616590	-9.256	-1.168	1.044	-0.723	0.652	1.091	0.275	-1.626	0.271	0.000000	0.000000
1687925616611	1687925616599	-9.313	-1.389	1.235	-0.696	0.726	1.059	0.431	-1.657	0.453	0.000000	0.000000
1687925616620	1687925616611	-9.292	-1.501	1.425	-0.644	0.789	1.026	0.510	-1.889	0.603	0.000000	0.000000
1687925616631	1687925616621	-9.287	-1.511	1.647	-0.560	0.838	0.981	0.453	-2.136	0.843	0.000000	0.000000
1687925616641	1687925616631	-9.143	-1.494	1.721	-0.452	0.864	0.931	0.472	-2.303	1.104	0.000000	0.000000
1687925616651	1687925616641	-9.103	-1.348	1.872	-0.338	0.866	0.881	0.476	-2.327	1.367	0.000000	0.000000
1687925616661	1687925616651	-9.203	-1.403	2.009	-0.235	0.844	0.826	0.618	-2.358	1.516	0.000000	0.000000
1687925616672	1687925616661	-9.306	-1.295	2.095	-0.156	0.816	0.765	0.658	-2.231	1.714	0.000000	0.000000
1687925616682	1687925616672	-9.380	-1.348	2.160	-0.134	0.782	0.702	0.555	-2.313	1.901	0.000000	0.000000
1687925616693	1687925616682	-9.402	-1.417	2.255	-0.166	0.738	0.645	0.450	-2.227	2.035	0.000000	0.000000
1687925616702	1687925616693	-9.481	-1.458	2.514	-0.226	0.690	0.591	0.376	-2.301	2.148	0.000000	0.000000
1687925616713	1687925616703	-9.620	-1.635	2.622	-0.291	0.648	0.530	0.354	-2.375	2.267	0.000000	0.000000
1687925616723	1687925616713	-9.764	-1.815	2.741	-0.345	0.611	0.459	0.273	-2.418	2.550	0.000000	0.000000
1687925616734	1687925616723	-9.802	-2.061	2.875	-0.368	0.589	0.385	0.134	-2.591	2.672	0.000000	0.000000
1687925616741	1687925616734	-9.850	-2.200	2.962	-0.360	0.575	0.313	-0.005	-2.756	2.794	0.000000	0.000000
1687925616766	1687925616742	-10.070	-2.461	3.112	-0.321	0.562	0.246	-0.041	-2.978	2.928	0.000000	0.000000
1687925616767	1687925616767	-10.240	-2.595	3.208	-0.247	0.556	0.181	-0.086	-3.100	3.026	0.000000	0.000000
1687925616807	1687925616767	-10.364	-2.739	3.275	-0.137	0.546	0.119	-0.304	-3.333	3.172	0.000000	0.000000
1687925616808	1687925616807	-10.479	-2.792	3.479	-0.001	0.523	0.055	-0.474	-3.445	3.282	0.000000	0.000000
1687925616811	1687925616809	-10.788	-2.954	3.378	0.153	0.486	-0.005	-0.596	-3.572	3.373	0.000000	0.000000
1687925616811	1687925616811	-12.084	-3.098	3.417	0.304	0.437	-0.071	-0.711	-3.610	3.608	0.000000	0.000000
1687925616811	1687925616811	-13.767	-3.479	4.089	0.436	0.391	-0.137	-1.020	-3.761	3.543	0.000000	0.000000
1687925616821	1687925616814	-14.205	-3.742	4.377	0.561	0.382	-0.206	-2.315	-3.895	3.632	0.000000	0.000000
1687925616831	1687925616821	-13.850	-3.634	4.266	0.698	0.326	-0.265	-3.998	-4.264	4.343	0.000000	0.000000
1687925616841	1687925616832	-13.724	-3.409	3.783	0.856	0.175	-0.319	-4.436	-4.506	4.671	0.000000	0.000000
1687925616850	1687925616841	-13.712	-3.086	3.472	1.025	0.037	-0.401	-4.080	-4.369	4.599	0.000000	0.000000
1687925616859	1687925616851	-12.941	-2.705	3.172	1.137	-0.100	-0.530	-3.953	-4.106	4.142	0.000000	0.000000
1687925616869	1687925616859	-11.885	-2.512	2.904	1.148	-0.274	-0.690	-3.938	-3.745	3.838	0.000000	0.000000
1687925616879	1687925616869	-11.032	-2.303	2.710	1.065	-0.475	-0.863	-3.163	-3.302	3.536	0.000000	0.000000
1687925616889	1687925616879	-10.082	-2.263	2.641	0.911	-0.649	-1.058	-2.102	-3.043	3.251	0.000000	0.000000
1687925616899	1687925616889	-9.160	-2.337	2.531	0.735	-0.771	-1.277	-1.243	-2.749	3.014	0.000000	0.000000
1687925616910	1687925616899	-8.528	-2.583	2.456	0.599	-0.854	-1.513	-0.287	-2.600	2.885	0.000000	0.000000
1687925616919	1687925616910	-8.622	-2.617	2.356	0.539	-0.904	-1.750	0.639	-2.550	2.701	0.000000	0.000000
1687925616930	1687925616919	-9.088	-2.696	2.176	0.574	-0.922	-1.969	1.274	-2.646	2.545	0.000000	0.000000
1687925616939	1687925616930	-9.596	-2.811	1.932	0.687	-0.909	-2.155	1.180	-2.490	2.346	0.000000	0.000000
1687925616949	1687925616939	-9.917	-2.892	1.829	0.855	-0.902	-2.292	0.709	-2.397	2.085	0.000000	0.000000
1687925616963	1687925616949	-10.417	-3.014	1.745	1.054	-0.924	-2.353	0.189	-2.279	1.738	0.000000	0.000000
1687925616970	1687925616964	-10.817	-2.990	1.475	1.277	-0.958	-2.354	-0.144	-2.162	1.551	0.000000	0.000000
1687925616979	1687925616971	-11.095	-2.940	1.288	1.515	-0.996	-2.310	-0.670	-2.035	1.358	0.000000	0.000000
1687925616989	1687925616979	-11.303	-2.928	1.068	1.747	-1.047	-2.220	-1.097	-1.810	0.991	0.000000	0.000000
1687925616999	1687925616990	-11.435	-2.847	0.984	1.971	-1.108	-2.101	-1.417	-1.501	0.666	0.000000	0.000000
1687925617009	1687925616999	-11.454	-2.598	0.706	2.204	-1.175	-1.973	-1.662	-1.307	0.330	0.000000	0.000000
1687925617019	1687925617009	-11.621	-2.567	0.579	2.395	-1.245	-1.870	-1.839	-1.039	0.105	0.000000	0.000000
1687925617031	1687925617020	-11.265	-2.030	0.414	2.508	-1.323	-1.783	-1.906	-0.622	-0.323	0.000000	0.000000
1687925617039	1687925617031	-11.380	-1.932	0.306	2.560	-1.400	-1.707	-2.126	-0.438	-0.618	0.000000	0.000000
1687925617050	1687925617039	-11.600	-2.174	0.160	2.501	-1.484	-1.630	-1.827	0.232	-0.965	0.000000	0.000000
1687925617059	1687925617050	-11.535	-2.124	0.053	2.294	-1.525	-1.576	-2.014	0.476	-1.302	0.000000	0.000000
1687925617069	1687925617059	-11.593	-2.004	0.026	2.068	-1.597	-1.530	-2.286	0.323	-1.609	0.000000	0.000000
1687925617079	1687925617070	-11.712	-2.064	0.050	1.850	-1.670	-1.487	-2.291	0.476	-1.915	0.000000	0.000000
1687925617090	1687925617080	-11.794	-2.222	0.089	1.600	-1.715	-1.443	-2.421	0.694	-2.145	0.000000	0.000000
1687925617099	1687925617091	-11.815	-2.308	0.041	1.344	-1.737	-1.410	-2.619	0.728	-2.325	0.000000	0.000000
1687925617109	1687925617099	-12.091	-2.337	0.026	1.125	-1.764	-1.387	-2.784	0.661	-2.485	0.000000	0.000000
1687925617119	1687925617110	-12.160	-2.356	-0.067	0.940	-1.768	-1.372	-2.904	0.675	-2.749	0.000000	0.000000
1687925617130	1687925617119	-11.890	-2.397	-0.206	0.770	-1.778	-1.363	-3.263	0.728	-2.935	0.000000	0.000000
1687925617139	1687925617131	-11.523	-2.385	-0.278	0.604	-1.801	-1.357	-3.428	0.800	-3.213	0.000000	0.000000
1687925617151	1687925617140	-11.083	-2.243	-0.342	0.437	-1.826	-1.361	-3.259	0.852	-3.531	0.000000	0.000000
1687925617163	1687925617151	-10.714	-2.263	-0.419	0.270	-1.835	-1.382	-3.010	0.970	-3.795	0.000000	0.000000
1687925617170	1687925617163	-10.233	-2.423	-0.390	0.104	-1.834	-1.421	-2.670	1.199	-4.010	0.000000	0.000000
1687925617179	1687925617170	-10.001	-2.459	-0.450	-0.046	-1.812	-1.467	-2.430	1.298	-4.266	0.000000	0.000000
1687925617190	1687925617180	-9.785	-2.435	-0.524	-0.161	-1.776	-1.522	-2.059	1.238	-4.377	0.000000	0.000000
1687925617200	1687925617190	-9.606	-2.452	-0.445	-0.230	-1.721	-1.582	-1.956	1.324	-4.583	0.000000	0.000000
1687925617211	1687925617200	-9.577	-2.547	-0.476	-0.261	-1.647	-1.638	-1.872	1.475	-4.793	0.000000	0.000000
1687925617220	1687925617211	-9.450	-2.574	-0.419	-0.249	-1.554	-1.690	-1.832	1.592	-4.839	0.000000	0.000000
1687925617231	1687925617220	-9.404	-2.519	-0.381	-0.186	-1.454	-1.730	-1.942	1.635	-4.987	0.000000	0.000000
1687925617240	1687925617231	-9.527	-2.394	-0.338	-0.078	-1.345	-1.754	-1.973	1.762	-5.047	0.000000	0.000000
1687925617250	1687925617240	-9.601	-2.279	-0.397	0.061	-1.229	-1.750	-2.057	1.939	-5.097	0.000000	0.000000
1687925617260	1687925617250	-9.476	-2.035	-0.601	0.217	-1.119	-1.719	-2.322	2.203	-5.143	0.000000	0.000000
1687925617271	1687925617260	-9.256	-1.623	-0.737	0.376	-1.027	-1.659	-2.504	2.421	-5.260	0.000000	0.000000
1687925617280	1687925617271	-9.103	-1.101	-0.737	0.506	-0.943	-1.582	-2.490	2.765	-5.526	0.000000	0.000000
1687925617290	1687925617280	-9.041	-0.828	-0.819	0.577	-0.863	-1.495	-2.370	3.261	-5.720	0.000000	0.000000
1687925617300	1687925617290	-8.854	-0.752	-0.879	0.579	-0.782	-1.400	-2.327	3.867	-5.789	0.000000	0.000000
1687925617310	1687925617300	-8.849	-0.546	-0.891	0.527	-0.689	-1.291	-2.310	4.178	-5.892	0.000000	0.000000
1687925617320	1687925617310	-8.772	-0.448	-0.912	0.445	-0.585	-1.164	-2.186	4.302	-5.988	0.000000	0.000000
1687925617332	1687925617320	-8.751	-0.139	-0.955	0.346	-0.473	-1.019	-2.217	4.539	-6.017	0.000000	0.000000
1687925617340	1687925617332	-8.657	0.072	-0.893	0.244	-0.345	-0.858	-2.239	4.697	-6.108	0.000000	0.000000
1687925617350	1687925617340	-8.571	0.273	-0.637	0.140	-0.198	-0.688	-2.296	5.054	-6.199	0.000000	0.000000
1687925617364	1687925617350	-8.657	0.333	-0.323	0.034	-0.040	-0.500	-2.277	5.315	-6.177	0.000000	0.000000
1687925617370	1687925617364	-8.954	0.266	-0.101	-0.064	0.134	-0.299	-2.229	5.545	-5.938	0.000000	0.000000
1687925617380	1687925617370	-9.847	0.175	-0.259	-0.147	0.338	-0.086	-2.322	5.626	-5.612	0.000000	0.000000
1687925617391	1687925617380	-10.072	0.290	-0.311	-0.209	0.545	0.145	-2.612	5.574	-5.368	0.000000	0.000000
1687925617400	1687925617392	-9.735	0.395	-0.321	-0.274	0.759	0.396	-3.479	5.488	-5.485	0.000000	0.000000
1687925617410	1687925617401	-9.747	0.211	-0.242	-0.373	0.916	0.672	-3.644	5.593	-5.478	0.000000	0.000000
1687925617420	1687925617411	-10.154	0.065	0.038	-0.484	1.064	0.955	-3.208	5.667	-5.394	0.000000	0.000000
1687925617431	1687925617420	-10.178	-0.297	0.457	-0.584	1.260	1.207	-3.110	5.437	-5.217	0.000000	0.000000
1687925617440	1687925617432	-9.857	-0.481	0.979	-0.649	1.412	1.439	-3.376	5.224	-4.812	0.000000	0.000000
1687925617451	1687925617441	-9.601	-0.584	1.556	-0.650	1.534	1.668	-3.230	4.776	-4.245	0.000000	0.000000
1687925617460	1687925617452	-9.560	-0.350	1.678	-0.599	1.651	1.863	-2.708	4.477	-3.539	0.000000	0.000000
1687925617470	1687925617461	-9.850	-0.371	1.559	-0.534	1.741	2.010	-2.263	4.250	-2.792	0.000000	0.000000
1687925617480	1687925617471	-10.192	-0.347	1.403	-0.481	1.794	2.106	-1.999	4.314	-2.466	0.000000	0.000000
1687925617490	1687925617481	-10.436	-0.247	1.180	-0.476	1.807	2.165	-2.140	4.175	-2.442	0.000000	0.000000
1687925617501	1687925617491	-10.949	-0.572	1.039	-0.553	1.750	2.205	-2.318	4.053	-2.437	0.000000	0.000000
1687925617512	1687925617501	-11.621	-0.742	1.065	-0.711	1.662	2.241	-2.401	4.001	-2.495	0.000000	0.000000
1687925617521	1687925617512	-12.603	-1.061	0.974	-0.937	1.575	2.266	-2.758	3.515	-2.473	0.000000	0.000000
1687925617532	1687925617521	-13.427	-1.671	1.197	-1.207	1.486	2.290	-3.256	3.144	-2.253	0.000000	0.000000
1687925617541	1687925617532	-13.896	-2.097	1.393	-1.459	1.417	2.314	-4.070	2.622	-2.140	0.000000	0.000000
1687925617551	1687925617541	-13.843	-2.452	1.592	-1.635	1.388	2.331	-4.779	1.867	-1.765	0.000000	0.000000
1687925617564	1687925617551	-13.422	-2.526	1.724	-1.714	1.370	2.338	-5.116	1.267	-1.377	0.000000	0.000000
1687925617572	1687925617564	-12.854	-2.641	1.712	-1.707	1.383	2.332	-4.961	0.766	-1.020	0.000000	0.000000
1687925617581	1687925617572	-12.064	-2.641	1.528	-1.632	1.429	2.298	-4.432	0.524	-0.711	0.000000	0.000000
1687925617591	1687925617581	-11.698	-2.543	1.410	-1.522	1.495	2.233	-3.761	0.239	-0.548	0.000000	0.000000
1687925617601	1687925617591	-11.308	-2.607	1.334	-1.404	1.552	2.162	-2.866	0.048	-0.539	0.000000	0.000000
1687925617611	1687925617601	-10.994	-2.612	1.279	-1.302	1.591	2.078	-2.421	-0.010	-0.496	0.000000	0.000000
1687925617621	1687925617611	-11.061	-3.041	1.286	-1.225	1.605	2.001	-1.949	-0.251	-0.393	0.000000	0.000000
1687925617633	1687925617621	-10.985	-2.816	1.391	-1.170	1.592	1.930	-1.563	-0.431	-0.268	0.000000	0.000000
1687925617641	1687925617633	-11.066	-2.995	1.350	-1.086	1.556	1.858	-1.559	-1.049	-0.067	0.000000	0.000000
1687925617651	1687925617641	-11.183	-2.796	1.575	-1.007	1.494	1.809	-1.429	-0.974	0.194	0.000000	0.000000
1687925617661	1687925617651	-11.179	-2.966	1.810	-0.929	1.442	1.786	-1.446	-1.372	0.371	0.000000	0.000000
1687925617671	1687925617661	-10.815	-2.998	1.975	-0.887	1.404	1.791	-1.530	-1.305	0.723	0.000000	0.000000
1687925617681	1687925617672	-10.372	-2.969	2.042	-0.828	1.379	1.792	-1.489	-1.640	1.111	0.000000	0.000000
1687925617692	1687925617681	-10.216	-2.914	2.191	-0.751	1.357	1.785	-1.094	-1.839	1.425	0.000000	0.000000
1687925617701	1687925617693	-10.017	-2.947	2.301	-0.679	1.360	1.778	-0.625	-1.980	1.635	0.000000	0.000000
1687925617711	1687925617701	-9.804	-3.005	2.483	-0.623	1.368	1.762	-0.450	-2.097	1.923	0.000000	0.000000
1687925617721	1687925617711	-9.704	-2.981	2.586	-0.593	1.390	1.731	-0.235	-2.320	2.184	0.000000	0.000000
1687925617732	1687925617721	-9.594	-2.998	2.715	-0.584	1.401	1.695	-0.012	-2.533	2.490	0.000000	0.000000
1687925617741	1687925617733	-9.495	-3.031	2.722	-0.575	1.390	1.649	0.093	-2.679	2.732	0.000000	0.000000
1687925617752	1687925617741	-9.459	-3.187	2.878	-0.571	1.368	1.594	0.204	-2.863	3.000	0.000000	0.000000
1687925617764	1687925617753	-9.390	-3.357	3.084	-0.568	1.322	1.530	0.297	-3.077	3.156	0.000000	0.000000
1687925617771	1687925617764	-9.388	-3.668	3.330	-0.556	1.262	1.459	0.326	-3.376	3.431	0.000000	0.000000
1687925617781	1687925617772	-9.242	-3.953	3.761	-0.520	1.188	1.392	0.381	-3.713	3.778	0.000000	0.000000
1687925617791	1687925617782	-9.158	-4.171	4.044	-0.450	1.087	1.330	0.369	-4.159	4.135	0.000000	0.000000
1687925617801	1687925617792	-9.230	-4.451	4.405	-0.337	1.004	1.269	0.498	-4.580	4.676	0.000000	0.000000
1687925617813	1687925617802	-9.378	-4.465	4.671	-0.170	0.933	1.195	0.563	-4.930	5.059	0.000000	0.000000
1687925617821	1687925617813	-9.416	-4.391	4.843	0.037	0.869	1.107	0.469	-5.334	5.514	0.000000	0.000000
1687925617833	1687925617822	-9.486	-4.209	4.867	0.237	0.797	1.003	0.299	-5.468	5.868	0.000000	0.000000
1687925617841	1687925617833	-9.711	-4.056	4.793	0.403	0.721	0.881	0.237	-5.511	6.134	0.000000	0.000000
1687925617852	1687925617842	-10.218	-3.931	4.662	0.525	0.645	0.734	0.146	-5.413	6.230	0.000000	0.000000
1687925617861	1687925617852	-10.386	-3.692	4.446	0.584	0.547	0.567	-0.101	-5.346	6.237	0.000000	0.000000
1687925617873	1687925617862	-10.724	-3.460	4.245	0.563	0.415	0.386	-0.625	-5.279	6.167	0.000000	0.000000
1687925617882	1687925617873	-10.874	-3.263	4.144	0.456	0.261	0.198	-0.809	-5.085	6.012	0.000000	0.000000
1687925617892	1687925617882	-11.337	-3.218	3.929	0.268	0.088	0.004	-1.159	-4.879	5.859	0.000000	0.000000
1687925617902	1687925617892	-12.297	-3.594	3.869	0.007	-0.088	-0.186	-1.317	-4.695	5.792	0.000000	0.000000
1687925617912	1687925617902	-13.999	-4.345	4.106	-0.281	-0.225	-0.369	-1.781	-4.647	5.588	0.000000	0.000000
1687925617922	1687925617912	-15.215	-4.772	4.379	-0.497	-0.314	-0.522	-2.737	-5.006	5.519	0.000000	0.000000
1687925617934	1687925617922	-15.598	-5.069	4.331	-0.604	-0.398	-0.641	-4.432	-5.727	5.732	0.000000	0.000000
1687925617942	1687925617934	-15.653	-5.025	3.929	-0.571	-0.528	-0.735	-5.634	-6.108	5.964	0.000000	0.000000
1687925617952	1687925617942	-15.459	-4.994	3.400	-0.413	-0.650	-0.806	-6.005	-6.357	5.875	0.000000	0.000000
1687925617964	1687925617953	-14.348	-4.566	2.928	-0.188	-0.748	-0.886	-6.036	-6.232	5.397	0.000000	0.000000
1687925617972	1687925617964	-12.804	-4.180	2.461	0.061	-0.874	-0.994	-5.827	-6.144	4.815	0.000000	0.000000
1687925617982	1687925617972	-11.320	-3.706	2.277	0.265	-1.041	-1.125	-4.697	-5.634	4.269	0.000000	0.000000
1687925617993	1687925617982	-9.919	-3.424	2.260	0.397	-1.179	-1.280	-3.129	-5.150	3.716	0.000000	0.000000
1687925618002	1687925617994	-8.698	-3.199	2.349	0.475	-1.289	-1.469	-1.623	-4.563	3.433	0.000000	0.000000
1687925618012	1687925618002	-8.109	-3.141	2.365	0.542	-1.366	-1.692	-0.199	-4.152	3.306	0.000000	0.000000
1687925618022	1687925618013	-8.270	-3.105	2.191	0.621	-1.406	-1.921	1.046	-3.766	3.261	0.000000	0.000000
1687925618033	1687925618023	-8.844	-3.038	2.023	0.713	-1.407	-2.144	1.652	-3.555	3.158	0.000000	0.000000
1687925618042	1687925618034	-9.579	-2.804	1.817	0.830	-1.393	-2.353	1.508	-3.326	2.849	0.000000	0.000000
1687925618053	1687925618042	-10.487	-2.816	1.506	0.960	-1.390	-2.524	0.943	-3.045	2.545	0.000000	0.000000
1687925618062	1687925618054	-11.234	-2.682	1.551	1.097	-1.415	-2.643	0.213	-2.552	2.186	0.000000	0.000000
1687925618072	1687925618063	-11.928	-2.500	1.470	1.232	-1.477	-2.684	-0.697	-2.339	1.750	0.000000	0.000000
1687925618082	1687925618073	-12.950	-2.571	1.331	1.339	-1.571	-2.663	-1.460	-1.920	1.635	0.000000	0.000000
1687925618093	1687925618083	-13.460	-2.602	1.104	1.381	-1.671	-2.606	-2.176	-1.501	1.415	0.000000	0.000000
1687925618102	1687925618093	-13.609	-2.406	0.807	1.376	-1.778	-2.514	-3.230	-1.317	1.109	0.000000	0.000000
1687925618114	1687925618103	-13.673	-2.195	0.474	1.337	-1.922	-2.387	-3.780	-1.099	0.699	0.000000	0.000000
1687925618123	1687925618114	-13.860	-2.148	0.237	1.251	-2.043	-2.264	-3.979	-0.666	0.208	0.000000	0.000000
1687925618134	1687925618123	-13.525	-2.260	0.024	1.125	-2.137	-2.165	-4.101	-0.235	-0.333	0.000000	0.000000
1687925618143	1687925618134	-13.333	-2.332	-0.187	0.959	-2.233	-2.088	-4.362	0.036	-0.812	0.000000	0.000000
1687925618153	1687925618143	-13.317	-2.351	-0.326	0.800	-2.312	-2.039	-4.092	0.096	-1.231	0.000000	0.000000
1687925618164	1687925618153	-13.408	-2.385	-0.469	0.643	-2.355	-2.011	-3.991	0.225	-1.697	0.000000	0.000000
1687925618174	1687925618164	-13.637	-2.497	-0.476	0.472	-2.366	-2.001	-4.056	0.364	-2.049	0.000000	0.000000
1687925618183	1687925618174	-13.460	-2.581	-0.474	0.290	-2.343	-2.005	-4.247	0.505	-2.428	0.000000	0.000000
1687925618193	1687925618183	-13.039	-2.677	-0.450	0.139	-2.305	-2.018	-4.585	0.565	-2.665	0.000000	0.000000
1687925618203	1687925618193	-12.586	-2.892	-0.639	0.045	-2.258	-2.029	-4.551	0.690	-2.926	0.000000	0.000000
1687925618213	1687925618203	-12.074	-2.789	-0.814	0.009	-2.197	-2.044	-4.231	0.733	-3.069	0.000000	0.000000
1687925618223	1687925618213	-11.626	-2.741	-0.824	0.029	-2.122	-2.064	-3.922	0.711	-3.476	0.000000	0.000000
1687925618235	1687925618223	-11.001	-2.689	-0.934	0.090	-2.038	-2.087	-3.536	0.972	-3.821	0.000000	0.000000
1687925618243	1687925618235	-10.523	-2.610	-0.936	0.176	-1.952	-2.109	-3.249	1.211	-4.029	0.000000	0.000000
1687925618253	1687925618243	-10.025	-2.480	-1.015	0.265	-1.868	-2.126	-2.775	1.434	-4.314	0.000000	0.000000
1687925618263	1687925618253	-9.646	-2.351	-0.991	0.365	-1.776	-2.144	-2.483	1.712	-4.515	0.000000	0.000000
1687925618273	1687925618263	-9.380	-2.181	-0.788	0.469	-1.680	-2.160	-2.114	1.968	-4.724	0.000000	0.000000
1687925618283	1687925618273	-9.122	-2.076	-0.737	0.575	-1.572	-2.166	-1.901	2.253	-4.855	0.000000	0.000000
1687925618294	1687925618283	-8.983	-2.093	-0.575	0.682	-1.447	-2.161	-1.803	2.569	-4.803	0.000000	0.000000
1687925618303	1687925618295	-8.765	-1.961	-0.517	0.793	-1.313	-2.132	-1.712	2.813	-4.896	0.000000	0.000000
1687925618313	1687925618303	-8.638	-1.585	-0.505	0.911	-1.190	-2.076	-1.741	2.926	-4.875	0.000000	0.000000
1687925618323	1687925618313	-8.504	-1.374	-0.599	1.018	-1.069	-1.993	-1.707	3.187	-4.963	0.000000	0.000000
1687925618334	1687925618323	-8.121	-1.111	-0.678	1.100	-0.948	-1.894	-1.724	3.658	-5.071	0.000000	0.000000
1687925618343	1687925618335	-7.666	-0.886	-0.759	1.150	-0.852	-1.781	-1.745	3.958	-5.291	0.000000	0.000000
1687925618355	1687925618344	-7.405	-0.702	-0.728	1.152	-0.777	-1.664	-1.508	4.295	-5.492	0.000000	0.000000
1687925618364	1687925618355	-7.214	-0.553	-0.747	1.117	-0.690	-1.547	-1.147	4.563	-5.653	0.000000	0.000000
1687925618374	1687925618364	-7.226	-0.388	-0.752	1.057	-0.601	-1.423	-0.965	4.776	-5.691	0.000000	0.000000
1687925618383	1687925618374	-7.041	-0.237	-0.783	0.975	-0.506	-1.289	-0.886	4.963	-5.811	0.000000	0.000000
1687925618394	1687925618384	-7.020	-0.175	-0.828	0.885	-0.407	-1.133	-0.996	5.162	-5.902	0.000000	0.000000
1687925618404	1687925618394	-7.010	0.057	-0.776	0.792	-0.298	-0.960	-0.910	5.341	-6.019	0.000000	0.000000
1687925618415	1687925618404	-6.938	0.170	-0.666	0.691	-0.167	-0.775	-0.972	5.425	-6.139	0.000000	0.000000
1687925618424	1687925618415	-6.979	0.261	-0.515	0.585	-0.023	-0.571	-1.032	5.674	-6.148	0.000000	0.000000
1687925618435	1687925618424	-6.989	0.390	-0.318	0.484	0.145	-0.348	-1.013	5.794	-6.086	0.000000	0.000000
1687925618444	1687925618435	-7.025	0.373	-0.005	0.379	0.327	-0.120	-1.089	5.887	-5.974	0.000000	0.000000
1687925618454	1687925618444	-7.094	0.390	0.124	0.276	0.522	0.125	-1.111	6.012	-5.794	0.000000	0.000000
1687925618464	1687925618454	-8.119	0.242	0.055	0.187	0.729	0.375	-1.135	5.981	-5.483	0.000000	0.000000
1687925618475	1687925618464	-9.294	0.115	-0.069	0.108	0.966	0.629	-1.171	5.976	-5.339	0.000000	0.000000
1687925618484	1687925618475	-9.625	0.103	0.029	0.028	1.219	0.891	-2.131	5.792	-5.373	0.000000	0.000000
1687925618494	1687925618484	-9.723	-0.026	0.081	-0.079	1.431	1.172	-3.227	5.626	-5.449	0.000000	0.000000
1687925618504	1687925618494	-10.278	-0.196	0.227	-0.195	1.587	1.473	-3.421	5.547	-5.262	0.000000	0.000000
1687925618514	1687925618504	-11.090	-0.508	0.498	-0.298	1.779	1.746	-3.409	5.361	-5.136	0.000000	0.000000
1687925618524	1687925618514	-11.090	-0.508	0.498	-0.389	1.994	1.983	-3.788	5.100	-4.867	0.000000	0.000000
1687925618536	1687925618524	-11.432	-0.836	0.900	-0.389	1.994	1.983	-4.420	4.688	-4.463	0.000000	0.000000
1687925618544	1687925618537	-11.624	-1.219	1.326	-0.468	2.308	2.435	-4.219	4.573	-4.307	0.000000	0.000000
1687925618554	1687925618544	-11.878	-1.463	1.669	-0.468	2.308	2.435	-4.386	4.137	-3.764	0.000000	0.000000
1687925618564	1687925618554	-11.954	-1.530	1.937	-0.430	2.451	2.625	-4.288	3.553	-3.091	0.000000	0.000000
1687925618575	1687925618564	-11.787	-1.513	1.954	-0.349	2.555	2.767	-4.369	3.179	-2.595	0.000000	0.000000
1687925618584	1687925618575	-11.995	-1.348	1.791	-0.263	2.595	2.850	-4.226	2.931	-2.119	0.000000	0.000000
1687925618596	1687925618584	-12.263	-1.396	1.717	-0.187	2.583	2.875	-3.836	2.744	-1.887	0.000000	0.000000
1687925618604	1687925618596	-12.605	-1.492	1.707	-0.154	2.520	2.844	-3.828	2.691	-1.829	0.000000	0.000000
1687925618614	1687925618605	-12.922	-1.602	1.669	-0.195	2.402	2.781	-3.893	2.411	-1.683	0.000000	0.000000
1687925618624	1687925618614	-13.499	-1.748	1.688	-0.336	2.246	2.715	-4.029	2.057	-1.451	0.000000	0.000000
1687925618635	1687925618625	-14.104	-1.781	1.832	-0.573	2.098	2.646	-4.195	1.733	-1.298	0.000000	0.000000
1687925618644	1687925618636	-14.696	-1.836	1.788	-1.191	1.857	2.524	-4.621	1.358	-1.070	0.000000	0.000000
1687925618655	1687925618645	-14.724	-2.126	1.860	-1.191	1.857	2.524	-5.090	1.104	-0.721	0.000000	0.000000
1687925618664	1687925618655	-14.471	-2.291	1.915	-1.473	1.774	2.448	-5.555	0.828	-0.541	0.000000	0.000000
1687925618674	1687925618665	-13.827	-2.356	1.889	-1.677	1.715	2.364	-5.488	0.354	-0.290	0.000000	0.000000
