1687925628728	1687925628728	-10.800	-2.435	-1.087	0.522	-2.139	-2.037	-2.981	0.682	-4.154	0.000000	0.000000
1687925628728	1687925628728	-10.398	-2.294	-1.051	0.608	-2.001	-1.962	-2.763	0.912	-4.439	0.000000	0.000000
1687925628735	1687925628728	-10.080	-2.334	-0.998	0.672	-1.874	-1.907	-2.437	1.183	-4.705	0.000000	0.000000
1687925628746	1687925628735	-9.735	-2.322	-0.939	0.732	-1.746	-1.861	-2.167	1.451	-4.836	0.000000	0.000000
1687925628756	1687925628747	-9.687	-2.327	-0.895	0.793	-1.626	-1.819	-1.994	1.539	-4.963	0.000000	0.000000
1687925628769	1687925628756	-9.869	-2.150	-0.912	0.856	-1.515	-1.779	-1.793	1.671	-5.071	0.000000	0.000000
1687925628776	1687925628769	-9.823	-2.140	-0.857	0.920	-1.393	-1.732	-1.887	1.776	-5.188	0.000000	0.000000
1687925628785	1687925628776	-9.682	-1.999	-0.670	0.980	-1.268	-1.671	-2.210	2.054	-5.358	0.000000	0.000000
1687925628795	1687925628785	-9.474	-1.918	-0.709	1.041	-1.145	-1.594	-2.327	2.172	-5.478	0.000000	0.000000
1687925628805	1687925628795	-9.361	-1.669	-0.718	1.115	-1.012	-1.502	-2.291	2.375	-5.399	0.000000	0.000000
1687925628815	1687925628806	-9.045	-1.439	-0.960	1.203	-0.867	-1.403	-2.205	2.521	-5.564	0.000000	0.000000
1687925628826	1687925628815	-8.847	-0.984	-1.061	1.285	-0.732	-1.300	-2.195	2.820	-5.681	0.000000	0.000000
1687925628835	1687925628826	-8.657	-0.395	-1.046	1.338	-0.602	-1.190	-1.966	3.081	-6.014	0.000000	0.000000
1687925628845	1687925628835	-8.250	0.110	-0.931	1.340	-0.467	-1.076	-1.829	3.551	-6.189	0.000000	0.000000
1687925628855	1687925628845	-7.891	0.651	-0.754	1.267	-0.326	-0.958	-1.690	4.140	-6.242	0.000000	0.000000
1687925628866	1687925628855	-7.807	0.807	-0.472	1.111	-0.176	-0.831	-1.290	4.628	-6.153	0.000000	0.000000
1687925628875	1687925628866	-8.334	0.984	-0.388	0.903	-0.006	-0.701	-0.991	5.169	-6.055	0.000000	0.000000
1687925628886	1687925628875	-9.237	1.003	-0.601	0.671	0.183	-0.567	-0.955	5.325	-5.835	0.000000	0.000000
1687925628896	1687925628886	-9.048	1.369	-0.524	0.430	0.392	-0.408	-1.520	5.499	-5.801	0.000000	0.000000
1687925628905	1687925628896	-8.535	1.551	-0.280	0.187	0.590	-0.203	-2.435	5.521	-6.029	0.000000	0.000000
1687925628915	1687925628905	-8.614	1.379	0.093	-0.044	0.748	0.042	-2.243	5.892	-5.942	0.000000	0.000000
1687925628925	1687925628915	-8.961	1.319	0.321	-0.238	0.944	0.288	-1.709	6.079	-5.669	0.000000	0.000000
1687925628937	1687925628925	-8.926	1.353	0.555	-0.395	1.152	0.505	-1.745	5.906	-5.243	0.000000	0.000000
1687925628946	1687925628937	-8.801	1.389	0.874	-0.494	1.324	0.723	-2.030	5.837	-4.939	0.000000	0.000000
1687925628957	1687925628946	-8.789	1.403	1.238	-0.538	1.458	0.942	-1.906	5.854	-4.602	0.000000	0.000000
1687925628966	1687925628958	-9.349	1.298	1.554	-0.549	1.558	1.130	-1.676	5.859	-4.164	0.000000	0.000000
1687925628977	1687925628966	-10.041	1.030	1.870	-0.578	1.620	1.277	-1.532	5.823	-3.654	0.000000	0.000000
1687925628985	1687925628978	-10.537	0.776	2.047	-0.663	1.652	1.405	-1.973	5.660	-3.208	0.000000	0.000000
1687925628995	1687925628985	-10.973	0.591	2.105	-0.794	1.663	1.548	-2.521	5.318	-2.732	0.000000	0.000000
1687925629006	1687925628995	-11.803	0.381	1.915	-0.960	1.646	1.696	-2.895	4.994	-2.416	0.000000	0.000000
1687925629016	1687925629006	-12.620	0.275	1.693	-1.144	1.618	1.829	-3.194	4.726	-2.198	0.000000	0.000000
1687925629025	1687925629016	-13.230	-0.086	1.580	-1.346	1.574	1.930	-3.886	4.422	-2.217	0.000000	0.000000
1687925629035	1687925629025	-13.369	-0.534	1.525	-1.570	1.515	2.007	-4.551	4.207	-2.248	0.000000	0.000000
1687925629045	1687925629035	-13.010	-0.939	1.537	-1.792	1.465	2.071	-5.040	3.752	-2.198	0.000000	0.000000
1687925629055	1687925629045	-12.723	-1.295	1.422	-1.990	1.433	2.131	-5.047	3.194	-2.069	0.000000	0.000000
1687925629067	1687925629055	-12.299	-1.346	1.338	-2.118	1.432	2.186	-4.561	2.679	-1.867	0.000000	0.000000
1687925629075	1687925629068	-11.921	-1.537	1.343	-2.176	1.451	2.217	-4.149	2.207	-1.791	0.000000	0.000000
1687925629086	1687925629075	-11.526	-1.729	1.310	-2.183	1.483	2.225	-3.606	2.033	-1.678	0.000000	0.000000
1687925629096	1687925629086	-11.238	-1.913	1.221	-2.149	1.525	2.226	-3.089	1.686	-1.434	0.000000	0.000000
1687925629106	1687925629097	-11.198	-2.016	1.149	-2.090	1.569	2.221	-2.605	1.381	-1.307	0.000000	0.000000
1687925629116	1687925629106	-11.157	-2.265	1.283	-2.002	1.611	2.219	-2.212	1.051	-1.192	0.000000	0.000000
1687925629127	1687925629116	-11.181	-2.258	1.329	-1.883	1.642	2.235	-2.071	0.795	-1.063	0.000000	0.000000
1687925629137	1687925629127	-11.341	-2.354	1.324	-1.741	1.654	2.269	-1.935	0.385	-0.725	0.000000	0.000000
1687925629146	1687925629138	-11.554	-2.203	1.389	-1.602	1.655	2.324	-1.870	0.220	-0.479	0.000000	0.000000
1687925629156	1687925629146	-11.727	-2.246	1.568	-1.475	1.659	2.387	-1.939	-0.074	-0.268	0.000000	0.000000
1687925629168	1687925629156	-11.746	-2.210	1.647	-1.387	1.660	2.454	-2.085	-0.098	-0.031	0.000000	0.000000
1687925629176	1687925629168	-11.502	-2.411	1.688	-1.352	1.659	2.520	-2.188	-0.350	0.333	0.000000	0.000000
1687925629188	1687925629176	-11.387	-2.478	1.848	-1.366	1.662	2.582	-2.145	-0.532	0.596	0.000000	0.000000
1687925629196	1687925629188	-11.473	-2.540	1.848	-1.403	1.673	2.619	-1.839	-0.986	0.836	0.000000	0.000000
1687925629206	1687925629196	-11.451	-2.823	1.982	-1.447	1.686	2.646	-1.683	-1.269	1.156	0.000000	0.000000
1687925629216	1687925629206	-11.272	-3.110	1.987	-1.491	1.696	2.663	-1.724	-1.626	1.369	0.000000	0.000000
1687925629226	1687925629217	-11.313	-3.321	2.155	-1.525	1.703	2.669	-1.676	-2.136	1.664	0.000000	0.000000
1687925629236	1687925629226	-11.262	-3.397	2.365	-1.532	1.708	2.667	-1.480	-2.682	1.841	0.000000	0.000000
1687925629247	1687925629236	-11.389	-3.565	2.665	-1.488	1.713	2.649	-1.511	-3.153	2.181	0.000000	0.000000
1687925629256	1687925629247	-11.334	-3.943	3.062	-1.414	1.712	2.615	-1.460	-3.493	2.559	0.000000	0.000000
1687925629270	1687925629256	-11.337	-4.271	3.484	-1.310	1.693	2.569	-1.599	-3.924	3.024	0.000000	0.000000
1687925629278	1687925629270	-11.396	-4.396	3.984	-1.173	1.668	2.512	-1.566	-4.590	3.598	0.000000	0.000000
1687925629286	1687925629278	-11.435	-4.513	4.482	-1.004	1.629	2.447	-1.595	-5.152	4.159	0.000000	0.000000
1687925629296	1687925629286	-11.447	-4.762	4.846	-0.819	1.582	2.375	-1.697	-5.555	4.824	0.000000	0.000000
1687925629309	1687925629297	-11.416	-5.006	5.183	-0.628	1.527	2.280	-1.776	-5.892	5.454	0.000000	0.000000
1687925629318	1687925629309	-11.298	-5.066	5.229	-0.454	1.442	2.153	-1.841	-6.381	5.957	0.000000	0.000000
1687925629327	1687925629318	-11.083	-5.136	5.102	-0.327	1.326	1.996	-1.867	-6.850	6.431	0.000000	0.000000
1687925629338	1687925629327	-11.021	-5.112	4.970	-0.263	1.186	1.804	-1.817	-7.142	6.618	0.000000	0.000000
1687925629348	1687925629339	-11.940	-5.428	4.997	-0.280	1.027	1.575	-1.657	-7.386	6.596	0.000000	0.000000
1687925629358	1687925629348	-14.116	-5.923	5.605	-0.370	0.869	1.312	-1.657	-7.535	6.570	0.000000	0.000000
1687925629370	1687925629359	-15.124	-6.393	6.337	-0.464	0.754	1.032	-2.631	-8.004	6.685	0.000000	0.000000
1687925629376	1687925629370	-14.301	-6.711	6.601	-0.467	0.674	0.757	-4.858	-8.626	7.365	0.000000	0.000000
1687925629387	1687925629377	-13.388	-6.584	6.402	-0.345	0.558	0.507	-5.909	-9.201	8.155	0.000000	0.000000
1687925629397	1687925629387	-13.245	-6.242	6.031	-0.116	0.436	0.279	-5.126	-9.613	8.475	0.000000	0.000000
1687925629410	1687925629397	-12.754	-5.856	5.918	0.134	0.308	0.040	-4.233	-9.529	8.310	0.000000	0.000000
1687925629417	1687925629410	-11.619	-5.418	5.657	0.345	0.155	-0.203	-4.106	-9.213	7.975	0.000000	0.000000
1687925629428	1687925629417	-10.671	-5.004	5.504	0.511	-0.040	-0.442	-3.622	-8.827	7.896	0.000000	0.000000
1687925629439	1687925629428	-10.245	-4.673	5.320	0.628	-0.271	-0.677	-2.485	-8.365	7.659	0.000000	0.000000
1687925629447	1687925629439	-10.159	-4.417	5.042	0.716	-0.470	-0.921	-1.523	-7.901	7.518	0.000000	0.000000
1687925629457	1687925629447	-10.312	-4.197	4.824	0.794	-0.657	-1.175	-1.068	-7.487	7.324	0.000000	0.000000
1687925629468	1687925629457	-10.384	-3.977	4.401	0.886	-0.834	-1.425	-0.950	-7.142	7.025	0.000000	0.000000
1687925629477	1687925629468	-10.566	-3.728	4.149	0.988	-1.019	-1.635	-1.061	-6.797	6.768	0.000000	0.000000
1687925629489	1687925629477	-10.946	-3.457	3.608	1.095	-1.194	-1.812	-1.080	-6.428	6.290	0.000000	0.000000
1687925629497	1687925629490	-11.418	-3.316	3.278	1.181	-1.359	-1.958	-1.195	-5.974	5.952	0.000000	0.000000
1687925629510	1687925629498	-11.873	-3.144	2.789	1.245	-1.498	-2.079	-1.525	-5.552	5.339	0.000000	0.000000
1687925629520	1687925629511	-11.940	-3.031	2.516	1.290	-1.618	-2.189	-1.925	-5.164	4.882	0.000000	0.000000
1687925629528	1687925629520	-11.669	-2.866	2.243	1.304	-1.752	-2.259	-2.332	-4.817	4.298	0.000000	0.000000
1687925629542	1687925629528	-11.449	-2.765	1.836	1.299	-1.880	-2.305	-2.337	-4.453	3.876	0.000000	0.000000
1687925629553	1687925629543	-11.332	-2.619	1.616	1.285	-1.989	-2.352	-2.014	-4.053	3.452	0.000000	0.000000
1687925629560	1687925629553	-11.207	-2.648	1.302	1.266	-2.070	-2.399	-1.748	-3.716	2.875	0.000000	0.000000
1687925629574	1687925629561	-11.272	-2.591	0.965	1.244	-2.138	-2.452	-1.592	-3.330	2.473	0.000000	0.000000
1687925629581	1687925629574	-11.408	-2.574	0.797	1.230	-2.194	-2.500	-1.434	-3.091	1.944	0.000000	0.000000
1687925629591	1687925629582	-11.928	-2.679	0.680	1.221	-2.244	-2.530	-1.482	-2.811	1.422	0.000000	0.000000
1687925629605	1687925629592	-12.871	-2.521	0.658	1.202	-2.277	-2.556	-1.607	-2.519	1.020	0.000000	0.000000
1687925629612	1687925629605	-13.637	-2.370	0.615	1.183	-2.309	-2.572	-2.128	-2.401	0.702	0.000000	0.000000
1687925629640	1687925629612	-13.910	-2.186	0.488	1.141	-2.341	-2.583	-3.084	-1.992	0.453	0.000000	0.000000
1687925629641	1687925629640	-14.080	-2.124	0.287	1.071	-2.387	-2.593	-3.874	-1.595	0.177	0.000000	0.000000
1687925629641	1687925629641	-13.985	-2.030	0.012	0.954	-2.448	-2.591	-4.187	-1.140	-0.211	0.000000	0.000000
1687925629649	1687925629641	-13.824	-1.865	-0.163	0.801	-2.513	-2.593	-4.403	-0.860	-0.632	0.000000	0.000000
1687925629660	1687925629649	-13.534	-1.870	-0.366	0.605	-2.585	-2.602	-4.369	-0.527	-1.156	0.000000	0.000000
1687925629674	1687925629660	-13.273	-1.949	-0.448	0.368	-2.650	-2.619	-4.283	-0.122	-1.585	0.000000	0.000000
1687925629681	1687925629674	-12.912	-2.126	-0.591	0.121	-2.695	-2.649	-4.082	0.108	-2.045	0.000000	0.000000
1687925629690	1687925629681	-12.692	-2.296	-0.733	-0.099	-2.710	-2.685	-3.924	0.268	-2.385	0.000000	0.000000
1687925629701	1687925629691	-12.452	-2.478	-0.733	-0.270	-2.688	-2.718	-3.704	0.383	-2.830	0.000000	0.000000
1687925629711	1687925629701	-12.337	-2.547	-0.833	-0.367	-2.627	-2.744	-3.591	0.412	-3.170	0.000000	0.000000
1687925629722	1687925629711	-12.421	-2.521	-0.721	-0.384	-2.538	-2.762	-3.498	0.484	-3.405	0.000000	0.000000
1687925629733	1687925629722	-12.421	-2.521	-0.721	-0.335	-2.414	-2.770	-3.541	0.668	-3.725	0.000000	0.000000
1687925629741	1687925629734	-12.203	-2.567	-0.618	-0.226	-2.271	-2.757	-3.792	0.946	-3.821	0.000000	0.000000
1687925629750	1687925629741	-12.203	-2.567	-0.618	-0.072	-2.121	-2.723	-3.970	1.192	-4.017	0.000000	0.000000
1687925629762	1687925629751	-12.100	-2.411	-0.601	-0.072	-2.121	-2.723	-3.953	1.410	-4.113	0.000000	0.000000
1687925629774	1687925629763	-11.708	-2.236	-0.455	0.319	-1.815	-2.612	-4.120	1.611	-4.266	0.000000	0.000000
1687925629782	1687925629774	-11.329	-2.236	-0.625	0.514	-1.681	-2.536	-4.214	1.987	-4.415	0.000000	0.000000
1687925629794	1687925629782	-10.939	-1.839	-0.824	0.514	-1.681	-2.536	-4.010	2.354	-4.424	0.000000	0.000000
1687925629813	1687925629794	-10.195	-1.432	-1.132	0.694	-1.563	-2.457	-3.836	2.543	-4.762	0.000000	0.000000
1687925629814	1687925629814	-9.493	-0.950	-1.405	0.837	-1.465	-2.364	-3.620	3.091	-5.095	0.000000	0.000000
1687925629842	1687925629815	-8.959	-0.345	-1.693	0.922	-1.389	-2.253	-3.086	3.658	-5.567	0.000000	0.000000
1687925629842	1687925629842	-8.447	0.393	-1.741	0.932	-1.310	-2.129	-2.552	4.257	-5.971	0.000000	0.000000
1687925629843	1687925629842	-8.080	1.070	-1.659	0.877	-1.218	-1.988	-2.219	4.985	-6.416	0.000000	0.000000
1687925629852	1687925629843	-7.736	1.348	-1.393	0.753	-1.100	-1.826	-1.867	5.808	-6.589	0.000000	0.000000
1687925629860	1687925629853	-7.709	1.290	-0.948	0.611	-0.943	-1.631	-1.686	6.582	-6.646	0.000000	0.000000
1687925629872	1687925629860	-8.049	1.338	-0.601	0.483	-0.755	-1.420	-1.499	6.936	-6.493	0.000000	0.000000
1687925629882	1687925629873	-8.880	1.326	-0.785	0.321	-0.276	-0.886	-1.626	6.955	-6.148	0.000000	0.000000
1687925629890	1687925629882	-8.950	1.652	-0.898	0.321	-0.276	-0.886	-2.076	7.058	-5.866	0.000000	0.000000
1687925629901	1687925629892	-8.473	1.889	-0.788	0.239	0.001	-0.551	-2.978	7.084	-6.088	0.000000	0.000000
1687925629912	1687925629901	-8.183	1.966	-0.496	0.103	0.260	-0.187	-3.108	7.441	-6.232	0.000000	0.000000
1687925629919	1687925629913	-8.454	1.817	-0.467	-0.064	0.522	0.175	-2.662	7.697	-6.136	0.000000	0.000000
1687925629929	1687925629920	-8.724	1.494	-0.366	-0.221	0.793	0.500	-2.368	7.781	-5.835	0.000000	0.000000
1687925629939	1687925629930	-8.722	1.252	-0.007	-0.351	1.041	0.793	-2.583	7.616	-5.763	0.000000	0.000000
1687925629950	1687925629940	-8.794	1.094	0.321	-0.442	1.245	1.082	-2.780	7.271	-5.602	0.000000	0.000000
1687925629959	1687925629950	-9.304	0.807	0.553	-0.492	1.407	1.349	-2.670	6.993	-5.155	0.000000	0.000000
1687925629971	1687925629959	-9.768	0.632	0.749	-0.533	1.549	1.580	-2.607	6.788	-4.721	0.000000	0.000000
1687925629979	1687925629972	-10.266	0.419	0.924	-0.624	1.660	1.952	-2.964	6.436	-4.369	0.000000	0.000000
1687925629990	1687925629980	-10.661	0.168	1.183	-0.624	1.660	1.952	-3.254	6.177	-4.039	0.000000	0.000000
1687925630003	1687925629991	-11.100	-0.242	1.358	-0.685	1.649	2.100	-3.510	5.830	-3.680	0.000000	0.000000
1687925630009	1687925630003	-11.564	-0.481	1.425	-0.777	1.619	2.237	-3.733	5.468	-3.287	0.000000	0.000000
1687925630020	1687925630009	-12.043	-0.797	1.362	-0.885	1.583	2.371	-3.986	4.942	-2.962	0.000000	0.000000
1687925630029	1687925630021	-12.543	-1.065	1.247	-0.994	1.553	2.496	-4.269	4.573	-2.739	0.000000	0.000000
1687925630039	1687925630030	-13.008	-1.396	1.240	-1.106	1.537	2.610	-4.566	4.118	-2.638	0.000000	0.000000
1687925630049	1687925630040	-13.245	-1.714	1.173	-1.218	1.538	2.710	-4.884	3.699	-2.588	0.000000	0.000000
1687925630059	1687925630050	-13.302	-1.999	1.152	-1.323	1.558	2.805	-5.150	3.191	-2.406	0.000000	0.000000
1687925630071	1687925630059	-13.214	-2.241	1.216	-1.405	1.613	2.894	-5.229	2.720	-2.315	0.000000	0.000000
1687925630079	1687925630071	-12.981	-2.351	1.247	-1.436	1.688	2.970	-5.112	2.253	-2.152	0.000000	0.000000
1687925630091	1687925630079	-12.713	-2.320	1.331	-1.414	1.789	3.021	-4.851	1.815	-1.896	0.000000	0.000000
1687925630100	1687925630091	-12.524	-2.533	1.372	-1.351	1.900	3.046	-4.434	1.477	-1.645	0.000000	0.000000
1687925630110	1687925630100	-12.443	-2.581	1.393	-1.249	2.007	3.048	-4.017	1.310	-1.377	0.000000	0.000000
1687925630122	1687925630111	-12.342	-2.851	1.611	-1.131	2.107	3.030	-3.658	0.840	-1.099	0.000000	0.000000
1687925630131	1687925630122	-12.301	-3.079	1.796	-1.007	2.183	3.005	-3.443	0.572	-0.879	0.000000	0.000000
1687925630141	1687925630132	-12.323	-3.103	1.903	-0.869	2.235	2.992	-3.206	0.053	-0.436	0.000000	0.000000
1687925630153	1687925630141	-12.414	-3.019	2.035	-0.718	2.264	2.987	-3.041	-0.431	-0.024	0.000000	0.000000
1687925630162	1687925630153	-12.433	-2.880	2.222	-0.579	2.285	2.977	-2.947	-0.718	0.314	0.000000	0.000000
1687925630173	1687925630163	-12.440	-2.911	2.373	-0.446	2.297	2.965	-2.938	-0.905	0.675	0.000000	0.000000
1687925630181	1687925630174	-12.220	-2.995	2.492	-0.319	2.279	2.943	-2.854	-1.099	1.135	0.000000	0.000000
1687925630193	1687925630181	-12.026	-3.010	2.727	-0.217	2.242	2.905	-2.804	-1.353	1.470	0.000000	0.000000
1687925630207	1687925630193	-11.911	-2.892	2.875	-0.151	2.199	2.859	-2.514	-1.776	1.858	0.000000	0.000000
1687925630213	1687925630208	-11.937	-2.823	2.940	-0.149	2.151	2.806	-2.284	-2.016	2.270	0.000000	0.000000
1687925630241	1687925630214	-11.930	-2.816	3.129	-0.225	2.101	2.748	-2.133	-2.205	2.655	0.000000	0.000000
1687925630242	1687925630241	-11.954	-2.899	3.275	-0.349	2.051	2.678	-2.143	-2.382	2.911	0.000000	0.000000
1687925630242	1687925630242	-11.825	-3.079	3.381	-0.507	1.993	2.604	-2.131	-2.698	3.347	0.000000	0.000000
1687925630252	1687925630242	-11.691	-3.213	3.584	-0.681	1.932	2.517	-2.160	-3.019	3.675	0.000000	0.000000
1687925630261	1687925630252	-11.430	-3.587	3.859	-0.843	1.858	2.409	-2.047	-3.457	3.974	0.000000	0.000000
1687925630275	1687925630261	-11.049	-4.037	4.077	-0.960	1.758	2.288	-1.939	-3.843	4.362	0.000000	0.000000
1687925630282	1687925630276	-10.748	-4.257	4.252	-1.024	1.637	2.155	-1.712	-4.458	4.812	0.000000	0.000000
1687925630292	1687925630283	-10.477	-4.520	4.585	-1.043	1.521	2.020	-1.372	-5.140	5.193	0.000000	0.000000
1687925630302	1687925630292	-10.245	-4.800	4.836	-1.012	1.404	1.884	-1.125	-5.624	5.540	0.000000	0.000000
1687925630311	1687925630302	-10.032	-4.980	5.040	-0.924	1.272	1.739	-0.895	-6.055	5.978	0.000000	0.000000
1687925630322	1687925630311	-9.833	-5.104	5.368	-0.788	1.133	1.583	-0.713	-6.529	6.349	0.000000	0.000000
1687925630334	1687925630323	-9.711	-5.320	5.416	-0.630	1.015	1.418	-0.551	-6.888	6.656	0.000000	0.000000
1687925630343	1687925630334	-9.613	-5.358	5.468	-0.459	0.888	1.253	-0.402	-7.175	7.075	0.000000	0.000000
1687925630353	1687925630343	-9.570	-5.274	5.361	-0.281	0.776	1.079	-0.328	-7.535	7.207	0.000000	0.000000
1687925630362	1687925630353	-9.728	-5.088	5.246	-0.109	0.671	0.885	-0.280	-7.712	7.338	0.000000	0.000000
1687925630375	1687925630363	-9.797	-5.116	5.126	0.034	0.568	0.677	-0.273	-7.724	7.290	0.000000	0.000000
1687925630383	1687925630376	-10.228	-5.167	5.104	0.144	0.468	0.468	-0.467	-7.621	7.233	0.000000	0.000000
1687925630394	1687925630384	-11.382	-5.296	5.193	0.228	0.374	0.263	-0.565	-7.712	7.168	0.000000	0.000000
1687925630411	1687925630395	-13.276	-5.677	5.581	0.294	0.298	0.067	-1.020	-7.805	7.197	0.000000	0.000000
1687925630412	1687925630412	-14.461	-5.861	6.187	0.364	0.238	-0.100	-2.188	-7.954	7.321	0.000000	0.000000
1687925630441	1687925630412	-14.274	-5.950	6.309	0.491	0.216	-0.254	-4.092	-8.334	7.750	0.000000	0.000000
1687925630441	1687925630441	-14.281	-5.746	5.806	0.693	0.122	-0.363	-5.279	-8.502	8.384	0.000000	0.000000
1687925630442	1687925630441	-14.770	-5.571	5.440	0.913	-0.037	-0.472	-5.090	-8.557	8.538	0.000000	0.000000
1687925630454	1687925630442	-14.466	-5.160	4.911	1.115	-0.199	-0.612	-5.090	-8.305	8.064	0.000000	0.000000
1687925630462	1687925630454	-13.400	-4.683	4.302	1.262	-0.418	-0.784	-5.567	-8.066	7.719	0.000000	0.000000
1687925630475	1687925630463	-12.414	-4.039	3.974	1.328	-0.734	-0.970	-5.243	-7.573	7.197	0.000000	0.000000
1687925630482	1687925630475	-11.399	-3.481	3.661	1.295	-1.059	-1.178	-4.147	-6.984	6.579	0.000000	0.000000
1687925630493	1687925630483	-10.666	-3.251	3.510	1.153	-1.344	-1.422	-3.124	-6.232	6.218	0.000000	0.000000
1687925630502	1687925630493	-10.259	-3.189	3.117	0.937	-1.578	-1.697	-2.057	-5.521	5.825	0.000000	0.000000
1687925630515	1687925630503	-10.455	-3.349	2.892	0.707	-1.737	-1.990	-1.274	-5.150	5.581	0.000000	0.000000
1687925630524	1687925630515	-10.997	-3.314	2.670	0.533	-1.841	-2.263	-0.804	-4.908	5.057	0.000000	0.000000
1687925630534	1687925630525	-11.662	-3.270	2.401	0.450	-1.910	-2.503	-0.936	-4.867	4.678	0.000000	0.000000
1687925630544	1687925630534	-12.354	-3.352	2.164	0.456	-1.957	-2.690	-1.403	-4.561	4.252	0.000000	0.000000
1687925630555	1687925630545	-13.175	-3.450	1.994	0.524	-2.002	-2.815	-2.021	-4.319	3.843	0.000000	0.000000
1687925630565	1687925630557	-13.647	-3.196	1.784	0.656	-2.054	-2.889	-2.658	-4.108	3.400	0.000000	0.000000
1687925630578	1687925630565	-14.032	-2.971	1.568	0.836	-2.127	-2.931	-3.443	-3.955	3.057	0.000000	0.000000
1687925630583	1687925630578	-14.454	-2.693	1.274	1.013	-2.221	-2.939	-3.883	-3.383	2.629	0.000000	0.000000
1687925630594	1687925630585	-14.708	-2.435	1.032	1.119	-2.329	-2.925	-4.252	-2.895	2.227	0.000000	0.000000
1687925630604	1687925630595	-14.782	-2.377	0.845	1.157	-2.441	-2.900	-4.669	-2.236	1.647	0.000000	0.000000
1687925630618	1687925630618	-14.578	-2.330	0.529	1.134	-2.562	-2.881	-4.932	-1.745	1.219	0.000000	0.000000
1687925630647	1687925630618	-14.193	-2.200	0.266	1.037	-2.678	-2.860	-5.028	-1.405	0.783	0.000000	0.000000
1687925630647	1687925630647	-13.843	-2.100	0.050	0.914	-2.783	-2.841	-4.860	-1.080	0.204	0.000000	0.000000
1687925630647	1687925630647	-13.542	-2.184	-0.175	0.761	-2.848	-2.842	-4.527	-0.678	-0.330	0.000000	0.000000
1687925630654	1687925630648	-13.175	-2.174	-0.407	0.584	-2.877	-2.844	-4.245	-0.309	-0.828	0.000000	0.000000
1687925630664	1687925630654	-12.694	-2.274	-0.553	0.425	-2.886	-2.859	-4.037	-0.103	-1.369	0.000000	0.000000
1687925630674	1687925630665	-12.467	-2.385	-0.711	0.315	-2.864	-2.871	-3.761	0.139	-1.858	0.000000	0.000000
1687925630685	1687925630675	-12.270	-2.392	-0.769	0.258	-2.820	-2.878	-3.395	0.299	-2.286	0.000000	0.000000
1687925630694	1687925630685	-12.198	-2.509	-0.852	0.246	-2.756	-2.874	-3.299	0.448	-2.717	0.000000	0.000000
1687925630704	1687925630695	-12.134	-2.452	-0.939	0.265	-2.676	-2.844	-3.263	0.723	-3.065	0.000000	0.000000
1687925630713	1687925630704	-12.069	-2.387	-1.022	0.309	-2.583	-2.795	-3.335	0.831	-3.378	0.000000	0.000000
1687925630723	1687925630715	-12.208	-2.325	-1.034	0.358	-2.483	-2.724	-3.457	1.156	-3.733	0.000000	0.000000
1687925630733	1687925630723	-12.158	-2.145	-1.051	0.387	-2.379	-2.633	-3.553	1.429	-4.025	0.000000	0.000000
1687925630743	1687925630733	-11.949	-2.131	-1.041	0.390	-2.266	-2.534	-3.876	1.709	-4.262	0.000000	0.000000
1687925630754	1687925630743	-11.442	-2.136	-1.085	0.368	-2.149	-2.421	-4.015	2.093	-4.489	0.000000	0.000000
1687925630763	1687925630755	-11.068	-2.054	-1.020	0.330	-2.024	-2.301	-3.996	2.298	-4.681	0.000000	0.000000
1687925630774	1687925630764	-10.417	-2.138	-1.087	0.308	-1.888	-2.187	-3.677	2.468	-4.908	0.000000	0.000000
1687925630785	1687925630774	-9.867	-2.215	-1.020	0.319	-1.743	-2.090	-3.510	2.732	-5.030	0.000000	0.000000
1687925630793	1687925630785	-9.395	-2.090	-0.895	0.365	-1.597	-2.000	-3.024	2.782	-5.239	0.000000	0.000000
1687925630805	1687925630793	-8.856	-2.073	-0.778	0.431	-1.447	-1.908	-2.670	2.859	-5.329	0.000000	0.000000
1687925630816	1687925630805	-8.411	-1.963	-0.737	0.516	-1.291	-1.819	-2.354	3.098	-5.325	0.000000	0.000000
1687925630843	1687925630816	-8.200	-1.765	-0.833	0.616	-1.136	-1.725	-1.980	3.227	-5.329	0.000000	0.000000
1687925630845	1687925630844	-7.908	-1.518	-0.888	0.731	-0.981	-1.626	-1.690	3.438	-5.404	0.000000	0.000000
1687925630845	1687925630845	-7.551	-1.238	-1.068	0.850	-0.828	-1.511	-1.642	3.730	-5.619	0.000000	0.000000
1687925630854	1687925630846	-7.288	-0.907	-1.305	0.951	-0.690	-1.384	-1.475	4.041	-5.770	0.000000	0.000000
1687925630864	1687925630854	-6.953	-0.429	-1.377	1.020	-0.562	-1.258	-1.243	4.374	-6.050	0.000000	0.000000
1687925630876	1687925630865	-6.670	-0.060	-1.310	1.032	-0.431	-1.128	-1.092	4.745	-6.383	0.000000	0.000000
1687925630883	1687925630876	-6.517	0.314	-1.156	0.971	-0.299	-0.990	-0.867	5.250	-6.555	0.000000	0.000000
1687925630895	1687925630885	-6.412	0.491	-0.953	0.853	-0.161	-0.847	-0.661	5.634	-6.565	0.000000	0.000000
1687925630902	1687925630895	-6.531	0.472	-0.618	0.687	0.005	-0.691	-0.603	6.017	-6.507	0.000000	0.000000
1687925630931	1687925630903	-6.563	0.426	-0.350	0.503	0.191	-0.519	-0.543	6.196	-6.349	0.000000	0.000000
1687925630931	1687925630931	-6.673	0.275	-0.280	0.342	0.387	-0.326	-0.702	6.182	-6.055	0.000000	0.000000
1687925630933	1687925630931	-7.163	0.484	-0.093	0.227	0.589	-0.120	-0.752	6.139	-5.804	0.000000	0.000000
1687925630942	1687925630934	-8.308	0.419	-0.376	0.169	0.798	0.097	-0.860	5.988	-5.732	0.000000	0.000000
1687925630952	1687925630943	-9.524	0.575	-0.699	0.142	1.001	0.325	-1.326	6.191	-5.523	0.000000	0.000000
1687925630964	1687925630952	-9.766	0.874	-0.821	0.104	1.196	0.566	-2.416	6.110	-5.765	0.000000	0.000000
1687925630974	1687925630964	-9.747	0.800	-0.735	-0.032	1.337	0.820	-3.567	6.242	-6.043	0.000000	0.000000
1687925630983	1687925630975	-9.981	0.706	-0.232	-0.228	1.439	1.089	-3.716	6.500	-6.098	0.000000	0.000000
1687925630994	1687925630983	-10.333	0.093	0.373	-0.451	1.586	1.328	-3.579	6.378	-5.928	0.000000	0.000000
1687925631003	1687925630995	-10.683	-0.455	1.025	-0.643	1.764	1.566	-3.666	6.223	-5.313	0.000000	0.000000
1687925631014	1687925631003	-11.080	-0.704	1.583	-0.728	1.950	1.823	-3.881	5.555	-4.592	0.000000	0.000000
1687925631023	1687925631014	-11.315	-0.723	1.875	-0.711	2.147	2.089	-4.044	4.927	-3.776	0.000000	0.000000
1687925631033	1687925631023	-11.605	-0.560	1.853	-0.630	2.341	2.349	-4.269	4.599	-3.065	0.000000	0.000000
1687925631042	1687925631033	-12.024	-0.486	1.875	-0.536	2.501	2.578	-4.298	4.468	-2.588	0.000000	0.000000
1687925631053	1687925631043	-12.359	-0.632	1.992	-0.479	2.610	2.744	-4.365	4.489	-2.409	0.000000	0.000000
1687925631061	1687925631053	-12.570	-0.895	2.014	-0.457	2.658	2.855	-4.551	4.398	-2.176	0.000000	0.000000
1687925631073	1687925631062	-13.115	-1.085	1.966	-0.476	2.639	2.917	-4.652	4.061	-1.839	0.000000	0.000000
1687925631082	1687925631073	-13.889	-1.211	1.906	-0.541	2.585	2.953	-4.611	3.570	-1.566	0.000000	0.000000
1687925631092	1687925631082	-14.751	-1.465	2.004	-0.649	2.523	2.981	-4.961	3.184	-1.403	0.000000	0.000000
1687925631102	1687925631093	-15.234	-1.870	2.016	-0.784	2.442	2.996	-5.507	2.808	-1.202	0.000000	0.000000
1687925631113	1687925631102	-15.541	-2.265	2.224	-0.908	2.338	2.990	-6.196	2.344	-0.888	0.000000	0.000000
1687925631123	1687925631114	-15.299	-2.454	2.279	-0.998	2.224	2.963	-6.500	1.702	-0.637	0.000000	0.000000
1687925631135	1687925631123	-15.050	-2.564	2.296	-1.058	2.131	2.919	-6.644	1.068	-0.192	0.000000	0.000000
1687925631144	1687925631136	-14.811	-2.629	2.274	-1.086	2.067	2.866	-6.242	0.611	0.117	0.000000	0.000000
1687925631154	1687925631144	-14.305	-2.739	2.272	-1.084	2.039	2.795	-5.875	0.280	0.335	0.000000	0.000000
1687925631164	1687925631154	-13.793	-2.966	2.172	-1.051	2.029	2.710	-5.521	-0.026	0.534	0.000000	0.000000
1687925631177	1687925631165	-13.340	-2.796	2.203	-0.994	2.032	2.629	-4.913	-0.381	0.749	0.000000	0.000000
1687925631185	1687925631178	-12.833	-2.705	2.109	-0.930	2.037	2.558	-4.312	-0.850	0.864	0.000000	0.000000
1687925631196	1687925631186	-12.565	-2.837	2.160	-0.880	2.044	2.490	-3.780	-0.917	1.109	0.000000	0.000000
1687925631205	1687925631196	-12.323	-2.921	2.066	-0.855	2.054	2.440	-3.196	-1.111	1.269	0.000000	0.000000
1687925631216	1687925631205	-12.091	-2.727	2.210	-0.787	2.037	2.393	-2.885	-1.429	1.489	0.000000	0.000000
1687925631231	1687925631217	-11.873	-2.782	2.270	-0.690	1.999	2.340	-2.598	-1.769	1.626	0.000000	0.000000
1687925631235	1687925631232	-11.619	-2.923	2.404	-0.600	1.940	2.297	-2.337	-1.781	1.956	0.000000	0.000000
1687925631243	1687925631235	-11.435	-2.830	2.523	-0.519	1.880	2.268	-2.095	-2.088	2.236	0.000000	0.000000
1687925631254	1687925631244	-11.207	-2.670	2.617	-0.452	1.826	2.238	-1.829	-2.433	2.545	0.000000	0.000000
1687925631264	1687925631254	-10.942	-2.682	2.686	-0.421	1.779	2.206	-1.640	-2.607	2.887	0.000000	0.000000
1687925631276	1687925631265	-10.719	-2.631	2.763	-0.432	1.724	2.177	-1.417	-2.646	3.144	0.000000	0.000000
1687925631285	1687925631278	-10.690	-2.741	2.863	-0.495	1.674	2.136	-1.164	-2.875	3.385	0.000000	0.000000
1687925631296	1687925631285	-10.635	-2.859	2.966	-0.600	1.643	2.082	-0.962	-3.041	3.630	0.000000	0.000000
1687925631305	1687925631297	-10.527	-3.002	3.108	-0.728	1.615	2.026	-0.962	-3.385	3.907	0.000000	0.000000
1687925631316	1687925631305	-10.427	-3.141	3.225	-0.842	1.577	1.966	-0.939	-3.692	4.149	0.000000	0.000000
1687925631324	1687925631317	-10.393	-3.510	3.479	-0.938	1.527	1.911	-0.874	-4.061	4.456	0.000000	0.000000
1687925631336	1687925631326	-10.288	-3.761	3.709	-0.983	1.471	1.846	-0.814	-4.381	4.700	0.000000	0.000000
1687925631346	1687925631337	-9.960	-4.183	3.977	-0.969	1.396	1.763	-0.828	-4.946	5.088	0.000000	0.000000
1687925631357	1687925631346	-9.610	-4.451	4.362	-0.894	1.299	1.673	-0.778	-5.392	5.444	0.000000	0.000000
1687925631366	1687925631358	-9.239	-4.647	4.671	-0.756	1.192	1.569	-0.505	-5.997	5.827	0.000000	0.000000
1687925631378	1687925631367	-9.155	-4.812	5.080	-0.574	1.069	1.455	-0.211	-6.440	6.318	0.000000	0.000000
1687925631386	1687925631379	-8.930	-4.635	5.246	-0.375	0.924	1.362	0.096	-6.814	6.732	0.000000	0.000000
1687925631395	1687925631386	-9.012	-4.628	5.425	-0.182	0.810	1.230	0.129	-7.113	7.221	0.000000	0.000000
1687925631407	1687925631395	-8.892	-4.609	5.502	-0.024	0.704	1.068	0.297	-7.084	7.470	0.000000	0.000000
1687925631422	1687925631407	-9.036	-4.542	5.495	0.079	0.606	0.881	0.172	-7.183	7.714	0.000000	0.000000
1687925631425	1687925631422	-9.103	-4.501	5.392	0.130	0.505	0.674	0.247	-7.262	7.853	0.000000	0.000000
1687925631435	1687925631425	-9.294	-4.477	5.229	0.131	0.393	0.456	0.065	-7.274	7.903	0.000000	0.000000
1687925631459	1687925631459	-9.366	-4.360	5.133	0.097	0.275	0.230	-0.034	-7.295	7.855	0.000000	0.000000
1687925631459	1687925631459	-9.359	-4.334	4.937	0.039	0.150	0.002	-0.244	-7.307	7.728	0.000000	0.000000
1687925631467	1687925631460	-9.457	-4.508	4.666	-0.013	0.016	-0.220	-0.330	-7.207	7.659	0.000000	0.000000
1687925631477	1687925631467	-10.027	-4.774	4.477	-0.028	-0.111	-0.436	-0.328	-7.180	7.477	0.000000	0.000000
1687925631485	1687925631477	-11.593	-4.990	4.683	0.018	-0.230	-0.652	-0.419	-7.336	7.209	0.000000	0.000000
1687925631496	1687925631485	-13.403	-5.066	5.126	0.116	-0.327	-0.855	-0.974	-7.563	7.008	0.000000	0.000000
1687925631507	1687925631496	-14.308	-4.918	5.227	0.263	-0.404	-1.014	-2.512	-7.707	7.190	0.000000	0.000000
1687925631516	1687925631507	-14.700	-4.793	4.882	0.447	-0.519	-1.112	-4.298	-7.719	7.611	0.000000	0.000000
1687925631525	1687925631516	-15.862	-4.489	4.518	0.651	-0.691	-1.199	-5.167	-7.470	7.683	0.000000	0.000000
1687925631536	1687925631525	-16.527	-4.262	4.092	0.814	-0.872	-1.285	-5.519	-7.233	7.302	0.000000	0.000000
1687925631545	1687925631536	-15.622	-3.996	3.359	0.915	-1.052	-1.392	-6.637	-6.804	6.888	0.000000	0.000000
1687925631555	1687925631546	-14.681	-3.680	2.832	0.949	-1.321	-1.500	-7.252	-6.438	6.400	0.000000	0.000000
1687925631564	1687925631555	-14.265	-3.510	2.471	0.902	-1.633	-1.604	-6.290	-6.007	5.581	0.000000	0.000000
1687925631577	1687925631564	-13.949	-3.491	2.260	0.786	-1.886	-1.752	-5.296	-5.545	4.958	0.000000	0.000000
1687925631587	1687925631577	-13.841	-3.579	2.215	0.630	-2.072	-1.943	-4.817	-5.205	4.460	0.000000	0.000000
1687925631599	1687925631587	-13.997	-3.718	2.093	0.498	-2.206	-2.156	-4.436	-5.006	4.082	0.000000	0.000000
1687925631608	1687925631599	-14.241	-3.618	1.834	0.443	-2.283	-2.386	-4.259	-4.879	3.828	0.000000	0.000000
1687925631622	1687925631608	-14.293	-3.508	1.635	0.476	-2.324	-2.618	-4.362	-4.824	3.522	0.000000	0.000000
1687925631626	1687925631622	-14.339	-3.481	1.350	0.582	-2.340	-2.844	-4.542	-4.439	3.002	0.000000	0.000000
1687925631661	1687925631626	-14.226	-3.452	0.891	0.727	-2.348	-3.049	-4.556	-4.096	2.605	0.000000	0.000000
1687925631662	1687925631661	-14.432	-3.323	0.493	0.898	-2.365	-3.211	-4.568	-3.788	2.093	0.000000	0.000000
1687925631663	1687925631662	-14.449	-3.122	0.105	1.086	-2.401	-3.345	-4.436	-3.455	1.405	0.000000	0.000000
1687925631668	1687925631663	-14.107	-2.763	-0.122	1.274	-2.452	-3.436	-4.638	-3.007	0.773	0.000000	0.000000
1687925631679	1687925631668	-13.901	-2.523	-0.390	1.467	-2.528	-3.486	-4.669	-2.478	0.146	0.000000	0.000000
1687925631686	1687925631679	-13.702	-2.385	-0.587	1.593	-2.588	-3.528	-4.360	-1.750	-0.354	0.000000	0.000000
1687925631696	1687925631686	-13.554	-2.318	-0.795	1.655	-2.639	-3.538	-4.197	-1.209	-0.860	0.000000	0.000000
1687925631706	1687925631696	-13.295	-1.968	-0.848	1.695	-2.683	-3.510	-4.075	-0.706	-1.358	0.000000	0.000000
1687925631718	1687925631707	-13.178	-1.776	-0.972	1.713	-2.727	-3.459	-4.005	-0.347	-1.820	0.000000	0.000000
1687925631726	1687925631718	-13.127	-1.633	-0.982	1.669	-2.748	-3.383	-3.852	0.314	-2.164	0.000000	0.000000
1687925631736	1687925631727	-12.960	-1.645	-1.109	1.563	-2.750	-3.286	-3.859	0.804	-2.586	0.000000	0.000000
1687925631746	1687925631737	-12.742	-1.583	-1.094	1.406	-2.731	-3.170	-3.965	1.259	-2.926	0.000000	0.000000
1687925631756	1687925631747	-12.627	-1.626	-1.137	1.217	-2.704	-3.037	-3.938	1.487	-3.321	0.000000	0.000000
1687925631766	1687925631757	-12.373	-1.626	-1.245	1.013	-2.666	-2.893	-3.888	1.800	-3.596	0.000000	0.000000
1687925631778	1687925631766	-12.112	-1.721	-1.281	0.817	-2.615	-2.745	-3.950	1.990	-3.919	0.000000	0.000000
1687925631787	1687925631778	-11.756	-1.824	-1.245	0.632	-2.552	-2.591	-3.881	2.210	-4.293	0.000000	0.000000
1687925631796	1687925631787	-11.428	-1.925	-1.252	0.458	-2.480	-2.439	-3.812	2.318	-4.580	0.000000	0.000000
1687925631806	1687925631796	-11.214	-1.903	-1.329	0.310	-2.396	-2.290	-3.689	2.444	-4.827	0.000000	0.000000
1687925631819	1687925631806	-11.040	-1.889	-1.338	0.183	-2.303	-2.149	-3.519	2.485	-5.009	0.000000	0.000000
1687925631827	1687925631820	-10.642	-2.011	-1.240	0.070	-2.197	-2.013	-3.500	2.674	-5.286	0.000000	0.000000
1687925631857	1687925631827	-10.230	-2.114	-1.231	-0.037	-2.074	-1.881	-3.519	2.844	-5.480	0.000000	0.000000
1687925631858	1687925631857	-9.797	-2.172	-1.252	-0.121	-1.945	-1.759	-3.311	2.868	-5.547	0.000000	0.000000
1687925631858	1687925631858	-9.428	-2.224	-1.197	-0.166	-1.806	-1.643	-3.084	2.904	-5.686	0.000000	0.000000
1687925631866	1687925631859	-9.072	-2.344	-1.286	-0.165	-1.655	-1.544	-2.847	2.988	-5.851	0.000000	0.000000
1687925631878	1687925631866	-8.626	-2.346	-1.209	-0.128	-1.502	-1.458	-2.631	3.045	-5.902	0.000000	0.000000
1687925631886	1687925631878	-8.222	-2.346	-1.238	-0.054	-1.349	-1.384	-2.435	3.036	-6.093	0.000000	0.000000
1687925631897	1687925631887	-7.985	-2.263	-1.223	0.051	-1.191	-1.324	-2.140	3.136	-6.108	0.000000	0.000000
1687925631906	1687925631898	-7.803	-2.155	-1.159	0.172	-1.029	-1.277	-1.894	3.237	-6.227	0.000000	0.000000
1687925631915	1687925631906	-7.726	-2.033	-1.137	0.294	-0.859	-1.236	-1.776	3.393	-6.282	0.000000	0.000000
1687925631926	1687925631917	-7.740	-2.030	-1.109	0.414	-0.685	-1.194	-1.733	3.577	-6.299	0.000000	0.000000
1687925631937	1687925631927	-7.695	-1.798	-1.156	0.534	-0.503	-1.137	-1.760	3.752	-6.340	0.000000	0.000000
1687925631947	1687925631937	-7.661	-1.516	-1.132	0.663	-0.316	-1.060	-1.879	3.804	-6.376	0.000000	0.000000
1687925631959	1687925631947	-7.503	-1.192	-1.188	0.799	-0.121	-0.966	-1.927	4.075	-6.483	0.000000	0.000000
1687925631967	1687925631959	-7.259	-0.656	-1.152	0.921	0.078	-0.849	-1.982	4.384	-6.522	0.000000	0.000000
1687925631977	1687925631968	-6.912	-0.084	-1.046	1.010	0.277	-0.710	-1.875	4.717	-6.622	0.000000	0.000000
1687925631985	1687925631977	-6.591	0.338	-0.804	1.057	0.481	-0.553	-1.686	5.250	-6.646	0.000000	0.000000
1687925631995	1687925631985	-6.361	0.692	-0.618	1.078	0.690	-0.386	-1.360	5.808	-6.577	0.000000	0.000000
1687925632005	1687925631995	-6.457	0.922	-0.395	1.074	0.898	-0.214	-1.046	6.196	-6.376	0.000000	0.000000
1687925632016	1687925632005	-7.106	1.051	-0.340	1.032	1.106	-0.033	-0.802	6.517	-6.211	0.000000	0.000000
1687925632024	1687925632016	-7.944	1.113	-0.103	0.943	1.324	0.161	-0.860	6.699	-6.002	0.000000	0.000000
1687925632035	1687925632024	-8.813	1.166	-0.045	0.801	1.548	0.382	-1.448	6.771	-5.942	0.000000	0.000000
1687925632045	1687925632035	-9.924	0.998	0.177	0.619	1.762	0.652	-2.195	6.766	-5.681	0.000000	0.000000
1687925632055	1687925632045	-10.965	0.812	0.539	0.421	1.977	0.962	-2.969	6.759	-5.583	0.000000	0.000000
1687925632065	1687925632056	-11.830	0.560	0.735	0.235	2.187	1.277	-3.946	6.519	-5.291	0.000000	0.000000
1687925632077	1687925632066	-12.345	0.333	1.070	0.066	2.373	1.588	-4.827	6.251	-4.834	0.000000	0.000000
1687925632086	1687925632077	-12.395	0.024	1.472	-0.066	2.519	1.880	-5.507	5.906	-4.513	0.000000	0.000000
1687925632095	1687925632087	-12.062	-0.165	1.949	-0.137	2.590	2.115	-5.816	5.574	-4.029	0.000000	0.000000
1687925632105	1687925632096	-11.882	-0.254	2.160	-0.170	2.597	2.287	-5.598	5.119	-3.421	0.000000	0.000000
1687925632115	1687925632105	-11.887	-0.314	2.440	-0.184	2.562	2.402	-5.080	4.817	-2.796	0.000000	0.000000
1687925632126	1687925632116	-12.091	-0.357	2.516	-0.206	2.505	2.473	-4.666	4.575	-2.392	0.000000	0.000000
1687925632138	1687925632127	-12.419	-0.479	2.581	-0.279	2.436	2.509	-4.444	4.348	-1.915	0.000000	0.000000
1687925632148	1687925632139	-13.005	-0.591	2.394	-0.432	2.364	2.545	-4.427	4.125	-1.640	0.000000	0.000000
1687925632156	1687925632148	-13.731	-0.797	2.301	-0.687	2.304	2.582	-4.547	3.821	-1.374	0.000000	0.000000
1687925632167	1687925632156	-14.617	-1.041	2.219	-1.008	2.257	2.613	-4.915	3.503	-1.334	0.000000	0.000000
1687925632179	1687925632167	-15.127	-1.556	2.085	-1.352	2.216	2.644	-5.473	3.129	-1.233	0.000000	0.000000
1687925632188	1687925632179	-15.452	-1.772	1.978	-1.657	2.183	2.673	-6.182	2.701	-1.087	0.000000	0.000000
1687925632199	1687925632188	-15.239	-2.028	1.887	-1.883	2.160	2.709	-6.524	2.004	-0.982	0.000000	0.000000
1687925632207	1687925632199	-14.966	-2.207	1.846	-2.032	2.138	2.739	-6.677	1.585	-0.819	0.000000	0.000000
1687925632222	1687925632208	-14.480	-2.387	1.844	-2.110	2.131	2.762	-6.333	1.159	-0.682	0.000000	0.000000
1687925632228	1687925632222	-13.944	-2.622	1.717	-2.148	2.136	2.772	-5.911	0.764	-0.443	0.000000	0.000000
1687925632253	1687925632228	-13.388	-2.782	1.760	-2.158	2.138	2.773	-5.310	0.397	-0.215	0.000000	0.000000
1687925632253	1687925632253	-13.084	-2.911	1.781	-2.145	2.136	2.777	-4.659	-0.048	-0.089	0.000000	0.000000
1687925632258	1687925632253	-12.878	-3.062	1.781	-2.122	2.128	2.784	-3.998	-0.431	0.206	0.000000	0.000000
1687925632267	1687925632258	-12.737	-3.476	2.025	-2.082	2.122	2.779	-3.601	-0.792	0.476	0.000000	0.000000
1687925632278	1687925632267	-12.445	-3.405	2.064	-2.007	2.109	2.776	-3.316	-1.183	0.723	0.000000	0.000000
1687925632287	1687925632280	-12.409	-3.385	2.184	-1.851	2.089	2.761	-3.093	-1.896	1.255	0.000000	0.000000
1687925632298	1687925632288	-12.306	-3.618	2.184	-1.666	2.064	2.743	-2.756	-2.028	1.480	0.000000	0.000000
1687925632307	1687925632298	-11.949	-3.534	2.330	-1.467	2.040	2.737	-2.670	-2.320	1.870	0.000000	0.000000
1687925632318	1687925632308	-11.753	-3.582	2.411	-1.234	2.010	2.721	-2.540	-2.763	2.045	0.000000	0.000000
1687925632329	1687925632318	-11.396	-3.587	2.497	-1.007	1.963	2.689	-2.162	-2.974	2.421	0.000000	0.000000
1687925632339	1687925632329	-11.116	-3.481	2.665	-0.817	1.913	2.651	-1.958	-3.290	2.703	0.000000	0.000000
1687925632349	1687925632339	-10.700	-3.424	2.902	-0.678	1.855	2.601	-1.607	-3.589	3.005	0.000000	0.000000
1687925632359	1687925632350	-10.546	-3.385	3.129	-0.593	1.792	2.531	-1.338	-3.723	3.340	0.000000	0.000000
1687925632368	1687925632360	-10.345	-3.438	3.345	-0.551	1.730	2.435	-0.946	-3.924	3.754	0.000000	0.000000
1687925632382	1687925632370	-10.163	-3.481	3.527	-0.550	1.668	2.319	-0.826	-4.137	4.154	0.000000	0.000000
1687925632387	1687925632382	-9.984	-3.560	3.687	-0.589	1.596	2.194	-0.663	-4.432	4.532	0.000000	0.000000
1687925632400	1687925632388	-10.056	-3.725	3.785	-0.652	1.516	2.064	-0.529	-4.707	4.870	0.000000	0.000000
1687925632409	1687925632401	-10.168	-3.998	4.096	-0.717	1.432	1.923	-0.412	-5.049	5.203	0.000000	0.000000
1687925632424	1687925632409	-10.108	-4.324	4.456	-0.761	1.345	1.773	-0.529	-5.380	5.409	0.000000	0.000000
1687925632428	1687925632425	-9.871	-4.556	4.901	-0.771	1.252	1.629	-0.699	-5.847	5.844	0.000000	0.000000
1687925632461	1687925632429	-9.718	-4.726	5.176	-0.745	1.158	1.487	-0.699	-6.354	6.316	0.000000	0.000000
1687925632462	1687925632461	-9.718	-4.726	5.176	-0.671	1.057	1.345	-0.520	-6.754	6.862	0.000000	0.000000
1687925632462	1687925632462	-9.859	-4.920	5.294	-0.550	0.926	1.207	-0.424	-7.077	7.228	0.000000	0.000000
1687925632469	1687925632463	-9.883	-4.920	5.377	-0.550	0.926	1.207	-0.484	-7.230	7.319	0.000000	0.000000
1687925632479	1687925632469	-9.828	-4.829	5.349	-0.409	0.797	1.037	-0.670	-7.535	7.501	0.000000	0.000000
1687925632489	1687925632479	-9.826	-4.642	5.219	-0.246	0.461	0.646	-0.747	-7.659	7.654	0.000000	0.000000
1687925632500	1687925632489	-9.833	-4.432	4.930	-0.246	0.461	0.646	-0.740	-7.671	7.685	0.000000	0.000000
1687925632508	1687925632500	-9.737	-4.343	4.664	-0.281	0.272	0.431	-0.771	-7.556	7.594	0.000000	0.000000
1687925632518	1687925632508	-9.720	-4.355	4.324	-0.392	0.082	0.209	-0.804	-7.403	7.336	0.000000	0.000000
1687925632528	1687925632519	-9.728	-4.513	3.960	-0.544	-0.106	-0.018	-0.730	-7.365	7.089	0.000000	0.000000
1687925632538	1687925632528	-10.642	-4.851	3.663	-0.688	-0.268	-0.247	-0.721	-7.400	6.744	0.000000	0.000000
1687925632549	1687925632538	-12.153	-5.227	3.915	-0.787	-0.391	-0.465	-0.725	-7.570	6.354	0.000000	0.000000
1687925632559	1687925632549	-13.254	-5.490	4.235	-0.804	-0.447	-0.668	-1.626	-7.903	6.012	0.000000	0.000000
1687925632569	1687925632560	-14.186	-5.727	4.290	-0.705	-0.492	-0.825	-3.115	-8.255	6.203	0.000000	0.000000
1687925632581	1687925632570	-15.230	-5.741	4.334	-0.496	-0.534	-0.964	-4.185	-8.475	6.460	0.000000	0.000000
1687925632589	1687925632581	-15.704	-5.428	3.713	0.106	-0.666	-1.185	-5.078	-8.648	6.443	0.000000	0.000000
1687925632598	1687925632589	-14.846	-4.930	3.021	0.106	-0.666	-1.185	-6.088	-8.593	6.431	0.000000	0.000000
1687925632609	1687925632599	-13.338	-4.257	2.624	0.356	-0.801	-1.317	-6.510	-8.157	5.746	0.000000	0.000000
1687925632628	1687925632609	-11.729	-3.718	2.334	0.491	-1.009	-1.459	-5.612	-7.558	5.001	0.000000	0.000000
1687925632629	1687925632629	-10.441	-3.608	2.143	0.503	-1.213	-1.648	-4.053	-6.756	4.537	0.000000	0.000000
1687925632659	1687925632629	-9.852	-3.524	2.210	0.439	-1.377	-1.884	-2.389	-6.072	4.166	0.000000	0.000000
1687925632659	1687925632659	-9.972	-3.512	2.394	0.346	-1.472	-2.154	-1.032	-5.765	3.852	0.000000	0.000000
1687925632660	1687925632660	-10.250	-3.438	2.411	0.292	-1.499	-2.429	-0.393	-5.533	3.821	0.000000	0.000000
1687925632668	1687925632660	-10.712	-3.529	2.267	0.316	-1.497	-2.695	-0.443	-5.291	3.859	0.000000	0.000000
1687925632681	1687925632668	-11.490	-3.685	2.114	0.425	-1.483	-2.937	-0.666	-5.004	3.752	0.000000	0.000000
1687925632690	1687925632681	-12.469	-3.898	2.006	0.878	-1.432	-3.274	-1.063	-4.805	3.455	0.000000	0.000000
1687925632698	1687925632690	-13.439	-3.989	1.788	0.878	-1.432	-3.274	-1.793	-4.673	3.163	0.000000	0.000000
1687925632709	1687925632700	-14.444	-3.792	1.496	1.223	-1.443	-3.357	-2.725	-4.494	2.897	0.000000	0.000000
1687925632719	1687925632709	-15.469	-3.606	1.305	1.610	-1.492	-3.385	-3.673	-4.324	2.569	0.000000	0.000000
1687925632729	1687925632720	-15.850	-2.993	0.922	1.985	-1.570	-3.360	-4.662	-3.790	2.138	0.000000	0.000000
1687925632741	1687925632729	-15.775	-2.863	0.754	2.305	-1.701	-3.310	-5.686	-3.263	1.798	0.000000	0.000000
1687925632750	1687925632742	-15.512	-2.722	0.362	2.544	-1.866	-3.238	-6.076	-2.313	1.252	0.000000	0.000000
1687925632760	1687925632751	-15.225	-2.303	0.184	2.662	-2.026	-3.178	-6.026	-1.853	0.898	0.000000	0.000000
1687925632769	1687925632761	-14.830	-1.788	-0.175	2.674	-2.189	-3.098	-5.804	-1.365	0.273	0.000000	0.000000
1687925632782	1687925632770	-14.334	-1.669	-0.393	2.573	-2.345	-3.019	-5.564	-0.675	-0.115	0.000000	0.000000
1687925632791	1687925632782	-13.822	-1.822	-0.529	2.348	-2.470	-2.961	-5.231	0.124	-0.733	0.000000	0.000000
1687925632802	1687925632792	-13.266	-1.729	-0.785	2.070	-2.564	-2.926	-4.815	0.517	-1.228	0.000000	0.000000
1687925632810	1687925632802	-12.761	-1.626	-0.984	1.773	-2.638	-2.891	-4.405	0.646	-1.681	0.000000	0.000000
1687925632829	1687925632810	-12.330	-1.640	-1.056	1.467	-2.673	-2.859	-3.948	0.962	-2.203	0.000000	0.000000
1687925632830	1687925632829	-12.038	-1.788	-1.101	1.170	-2.677	-2.826	-3.577	1.329	-2.725	0.000000	0.000000
1687925632862	1687925632830	-11.818	-2.009	-1.147	0.914	-2.649	-2.795	-3.270	1.525	-3.055	0.000000	0.000000
1687925632863	1687925632863	-11.765	-2.181	-1.077	0.728	-2.596	-2.757	-3.127	1.604	-3.381	0.000000	0.000000
1687925632864	1687925632864	-11.952	-2.227	-1.001	0.623	-2.527	-2.698	-3.069	1.609	-3.692	0.000000	0.000000
1687925632869	1687925632865	-11.971	-2.267	-0.948	0.586	-2.441	-2.615	-3.189	1.657	-3.874	0.000000	0.000000
1687925632881	1687925632872	-12.136	-2.176	-0.965	0.591	-2.349	-2.506	-3.555	1.822	-4.037	0.000000	0.000000
1687925632890	1687925632881	-11.993	-2.107	-1.097	0.601	-2.249	-2.380	-3.780	1.999	-4.233	0.000000	0.000000
1687925632900	1687925632892	-11.526	-2.061	-1.180	0.599	-2.139	-2.248	-4.116	2.255	-4.446	0.000000	0.000000
1687925632912	1687925632901	-11.080	-2.021	-1.223	0.579	-2.029	-2.112	-4.178	2.507	-4.803	0.000000	0.000000
1687925632920	1687925632913	-10.606	-1.963	-1.214	0.551	-1.928	-1.984	-3.879	2.689	-5.061	0.000000	0.000000
1687925632928	1687925632921	-10.034	-1.966	-1.116	0.524	-1.828	-1.873	-3.615	2.866	-5.286	0.000000	0.000000
1687925632940	1687925632928	-9.510	-1.908	-1.099	0.497	-1.728	-1.774	-3.321	3.048	-5.444	0.000000	0.000000
1687925632950	1687925632940	-9.218	-1.863	-1.032	0.472	-1.616	-1.681	-2.957	3.179	-5.535	0.000000	0.000000
1687925632961	1687925632950	-8.938	-1.820	-0.984	0.442	-1.491	-1.599	-2.567	3.318	-5.638	0.000000	0.000000
1687925632970	1687925632961	-8.775	-1.753	-0.869	0.412	-1.355	-1.516	-2.454	3.467	-5.720	0.000000	0.000000
1687925632983	1687925632971	-8.600	-1.733	-0.723	0.379	-1.206	-1.436	-2.315	3.589	-5.782	0.000000	0.000000
1687925632993	1687925632983	-8.435	-1.693	-0.670	0.353	-1.042	-1.352	-2.315	3.742	-5.789	0.000000	0.000000
1687925633001	1687925632993	-8.171	-1.686	-0.596	0.351	-0.872	-1.262	-2.282	3.833	-5.741	0.000000	0.000000
1687925633013	1687925633001	-7.954	-1.595	-0.555	0.391	-0.696	-1.163	-2.270	3.955	-5.792	0.000000	0.000000
1687925633032	1687925633013	-7.676	-1.532	-0.491	0.483	-0.516	-1.048	-2.100	4.008	-5.775	0.000000	0.000000
1687925633032	1687925633032	-7.408	-1.147	-0.479	0.618	-0.341	-0.920	-1.985	4.149	-5.799	0.000000	0.000000
1687925633041	1687925633033	-7.094	-0.666	-0.527	0.770	-0.173	-0.782	-1.793	4.250	-5.794	0.000000	0.000000
1687925633050	1687925633042	-6.732	-0.366	-0.350	0.908	-0.009	-0.638	-1.566	4.645	-5.813	0.000000	0.000000
1687925633062	1687925633062	-6.424	0.156	-0.177	1.007	0.148	-0.487	-1.295	5.126	-5.906	0.000000	0.000000
1687925633069	1687925633062	-6.287	0.572	0.122	1.046	0.301	-0.340	-0.974	5.413	-5.789	0.000000	0.000000
1687925633079	1687925633069	-6.788	0.989	0.019	1.019	0.453	-0.199	-0.685	5.911	-5.660	0.000000	0.000000
1687925633089	1687925633079	-7.570	1.080	-0.208	0.933	0.606	-0.056	-0.551	6.290	-5.404	0.000000	0.000000
1687925633099	1687925633089	-7.664	1.355	-0.144	0.772	0.771	0.099	-1.037	6.661	-5.538	0.000000	0.000000
1687925633107	1687925633099	-7.508	1.489	0.148	0.508	0.914	0.283	-1.786	6.699	-5.787	0.000000	0.000000
1687925633119	1687925633109	-7.997	1.262	0.330	0.169	1.035	0.520	-1.836	6.929	-5.720	0.000000	0.000000
1687925633129	1687925633120	-8.854	0.883	0.448	-0.188	1.196	0.770	-1.607	7.015	-5.399	0.000000	0.000000
1687925633139	1687925633130	-8.938	0.441	0.543	-0.519	1.399	1.021	-2.018	6.752	-5.171	0.000000	0.000000
1687925633148	1687925633140	-8.904	0.230	0.706	-0.815	1.572	1.294	-2.768	6.335	-4.970	0.000000	0.000000
1687925633159	1687925633149	-9.488	0.067	0.905	-1.041	1.697	1.576	-2.722	5.859	-4.762	0.000000	0.000000
1687925633168	1687925633159	-10.226	-0.124	0.962	-1.200	1.835	1.824	-2.535	5.607	-4.456	0.000000	0.000000
1687925633181	1687925633169	-10.927	-0.383	1.295	-1.337	1.952	2.031	-2.950	5.397	-4.092	0.000000	0.000000
1687925633191	1687925633181	-11.643	-0.776	1.360	-1.444	2.006	2.221	-3.484	5.136	-3.828	0.000000	0.000000
1687925633201	1687925633191	-12.500	-0.977	1.417	-1.531	2.021	2.402	-4.005	4.810	-3.314	0.000000	0.000000
1687925633209	1687925633201	-13.465	-1.101	1.420	-1.609	2.006	2.583	-4.496	4.317	-3.012	0.000000	0.000000
1687925633224	1687925633210	-14.411	-1.310	1.645	-1.704	1.963	2.754	-5.169	4.017	-2.753	0.000000	0.000000
1687925633230	1687925633224	-15.081	-1.678	1.867	-1.836	1.911	2.919	-5.926	3.766	-2.523	0.000000	0.000000
1687925633247	1687925633230	-15.737	-2.097	2.152	-2.006	1.864	3.082	-6.663	3.412	-2.066	0.000000	0.000000
1687925633249	1687925633247	-15.704	-2.581	2.406	-2.170	1.837	3.244	-7.111	2.863	-1.583	0.000000	0.000000
1687925633259	1687925633249	-15.222	-2.763	2.435	-2.276	1.823	3.385	-7.587	2.282	-1.082	0.000000	0.000000
1687925633269	1687925633260	-14.902	-2.684	2.449	-2.304	1.822	3.486	-7.357	1.597	-0.584	0.000000	0.000000
1687925633282	1687925633270	-14.480	-2.909	2.399	-2.268	1.819	3.527	-6.685	1.195	-0.309	0.000000	0.000000
1687925633290	1687925633283	-13.968	-3.019	2.435	-2.180	1.790	3.493	-6.165	1.008	-0.024	0.000000	0.000000
1687925633300	1687925633291	-13.657	-2.950	2.303	-2.078	1.736	3.414	-5.590	0.551	0.141	0.000000	0.000000
1687925633310	1687925633300	-13.510	-3.038	2.116	-2.021	1.660	3.301	-4.879	0.093	0.479	0.000000	0.000000
1687925633321	1687925633311	-13.372	-3.074	1.980	-2.017	1.567	3.173	-4.475	-0.026	0.503	0.000000	0.000000
1687925633331	1687925633322	-13.259	-2.974	1.808	-2.051	1.461	3.037	-4.197	-0.414	0.546	0.000000	0.000000
1687925633342	1687925633331	-13.044	-2.981	1.731	-2.106	1.335	2.899	-3.955	-0.718	0.606	0.000000	0.000000
1687925633351	1687925633342	-12.567	-3.170	1.702	-2.158	1.197	2.755	-3.757	-0.879	0.618	0.000000	0.000000
1687925633361	1687925633352	-12.122	-3.347	1.702	-2.186	1.045	2.600	-3.469	-1.140	0.709	0.000000	0.000000
1687925633373	1687925633361	-11.708	-3.338	1.647	-2.194	0.896	2.439	-2.928	-1.597	0.848	0.000000	0.000000
1687925633384	1687925633374	-11.310	-3.270	1.554	-2.206	0.762	2.287	-2.442	-1.985	0.967	0.000000	0.000000
1687925633391	1687925633384	-10.977	-3.146	1.362	-2.235	0.639	2.138	-1.990	-2.195	1.027	0.000000	0.000000
1687925633404	1687925633391	-10.676	-3.182	1.207	-2.294	0.519	1.999	-1.566	-2.339	1.032	0.000000	0.000000
1687925633413	1687925633404	-10.599	-3.215	1.041	-2.381	0.408	1.861	-1.209	-2.433	0.929	0.000000	0.000000
1687925633428	1687925633413	-10.470	-3.266	0.881	-2.481	0.316	1.725	-0.893	-2.636	0.831	0.000000	0.000000
1687925633430	1687925633429	-10.386	-3.347	0.821	-2.575	0.235	1.592	-0.807	-2.861	0.721	0.000000	0.000000
1687925633447	1687925633430	-10.254	-3.448	0.792	-2.652	0.167	1.469	-0.673	-3.057	0.596	0.000000	0.000000
1687925633454	1687925633447	-10.068	-3.560	0.668	-2.704	0.114	1.362	-0.587	-3.287	0.563	0.000000	0.000000
1687925633461	1687925633454	-9.840	-3.584	0.541	-2.724	0.072	1.274	-0.453	-3.524	0.548	0.000000	0.000000
1687925633471	1687925633463	-9.697	-3.515	0.498	-2.709	0.039	1.191	-0.268	-3.764	0.431	0.000000	0.000000
1687925633479	1687925633471	-9.598	-3.474	0.481	-2.672	0.016	1.108	-0.043	-3.907	0.304	0.000000	0.000000
1687925633489	1687925633480	-9.237	-3.496	0.421	-2.629	-0.010	1.020	0.093	-3.960	0.254	0.000000	0.000000
1687925633499	1687925633489	-8.799	-3.491	0.333	-2.583	-0.042	0.931	0.187	-4.010	0.227	0.000000	0.000000
1687925633509	1687925633499	-8.705	-3.539	0.359	-2.545	-0.071	0.841	0.541	-4.135	0.148	0.000000	0.000000
1687925633520	1687925633509	-8.507	-3.361	0.352	-2.520	-0.090	0.751	0.974	-4.204	0.041	0.000000	0.000000
1687925633530	1687925633521	-8.430	-3.249	0.278	-2.508	-0.103	0.659	1.061	-4.319	0.041	0.000000	0.000000
1687925633541	1687925633530	-8.411	-3.215	0.280	-2.514	-0.110	0.561	1.255	-4.185	0.002	0.000000	0.000000
1687925633550	1687925633541	-8.614	-3.182	0.383	-2.546	-0.112	0.462	1.329	-4.089	-0.105	0.000000	0.000000
1687925633562	1687925633551	-8.945	-3.115	0.354	-2.597	-0.103	0.364	1.348	-4.039	-0.136	0.000000	0.000000
1687925633571	1687925633562	-9.280	-3.069	0.328	-2.651	-0.084	0.269	1.147	-3.965	-0.067	0.000000	0.000000
1687925633584	1687925633571	-9.577	-3.055	0.318	-2.702	-0.056	0.165	0.819	-3.838	-0.127	0.000000	0.000000
1687925633592	1687925633584	-9.845	-3.029	0.158	-2.756	-0.038	0.067	0.486	-3.723	-0.182	0.000000	0.000000
1687925633603	1687925633592	-10.156	-3.007	0.136	-2.815	-0.021	-0.020	0.194	-3.625	-0.213	0.000000	0.000000
1687925633612	1687925633603	-10.946	-3.100	0.098	-2.871	-0.005	-0.095	-0.067	-3.505	-0.397	0.000000	0.000000
1687925633627	1687925633613	-11.844	-3.251	0.266	-2.921	0.004	-0.158	-0.376	-3.397	-0.426	0.000000	0.000000
1687925633631	1687925633627	-11.937	-3.357	0.486	-2.946	0.022	-0.204	-1.164	-3.397	-0.474	0.000000	0.000000
1687925633648	1687925633631	-11.188	-3.457	0.790	-2.919	0.031	-0.219	-2.061	-3.517	-0.314	0.000000	0.000000
1687925633651	1687925633648	-10.321	-3.424	0.979	-2.821	0.015	-0.200	-2.155	-3.582	-0.098	0.000000	0.000000
1687925633660	1687925633651	-9.708	-3.165	1.001	-2.636	0.006	-0.175	-1.403	-3.649	0.201	0.000000	0.000000
1687925633671	1687925633661	-9.141	-2.866	1.044	-2.407	0.015	-0.177	-0.536	-3.572	0.385	0.000000	0.000000
1687925633682	1687925633671	-8.859	-2.258	0.958	-2.188	0.017	-0.204	0.074	-3.282	0.405	0.000000	0.000000
1687925633692	1687925633684	-9.012	-1.800	1.085	-2.031	0.009	-0.244	0.642	-2.952	0.445	0.000000	0.000000
1687925633703	1687925633692	-9.105	-1.635	1.353	-1.951	0.005	-0.301	0.927	-2.310	0.359	0.000000	0.000000
1687925633712	1687925633704	-9.400	-1.609	1.458	-1.936	0.005	-0.365	0.773	-1.815	0.488	0.000000	0.000000
1687925633722	1687925633712	-9.792	-1.575	1.640	-1.961	0.007	-0.418	0.680	-1.611	0.757	0.000000	0.000000
