1687925618684	1687925618681	-13.103	-2.258	1.834	-1.802	1.677	2.271	-5.131	-0.026	-0.014	0.000000	0.000000
1687925618694	1687925618684	-12.474	-2.332	1.796	-1.863	1.662	2.180	-4.410	-0.263	0.134	0.000000	0.000000
1687925618704	1687925618694	-12.009	-2.346	1.614	-1.888	1.668	2.094	-3.615	-0.350	0.275	0.000000	0.000000
1687925618716	1687925618705	-11.552	-2.248	1.525	-1.894	1.669	2.023	-2.921	-0.603	0.429	0.000000	0.000000
1687925618724	1687925618716	-11.502	-2.399	1.470	-1.896	1.652	1.977	-2.401	-0.795	0.438	0.000000	0.000000
1687925618736	1687925618724	-11.492	-2.253	1.362	-1.902	1.626	1.957	-1.896	-0.871	0.536	0.000000	0.000000
1687925618745	1687925618736	-11.547	-2.198	1.417	-1.857	1.559	1.929	-1.800	-1.214	0.685	0.000000	0.000000
1687925618755	1687925618745	-11.648	-2.354	1.506	-1.857	1.559	1.929	-1.762	-1.228	0.737	0.000000	0.000000
1687925618765	1687925618755	-11.765	-2.490	1.611	-1.817	1.508	1.924	-1.788	-1.369	0.979	0.000000	0.000000
1687925618776	1687925618765	-11.514	-2.557	1.767	-1.751	1.467	1.932	-1.870	-1.688	1.219	0.000000	0.000000
1687925618785	1687925618776	-11.164	-2.667	1.779	-1.666	1.418	1.957	-1.975	-2.009	1.482	0.000000	0.000000
1687925618795	1687925618785	-10.975	-2.832	1.956	-1.561	1.352	1.995	-1.714	-2.265	1.786	0.000000	0.000000
1687925618805	1687925618795	-10.867	-2.880	2.064	-1.429	1.296	2.028	-1.362	-2.607	1.970	0.000000	0.000000
1687925618815	1687925618805	-10.877	-2.921	2.210	-1.299	1.267	2.045	-1.176	-2.931	2.253	0.000000	0.000000
1687925618825	1687925618815	-10.776	-2.950	2.282	-1.185	1.227	2.051	-1.077	-3.203	2.497	0.000000	0.000000
1687925618837	1687925618825	-10.513	-2.902	2.399	-1.091	1.183	2.040	-1.101	-3.431	2.749	0.000000	0.000000
1687925618845	1687925618837	-10.226	-3.036	2.471	-1.020	1.141	2.004	-1.022	-3.687	2.945	0.000000	0.000000
1687925618855	1687925618845	-10.053	-3.256	2.488	-0.968	1.095	1.947	-0.785	-3.845	3.168	0.000000	0.000000
1687925618865	1687925618855	-9.816	-3.479	2.631	-0.914	1.041	1.874	-0.534	-4.223	3.359	0.000000	0.000000
1687925618875	1687925618865	-9.560	-3.697	2.859	-0.853	0.979	1.775	-0.390	-4.602	3.452	0.000000	0.000000
1687925618885	1687925618875	-9.335	-3.816	2.933	-0.786	0.920	1.664	-0.189	-5.013	3.682	0.000000	0.000000
1687925618896	1687925618885	-9.357	-3.893	3.067	-0.720	0.854	1.553	0.024	-5.413	3.991	0.000000	0.000000
1687925618905	1687925618896	-9.462	-3.905	3.189	-0.652	0.781	1.455	0.208	-5.701	4.140	0.000000	0.000000
1687925618915	1687925618905	-9.711	-4.087	3.359	-0.569	0.743	1.327	0.146	-5.935	4.341	0.000000	0.000000
1687925618925	1687925618915	-9.895	-4.152	3.428	-0.489	0.689	1.184	-0.002	-6.108	4.527	0.000000	0.000000
1687925618936	1687925618925	-10.106	-4.187	3.417	-0.428	0.617	1.024	-0.287	-6.409	4.750	0.000000	0.000000
1687925618945	1687925618936	-10.240	-4.159	3.342	-0.396	0.520	0.854	-0.510	-6.591	4.872	0.000000	0.000000
1687925618956	1687925618945	-10.278	-4.039	3.361	-0.402	0.414	0.681	-0.754	-6.730	4.908	0.000000	0.000000
1687925618968	1687925618956	-10.274	-4.168	3.373	-0.456	0.304	0.503	-0.922	-6.795	4.875	0.000000	0.000000
1687925618976	1687925618968	-10.285	-4.269	3.364	-0.541	0.205	0.330	-0.982	-6.740	4.920	0.000000	0.000000
1687925618985	1687925618976	-10.240	-4.451	3.345	-0.611	0.127	0.161	-0.998	-6.926	4.949	0.000000	0.000000
1687925618995	1687925618985	-10.135	-4.422	3.419	-0.628	0.077	-0.005	-1.022	-7.063	4.944	0.000000	0.000000
1687925619005	1687925618996	-10.645	-4.673	3.414	-0.584	0.040	-0.173	-0.982	-7.269	4.918	0.000000	0.000000
1687925619017	1687925619005	-12.076	-4.968	3.859	-0.492	0.044	-0.334	-0.879	-7.250	4.982	0.000000	0.000000
1687925619025	1687925619017	-13.367	-5.423	4.448	-0.329	0.095	-0.481	-1.384	-7.494	4.966	0.000000	0.000000
1687925619037	1687925619025	-13.556	-5.571	4.800	-0.078	0.153	-0.599	-2.808	-7.767	5.401	0.000000	0.000000
1687925619046	1687925619037	-13.398	-5.210	4.580	0.261	0.116	-0.688	-4.085	-8.179	5.990	0.000000	0.000000
1687925619056	1687925619046	-13.465	-4.820	4.147	0.659	0.010	-0.773	-4.262	-8.277	6.352	0.000000	0.000000
1687925619066	1687925619056	-13.259	-4.254	3.776	1.035	-0.130	-0.877	-4.085	-7.841	6.151	0.000000	0.000000
1687925619077	1687925619066	-12.215	-3.649	3.261	1.328	-0.293	-1.009	-4.135	-7.377	5.734	0.000000	0.000000
1687925619086	1687925619077	-11.186	-3.017	2.909	1.484	-0.547	-1.162	-3.905	-6.711	5.377	0.000000	0.000000
1687925619096	1687925619086	-10.511	-2.574	2.638	1.506	-0.843	-1.329	-2.832	-5.990	4.867	0.000000	0.000000
1687925619106	1687925619096	-10.355	-2.466	2.564	1.403	-1.101	-1.513	-1.760	-5.198	4.494	0.000000	0.000000
1687925619116	1687925619106	-10.604	-2.705	2.521	1.208	-1.288	-1.721	-1.051	-4.635	4.185	0.000000	0.000000
1687925619126	1687925619116	-10.867	-3.069	2.444	0.996	-1.412	-1.949	-0.845	-4.348	4.025	0.000000	0.000000
1687925619138	1687925619126	-11.451	-3.124	2.363	0.844	-1.495	-2.164	-1.049	-4.424	3.891	0.000000	0.000000
1687925619146	1687925619138	-12.225	-3.266	2.243	0.789	-1.572	-2.362	-1.257	-4.568	3.682	0.000000	0.000000
1687925619156	1687925619146	-13.029	-3.385	1.829	0.827	-1.611	-2.529	-1.800	-4.427	3.484	0.000000	0.000000
1687925619166	1687925619156	-13.798	-3.268	1.786	0.930	-1.636	-2.661	-2.516	-4.259	3.177	0.000000	0.000000
1687925619177	1687925619166	-14.413	-3.077	1.583	1.075	-1.665	-2.765	-3.292	-4.178	2.643	0.000000	0.000000
1687925619186	1687925619177	-14.576	-2.993	1.247	1.228	-1.729	-2.836	-4.032	-3.792	2.447	0.000000	0.000000
1687925619197	1687925619186	-14.351	-2.756	0.879	1.328	-1.807	-2.865	-4.626	-3.326	2.085	0.000000	0.000000
1687925619206	1687925619197	-13.927	-2.332	0.529	1.370	-1.917	-2.854	-4.779	-2.959	1.580	0.000000	0.000000
1687925619216	1687925619206	-13.623	-2.253	0.335	1.366	-2.028	-2.828	-4.554	-2.437	1.032	0.000000	0.000000
1687925619226	1687925619216	-13.012	-2.186	0.115	1.302	-2.121	-2.810	-4.144	-1.705	0.469	0.000000	0.000000
1687925619237	1687925619226	-12.548	-2.061	-0.041	1.219	-2.217	-2.806	-3.862	-1.379	0.089	0.000000	0.000000
1687925619246	1687925619237	-12.254	-2.205	-0.160	1.144	-2.307	-2.814	-3.287	-1.044	-0.350	0.000000	0.000000
1687925619257	1687925619246	-11.971	-2.176	-0.304	1.049	-2.345	-2.816	-2.871	-0.654	-0.737	0.000000	0.000000
1687925619266	1687925619257	-11.770	-2.267	-0.359	0.963	-2.360	-2.814	-2.646	-0.508	-1.120	0.000000	0.000000
1687925619276	1687925619266	-11.835	-2.217	-0.651	0.913	-2.365	-2.801	-2.433	-0.247	-1.484	0.000000	0.000000
1687925619286	1687925619276	-12.050	-2.219	-0.694	0.885	-2.341	-2.775	-2.330	-0.057	-1.808	0.000000	0.000000
1687925619296	1687925619286	-12.402	-2.155	-0.745	0.869	-2.298	-2.732	-2.485	0.213	-2.318	0.000000	0.000000
1687925619306	1687925619297	-12.850	-2.215	-0.773	0.860	-2.249	-2.672	-2.813	0.453	-2.602	0.000000	0.000000
1687925619317	1687925619306	-12.811	-2.128	-0.776	0.845	-2.188	-2.599	-3.287	0.752	-2.887	0.000000	0.000000
1687925619326	1687925619318	-12.627	-2.150	-0.850	0.822	-2.134	-2.511	-3.867	0.915	-3.146	0.000000	0.000000
1687925619338	1687925619326	-12.273	-2.073	-0.895	0.782	-2.081	-2.407	-3.967	1.211	-3.371	0.000000	0.000000
1687925619346	1687925619338	-11.815	-2.037	-0.939	0.734	-2.017	-2.298	-3.943	1.408	-3.682	0.000000	0.000000
1687925619357	1687925619346	-11.286	-2.124	-0.883	0.683	-1.945	-2.195	-3.721	1.650	-3.915	0.000000	0.000000
1687925619366	1687925619357	-10.690	-2.114	-0.905	0.639	-1.870	-2.099	-3.431	1.875	-4.175	0.000000	0.000000
1687925619378	1687925619367	-10.192	-2.169	-0.860	0.612	-1.785	-2.012	-3.038	1.932	-4.290	0.000000	0.000000
1687925619387	1687925619378	-9.843	-2.052	-0.876	0.613	-1.698	-1.940	-2.593	2.090	-4.492	0.000000	0.000000
1687925619397	1687925619387	-9.503	-2.090	-0.871	0.632	-1.615	-1.878	-2.246	2.174	-4.616	0.000000	0.000000
1687925619407	1687925619397	-9.304	-1.970	-0.864	0.655	-1.525	-1.820	-2.064	2.435	-4.810	0.000000	0.000000
1687925619417	1687925619407	-9.196	-1.889	-0.898	0.671	-1.425	-1.764	-1.858	2.504	-4.942	0.000000	0.000000
1687925619427	1687925619417	-9.029	-1.946	-0.848	0.682	-1.322	-1.707	-1.822	2.744	-5.095	0.000000	0.000000
1687925619439	1687925619427	-8.990	-1.741	-0.950	0.695	-1.218	-1.640	-1.846	2.919	-5.253	0.000000	0.000000
1687925619447	1687925619439	-9.024	-1.626	-1.065	0.711	-1.117	-1.561	-1.834	2.964	-5.344	0.000000	0.000000
1687925619457	1687925619447	-8.878	-1.456	-1.132	0.724	-1.002	-1.478	-1.918	3.247	-5.557	0.000000	0.000000
1687925619467	1687925619457	-8.720	-1.243	-1.250	0.728	-0.888	-1.383	-2.121	3.460	-5.820	0.000000	0.000000
1687925619477	1687925619467	-8.574	-0.946	-1.192	0.716	-0.787	-1.279	-2.073	3.685	-5.971	0.000000	0.000000
1687925619487	1687925619477	-8.394	-0.737	-1.061	0.679	-0.668	-1.163	-1.985	3.936	-6.144	0.000000	0.000000
1687925619498	1687925619487	-8.083	-0.567	-0.991	0.613	-0.531	-1.034	-1.889	4.259	-6.124	0.000000	0.000000
1687925619507	1687925619498	-7.836	-0.385	-0.776	0.530	-0.393	-0.888	-1.750	4.492	-6.024	0.000000	0.000000
1687925619517	1687925619507	-7.661	-0.275	-0.599	0.443	-0.237	-0.729	-1.477	4.681	-5.986	0.000000	0.000000
1687925619527	1687925619517	-7.597	-0.093	-0.354	0.367	-0.061	-0.564	-1.274	4.887	-5.804	0.000000	0.000000
1687925619538	1687925619527	-7.776	0.115	-0.199	0.285	0.120	-0.397	-1.130	5.013	-5.648	0.000000	0.000000
1687925619547	1687925619538	-8.478	0.239	-0.218	0.199	0.305	-0.217	-1.097	5.212	-5.428	0.000000	0.000000
1687925619564	1687925619547	-9.129	0.335	-0.275	0.136	0.498	-0.023	-1.293	5.432	-5.279	0.000000	0.000000
1687925619567	1687925619564	-8.892	0.527	-0.318	0.061	0.689	0.188	-1.990	5.562	-5.289	0.000000	0.000000
1687925619578	1687925619567	-8.698	0.548	-0.294	-0.055	0.827	0.423	-2.619	5.653	-5.322	0.000000	0.000000
1687925619587	1687925619578	-8.787	0.517	-0.194	-0.205	0.944	0.682	-2.334	5.827	-5.320	0.000000	0.000000
1687925619597	1687925619587	-8.760	0.390	0.000	-0.370	1.087	0.938	-2.083	5.825	-5.243	0.000000	0.000000
1687925619607	1687925619598	-8.528	0.168	0.393	-0.534	1.238	1.185	-2.088	5.760	-5.071	0.000000	0.000000
1687925619619	1687925619607	-8.332	-0.141	0.651	-0.670	1.363	1.426	-1.961	5.588	-4.784	0.000000	0.000000
1687925619627	1687925619619	-8.653	-0.328	0.725	-0.745	1.486	1.646	-1.609	5.308	-4.278	0.000000	0.000000
1687925619639	1687925619627	-9.333	-0.476	0.713	-0.766	1.615	1.818	-1.276	4.930	-3.891	0.000000	0.000000
1687925619648	1687925619639	-9.948	-0.599	0.723	-0.781	1.735	1.950	-1.434	4.652	-3.658	0.000000	0.000000
1687925619658	1687925619648	-10.391	-0.778	0.706	-0.817	1.829	2.064	-1.970	4.413	-3.529	0.000000	0.000000
1687925619668	1687925619658	-11.100	-0.919	0.594	-0.891	1.878	2.182	-2.404	4.166	-3.335	0.000000	0.000000
1687925619679	1687925619668	-12.072	-1.125	0.615	-0.988	1.902	2.297	-2.686	3.867	-3.187	0.000000	0.000000
1687925619688	1687925619679	-12.878	-1.525	0.668	-1.098	1.932	2.406	-3.203	3.570	-3.096	0.000000	0.000000
1687925619698	1687925619688	-13.487	-1.899	0.886	-1.206	1.954	2.517	-4.005	3.215	-2.878	0.000000	0.000000
1687925619708	1687925619698	-13.901	-2.224	1.125	-1.277	1.961	2.634	-4.614	2.624	-2.581	0.000000	0.000000
1687925619718	1687925619708	-13.898	-2.495	1.480	-1.295	1.973	2.749	-5.090	2.114	-2.193	0.000000	0.000000
1687925619728	1687925619718	-13.683	-2.638	1.853	-1.256	2.004	2.847	-5.327	1.583	-1.714	0.000000	0.000000
1687925619740	1687925619729	-13.362	-2.710	1.997	-1.166	2.042	2.914	-5.169	1.111	-1.142	0.000000	0.000000
1687925619750	1687925619740	-13.017	-2.667	2.018	-1.035	2.077	2.946	-4.803	0.747	-0.548	0.000000	0.000000
1687925619765	1687925619750	-12.809	-2.543	1.961	-0.902	2.103	2.937	-4.341	0.441	-0.184	0.000000	0.000000
1687925619768	1687925619765	-12.519	-2.626	1.968	-0.811	2.118	2.888	-3.838	0.187	0.101	0.000000	0.000000
1687925619778	1687925619768	-12.419	-2.665	1.920	-0.779	2.105	2.810	-3.534	0.108	0.218	0.000000	0.000000
1687925619788	1687925619778	-12.536	-2.595	1.908	-0.809	2.057	2.735	-3.136	-0.230	0.443	0.000000	0.000000
1687925619799	1687925619788	-12.675	-2.995	1.896	-0.894	1.993	2.644	-2.942	-0.522	0.611	0.000000	0.000000
1687925619808	1687925619799	-12.797	-2.942	2.076	-1.021	1.921	2.563	-2.981	-0.702	0.812	0.000000	0.000000
1687925619818	1687925619808	-12.627	-3.031	2.023	-1.131	1.840	2.496	-3.053	-1.348	1.006	0.000000	0.000000
1687925619828	1687925619818	-12.476	-3.249	2.095	-1.185	1.754	2.417	-3.115	-1.559	1.408	0.000000	0.000000
1687925619839	1687925619828	-12.356	-3.443	2.217	-1.221	1.688	2.351	-2.907	-1.858	1.528	0.000000	0.000000
1687925619848	1687925619839	-12.026	-3.412	2.279	-1.218	1.652	2.274	-2.722	-2.308	1.784	0.000000	0.000000
1687925619860	1687925619849	-11.894	-3.462	2.452	-1.181	1.619	2.211	-2.581	-2.729	2.081	0.000000	0.000000
1687925619869	1687925619860	-11.791	-3.615	2.698	-1.134	1.610	2.153	-2.234	-2.942	2.330	0.000000	0.000000
1687925619879	1687925619869	-11.528	-3.723	3.026	-1.086	1.622	2.088	-2.097	-3.189	2.648	0.000000	0.000000
1687925619889	1687925619879	-11.392	-3.651	3.079	-1.030	1.631	2.029	-1.994	-3.577	3.069	0.000000	0.000000
1687925619899	1687925619889	-11.193	-3.412	3.014	-0.968	1.636	1.965	-1.738	-3.874	3.541	0.000000	0.000000
1687925619909	1687925619899	-11.171	-3.373	2.883	-0.921	1.637	1.892	-1.616	-4.005	3.749	0.000000	0.000000
1687925619920	1687925619909	-11.095	-3.570	2.923	-0.898	1.632	1.825	-1.439	-3.965	3.840	0.000000	0.000000
1687925619929	1687925619920	-10.922	-3.833	3.148	-0.841	1.570	1.747	-1.446	-4.120	3.862	0.000000	0.000000
1687925619940	1687925619929	-10.563	-4.161	3.472	-0.744	1.466	1.648	-1.401	-4.503	4.053	0.000000	0.000000
1687925619950	1687925619940	-10.135	-4.180	3.740	-0.640	1.343	1.566	-1.269	-4.963	4.436	0.000000	0.000000
1687925619964	1687925619950	-9.941	-4.281	4.032	-0.547	1.224	1.502	-0.946	-5.444	4.879	0.000000	0.000000
1687925619969	1687925619964	-9.953	-4.341	4.264	-0.450	1.119	1.450	-0.563	-5.638	5.279	0.000000	0.000000
1687925619980	1687925619969	-9.878	-4.527	4.559	-0.332	1.037	1.410	-0.407	-5.875	5.669	0.000000	0.000000
1687925619989	1687925619980	-9.792	-4.475	4.738	-0.173	0.968	1.341	-0.467	-6.096	6.012	0.000000	0.000000
1687925619999	1687925619989	-9.809	-4.436	4.899	0.009	0.905	1.241	-0.431	-6.409	6.388	0.000000	0.000000
1687925620009	1687925619999	-9.807	-4.417	5.011	0.182	0.856	1.125	-0.400	-6.512	6.673	0.000000	0.000000
1687925620019	1687925620009	-9.888	-4.381	5.013	0.320	0.795	1.002	-0.455	-6.577	6.910	0.000000	0.000000
1687925620029	1687925620019	-9.922	-4.401	5.037	0.421	0.728	0.867	-0.496	-6.661	7.106	0.000000	0.000000
1687925620041	1687925620029	-9.967	-4.357	4.920	0.495	0.646	0.727	-0.615	-6.711	7.190	0.000000	0.000000
1687925620049	1687925620041	-9.871	-4.240	4.755	0.551	0.541	0.574	-0.687	-6.800	7.293	0.000000	0.000000
1687925620059	1687925620049	-9.732	-4.108	4.506	0.580	0.413	0.415	-0.764	-6.814	7.247	0.000000	0.000000
1687925620069	1687925620059	-10.156	-4.336	4.202	0.585	0.258	0.249	-0.702	-6.742	7.156	0.000000	0.000000
1687925620079	1687925620069	-11.681	-4.702	4.726	0.579	0.097	0.072	-0.579	-6.630	6.950	0.000000	0.000000
1687925620089	1687925620080	-13.216	-4.997	5.126	0.584	-0.016	-0.104	-1.015	-6.867	6.685	0.000000	0.000000
1687925620100	1687925620089	-13.707	-5.054	5.164	0.627	-0.099	-0.248	-2.545	-7.226	7.233	0.000000	0.000000
1687925620109	1687925620101	-13.630	-4.946	4.750	0.705	-0.283	-0.367	-4.077	-7.496	7.645	0.000000	0.000000
1687925620119	1687925620109	-14.047	-4.731	4.290	0.831	-0.519	-0.469	-4.559	-7.515	7.690	0.000000	0.000000
1687925620129	1687925620120	-14.380	-4.532	3.859	0.976	-0.721	-0.572	-4.465	-7.350	7.266	0.000000	0.000000
1687925620141	1687925620130	-13.917	-4.238	3.275	1.090	-0.877	-0.717	-4.860	-7.077	6.780	0.000000	0.000000
1687925620151	1687925620141	-12.936	-3.788	2.775	1.151	-1.096	-0.866	-5.162	-6.802	6.306	0.000000	0.000000
1687925620164	1687925620151	-12.081	-3.577	2.392	1.150	-1.339	-1.015	-4.662	-6.414	5.665	0.000000	0.000000
1687925620170	1687925620164	-11.870	-3.496	2.222	1.098	-1.559	-1.184	-3.632	-5.847	5.078	0.000000	0.000000
1687925620180	1687925620170	-11.739	-3.349	2.200	1.012	-1.721	-1.378	-2.732	-5.526	4.604	0.000000	0.000000
1687925620190	1687925620180	-11.720	-3.498	2.131	0.922	-1.834	-1.585	-2.459	-5.298	4.295	0.000000	0.000000
1687925620200	1687925620190	-11.887	-3.675	2.095	0.874	-1.924	-1.784	-2.274	-5.016	4.144	0.000000	0.000000
1687925620210	1687925620200	-12.359	-3.570	1.879	0.902	-1.998	-1.967	-2.198	-4.997	3.915	0.000000	0.000000
1687925620221	1687925620210	-12.960	-3.335	1.563	0.999	-2.050	-2.138	-2.306	-4.990	3.709	0.000000	0.000000
1687925620230	1687925620221	-13.676	-3.227	1.176	1.129	-2.096	-2.287	-2.720	-4.659	3.292	0.000000	0.000000
1687925620241	1687925620230	-14.155	-2.897	0.903	1.241	-2.161	-2.407	-3.278	-4.228	2.806	0.000000	0.000000
1687925620250	1687925620241	-14.176	-2.672	0.630	1.301	-2.239	-2.501	-3.943	-3.838	2.186	0.000000	0.000000
1687925620260	1687925620250	-14.008	-2.433	0.275	1.301	-2.345	-2.571	-4.398	-3.311	1.748	0.000000	0.000000
1687925620270	1687925620260	-13.908	-2.286	0.029	1.228	-2.483	-2.617	-4.391	-2.780	1.216	0.000000	0.000000
1687925620281	1687925620270	-13.551	-2.083	-0.180	1.103	-2.601	-2.667	-4.214	-2.334	0.680	0.000000	0.000000
1687925620290	1687925620281	-13.101	-1.942	-0.350	0.949	-2.709	-2.723	-4.113	-1.903	0.160	0.000000	0.000000
1687925620300	1687925620290	-12.823	-1.935	-0.476	0.782	-2.809	-2.777	-3.771	-1.439	-0.304	0.000000	0.000000
1687925620310	1687925620301	-12.603	-2.033	-0.670	0.585	-2.863	-2.828	-3.352	-1.008	-0.773	0.000000	0.000000
1687925620320	1687925620310	-12.553	-2.054	-0.879	0.389	-2.888	-2.869	-3.115	-0.761	-1.154	0.000000	0.000000
1687925620330	1687925620320	-12.876	-2.085	-1.051	0.230	-2.893	-2.898	-2.954	-0.589	-1.633	0.000000	0.000000
1687925620343	1687925620330	-13.218	-2.126	-1.180	0.110	-2.860	-2.913	-2.981	-0.340	-2.126	0.000000	0.000000
1687925620352	1687925620343	-13.336	-2.200	-1.144	0.020	-2.808	-2.911	-3.397	-0.098	-2.579	0.000000	0.000000
1687925620365	1687925620352	-13.199	-2.349	-1.166	-0.042	-2.745	-2.882	-3.850	0.132	-2.978	0.000000	0.000000
1687925620370	1687925620365	-12.960	-2.516	-1.231	-0.066	-2.658	-2.826	-4.118	0.381	-3.256	0.000000	0.000000
1687925620380	1687925620371	-12.632	-2.476	-1.195	-0.054	-2.561	-2.751	-4.092	0.445	-3.479	0.000000	0.000000
1687925620391	1687925620381	-12.151	-2.459	-1.252	-0.010	-2.451	-2.660	-4.001	0.534	-3.783	0.000000	0.000000
1687925620402	1687925620391	-11.564	-2.365	-1.322	0.054	-2.331	-2.557	-3.828	0.821	-3.972	0.000000	0.000000
1687925620410	1687925620402	-10.980	-2.258	-1.360	0.136	-2.209	-2.451	-3.508	1.070	-4.243	0.000000	0.000000
1687925620421	1687925620411	-10.326	-2.289	-1.389	0.225	-2.082	-2.349	-3.086	1.381	-4.513	0.000000	0.000000
1687925620431	1687925620421	-9.890	-2.150	-1.362	0.315	-1.955	-2.258	-2.686	1.709	-4.762	0.000000	0.000000
1687925620442	1687925620431	-9.555	-2.011	-1.211	0.392	-1.830	-2.173	-2.184	1.846	-4.954	0.000000	0.000000
1687925620451	1687925620442	-9.120	-1.978	-1.137	0.451	-1.706	-2.093	-1.913	2.155	-5.097	0.000000	0.000000
1687925620462	1687925620451	-8.914	-1.966	-1.104	0.498	-1.578	-2.020	-1.743	2.452	-5.109	0.000000	0.000000
1687925620471	1687925620462	-8.746	-1.815	-1.058	0.529	-1.451	-1.946	-1.487	2.643	-5.203	0.000000	0.000000
1687925620481	1687925620471	-8.583	-1.834	-0.953	0.561	-1.316	-1.869	-1.425	2.772	-5.296	0.000000	0.000000
1687925620491	1687925620481	-8.466	-1.817	-0.974	0.594	-1.181	-1.784	-1.429	3.057	-5.397	0.000000	0.000000
1687925620501	1687925620491	-8.454	-1.721	-1.008	0.639	-1.049	-1.688	-1.401	3.139	-5.401	0.000000	0.000000
1687925620511	1687925620501	-8.270	-1.489	-1.073	0.699	-0.922	-1.583	-1.441	3.266	-5.550	0.000000	0.000000
1687925620523	1687925620511	-8.097	-1.226	-1.161	0.754	-0.799	-1.475	-1.549	3.440	-5.679	0.000000	0.000000
1687925620531	1687925620523	-7.772	-0.948	-1.271	0.786	-0.679	-1.356	-1.504	3.754	-5.851	0.000000	0.000000
1687925620543	1687925620531	-7.638	-0.670	-1.305	0.786	-0.574	-1.235	-1.384	4.053	-5.974	0.000000	0.000000
1687925620553	1687925620544	-7.439	-0.280	-1.343	0.756	-0.464	-1.118	-1.142	4.379	-6.151	0.000000	0.000000
1687925620565	1687925620553	-7.278	-0.012	-1.168	0.683	-0.338	-0.991	-1.068	4.685	-6.232	0.000000	0.000000
1687925620571	1687925620565	-7.314	0.108	-0.910	0.568	-0.200	-0.847	-0.948	5.109	-6.340	0.000000	0.000000
1687925620582	1687925620571	-7.587	0.072	-0.503	0.425	-0.039	-0.681	-0.852	5.406	-6.218	0.000000	0.000000
1687925620592	1687925620583	-8.346	-0.117	-0.354	0.290	0.158	-0.494	-0.943	5.550	-6.002	0.000000	0.000000
1687925620601	1687925620593	-9.390	-0.199	-0.287	0.184	0.373	-0.292	-1.257	5.535	-5.619	0.000000	0.000000
1687925620613	1687925620602	-9.555	-0.062	-0.213	0.112	0.604	-0.061	-2.037	5.365	-5.478	0.000000	0.000000
1687925620622	1687925620613	-9.177	0.215	-0.074	0.033	0.822	0.204	-3.079	5.291	-5.399	0.000000	0.000000
1687925620631	1687925620622	-9.175	0.057	0.050	-0.061	0.993	0.497	-3.215	5.425	-5.294	0.000000	0.000000
1687925620644	1687925620632	-9.378	0.089	0.239	-0.148	1.200	0.786	-2.784	5.689	-5.104	0.000000	0.000000
1687925620651	1687925620645	-9.342	-0.074	0.529	-0.233	1.418	1.040	-2.705	5.502	-4.911	0.000000	0.000000
1687925620662	1687925620652	-9.299	-0.366	0.974	-0.297	1.604	1.279	-2.808	5.490	-4.635	0.000000	0.000000
1687925620673	1687925620662	-9.457	-0.539	1.343	-0.308	1.753	1.505	-2.622	5.258	-4.219	0.000000	0.000000
1687925620682	1687925620674	-9.536	-0.668	1.561	-0.279	1.883	1.693	-2.464	4.906	-3.673	0.000000	0.000000
1687925620694	1687925620682	-9.668	-0.627	1.592	-0.238	1.973	1.845	-2.464	4.645	-3.168	0.000000	0.000000
1687925620703	1687925620694	-10.072	-0.577	1.607	-0.210	2.022	1.967	-2.356	4.393	-2.789	0.000000	0.000000
1687925620714	1687925620703	-10.546	-0.558	1.599	-0.213	2.039	2.055	-2.291	4.293	-2.588	0.000000	0.000000
1687925620722	1687925620715	-10.915	-0.646	1.542	-0.261	2.038	2.118	-2.492	4.180	-2.394	0.000000	0.000000
1687925620732	1687925620722	-11.483	-0.891	1.508	-0.369	2.000	2.175	-2.739	4.001	-2.193	0.000000	0.000000
1687925620744	1687925620732	-12.088	-1.089	1.494	-0.518	1.951	2.233	-2.914	3.723	-2.064	0.000000	0.000000
1687925620753	1687925620744	-12.740	-1.233	1.439	-0.689	1.906	2.296	-3.275	3.259	-1.884	0.000000	0.000000
1687925620773	1687925620753	-13.333	-1.434	1.362	-0.880	1.869	2.362	-3.725	2.892	-1.714	0.000000	0.000000
1687925620773	1687925620773	-13.759	-1.585	1.326	-1.070	1.846	2.431	-4.214	2.557	-1.563	0.000000	0.000000
1687925620782	1687925620773	-13.968	-1.992	1.420	-1.253	1.857	2.495	-4.678	2.198	-1.465	0.000000	0.000000
1687925620794	1687925620783	-13.829	-2.337	1.494	-1.399	1.888	2.553	-4.956	1.846	-1.283	0.000000	0.000000
1687925620802	1687925620794	-13.580	-2.361	1.647	-1.467	1.929	2.600	-5.047	1.267	-1.003	0.000000	0.000000
1687925620812	1687925620802	-13.441	-2.512	1.714	-1.464	1.980	2.621	-4.772	0.706	-0.694	0.000000	0.000000
1687925620823	1687925620812	-13.115	-2.662	1.762	-1.400	2.028	2.623	-4.417	0.496	-0.345	0.000000	0.000000
1687925620832	1687925620824	-12.890	-2.725	1.822	-1.308	2.055	2.599	-4.159	0.108	-0.031	0.000000	0.000000
1687925620843	1687925620832	-12.761	-2.763	1.793	-1.213	2.073	2.568	-3.742	-0.239	0.215	0.000000	0.000000
1687925620852	1687925620843	-12.720	-2.811	1.803	-1.146	2.072	2.531	-3.412	-0.572	0.543	0.000000	0.000000
1687925620862	1687925620852	-12.668	-2.840	1.865	-1.102	2.038	2.501	-3.213	-0.819	0.716	0.000000	0.000000
1687925620873	1687925620863	-12.653	-2.732	2.049	-1.079	1.987	2.462	-3.100	-1.120	0.967	0.000000	0.000000
1687925620884	1687925620873	-12.646	-3.005	2.045	-1.085	1.928	2.419	-2.998	-1.360	1.221	0.000000	0.000000
1687925620892	1687925620884	-12.541	-3.316	2.107	-1.128	1.864	2.392	-2.940	-1.484	1.614	0.000000	0.000000
1687925620902	1687925620892	-12.160	-2.971	2.069	-1.146	1.823	2.348	-2.899	-1.990	1.808	0.000000	0.000000
1687925620912	1687925620902	-12.148	-2.993	2.143	-1.060	1.750	2.274	-2.768	-2.557	2.081	0.000000	0.000000
1687925620922	1687925620912	-11.947	-3.189	2.179	-0.998	1.702	2.249	-2.373	-2.418	2.210	0.000000	0.000000
1687925620932	1687925620922	-11.667	-3.294	2.303	-0.980	1.688	2.210	-2.356	-2.667	2.461	0.000000	0.000000
1687925620946	1687925620932	-11.363	-3.321	2.358	-0.955	1.663	2.167	-2.157	-3.086	2.665	0.000000	0.000000
1687925620957	1687925620946	-11.277	-3.201	2.461	-0.922	1.641	2.125	-1.887	-3.414	2.954	0.000000	0.000000
1687925620965	1687925620957	-11.025	-3.230	2.535	-0.894	1.632	2.073	-1.599	-3.658	3.170	0.000000	0.000000
1687925620972	1687925620965	-10.774	-3.256	2.617	-0.887	1.626	2.011	-1.542	-3.797	3.460	0.000000	0.000000
1687925620983	1687925620973	-10.695	-3.460	2.772	-0.894	1.610	1.946	-1.317	-3.996	3.656	0.000000	0.000000
1687925620992	1687925620983	-10.606	-3.658	2.895	-0.882	1.594	1.873	-1.101	-4.228	3.888	0.000000	0.000000
1687925621004	1687925620993	-10.381	-3.836	3.208	-0.841	1.558	1.795	-1.065	-4.630	4.190	0.000000	0.000000
1687925621013	1687925621004	-10.254	-4.039	3.603	-0.765	1.509	1.723	-1.025	-5.023	4.453	0.000000	0.000000
1687925621023	1687925621013	-10.108	-4.295	3.994	-0.649	1.451	1.659	-0.850	-5.385	4.903	0.000000	0.000000
1687925621035	1687925621023	-10.075	-4.427	4.266	-0.484	1.382	1.596	-0.783	-5.784	5.444	0.000000	0.000000
1687925621045	1687925621037	-9.986	-4.508	4.530	-0.282	1.302	1.533	-0.690	-6.191	5.947	0.000000	0.000000
1687925621053	1687925621045	-9.936	-4.336	4.748	-0.068	1.224	1.455	-0.716	-6.483	6.340	0.000000	0.000000
1687925621067	1687925621053	-9.917	-4.135	4.879	0.138	1.134	1.361	-0.687	-6.713	6.718	0.000000	0.000000
1687925621075	1687925621068	-10.118	-4.104	4.961	0.294	1.034	1.247	-0.704	-6.692	7.061	0.000000	0.000000
1687925621083	1687925621075	-10.101	-4.001	4.908	0.397	0.925	1.118	-0.737	-6.601	7.288	0.000000	0.000000
1687925621093	1687925621083	-10.082	-3.960	4.930	0.437	0.797	0.968	-1.008	-6.697	7.491	0.000000	0.000000
1687925621105	1687925621093	-10.027	-3.816	4.846	0.419	0.645	0.804	-1.034	-6.668	7.515	0.000000	0.000000
1687925621113	1687925621105	-9.828	-3.721	4.729	0.352	0.484	0.627	-1.065	-6.711	7.628	0.000000	0.000000
1687925621126	1687925621113	-9.570	-3.716	4.635	0.237	0.323	0.435	-1.046	-6.622	7.609	0.000000	0.000000
1687925621135	1687925621127	-9.404	-4.085	4.372	0.094	0.173	0.241	-0.883	-6.577	7.549	0.000000	0.000000
1687925621146	1687925621135	-10.130	-4.571	4.413	-0.018	0.045	0.051	-0.646	-6.603	7.491	0.000000	0.000000
1687925621158	1687925621147	-11.562	-4.920	4.791	-0.046	-0.045	-0.136	-0.493	-6.993	7.247	0.000000	0.000000
1687925621165	1687925621158	-13.020	-5.272	5.227	0.027	-0.076	-0.309	-1.221	-7.484	7.293	0.000000	0.000000
1687925621173	1687925621165	-14.121	-5.499	5.308	0.214	-0.095	-0.436	-2.648	-7.822	7.664	0.000000	0.000000
1687925621184	1687925621173	-14.818	-5.255	5.150	0.487	-0.184	-0.520	-4.096	-8.150	8.095	0.000000	0.000000
1687925621193	1687925621185	-15.028	-4.843	4.367	0.799	-0.323	-0.586	-5.183	-8.332	8.174	0.000000	0.000000
1687925621203	1687925621193	-14.425	-4.216	3.630	1.086	-0.527	-0.645	-5.861	-8.025	8.013	0.000000	0.000000
1687925621213	1687925621204	-13.120	-3.579	2.976	1.308	-0.767	-0.733	-6.043	-7.532	7.221	0.000000	0.000000
1687925621224	1687925621214	-11.789	-3.057	2.583	1.387	-1.082	-0.864	-5.411	-6.823	6.467	0.000000	0.000000
1687925621233	1687925621224	-10.798	-2.667	2.239	1.322	-1.405	-1.020	-4.065	-6.084	5.777	0.000000	0.000000
1687925621245	1687925621233	-10.475	-2.535	2.059	1.125	-1.684	-1.216	-2.684	-5.444	5.320	0.000000	0.000000
1687925621256	1687925621245	-10.367	-2.581	2.097	0.839	-1.895	-1.443	-1.630	-4.925	4.877	0.000000	0.000000
1687925621264	1687925621256	-10.568	-2.758	2.033	0.542	-2.022	-1.687	-1.235	-4.652	4.568	0.000000	0.000000
1687925621276	1687925621264	-11.071	-2.871	1.994	0.299	-2.103	-1.930	-1.039	-4.513	4.415	0.000000	0.000000
1687925621285	1687925621276	-11.681	-3.043	1.937	0.150	-2.148	-2.164	-1.178	-4.554	4.207	0.000000	0.000000
1687925621293	1687925621285	-12.416	-3.225	1.659	0.115	-2.153	-2.363	-1.604	-4.480	3.977	0.000000	0.000000
1687925621305	1687925621294	-13.206	-3.431	1.523	0.172	-2.143	-2.505	-2.143	-4.444	3.716	0.000000	0.000000
1687925621314	1687925621305	-13.668	-3.512	1.188	0.309	-2.125	-2.605	-2.811	-4.396	3.235	0.000000	0.000000
1687925621324	1687925621314	-14.159	-3.345	1.118	0.506	-2.143	-2.646	-3.543	-4.360	2.892	0.000000	0.000000
1687925621334	1687925621324	-14.530	-3.168	0.857	0.705	-2.198	-2.638	-3.955	-4.159	2.334	0.000000	0.000000
1687925621345	1687925621334	-14.471	-2.988	0.524	0.865	-2.250	-2.610	-4.413	-3.754	2.078	0.000000	0.000000
1687925621356	1687925621345	-14.181	-2.509	0.247	0.982	-2.340	-2.566	-4.755	-3.287	1.585	0.000000	0.000000
1687925621365	1687925621356	-13.929	-2.330	0.091	1.056	-2.453	-2.529	-4.683	-2.873	1.053	0.000000	0.000000
1687925621374	1687925621365	-13.566	-2.181	-0.105	1.049	-2.562	-2.502	-4.391	-2.088	0.498	0.000000	0.000000
1687925621384	1687925621374	-13.187	-2.083	-0.249	0.965	-2.654	-2.503	-4.147	-1.683	0.120	0.000000	0.000000
1687925621394	1687925621384	-13.008	-2.267	-0.393	0.819	-2.717	-2.511	-3.809	-1.267	-0.359	0.000000	0.000000
1687925621404	1687925621394	-12.816	-2.203	-0.649	0.639	-2.740	-2.519	-3.462	-0.953	-0.745	0.000000	0.000000
1687925621414	1687925621404	-12.886	-2.253	-0.725	0.475	-2.739	-2.528	-3.330	-0.898	-1.161	0.000000	0.000000
1687925621425	1687925621414	-13.336	-2.210	-0.891	0.343	-2.709	-2.531	-3.201	-0.596	-1.690	0.000000	0.000000
1687925621434	1687925621425	-13.465	-2.315	-0.922	0.235	-2.656	-2.535	-3.347	-0.409	-2.040	0.000000	0.000000
1687925621446	1687925621434	-13.348	-2.464	-0.898	0.142	-2.590	-2.529	-3.886	-0.132	-2.468	0.000000	0.000000
1687925621455	1687925621446	-13.080	-2.406	-0.965	0.071	-2.524	-2.501	-4.128	0.017	-2.780	0.000000	0.000000
1687925621464	1687925621455	-12.613	-2.368	-1.118	0.023	-2.448	-2.462	-4.111	0.079	-2.976	0.000000	0.000000
1687925621474	1687925621464	-12.131	-2.358	-1.104	-0.004	-2.360	-2.421	-3.977	0.385	-3.299	0.000000	0.000000
1687925621486	1687925621474	-11.523	-2.330	-1.216	-0.017	-2.268	-2.384	-3.627	0.625	-3.651	0.000000	0.000000
1687925621494	1687925621486	-10.918	-2.344	-1.257	-0.018	-2.172	-2.352	-3.285	0.850	-3.847	0.000000	0.000000
1687925621505	1687925621494	-10.460	-2.286	-1.199	-0.006	-2.077	-2.326	-2.820	1.089	-4.159	0.000000	0.000000
1687925621514	1687925621505	-10.092	-2.174	-1.142	0.012	-1.979	-2.304	-2.377	1.298	-4.405	0.000000	0.000000
1687925621525	1687925621514	-9.862	-2.140	-1.123	0.035	-1.873	-2.287	-2.059	1.532	-4.506	0.000000	0.000000
1687925621534	1687925621525	-9.697	-2.090	-1.010	0.059	-1.754	-2.266	-1.848	1.836	-4.614	0.000000	0.000000
1687925621547	1687925621535	-9.527	-2.172	-0.838	0.087	-1.629	-2.235	-1.779	2.057	-4.750	0.000000	0.000000
1687925621559	1687925621547	-9.299	-2.090	-0.807	0.140	-1.492	-2.193	-1.774	2.286	-4.779	0.000000	0.000000
1687925621566	1687925621559	-9.244	-2.037	-0.778	0.228	-1.356	-2.143	-1.767	2.377	-4.738	0.000000	0.000000
1687925621575	1687925621566	-8.976	-1.887	-0.812	0.340	-1.213	-2.079	-1.733	2.653	-4.853	0.000000	0.000000
1687925621585	1687925621575	-8.760	-1.800	-0.903	0.468	-1.068	-2.005	-1.805	2.828	-4.913	0.000000	0.000000
1687925621596	1687925621585	-8.554	-1.554	-0.965	0.597	-0.941	-1.918	-1.690	3.117	-5.054	0.000000	0.000000
1687925621607	1687925621596	-8.217	-1.259	-1.104	0.722	-0.820	-1.817	-1.621	3.328	-5.246	0.000000	0.000000
1687925621615	1687925621607	-7.989	-0.790	-1.247	0.816	-0.712	-1.710	-1.528	3.670	-5.377	0.000000	0.000000
1687925621627	1687925621615	-7.760	-0.448	-1.238	0.861	-0.613	-1.592	-1.281	4.039	-5.569	0.000000	0.000000
1687925621635	1687925621627	-7.618	-0.007	-1.075	0.856	-0.506	-1.462	-1.142	4.578	-5.768	0.000000	0.000000
1687925621647	1687925621635	-7.444	0.402	-0.917	0.784	-0.384	-1.321	-0.960	4.956	-5.789	0.000000	0.000000
1687925621655	1687925621647	-7.479	0.596	-0.802	0.665	-0.246	-1.147	-0.905	5.449	-5.691	0.000000	0.000000
1687925621666	1687925621655	-7.779	0.697	-0.680	0.516	-0.082	-0.947	-0.821	5.909	-5.600	0.000000	0.000000
1687925621677	1687925621666	-8.291	0.630	-0.737	0.357	0.098	-0.729	-0.939	6.153	-5.545	0.000000	0.000000
1687925621685	1687925621677	-8.394	0.692	-0.534	0.183	0.296	-0.489	-1.290	6.287	-5.452	0.000000	0.000000
1687925621699	1687925621685	-8.169	0.713	-0.421	-0.016	0.502	-0.211	-1.841	6.251	-5.526	0.000000	0.000000
1687925621706	1687925621700	-8.131	0.599	-0.156	-0.230	0.690	0.103	-1.956	6.335	-5.313	0.000000	0.000000
1687925621715	1687925621706	-8.109	0.412	0.122	-0.402	0.902	0.448	-1.719	6.371	-5.167	0.000000	0.000000
1687925621727	1687925621715	-8.121	0.175	0.304	-0.513	1.126	0.779	-1.642	6.261	-4.843	0.000000	0.000000
1687925621735	1687925621728	-8.267	0.050	0.606	-0.555	1.344	1.100	-1.554	6.062	-4.484	0.000000	0.000000
1687925621750	1687925621735	-8.483	-0.268	0.962	-0.542	1.558	1.406	-1.470	5.799	-4.199	0.000000	0.000000
1687925621758	1687925621751	-8.827	-0.275	1.142	-0.501	1.750	1.677	-1.484	5.619	-3.764	0.000000	0.000000
1687925621766	1687925621758	-9.182	-0.151	1.135	-0.453	1.889	1.897	-1.568	5.234	-3.285	0.000000	0.000000
1687925621778	1687925621766	-9.680	-0.244	1.109	-0.429	1.978	2.067	-1.733	5.121	-2.940	0.000000	0.000000
1687925621787	1687925621778	-10.137	-0.357	1.152	-0.446	2.033	2.203	-1.927	5.140	-2.804	0.000000	0.000000
1687925621798	1687925621787	-10.788	-0.515	1.252	-0.503	2.039	2.307	-2.241	4.911	-2.662	0.000000	0.000000
1687925621806	1687925621798	-11.471	-0.646	1.262	-0.600	1.994	2.388	-2.512	4.650	-2.442	0.000000	0.000000
1687925621815	1687925621806	-11.471	-0.646	1.262	-0.746	1.930	2.474	-2.952	4.305	-2.136	0.000000	0.000000
1687925621827	1687925621816	-12.361	-0.867	1.343	-0.746	1.930	2.474	-3.474	4.020	-1.958	0.000000	0.000000
1687925621836	1687925621827	-13.317	-1.111	1.355	-1.169	1.819	2.715	-3.302	3.845	-1.769	0.000000	0.000000
1687925621849	1687925621836	-13.908	-1.496	1.451	-1.169	1.819	2.715	-4.027	3.440	-1.496	0.000000	0.000000
1687925621856	1687925621849	-14.255	-1.709	1.575	-1.576	1.753	2.986	-4.817	3.000	-1.281	0.000000	0.000000
1687925621866	1687925621856	-14.298	-1.997	1.616	-1.576	1.753	2.986	-5.253	2.411	-0.982	0.000000	0.000000
1687925621876	1687925621867	-14.234	-2.248	1.628	-1.709	1.762	3.102	-5.418	1.930	-0.601	0.000000	0.000000
1687925621887	1687925621876	-13.831	-2.289	1.638	-1.778	1.797	3.186	-5.346	1.456	-0.393	0.000000	0.000000
1687925621896	1687925621887	-13.628	-2.528	1.604	-1.786	1.840	3.241	-5.145	0.955	-0.163	0.000000	0.000000
1687925621907	1687925621896	-13.348	-2.588	1.499	-1.775	1.892	3.271	-4.614	0.654	0.062	0.000000	0.000000
1687925621916	1687925621907	-13.403	-2.641	1.288	-1.778	1.950	3.283	-4.293	0.139	0.249	0.000000	0.000000
1687925621927	1687925621916	-13.518	-2.648	1.276	-1.784	1.995	3.284	-3.907	-0.204	0.366	0.000000	0.000000
1687925621936	1687925621927	-13.640	-2.873	1.211	-1.786	2.015	3.272	-3.852	-0.608	0.426	0.000000	0.000000
1687925621947	1687925621936	-13.707	-3.316	1.365	-1.769	1.983	3.238	-3.903	-0.857	0.594	0.000000	0.000000
1687925621956	1687925621947	-13.685	-3.694	1.607	-1.681	1.826	3.174	-3.955	-1.417	0.776	0.000000	0.000000
1687925621967	1687925621956	-13.748	-3.764	1.798	-1.681	1.826	3.174	-3.974	-2.169	1.144	0.000000	0.000000
1687925621977	1687925621968	-13.757	-4.410	2.042	-1.577	1.740	3.153	-3.915	-2.887	1.599	0.000000	0.000000
1687925621986	1687925621977	-13.319	-3.903	2.014	-1.429	1.658	3.141	-3.960	-3.237	1.963	0.000000	0.000000
1687925621997	1687925621987	-13.089	-3.984	2.085	-1.164	1.574	3.069	-3.962	-4.228	2.401	0.000000	0.000000
1687925622006	1687925621998	-12.802	-3.895	2.164	-0.931	1.482	3.031	-3.529	-4.003	2.519	0.000000	0.000000
1687925622016	1687925622006	-12.498	-3.780	2.284	-0.803	1.459	2.961	-3.316	-4.391	2.741	0.000000	0.000000
1687925622028	1687925622017	-12.242	-3.699	2.454	-0.757	1.439	2.860	-3.057	-4.606	2.959	0.000000	0.000000
1687925622036	1687925622029	-11.957	-3.733	2.507	-0.771	1.427	2.754	-2.792	-4.786	3.215	0.000000	0.000000
1687925622048	1687925622036	-11.636	-3.725	2.696	-0.839	1.420	2.621	-2.581	-4.990	3.515	0.000000	0.000000
1687925622056	1687925622048	-11.313	-3.924	2.904	-1.040	1.422	2.336	-2.358	-5.325	3.706	0.000000	0.000000
1687925622068	1687925622056	-11.080	-4.046	2.966	-1.040	1.422	2.336	-2.093	-5.552	4.005	0.000000	0.000000
1687925622078	1687925622069	-10.760	-4.216	3.067	-1.108	1.418	2.188	-1.841	-6.009	4.341	0.000000	0.000000
1687925622088	1687925622078	-10.479	-4.393	3.266	-1.142	1.385	2.053	-1.674	-6.345	4.503	0.000000	0.000000
1687925622098	1687925622088	-10.065	-4.659	3.359	-1.124	1.333	1.932	-1.429	-6.737	4.709	0.000000	0.000000
1687925622107	1687925622099	-9.785	-4.958	3.610	-1.045	1.256	1.803	-1.226	-7.125	5.006	0.000000	0.000000
1687925622117	1687925622107	-9.685	-5.284	3.965	-0.919	1.173	1.686	-0.898	-7.609	5.200	0.000000	0.000000
1687925622129	1687925622117	-9.486	-5.540	4.254	-0.744	1.067	1.592	-0.687	-8.073	5.526	0.000000	0.000000
1687925622137	1687925622129	-9.321	-5.825	4.554	-0.520	0.972	1.493	-0.666	-8.571	5.959	0.000000	0.000000
1687925622150	1687925622137	-9.342	-5.875	4.705	-0.244	0.886	1.390	-0.541	-8.985	6.318	0.000000	0.000000
1687925622157	1687925622150	-9.950	-5.734	4.793	0.054	0.801	1.261	-0.448	-9.414	6.687	0.000000	0.000000
1687925622169	1687925622158	-11.181	-5.878	5.169	0.334	0.720	1.107	-0.541	-9.594	6.907	0.000000	0.000000
1687925622178	1687925622169	-12.443	-6.203	5.382	0.561	0.671	0.943	-1.228	-9.582	7.082	0.000000	0.000000
1687925622192	1687925622179	-13.604	-6.215	5.325	0.754	0.605	0.776	-2.507	-9.797	7.518	0.000000	0.000000
1687925622198	1687925622192	-14.504	-5.983	5.104	0.904	0.474	0.589	-3.821	-10.190	7.812	0.000000	0.000000
1687925622209	1687925622198	-14.121	-5.499	4.482	1.013	0.305	0.395	-5.030	-10.252	7.836	0.000000	0.000000
1687925622219	1687925622210	-12.816	-4.860	3.692	1.034	0.067	0.187	-5.966	-10.046	7.693	0.000000	0.000000
1687925622228	1687925622219	-11.849	-4.345	3.043	0.922	-0.260	-0.064	-5.607	-9.570	7.137	0.000000	0.000000
1687925622239	1687925622228	-11.195	-3.931	2.887	0.683	-0.572	-0.356	-4.312	-8.916	6.404	0.000000	0.000000
1687925622250	1687925622239	-11.100	-4.156	2.947	0.334	-0.806	-0.684	-3.338	-8.377	5.768	0.000000	0.000000
1687925622259	1687925622251	-11.303	-4.295	3.163	-0.037	-0.959	-1.032	-2.650	-7.908	5.588	0.000000	0.000000
1687925622271	1687925622259	-11.088	-4.197	3.259	-0.337	-1.049	-1.379	-2.507	-8.066	5.593	0.000000	0.000000
1687925622280	1687925622271	-10.460	-4.089	3.251	-0.517	-1.097	-1.714	-2.638	-8.107	5.715	0.000000	0.000000
1687925622290	1687925622280	-9.967	-4.135	3.043	-0.545	-1.098	-2.020	-2.354	-7.908	5.717	0.000000	0.000000
1687925622299	1687925622291	-9.852	-4.140	2.830	-0.450	-1.062	-2.286	-1.628	-7.649	5.583	0.000000	0.000000
1687925622311	1687925622299	-10.195	-4.202	2.614	-0.246	-0.996	-2.509	-1.049	-7.544	5.270	0.000000	0.000000
1687925622319	1687925622311	-10.491	-4.319	2.406	0.044	-0.951	-2.679	-0.836	-7.355	4.946	0.000000	0.000000
1687925622332	1687925622320	-10.793	-4.326	2.227	0.402	-0.943	-2.790	-1.080	-7.195	4.633	0.000000	0.000000
1687925622341	1687925622332	-11.128	-4.204	1.908	0.797	-0.990	-2.834	-1.281	-7.065	4.341	0.000000	0.000000
1687925622352	1687925622341	-11.751	-4.001	1.678	1.224	-1.089	-2.817	-1.492	-6.807	4.082	0.000000	0.000000
1687925622361	1687925622353	-12.471	-3.486	1.425	1.640	-1.227	-2.762	-1.733	-6.376	3.682	0.000000	0.000000
1687925622379	1687925622361	-13.099	-2.971	1.135	1.980	-1.385	-2.688	-2.289	-5.914	3.383	0.000000	0.000000
1687925622379	1687925622379	-13.740	-2.660	0.965	2.220	-1.567	-2.594	-2.933	-5.080	3.033	0.000000	0.000000
1687925622401	1687925622379	-14.066	-2.370	0.687	2.364	-1.746	-2.503	-3.505	-4.307	2.650	0.000000	0.000000
1687925622406	1687925622401	-14.169	-2.203	0.402	2.412	-1.925	-2.434	-4.094	-3.713	2.356	0.000000	0.000000
1687925622410	1687925622406	-14.164	-1.970	0.089	2.351	-2.098	-2.387	-4.374	-3.151	1.930	0.000000	0.000000
1687925622420	1687925622410	-14.011	-1.731	-0.081	2.184	-2.246	-2.351	-4.436	-2.691	1.456	0.000000	0.000000
1687925622432	1687925622421	-13.690	-1.590	-0.263	1.916	-2.369	-2.321	-4.405	-2.229	0.967	0.000000	0.000000
1687925622440	1687925622432	-13.216	-1.666	-0.330	1.559	-2.469	-2.307	-4.231	-1.743	0.579	0.000000	0.000000
1687925622452	1687925622441	-12.809	-1.834	-0.601	1.151	-2.535	-2.321	-3.900	-1.365	0.165	0.000000	0.000000
1687925622459	1687925622452	-12.546	-2.138	-0.687	0.756	-2.551	-2.353	-3.426	-1.211	-0.148	0.000000	0.000000
1687925622470	1687925622459	-12.309	-2.440	-0.840	0.439	-2.529	-2.399	-3.029	-1.149	-0.673	0.000000	0.000000
1687925622479	1687925622472	-12.287	-2.523	-1.008	0.228	-2.483	-2.450	-2.796	-1.180	-1.065	0.000000	0.000000
1687925622490	1687925622480	-12.481	-2.682	-1.130	0.121	-2.418	-2.496	-2.588	-1.298	-1.420	0.000000	0.000000
1687925622500	1687925622491	-12.763	-2.677	-1.235	0.092	-2.340	-2.524	-2.617	-1.144	-1.832	0.000000	0.000000
1687925622511	1687925622502	-12.890	-2.784	-1.245	0.116	-2.252	-2.529	-2.871	-1.063	-2.188	0.000000	0.000000
1687925622519	1687925622512	-12.795	-2.808	-1.343	0.176	-2.172	-2.508	-3.225	-0.819	-2.519	0.000000	0.000000
1687925622529	1687925622519	-12.766	-2.682	-1.444	0.264	-2.096	-2.459	-3.433	-0.687	-2.746	0.000000	0.000000
1687925622539	1687925622533	-12.632	-2.535	-1.544	0.362	-2.026	-2.393	-3.445	-0.431	-3.093	0.000000	0.000000
1687925622549	1687925622539	-12.107	-2.435	-1.504	0.445	-1.952	-2.321	-3.496	-0.124	-3.354	0.000000	0.000000
1687925622558	1687925622550	-11.624	-2.397	-1.405	0.500	-1.879	-2.244	-3.479	0.254	-3.673	0.000000	0.000000
1687925622570	1687925622558	-11.250	-2.411	-1.453	0.539	-1.798	-2.170	-3.053	0.536	-3.802	0.000000	0.000000
1687925622589	1687925622570	-10.831	-2.315	-1.338	0.573	-1.703	-2.104	-2.705	0.802	-3.926	0.000000	0.000000
1687925622589	1687925622589	-10.357	-2.255	-1.274	0.602	-1.594	-2.050	-2.428	0.929	-4.116	0.000000	0.000000
1687925622598	1687925622589	-10.104	-2.138	-1.267	0.623	-1.488	-1.994	-2.150	1.228	-4.202	0.000000	0.000000
1687925622608	1687925622598	-9.764	-2.131	-1.267	0.643	-1.365	-1.945	-1.786	1.432	-4.281	0.000000	0.000000
1687925622618	1687925622608	-9.452	-2.054	-1.276	0.662	-1.239	-1.900	-1.652	1.697	-4.424	0.000000	0.000000
1687925622630	1687925622618	-9.196	-1.944	-1.295	0.672	-1.123	-1.852	-1.432	1.848	-4.563	0.000000	0.000000
1687925622639	1687925622630	-9.033	-1.848	-1.195	0.672	-1.002	-1.802	-1.240	2.059	-4.702	0.000000	0.000000
1687925622649	1687925622639	-8.839	-1.769	-1.109	0.663	-0.889	-1.747	-1.099	2.298	-4.841	0.000000	0.000000
1687925622658	1687925622649	-8.674	-1.762	-1.006	0.651	-0.781	-1.687	-1.063	2.526	-4.863	0.000000	0.000000
1687925622668	1687925622658	-8.437	-1.700	-0.924	0.645	-0.676	-1.621	-0.967	2.708	-4.865	0.000000	0.000000
1687925622678	1687925622668	-8.253	-1.645	-0.816	0.651	-0.572	-1.542	-0.919	2.832	-4.863	0.000000	0.000000
1687925622690	1687925622678	-8.095	-1.470	-0.792	0.673	-0.463	-1.449	-0.773	2.986	-4.855	0.000000	0.000000
1687925622699	1687925622690	-7.956	-1.144	-0.749	0.704	-0.354	-1.345	-0.685	3.132	-4.822	0.000000	0.000000
1687925622709	1687925622699	-7.834	-0.905	-0.687	0.727	-0.246	-1.227	-0.565	3.361	-4.803	0.000000	0.000000
1687925622721	1687925622709	-8.265	-0.666	-0.670	0.724	-0.133	-1.096	-0.476	3.745	-4.781	0.000000	0.000000
1687925622730	1687925622721	-9.105	-0.551	-0.800	0.690	-0.015	-0.957	-0.390	4.027	-4.738	0.000000	0.000000
1687925622740	1687925622730	-9.043	-0.328	-0.735	0.618	0.127	-0.804	-0.867	4.310	-4.750	0.000000	0.000000
1687925622753	1687925622740	-8.473	0.002	-0.737	0.506	0.268	-0.622	-1.748	4.460	-4.906	0.000000	0.000000
1687925622760	1687925622753	-8.449	0.239	-0.599	0.338	0.356	-0.412	-1.712	4.712	-4.853	0.000000	0.000000
1687925622772	1687925622761	-8.547	0.378	-0.421	0.148	0.492	-0.191	-1.152	5.061	-4.851	0.000000	0.000000
1687925622796	1687925622772	-8.226	0.369	0.019	-0.066	0.688	0.027	-1.128	5.313	-4.695	0.000000	0.000000
1687925622796	1687925622796	-7.970	0.048	0.639	-0.290	0.880	0.261	-1.219	5.459	-4.496	0.000000	0.000000
1687925622800	1687925622796	-8.049	-0.192	1.279	-0.465	1.076	0.523	-0.867	5.449	-4.001	0.000000	0.000000
1687925622811	1687925622800	-8.198	-0.302	1.676	-0.555	1.291	0.784	-0.563	5.121	-3.302	0.000000	0.000000
1687925622820	1687925622811	-8.248	-0.196	1.930	-0.569	1.497	1.026	-0.575	4.860	-2.557	0.000000	0.000000
1687925622831	1687925622821	-8.047	-0.158	2.073	-0.539	1.654	1.257	-0.634	4.712	-2.035	0.000000	0.000000
1687925622841	1687925622831	-8.186	-0.110	1.894	-0.478	1.741	1.456	-0.567	4.755	-1.626	0.000000	0.000000
1687925622852	1687925622841	-8.514	-0.103	1.822	-0.396	1.761	1.609	-0.259	4.721	-1.341	0.000000	0.000000
1687925622862	1687925622852	-9.201	-0.084	1.793	-0.334	1.729	1.706	-0.271	4.671	-1.362	0.000000	0.000000
1687925622873	1687925622863	-9.840	-0.153	1.899	-0.321	1.654	1.780	-0.467	4.563	-1.274	0.000000	0.000000
1687925622882	1687925622873	-10.695	-0.359	1.923	-0.395	1.539	1.868	-1.010	4.441	-1.132	0.000000	0.000000
1687925622891	1687925622882	-11.617	-0.517	2.033	-0.549	1.406	1.989	-1.535	4.247	-0.891	0.000000	0.000000
1687925622900	1687925622891	-12.591	-0.692	2.150	-0.767	1.294	2.126	-2.243	3.867	-0.692	0.000000	0.000000
1687925622911	1687925622901	-13.221	-1.049	2.373	-1.029	1.212	2.268	-3.072	3.584	-0.467	0.000000	0.000000
1687925622921	1687925622911	-13.549	-1.233	2.576	-1.297	1.158	2.408	-3.917	3.227	-0.194	0.000000	0.000000
1687925622934	1687925622921	-13.707	-1.492	2.763	-1.539	1.140	2.540	-4.444	2.715	0.158	0.000000	0.000000
1687925622943	1687925622934	-13.597	-1.674	2.923	-1.737	1.167	2.652	-4.647	2.325	0.527	0.000000	0.000000
1687925622953	1687925622943	-13.295	-1.903	2.933	-1.872	1.235	2.738	-4.695	1.870	0.869	0.000000	0.000000
1687925622964	1687925622954	-12.876	-2.155	2.813	-1.941	1.328	2.795	-4.468	1.458	1.207	0.000000	0.000000
1687925622980	1687925622965	-12.452	-2.337	2.626	-1.950	1.412	2.831	-4.073	1.030	1.369	0.000000	0.000000
1687925622981	1687925622981	-12.134	-2.327	2.478	-1.934	1.464	2.853	-3.546	0.524	1.446	0.000000	0.000000
1687925622995	1687925622981	-11.935	-2.401	2.298	-1.922	1.483	2.863	-3.041	0.124	1.422	0.000000	0.000000
1687925623022	1687925622995	-11.945	-2.634	2.097	-1.911	1.467	2.860	-2.638	-0.110	1.458	0.000000	0.000000
1687925623022	1687925623022	-12.091	-2.863	2.114	-1.874	1.414	2.843	-2.365	-0.441	1.460	0.000000	0.000000
1687925623023	1687925623022	-12.141	-3.139	2.057	-1.812	1.315	2.797	-2.306	-0.960	1.453	0.000000	0.000000
1687925623032	1687925623023	-12.134	-3.352	2.023	-1.721	1.188	2.746	-2.406	-1.427	1.618	0.000000	0.000000
1687925623041	1687925623032	-12.072	-3.383	1.980	-1.613	1.052	2.698	-2.413	-1.966	1.712	0.000000	0.000000
1687925623053	1687925623041	-11.937	-3.201	1.877	-1.503	0.915	2.652	-2.375	-2.442	1.812	0.000000	0.000000
1687925623061	1687925623054	-12.002	-3.345	1.788	-1.410	0.795	2.601	-2.289	-2.734	1.884	0.000000	0.000000
1687925623071	1687925623061	-11.873	-3.151	1.724	-1.350	0.705	2.541	-2.143	-2.811	1.879	0.000000	0.000000
1687925623081	1687925623071	-11.605	-3.168	1.674	-1.311	0.632	2.463	-2.200	-3.263	1.889	0.000000	0.000000
1687925623091	1687925623081	-11.394	-3.103	1.549	-1.327	0.567	2.381	-2.071	-3.268	1.879	0.000000	0.000000
1687925623102	1687925623091	-11.186	-3.112	1.520	-1.395	0.527	2.297	-1.810	-3.529	1.887	0.000000	0.000000
1687925623113	1687925623102	-10.963	-3.077	1.439	-1.503	0.503	2.192	-1.611	-3.701	1.812	0.000000	0.000000
1687925623122	1687925623114	-10.683	-3.074	1.336	-1.627	0.476	2.078	-1.422	-3.938	1.824	0.000000	0.000000
1687925623133	1687925623122	-10.436	-3.115	1.233	-1.765	0.452	1.958	-1.221	-4.123	1.779	0.000000	0.000000
1687925623144	1687925623133	-10.127	-3.225	1.197	-1.912	0.425	1.834	-0.970	-4.348	1.705	0.000000	0.000000
1687925623154	1687925623144	-9.852	-3.369	1.164	-2.059	0.393	1.708	-0.747	-4.566	1.621	0.000000	0.000000
1687925623163	1687925623155	-9.720	-3.630	1.068	-2.187	0.357	1.587	-0.469	-4.860	1.595	0.000000	0.000000
1687925623180	1687925623164	-9.510	-3.833	1.027	-2.277	0.315	1.476	-0.225	-5.179	1.563	0.000000	0.000000
1687925623181	1687925623180	-9.457	-4.037	0.948	-2.310	0.279	1.371	-0.127	-5.617	1.460	0.000000	0.000000
1687925623194	1687925623183	-9.347	-4.130	0.874	-2.281	0.248	1.266	0.053	-5.954	1.405	0.000000	0.000000
1687925623222	1687925623195	-9.184	-4.221	0.819	-2.188	0.209	1.163	0.072	-6.311	1.300	0.000000	0.000000
1687925623222	1687925623222	-8.993	-4.168	0.852	-2.057	0.176	1.064	0.153	-6.522	1.199	0.000000	0.000000
1687925623222	1687925623222	-8.916	-4.132	0.848	-1.922	0.148	0.971	0.287	-6.728	1.111	0.000000	0.000000
1687925623233	1687925623222	-9.033	-4.082	0.903	-1.794	0.131	0.877	0.453	-6.783	1.106	0.000000	0.000000
1687925623242	1687925623233	-9.100	-3.912	0.948	-1.687	0.137	0.777	0.505	-6.833	1.063	0.000000	0.000000
1687925623253	1687925623243	-9.175	-3.864	0.912	-1.615	0.155	0.672	0.369	-6.850	1.077	0.000000	0.000000
1687925623261	1687925623254	-9.412	-3.816	0.919	-1.567	0.170	0.561	0.283	-6.742	1.077	0.000000	0.000000
1687925623272	1687925623262	-9.919	-3.797	0.924	-1.541	0.189	0.445	0.204	-6.713	1.010	0.000000	0.000000
1687925623282	1687925623272	-10.788	-3.958	0.694	-1.531	0.221	0.323	-0.038	-6.689	0.977	0.000000	0.000000
1687925623294	1687925623282	-12.500	-4.353	0.747	-1.533	0.257	0.202	-0.546	-6.668	0.953	0.000000	0.000000
1687925623302	1687925623294	-14.102	-4.573	1.360	-1.533	0.305	0.092	-1.415	-6.831	0.692	0.000000	0.000000
1687925623313	1687925623303	-13.707	-4.860	1.786	-1.513	0.364	0.001	-3.127	-7.223	0.723	0.000000	0.000000
1687925623324	1687925623313	-12.306	-4.973	2.100	-1.445	0.356	-0.051	-4.731	-7.453	1.317	0.000000	0.000000
1687925623335	1687925623325	-10.848	-4.659	1.958	-1.299	0.290	-0.070	-4.336	-7.740	1.736	0.000000	0.000000
1687925623345	1687925623337	-9.345	-4.051	1.824	-1.064	0.252	-0.130	-2.933	-7.848	2.040	0.000000	0.000000
1687925623357	1687925623345	-7.918	-3.503	1.647	-0.800	0.206	-0.257	-1.472	-7.527	1.889	0.000000	0.000000
1687925623365	1687925623357	-7.022	-3.134	1.614	-0.591	0.145	-0.417	0.034	-6.905	1.748	0.000000	0.000000
1687925623387	1687925623365	-6.857	-2.567	1.784	-0.486	0.100	-0.615	1.468	-6.333	1.568	0.000000	0.000000
1687925623387	1687925623387	-7.604	-2.327	1.975	-0.478	0.075	-0.842	2.377	-5.916	1.530	0.000000	0.000000
1687925623393	1687925623388	-8.909	-2.049	2.255	-0.512	0.072	-1.060	2.557	-5.301	1.697	0.000000	0.000000
1687925623417	1687925623393	-10.173	-1.856	2.622	-0.561	0.099	-1.271	1.832	-4.982	1.884	0.000000	0.000000
1687925623418	1687925623418	-11.021	-1.743	2.947	-0.605	0.126	-1.480	0.555	-4.604	2.157	0.000000	0.000000
1687925623421	1687925623418	-11.349	-1.528	2.792	-0.611	0.090	-1.646	-0.675	-4.288	2.519	0.000000	0.000000
1687925623434	1687925623421	-11.392	-0.965	2.488	-0.572	0.016	-1.773	-1.489	-4.034	2.842	0.000000	0.000000
1687925623443	1687925623434	-11.291	-0.359	1.966	-0.522	-0.086	-1.863	-1.776	-3.646	2.682	0.000000	0.000000
1687925623455	1687925623443	-11.080	0.007	1.556	-0.518	-0.199	-1.924	-1.788	-2.928	2.368	0.000000	0.000000
1687925623463	1687925623455	-11.083	0.407	1.300	-0.582	-0.331	-1.968	-1.652	-2.143	1.829	0.000000	0.000000
1687925623474	1687925623463	-10.958	0.546	1.204	-0.726	-0.472	-2.009	-1.410	-1.590	1.391	0.000000	0.000000
1687925623484	1687925623475	-10.944	0.407	1.070	-0.924	-0.608	-2.042	-1.379	-0.979	1.089	0.000000	0.000000
1687925623495	1687925623484	-10.879	0.189	0.996	-1.139	-0.728	-2.072	-1.233	-0.663	0.943	0.000000	0.000000
1687925623504	1687925623495	-11.107	0.136	0.977	-1.333	-0.811	-2.106	-1.195	-0.579	0.733	0.000000	0.000000
1687925623514	1687925623505	-11.214	0.007	0.816	-1.469	-0.852	-2.144	-1.116	-0.613	0.587	0.000000	0.000000
1687925623524	1687925623515	-11.159	-0.194	0.843	-1.530	-0.866	-2.175	-1.334	-0.453	0.479	0.000000	0.000000
1687925623536	1687925623525	-11.193	-0.481	0.735	-1.522	-0.864	-2.193	-1.437	-0.364	0.227	0.000000	0.000000
1687925623544	1687925623537	-11.322	-0.498	0.620	-1.466	-0.844	-2.204	-1.379	-0.342	0.165	0.000000	0.000000
1687925623556	1687925623545	-11.246	-0.527	0.611	-1.361	-0.817	-2.194	-1.420	-0.405	-0.026	0.000000	0.000000
1687925623565	1687925623556	-11.030	-0.445	0.577	-1.230	-0.789	-2.164	-1.561	-0.172	-0.227	0.000000	0.000000
1687925623587	1687925623565	-11.102	-0.457	0.491	-1.090	-0.765	-2.122	-1.499	0.000	-0.304	0.000000	0.000000
1687925623588	1687925623587	-10.906	-0.251	0.436	-0.955	-0.739	-2.068	-1.307	0.326	-0.414	0.000000	0.000000
1687925623608	1687925623588	-10.525	-0.273	0.426	-0.842	-0.716	-2.004	-1.403	0.510	-0.558	0.000000	0.000000
1687925623608	1687925623608	-10.338	-0.192	0.390	-0.755	-0.700	-1.922	-1.235	0.927	-0.675	0.000000	0.000000
1687925623614	1687925623608	-10.017	-0.163	0.304	-0.694	-0.687	-1.825	-0.888	1.109	-0.742	0.000000	0.000000
1687925623624	1687925623614	-9.919	-0.180	0.285	-0.655	-0.670	-1.718	-0.742	1.403	-0.840	0.000000	0.000000
1687925623634	1687925623624	-9.838	-0.177	0.359	-0.630	-0.662	-1.596	-0.457	1.597	-0.974	0.000000	0.000000
1687925623641	1687925623634	-9.766	-0.232	0.421	-0.630	-0.652	-1.461	-0.400	1.753	-1.046	0.000000	0.000000
1687925623653	1687925623641	-9.603	-0.273	0.462	-0.648	-0.641	-1.319	-0.357	1.906	-1.018	0.000000	0.000000
1687925623661	1687925623653	-9.515	-0.407	0.493	-0.678	-0.629	-1.167	-0.321	1.980	-0.994	0.000000	0.000000
1687925623672	1687925623661	-9.574	-0.591	0.527	-0.712	-0.616	-1.014	-0.189	2.045	-0.986	0.000000	0.000000
1687925623682	1687925623672	-9.476	-0.716	0.548	-0.745	-0.599	-0.859	-0.136	2.030	-0.996	0.000000	0.000000
1687925623691	1687925623682	-9.234	-0.730	0.527	-0.782	-0.590	-0.696	-0.204	1.875	-0.970	0.000000	0.000000
