1687925633743	1687925633743	-10.065	-1.580	1.786	-1.977	0.031	-0.458	0.383	-1.532	0.862	0.000000	0.000000
1687925633743	1687925633743	-10.125	-1.475	1.882	-1.955	0.049	-0.484	-0.007	-1.453	1.046	0.000000	0.000000
1687925633749	1687925633743	-10.202	-1.307	1.899	-1.890	0.049	-0.496	-0.280	-1.401	1.199	0.000000	0.000000
1687925633761	1687925633749	-10.106	-1.128	1.853	-1.797	0.035	-0.511	-0.340	-1.235	1.305	0.000000	0.000000
1687925633771	1687925633761	-9.936	-0.939	1.839	-1.701	0.000	-0.534	-0.421	-0.958	1.310	0.000000	0.000000
1687925633781	1687925633771	-9.759	-0.855	1.719	-1.627	-0.061	-0.569	-0.330	-0.673	1.252	0.000000	0.000000
1687925633790	1687925633781	-9.699	-0.759	1.721	-1.591	-0.133	-0.613	-0.168	-0.378	1.223	0.000000	0.000000
1687925633800	1687925633791	-9.615	-0.812	1.645	-1.599	-0.205	-0.659	0.000	-0.206	1.082	0.000000	0.000000
1687925633810	1687925633801	-9.778	-0.800	1.595	-1.641	-0.272	-0.701	0.053	-0.007	1.053	0.000000	0.000000
1687925633821	1687925633810	-9.795	-0.848	1.468	-1.693	-0.330	-0.742	0.127	0.024	0.943	0.000000	0.000000
1687925633829	1687925633821	-9.831	-0.970	1.415	-1.734	-0.378	-0.772	-0.045	0.129	0.850	0.000000	0.000000
1687925633840	1687925633830	-9.898	-0.986	1.317	-1.754	-0.412	-0.783	-0.077	0.175	0.678	0.000000	0.000000
1687925633850	1687925633840	-10.025	-1.113	1.288	-1.752	-0.429	-0.771	-0.127	0.153	0.577	0.000000	0.000000
1687925633860	1687925633850	-10.020	-1.053	1.250	-1.734	-0.440	-0.740	-0.206	0.215	0.438	0.000000	0.000000
1687925633870	1687925633860	-10.058	-1.173	1.130	-1.704	-0.446	-0.695	-0.350	0.170	0.366	0.000000	0.000000
1687925633882	1687925633870	-9.979	-1.259	1.130	-1.671	-0.447	-0.646	-0.359	0.309	0.292	0.000000	0.000000
1687925633890	1687925633882	-9.984	-1.379	1.123	-1.631	-0.452	-0.591	-0.409	0.261	0.136	0.000000	0.000000
1687925633900	1687925633890	-9.814	-1.355	1.111	-1.589	-0.459	-0.534	-0.345	0.239	0.108	0.000000	0.000000
1687925633910	1687925633900	-9.799	-1.355	1.123	-1.556	-0.461	-0.467	-0.364	0.192	0.069	0.000000	0.000000
1687925633921	1687925633910	-9.658	-1.348	1.147	-1.519	-0.453	-0.389	-0.204	0.254	0.036	0.000000	0.000000
1687925633930	1687925633921	-9.541	-1.389	1.156	-1.471	-0.442	-0.316	-0.199	0.299	0.024	0.000000	0.000000
1687925633941	1687925633930	-9.392	-1.456	1.231	-1.426	-0.435	-0.247	-0.067	0.342	0.026	0.000000	0.000000
1687925633950	1687925633941	-9.349	-1.384	1.207	-1.389	-0.426	-0.173	0.041	0.335	0.014	0.000000	0.000000
1687925633960	1687925633951	-9.436	-1.384	1.264	-1.363	-0.426	-0.100	0.184	0.285	0.069	0.000000	0.000000
1687925633970	1687925633960	-9.448	-1.367	1.307	-1.356	-0.435	-0.037	0.220	0.376	0.026	0.000000	0.000000
1687925633982	1687925633970	-9.754	-1.386	1.279	-1.370	-0.451	0.016	0.132	0.376	0.067	0.000000	0.000000
1687925633990	1687925633982	-9.797	-1.451	1.324	-1.410	-0.474	0.064	0.117	0.393	0.091	0.000000	0.000000
1687925634003	1687925633990	-9.737	-1.405	1.128	-1.465	-0.505	0.105	-0.187	0.366	0.043	0.000000	0.000000
1687925634012	1687925634004	-9.764	-1.365	1.120	-1.532	-0.553	0.139	-0.232	0.294	0.067	0.000000	0.000000
1687925634022	1687925634013	-9.708	-1.444	1.113	-1.613	-0.602	0.170	-0.172	0.330	-0.146	0.000000	0.000000
1687925634030	1687925634022	-9.675	-1.578	1.094	-1.708	-0.650	0.189	-0.201	0.359	-0.180	0.000000	0.000000
1687925634044	1687925634030	-9.668	-1.662	1.046	-1.811	-0.705	0.202	-0.146	0.268	-0.208	0.000000	0.000000
1687925634050	1687925634044	-9.606	-1.695	1.039	-1.901	-0.755	0.210	-0.115	0.124	-0.254	0.000000	0.000000
1687925634061	1687925634050	-9.718	-1.695	0.991	-1.977	-0.800	0.221	-0.110	0.031	-0.328	0.000000	0.000000
1687925634070	1687925634061	-9.957	-1.769	0.936	-2.034	-0.839	0.238	-0.050	-0.005	-0.364	0.000000	0.000000
1687925634082	1687925634070	-10.151	-1.875	0.852	-2.071	-0.875	0.260	-0.168	-0.007	-0.441	0.000000	0.000000
1687925634090	1687925634083	-10.262	-1.930	0.670	-2.084	-0.913	0.288	-0.412	-0.081	-0.532	0.000000	0.000000
1687925634103	1687925634090	-10.247	-1.824	0.510	-2.089	-0.957	0.325	-0.611	-0.187	-0.639	0.000000	0.000000
1687925634110	1687925634103	-10.005	-1.858	0.503	-2.100	-0.990	0.371	-0.725	-0.242	-0.860	0.000000	0.000000
1687925634121	1687925634110	-9.505	-1.817	0.421	-2.129	-1.019	0.414	-0.716	-0.136	-1.049	0.000000	0.000000
1687925634130	1687925634121	-9.139	-1.836	0.381	-2.167	-1.029	0.454	-0.479	-0.175	-1.092	0.000000	0.000000
1687925634140	1687925634130	-8.803	-1.772	0.259	-2.203	-1.018	0.480	0.014	-0.139	-1.209	0.000000	0.000000
1687925634152	1687925634140	-8.588	-1.887	0.280	-2.230	-0.986	0.492	0.376	-0.165	-1.286	0.000000	0.000000
1687925634161	1687925634152	-8.478	-1.834	0.326	-2.247	-0.942	0.495	0.709	-0.105	-1.420	0.000000	0.000000
1687925634170	1687925634161	-8.468	-1.870	0.326	-2.259	-0.887	0.492	0.924	-0.223	-1.403	0.000000	0.000000
1687925634182	1687925634170	-8.528	-1.863	0.433	-2.266	-0.819	0.491	1.034	-0.172	-1.360	0.000000	0.000000
1687925634192	1687925634183	-8.744	-1.870	0.546	-2.268	-0.744	0.494	1.044	-0.208	-1.367	0.000000	0.000000
1687925634201	1687925634192	-8.890	-1.970	0.694	-2.252	-0.663	0.506	0.977	-0.211	-1.300	0.000000	0.000000
1687925634210	1687925634201	-8.978	-1.966	0.759	-2.211	-0.588	0.528	0.757	-0.225	-1.226	0.000000	0.000000
1687925634225	1687925634211	-9.057	-1.860	0.831	-2.148	-0.514	0.556	0.611	-0.326	-1.073	0.000000	0.000000
1687925634232	1687925634225	-9.019	-1.877	0.955	-2.074	-0.456	0.588	0.524	-0.326	-1.001	0.000000	0.000000
1687925634242	1687925634232	-9.050	-1.750	1.018	-2.006	-0.412	0.628	0.448	-0.225	-0.917	0.000000	0.000000
1687925634251	1687925634242	-9.057	-1.808	1.082	-1.961	-0.376	0.663	0.491	-0.254	-0.778	0.000000	0.000000
1687925634262	1687925634251	-9.199	-1.805	1.125	-1.944	-0.351	0.690	0.464	-0.144	-0.702	0.000000	0.000000
1687925634271	1687925634262	-9.354	-1.772	1.142	-1.955	-0.335	0.707	0.464	-0.223	-0.620	0.000000	0.000000
1687925634284	1687925634271	-9.555	-1.829	1.144	-1.987	-0.320	0.717	0.330	-0.242	-0.558	0.000000	0.000000
1687925634293	1687925634284	-9.682	-1.877	1.188	-2.029	-0.307	0.723	0.182	-0.235	-0.524	0.000000	0.000000
1687925634302	1687925634293	-9.790	-1.918	1.197	-2.072	-0.290	0.729	-0.010	-0.311	-0.500	0.000000	0.000000
1687925634311	1687925634302	-9.799	-1.887	1.185	-2.103	-0.274	0.735	-0.129	-0.390	-0.436	0.000000	0.000000
1687925634321	1687925634311	-9.843	-1.990	1.300	-2.120	-0.255	0.742	-0.230	-0.443	-0.400	0.000000	0.000000
1687925634331	1687925634321	-9.665	-1.822	1.346	-2.118	-0.230	0.751	-0.230	-0.438	-0.385	0.000000	0.000000
1687925634344	1687925634331	-9.515	-1.805	1.405	-2.110	-0.206	0.768	-0.268	-0.548	-0.242	0.000000	0.000000
1687925634352	1687925634346	-9.486	-1.796	1.358	-2.099	-0.181	0.787	-0.084	-0.400	-0.165	0.000000	0.000000
1687925634362	1687925634353	-9.534	-1.774	1.460	-2.085	-0.156	0.806	0.072	-0.397	-0.079	0.000000	0.000000
1687925634371	1687925634362	-9.455	-1.856	1.501	-2.073	-0.132	0.830	0.108	-0.412	-0.098	0.000000	0.000000
1687925634386	1687925634371	-9.510	-1.712	1.573	-2.062	-0.120	0.861	0.067	-0.409	0.026	0.000000	0.000000
1687925634393	1687925634386	-9.634	-1.638	1.530	-2.049	-0.105	0.898	0.153	-0.520	0.093	0.000000	0.000000
1687925634401	1687925634393	-9.682	-1.738	1.583	-2.032	-0.097	0.935	0.105	-0.397	0.184	0.000000	0.000000
1687925634413	1687925634401	-9.644	-1.757	1.654	-2.022	-0.092	0.968	-0.010	-0.359	0.160	0.000000	0.000000
1687925634424	1687925634414	-9.675	-1.743	1.571	-2.021	-0.089	1.001	-0.053	-0.488	0.227	0.000000	0.000000
1687925634431	1687925634424	-9.668	-1.772	1.568	-2.028	-0.089	1.032	-0.007	-0.543	0.311	0.000000	0.000000
1687925634444	1687925634431	-9.622	-1.729	1.451	-2.037	-0.094	1.064	-0.031	-0.570	0.239	0.000000	0.000000
1687925634451	1687925634444	-9.701	-1.844	1.463	-2.046	-0.099	1.090	-0.017	-0.649	0.247	0.000000	0.000000
1687925634461	1687925634451	-9.685	-1.937	1.331	-2.055	-0.111	1.109	0.031	-0.644	0.134	0.000000	0.000000
1687925634471	1687925634461	-9.663	-1.954	1.250	-2.064	-0.117	1.125	-0.041	-0.804	0.151	0.000000	0.000000
1687925634483	1687925634471	-9.685	-1.911	1.214	-2.070	-0.116	1.137	-0.019	-0.943	0.022	0.000000	0.000000
1687925634491	1687925634484	-9.615	-1.903	1.137	-2.068	-0.120	1.145	0.005	-1.003	-0.055	0.000000	0.000000
1687925634501	1687925634491	-9.637	-1.839	1.058	-2.067	-0.114	1.150	-0.010	-1.003	-0.089	0.000000	0.000000
1687925634511	1687925634502	-9.560	-1.834	0.984	-2.067	-0.100	1.151	0.062	-1.053	-0.160	0.000000	0.000000
1687925634524	1687925634512	-9.455	-1.829	0.857	-2.065	-0.084	1.145	0.043	-1.013	-0.237	0.000000	0.000000
1687925634533	1687925634525	-9.771	-1.808	0.718	-2.062	-0.070	1.137	0.124	-1.046	-0.304	0.000000	0.000000
1687925634545	1687925634533	-10.733	-1.882	0.575	-2.066	-0.049	1.125	0.235	-1.077	-0.424	0.000000	0.000000
1687925634553	1687925634546	-12.052	-2.040	0.785	-2.077	-0.020	1.113	-0.077	-1.085	-0.551	0.000000	0.000000
1687925634562	1687925634554	-12.304	-2.332	0.991	-2.099	0.021	1.111	-1.034	-1.190	-0.678	0.000000	0.000000
1687925634572	1687925634562	-11.509	-2.301	1.211	-2.109	0.055	1.145	-2.349	-1.393	-0.448	0.000000	0.000000
1687925634585	1687925634572	-10.903	-2.344	1.132	-2.079	0.062	1.206	-2.593	-1.760	-0.227	0.000000	0.000000
1687925634593	1687925634585	-10.307	-2.301	0.962	-1.991	0.070	1.252	-1.791	-1.815	0.007	0.000000	0.000000
1687925634604	1687925634593	-9.807	-2.251	0.819	-1.864	0.070	1.252	-1.180	-1.951	-0.055	0.000000	0.000000
1687925634612	1687925634605	-9.412	-2.116	0.678	-1.758	0.040	1.223	-0.577	-2.016	-0.211	0.000000	0.000000
1687925634626	1687925634612	-9.428	-2.081	0.678	-1.708	-0.013	1.185	-0.074	-2.054	-0.342	0.000000	0.000000
1687925634633	1687925634626	-9.756	-2.037	0.646	-1.714	-0.061	1.140	0.321	-2.030	-0.476	0.000000	0.000000
1687925634642	1687925634633	-9.740	-2.236	0.670	-1.758	-0.092	1.084	0.304	-2.081	-0.479	0.000000	0.000000
1687925634653	1687925634642	-9.996	-2.356	0.615	-1.801	-0.116	1.031	-0.022	-2.128	-0.515	0.000000	0.000000
1687925634663	1687925634654	-10.245	-2.215	0.431	-1.802	-0.123	0.985	-0.007	-2.411	-0.503	0.000000	0.000000
1687925634673	1687925634663	-10.482	-2.210	0.309	-1.747	-0.114	0.943	-0.268	-2.610	-0.572	0.000000	0.000000
1687925634684	1687925634673	-10.642	-2.088	0.199	-1.664	-0.104	0.908	-0.522	-2.543	-0.776	0.000000	0.000000
1687925634693	1687925634684	-10.633	-2.097	0.208	-1.586	-0.092	0.880	-0.761	-2.583	-0.910	0.000000	0.000000
1687925634703	1687925634693	-10.503	-2.023	0.175	-1.527	-0.078	0.854	-0.924	-2.492	-1.030	0.000000	0.000000
1687925634713	1687925634703	-10.202	-1.908	0.223	-1.492	-0.064	0.830	-0.917	-2.552	-1.032	0.000000	0.000000
1687925634725	1687925634714	-10.001	-1.915	0.122	-1.475	-0.039	0.798	-0.792	-2.519	-1.073	0.000000	0.000000
1687925634734	1687925634725	-9.799	-1.954	0.256	-1.456	-0.009	0.760	-0.493	-2.452	-1.034	0.000000	0.000000
1687925634745	1687925634734	-9.701	-2.030	0.278	-1.412	0.028	0.720	-0.297	-2.500	-1.142	0.000000	0.000000
1687925634756	1687925634746	-9.543	-1.856	0.318	-1.334	0.064	0.677	-0.098	-2.583	-1.013	0.000000	0.000000
1687925634766	1687925634756	-9.488	-1.839	0.244	-1.232	0.097	0.638	0.000	-2.674	-0.986	0.000000	0.000000
1687925634774	1687925634767	-9.385	-1.678	0.275	-1.122	0.122	0.601	0.156	-2.519	-0.936	0.000000	0.000000
1687925634787	1687925634775	-9.335	-1.475	0.199	-1.027	0.134	0.562	0.213	-2.507	-0.996	0.000000	0.000000
1687925634796	1687925634787	-9.311	-1.343	0.168	-0.972	0.138	0.522	0.318	-2.342	-0.946	0.000000	0.000000
1687925634806	1687925634796	-9.287	-1.326	0.127	-0.962	0.134	0.476	0.371	-2.121	-0.996	0.000000	0.000000
1687925634817	1687925634806	-9.225	-1.288	0.093	-0.996	0.123	0.426	0.400	-1.973	-0.998	0.000000	0.000000
1687925634826	1687925634818	-9.203	-1.202	0.017	-1.060	0.108	0.374	0.431	-1.913	-1.008	0.000000	0.000000
1687925634839	1687925634826	-9.208	-1.221	-0.072	-1.139	0.099	0.323	0.500	-1.827	-1.008	0.000000	0.000000
1687925634847	1687925634839	-9.246	-1.209	-0.026	-1.214	0.097	0.275	0.529	-1.690	-1.051	0.000000	0.000000
1687925634877	1687925634849	-9.282	-1.276	-0.024	-1.269	0.105	0.232	0.529	-1.657	-1.109	0.000000	0.000000
1687925634878	1687925634878	-9.179	-1.281	0.014	-1.288	0.122	0.197	0.496	-1.595	-1.030	0.000000	0.000000
1687925634879	1687925634878	-9.213	-1.233	0.101	-1.273	0.148	0.171	0.467	-1.611	-0.996	0.000000	0.000000
1687925634886	1687925634879	-9.321	-1.300	0.060	-1.240	0.183	0.154	0.575	-1.563	-0.922	0.000000	0.000000
1687925634895	1687925634887	-9.440	-1.288	0.180	-1.195	0.228	0.144	0.546	-1.465	-0.800	0.000000	0.000000
1687925634906	1687925634895	-9.608	-1.326	0.381	-1.139	0.279	0.134	0.443	-1.484	-0.802	0.000000	0.000000
1687925634914	1687925634906	-9.754	-1.362	0.448	-1.074	0.323	0.127	0.326	-1.425	-0.634	0.000000	0.000000
1687925634925	1687925634914	-9.790	-1.252	0.476	-0.996	0.362	0.115	0.163	-1.413	-0.388	0.000000	0.000000
1687925634936	1687925634925	-9.883	-1.068	0.596	-0.918	0.391	0.103	0.022	-1.398	-0.266	0.000000	0.000000
1687925634945	1687925634937	-9.864	-1.063	0.694	-0.849	0.412	0.089	-0.007	-1.235	-0.187	0.000000	0.000000
1687925634955	1687925634946	-9.893	-0.934	0.764	-0.800	0.421	0.076	-0.098	-0.996	-0.012	0.000000	0.000000
1687925634968	1687925634955	-10.005	-0.845	0.848	-0.767	0.429	0.062	-0.077	-0.939	0.136	0.000000	0.000000
1687925634977	1687925634968	-10.082	-0.764	0.955	-0.745	0.437	0.049	-0.103	-0.759	0.256	0.000000	0.000000
1687925634986	1687925634977	-10.092	-0.723	1.037	-0.712	0.447	0.038	-0.215	-0.620	0.385	0.000000	0.000000
1687925634998	1687925634987	-10.060	-0.563	1.132	-0.667	0.458	0.029	-0.290	-0.496	0.536	0.000000	0.000000
1687925635008	1687925634999	-10.089	-0.357	1.106	-0.615	0.469	0.022	-0.299	-0.419	0.651	0.000000	0.000000
1687925635017	1687925635008	-10.197	-0.170	1.202	-0.562	0.483	0.017	-0.268	-0.227	0.785	0.000000	0.000000
1687925635040	1687925635017	-10.235	0.120	1.238	-0.512	0.495	0.015	-0.297	0.000	0.785	0.000000	0.000000
1687925635041	1687925635040	-10.183	0.323	1.302	-0.470	0.506	0.018	-0.405	0.206	0.912	0.000000	0.000000
1687925635047	1687925635041	-10.118	0.527	1.336	-0.432	0.513	0.037	-0.443	0.510	0.977	0.000000	0.000000
1687925635076	1687925635048	-10.082	0.680	1.372	-0.391	0.523	0.065	-0.388	0.718	1.075	0.000000	0.000000
1687925635077	1687925635077	-10.075	0.615	1.511	-0.341	0.539	0.108	-0.323	0.922	1.128	0.000000	0.000000
1687925635078	1687925635077	-9.972	0.699	1.638	-0.277	0.561	0.162	-0.287	1.068	1.190	0.000000	0.000000
1687925635090	1687925635078	-9.862	0.680	1.700	-0.215	0.580	0.225	-0.278	0.984	1.353	0.000000	0.000000
1687925635098	1687925635091	-9.811	0.634	1.800	-0.131	0.599	0.297	-0.175	1.044	1.504	0.000000	0.000000
1687925635106	1687925635099	-9.713	0.467	1.918	-0.021	0.612	0.365	-0.062	0.989	1.587	0.000000	0.000000
1687925635115	1687925635106	-9.713	0.467	1.918	0.104	0.616	0.421	-0.012	0.895	1.719	0.000000	0.000000
1687925635124	1687925635115	-9.720	0.280	2.030	0.104	0.616	0.421	0.086	0.682	1.841	0.000000	0.000000
1687925635134	1687925635124	-9.692	0.280	2.172	0.346	0.597	0.497	0.086	0.625	1.851	0.000000	0.000000
1687925635145	1687925635134	-9.680	0.136	2.380	0.346	0.597	0.497	0.081	0.381	1.970	0.000000	0.000000
1687925635154	1687925635145	-9.766	0.069	2.449	0.462	0.571	0.516	0.110	0.318	2.112	0.000000	0.000000
1687925635163	1687925635154	-9.847	-0.158	2.509	0.555	0.528	0.514	0.122	0.115	2.315	0.000000	0.000000
1687925635174	1687925635164	-9.984	-0.476	2.648	0.621	0.476	0.506	0.036	-0.017	2.387	0.000000	0.000000
1687925635185	1687925635174	-10.051	-0.809	2.629	0.663	0.428	0.492	-0.043	-0.290	2.425	0.000000	0.000000
1687925635193	1687925635185	-10.096	-1.128	2.729	0.757	0.321	0.461	-0.182	-0.663	2.555	0.000000	0.000000
1687925635204	1687925635193	-10.084	-1.393	2.820	0.757	0.321	0.461	-0.249	-1.034	2.516	0.000000	0.000000
1687925635213	1687925635205	-9.993	-1.602	2.974	0.831	0.275	0.436	-0.297	-1.401	2.602	0.000000	0.000000
1687925635223	1687925635213	-9.828	-1.760	3.103	0.924	0.238	0.403	-0.285	-1.690	2.674	0.000000	0.000000
1687925635240	1687925635223	-9.699	-1.939	3.189	1.030	0.199	0.365	-0.196	-1.937	2.820	0.000000	0.000000
1687925635243	1687925635240	-9.653	-2.049	3.251	1.136	0.164	0.315	-0.031	-2.116	2.938	0.000000	0.000000
1687925635254	1687925635243	-9.653	-2.272	3.335	1.219	0.121	0.261	0.093	-2.332	3.045	0.000000	0.000000
1687925635265	1687925635254	-9.795	-2.425	3.428	1.269	0.065	0.214	0.139	-2.476	3.129	0.000000	0.000000
1687925635275	1687925635265	-9.886	-2.514	3.656	1.288	-0.004	0.172	0.136	-2.725	3.230	0.000000	0.000000
1687925635286	1687925635275	-9.864	-2.684	3.888	1.269	-0.088	0.140	-0.002	-2.880	3.306	0.000000	0.000000
1687925635295	1687925635286	-9.771	-2.959	4.089	1.119	-0.269	0.054	-0.093	-2.971	3.512	0.000000	0.000000
1687925635305	1687925635295	-9.649	-3.191	4.125	1.119	-0.269	0.054	-0.072	-3.139	3.721	0.000000	0.000000
1687925635315	1687925635305	-9.601	-3.393	4.120	1.002	-0.359	-0.011	0.019	-3.409	3.883	0.000000	0.000000
1687925635326	1687925635315	-9.529	-3.620	4.152	0.888	-0.461	-0.092	0.141	-3.642	3.888	0.000000	0.000000
1687925635335	1687925635327	-9.637	-3.850	4.073	0.779	-0.574	-0.194	0.187	-3.838	3.845	0.000000	0.000000
1687925635347	1687925635335	-9.759	-4.166	4.015	0.679	-0.698	-0.307	0.259	-4.053	3.831	0.000000	0.000000
1687925635357	1687925635347	-9.926	-4.413	3.965	0.604	-0.825	-0.424	0.148	-4.264	3.692	0.000000	0.000000
1687925635367	1687925635357	-9.960	-4.520	3.821	0.574	-0.944	-0.538	0.026	-4.556	3.575	0.000000	0.000000
1687925635377	1687925635367	-10.048	-4.561	3.536	0.601	-1.065	-0.648	-0.141	-4.764	3.445	0.000000	0.000000
1687925635389	1687925635377	-10.116	-4.436	3.397	0.671	-1.180	-0.754	-0.180	-4.824	3.213	0.000000	0.000000
1687925635395	1687925635390	-10.288	-4.420	3.132	0.757	-1.273	-0.859	-0.273	-4.805	2.825	0.000000	0.000000
1687925635408	1687925635396	-10.439	-4.274	2.957	0.841	-1.356	-0.963	-0.347	-4.611	2.571	0.000000	0.000000
1687925635417	1687925635409	-10.597	-4.183	2.780	0.894	-1.436	-1.062	-0.532	-4.501	2.157	0.000000	0.000000
1687925635428	1687925635417	-10.858	-4.082	2.557	0.921	-1.499	-1.159	-0.694	-4.288	1.877	0.000000	0.000000
1687925635443	1687925635429	-11.100	-4.032	2.303	0.924	-1.547	-1.257	-0.869	-4.104	1.561	0.000000	0.000000
1687925635448	1687925635443	-11.281	-3.972	2.186	0.910	-1.585	-1.355	-1.152	-3.903	1.190	0.000000	0.000000
1687925635468	1687925635449	-11.519	-3.843	1.853	0.883	-1.615	-1.445	-1.417	-3.745	0.785	0.000000	0.000000
1687925635468	1687925635468	-11.621	-3.764	1.595	0.848	-1.640	-1.531	-1.630	-3.567	0.510	0.000000	0.000000
1687925635473	1687925635468	-11.720	-3.733	1.288	0.811	-1.657	-1.615	-1.906	-3.302	0.002	0.000000	0.000000
1687925635486	1687925635473	-11.734	-3.579	1.159	0.773	-1.673	-1.695	-2.045	-3.105	-0.400	0.000000	0.000000
1687925635494	1687925635486	-11.677	-3.412	1.027	0.738	-1.676	-1.765	-2.191	-2.938	-0.871	0.000000	0.000000
1687925635506	1687925635494	-11.614	-3.299	0.828	0.705	-1.669	-1.833	-2.258	-2.638	-1.166	0.000000	0.000000
1687925635514	1687925635507	-11.471	-3.153	0.742	0.681	-1.642	-1.895	-2.263	-2.308	-1.480	0.000000	0.000000
1687925635524	1687925635514	-11.332	-2.928	0.694	0.656	-1.603	-1.951	-2.260	-2.057	-1.827	0.000000	0.000000
1687925635535	1687925635524	-11.150	-2.840	0.658	0.641	-1.543	-1.993	-2.193	-1.738	-2.093	0.000000	0.000000
1687925635544	1687925635535	-11.284	-2.650	0.608	0.628	-1.478	-2.027	-2.121	-1.367	-2.282	0.000000	0.000000
1687925635555	1687925635544	-11.638	-2.555	0.385	0.619	-1.411	-2.051	-2.021	-1.116	-2.471	0.000000	0.000000
1687925635567	1687925635555	-12.483	-2.478	-0.069	0.607	-1.345	-2.073	-2.239	-0.761	-2.667	0.000000	0.000000
1687925635576	1687925635567	-12.838	-2.325	-0.156	0.579	-1.291	-2.090	-2.682	-0.503	-3.029	0.000000	0.000000
1687925635587	1687925635577	-12.388	-1.992	-0.158	0.527	-1.229	-2.094	-3.618	-0.261	-3.615	0.000000	0.000000
1687925635596	1687925635587	-12.206	-1.516	-0.196	0.434	-1.179	-2.060	-4.075	0.069	-3.843	0.000000	0.000000
1687925635606	1687925635596	-12.045	-1.211	-0.067	0.316	-1.115	-2.023	-3.713	0.548	-3.953	0.000000	0.000000
1687925635617	1687925635607	-11.502	-0.939	0.189	0.194	-0.996	-2.011	-3.642	1.202	-4.116	0.000000	0.000000
1687925635627	1687925635617	-11.126	-0.852	0.498	0.073	-0.856	-1.989	-3.572	1.650	-4.080	0.000000	0.000000
1687925635639	1687925635627	-11.202	-0.682	0.637	-0.011	-0.701	-1.936	-3.127	2.085	-3.912	0.000000	0.000000
1687925635648	1687925635640	-11.396	-0.551	0.848	-0.034	-0.524	-1.858	-2.849	2.334	-3.677	0.000000	0.000000
1687925635666	1687925635648	-11.028	-0.498	0.970	0.010	-0.352	-1.750	-3.026	2.679	-3.601	0.000000	0.000000
1687925635667	1687925635667	-10.630	-0.201	0.912	0.116	-0.211	-1.605	-3.299	2.950	-3.428	0.000000	0.000000
1687925635677	1687925635667	-10.247	0.163	0.790	0.270	-0.111	-1.438	-3.014	3.156	-3.338	0.000000	0.000000
1687925635690	1687925635677	-9.673	0.704	0.642	0.450	-0.044	-1.273	-2.679	3.563	-3.414	0.000000	0.000000
1687925635697	1687925635690	-9.191	1.243	0.512	0.621	-0.022	-1.120	-2.363	4.039	-3.558	0.000000	0.000000
1687925635707	1687925635697	-8.904	1.858	0.385	0.737	-0.049	-0.981	-1.834	4.654	-3.725	0.000000	0.000000
1687925635717	1687925635708	-8.789	2.480	0.266	0.753	-0.106	-0.866	-1.413	5.272	-3.888	0.000000	0.000000
1687925635727	1687925635717	-8.926	3.021	-0.036	0.638	-0.175	-0.770	-1.154	5.918	-4.039	0.000000	0.000000
1687925635737	1687925635728	-9.031	3.553	-0.364	0.403	-0.246	-0.687	-1.082	6.577	-4.202	0.000000	0.000000
1687925635750	1687925635737	-9.227	3.903	-0.735	0.072	-0.325	-0.610	-1.255	7.147	-4.539	0.000000	0.000000
1687925635758	1687925635750	-9.352	3.998	-0.929	-0.316	-0.390	-0.538	-1.403	7.714	-4.906	0.000000	0.000000
1687925635768	1687925635758	-9.646	3.941	-1.056	-0.716	-0.420	-0.453	-1.638	8.104	-5.303	0.000000	0.000000
1687925635778	1687925635768	-9.924	3.903	-0.924	-1.087	-0.420	-0.354	-1.810	8.265	-5.516	0.000000	0.000000
1687925635789	1687925635779	-10.247	3.625	-0.606	-1.387	-0.367	-0.225	-2.138	8.267	-5.643	0.000000	0.000000
1687925635800	1687925635790	-10.326	3.005	-0.043	-1.585	-0.243	-0.039	-2.452	8.305	-5.497	0.000000	0.000000
1687925635810	1687925635800	-10.408	2.571	0.496	-1.635	-0.060	0.197	-2.801	8.109	-5.143	0.000000	0.000000
1687925635818	1687925635812	-10.274	2.100	0.816	-1.502	0.186	0.469	-2.895	7.570	-4.520	0.000000	0.000000
1687925635830	1687925635819	-10.350	1.935	0.857	-1.202	0.474	0.768	-2.945	7.161	-3.905	0.000000	0.000000
1687925635841	1687925635830	-10.391	1.748	0.670	-0.800	0.766	1.070	-2.756	6.699	-3.479	0.000000	0.000000
1687925635849	1687925635842	-10.499	1.575	0.541	-0.346	1.027	1.339	-2.761	6.503	-3.345	0.000000	0.000000
1687925635878	1687925635853	-10.733	1.573	0.347	0.081	1.207	1.558	-2.722	6.268	-3.438	0.000000	0.000000
1687925635879	1687925635878	-10.965	1.410	0.362	0.380	1.312	1.731	-2.727	6.007	-3.472	0.000000	0.000000
1687925635879	1687925635879	-11.138	1.231	0.426	0.507	1.365	1.879	-2.847	5.878	-3.575	0.000000	0.000000
1687925635888	1687925635880	-11.195	0.955	0.539	0.505	1.378	2.007	-2.954	5.564	-3.472	0.000000	0.000000
1687925635898	1687925635889	-11.241	0.558	0.687	0.412	1.351	2.099	-2.986	5.195	-3.309	0.000000	0.000000
1687925635907	1687925635898	-11.145	0.278	0.757	0.271	1.311	2.165	-2.928	4.755	-3.112	0.000000	0.000000
1687925635916	1687925635908	-11.195	-0.072	0.824	0.093	1.286	2.213	-2.835	4.149	-2.856	0.000000	0.000000
1687925635928	1687925635917	-11.449	-0.297	0.747	-0.101	1.285	2.242	-2.629	3.694	-2.696	0.000000	0.000000
1687925635937	1687925635928	-11.514	-0.620	0.687	-0.301	1.299	2.260	-2.562	3.153	-2.521	0.000000	0.000000
1687925635947	1687925635937	-11.607	-0.948	0.692	-0.497	1.323	2.271	-2.703	2.737	-2.483	0.000000	0.000000
1687925635958	1687925635947	-11.638	-1.128	0.520	-0.682	1.350	2.280	-2.650	2.203	-2.406	0.000000	0.000000
1687925635969	1687925635958	-11.633	-1.425	0.560	-0.843	1.372	2.287	-2.653	1.707	-2.284	0.000000	0.000000
1687925635979	1687925635970	-11.559	-1.693	0.567	-0.971	1.394	2.291	-2.586	1.341	-2.318	0.000000	0.000000
1687925635989	1687925635979	-11.528	-1.774	0.596	-1.073	1.412	2.292	-2.488	0.860	-2.131	0.000000	0.000000
1687925635996	1687925635989	-11.303	-1.985	0.630	-1.152	1.434	2.288	-2.327	0.407	-1.975	0.000000	0.000000
1687925636006	1687925635997	-11.047	-2.081	0.718	-1.221	1.455	2.285	-2.215	0.139	-1.793	0.000000	0.000000
1687925636016	1687925636006	-10.853	-2.131	0.728	-1.264	1.482	2.280	-1.901	-0.294	-1.573	0.000000	0.000000
1687925636026	1687925636016	-10.783	-2.069	0.771	-1.283	1.519	2.264	-1.590	-0.541	-1.360	0.000000	0.000000
1687925636037	1687925636026	-10.647	-2.243	0.855	-1.296	1.554	2.249	-1.334	-0.783	-1.192	0.000000	0.000000
1687925636046	1687925636037	-10.669	-2.440	0.984	-1.290	1.594	2.221	-1.209	-0.915	-0.986	0.000000	0.000000
1687925636055	1687925636046	-10.769	-2.725	1.216	-1.242	1.624	2.172	-1.022	-1.283	-0.740	0.000000	0.000000
1687925636066	1687925636055	-10.800	-2.940	1.513	-1.162	1.636	2.121	-1.001	-1.674	-0.445	0.000000	0.000000
1687925636076	1687925636066	-10.800	-3.060	1.820	-1.049	1.640	2.082	-1.061	-2.172	-0.031	0.000000	0.000000
1687925636086	1687925636077	-10.903	-3.036	2.064	-0.925	1.627	2.050	-1.065	-2.562	0.412	0.000000	0.000000
1687925636096	1687925636086	-11.016	-3.081	2.409	-0.798	1.620	2.023	-1.044	-2.873	0.881	0.000000	0.000000
1687925636106	1687925636097	-11.049	-3.077	2.682	-0.685	1.611	1.987	-1.130	-3.041	1.283	0.000000	0.000000
1687925636116	1687925636106	-10.980	-3.048	2.849	-0.604	1.588	1.934	-1.233	-3.299	1.803	0.000000	0.000000
1687925636126	1687925636116	-10.896	-3.172	2.969	-0.556	1.553	1.857	-1.264	-3.464	2.215	0.000000	0.000000
1687925636136	1687925636126	-10.851	-3.019	3.098	-0.545	1.498	1.761	-1.199	-3.661	2.567	0.000000	0.000000
1687925636147	1687925636136	-10.791	-3.340	3.326	-0.575	1.423	1.648	-1.123	-3.929	2.804	0.000000	0.000000
1687925636157	1687925636147	-10.733	-3.373	3.467	-0.633	1.333	1.522	-1.092	-3.965	3.089	0.000000	0.000000
1687925636168	1687925636157	-10.697	-3.428	3.668	-0.710	1.232	1.393	-1.049	-4.432	3.436	0.000000	0.000000
1687925636178	1687925636168	-10.618	-3.563	3.895	-0.790	1.123	1.267	-1.013	-4.628	3.713	0.000000	0.000000
1687925636189	1687925636179	-10.515	-3.807	4.034	-0.853	1.010	1.130	-0.996	-4.808	4.013	0.000000	0.000000
1687925636198	1687925636189	-10.283	-3.895	4.238	-0.894	0.903	0.980	-0.946	-5.092	4.357	0.000000	0.000000
1687925636210	1687925636200	-10.226	-4.015	4.492	-0.915	0.803	0.836	-0.862	-5.440	4.573	0.000000	0.000000
1687925636219	1687925636210	-10.106	-4.164	4.635	-0.909	0.720	0.693	-0.654	-5.638	4.855	0.000000	0.000000
1687925636230	1687925636220	-10.309	-4.386	4.855	-0.871	0.655	0.560	-0.615	-5.835	5.164	0.000000	0.000000
1687925636242	1687925636230	-11.248	-4.717	5.109	-0.790	0.599	0.429	-0.512	-6.057	5.358	0.000000	0.000000
1687925636248	1687925636243	-12.311	-5.080	5.698	-0.661	0.561	0.303	-0.733	-6.340	5.626	0.000000	0.000000
1687925636272	1687925636249	-13.173	-5.332	6.179	-0.461	0.538	0.195	-1.686	-6.721	5.926	0.000000	0.000000
1687925636273	1687925636272	-13.913	-5.313	6.211	-0.187	0.487	0.104	-2.758	-7.118	6.551	0.000000	0.000000
1687925636277	1687925636273	-13.934	-5.042	5.705	0.144	0.397	0.020	-3.630	-7.391	7.075	0.000000	0.000000
1687925636289	1687925636278	-13.041	-4.705	5.013	0.490	0.243	-0.079	-4.377	-7.384	7.149	0.000000	0.000000
1687925636298	1687925636289	-11.954	-4.108	4.377	0.783	0.000	-0.214	-4.403	-7.113	6.685	0.000000	0.000000
1687925636310	1687925636298	-10.829	-3.469	4.032	0.944	-0.324	-0.400	-3.510	-6.764	6.024	0.000000	0.000000
1687925636319	1687925636310	-9.615	-3.050	3.984	0.933	-0.648	-0.637	-2.418	-6.132	5.406	0.000000	0.000000
1687925636328	1687925636319	-8.590	-2.722	3.910	0.755	-0.916	-0.908	-1.283	-5.454	5.052	0.000000	0.000000
1687925636338	1687925636328	-7.980	-2.902	4.044	0.490	-1.118	-1.197	-0.050	-4.966	4.961	0.000000	0.000000
1687925636350	1687925636339	-8.023	-3.172	4.044	0.250	-1.225	-1.526	0.998	-4.544	4.812	0.000000	0.000000
1687925636358	1687925636350	-8.571	-3.395	3.955	0.105	-1.262	-1.859	1.640	-4.604	4.848	0.000000	0.000000
1687925636369	1687925636358	-9.311	-3.476	3.764	0.089	-1.280	-2.161	1.630	-4.726	4.733	0.000000	0.000000
1687925636379	1687925636370	-10.199	-3.596	3.589	0.206	-1.282	-2.399	1.120	-4.750	4.513	0.000000	0.000000
1687925636389	1687925636379	-10.824	-3.666	3.270	0.413	-1.294	-2.573	0.412	-4.642	4.211	0.000000	0.000000
1687925636399	1687925636390	-11.430	-3.632	2.976	0.670	-1.329	-2.694	-0.445	-4.527	3.912	0.000000	0.000000
1687925636411	1687925636400	-12.151	-3.677	2.512	0.942	-1.442	-2.737	-1.046	-4.343	3.472	0.000000	0.000000
1687925636420	1687925636411	-12.567	-3.340	2.263	1.223	-1.589	-2.731	-1.633	-4.020	3.038	0.000000	0.000000
1687925636430	1687925636420	-12.933	-2.986	1.990	1.489	-1.767	-2.704	-2.349	-3.824	2.447	0.000000	0.000000
1687925636444	1687925636430	-13.120	-2.753	1.659	1.682	-1.946	-2.663	-2.768	-3.194	2.028	0.000000	0.000000
1687925636449	1687925636445	-13.570	-2.550	1.307	1.764	-2.109	-2.625	-3.146	-2.605	1.595	0.000000	0.000000
1687925636483	1687925636449	-14.363	-2.504	1.173	1.732	-2.237	-2.601	-3.357	-2.121	1.065	0.000000	0.000000
1687925636484	1687925636483	-14.619	-2.512	1.049	1.607	-2.323	-2.599	-3.840	-1.674	0.496	0.000000	0.000000
1687925636485	1687925636484	-14.688	-2.667	0.833	1.411	-2.395	-2.602	-4.681	-1.391	0.127	0.000000	0.000000
1687925636491	1687925636485	-14.767	-2.622	0.620	1.175	-2.454	-2.605	-4.994	-1.166	-0.239	0.000000	0.000000
1687925636498	1687925636491	-14.590	-2.990	0.371	0.937	-2.478	-2.607	-5.145	-1.070	-0.730	0.000000	0.000000
1687925636508	1687925636498	-14.284	-3.156	0.204	0.724	-2.476	-2.608	-5.301	-0.819	-1.173	0.000000	0.000000
1687925636521	1687925636508	-13.800	-3.335	-0.043	0.574	-2.467	-2.610	-5.231	-0.939	-1.697	0.000000	0.000000
1687925636530	1687925636522	-13.266	-3.361	-0.239	0.501	-2.452	-2.612	-5.023	-0.898	-2.088	0.000000	0.000000
1687925636538	1687925636530	-12.840	-3.443	-0.412	0.501	-2.424	-2.611	-4.662	-0.852	-2.574	0.000000	0.000000
1687925636549	1687925636539	-12.534	-3.409	-0.493	0.560	-2.384	-2.606	-4.259	-0.654	-3.007	0.000000	0.000000
1687925636558	1687925636549	-12.368	-3.165	-0.589	0.654	-2.337	-2.597	-3.991	-0.496	-3.433	0.000000	0.000000
1687925636569	1687925636559	-12.031	-3.077	-0.613	0.749	-2.287	-2.575	-3.824	-0.271	-3.718	0.000000	0.000000
1687925636580	1687925636569	-11.791	-2.969	-0.577	0.820	-2.225	-2.541	-3.821	0.172	-4.037	0.000000	0.000000
1687925636592	1687925636580	-11.746	-2.866	-0.668	0.856	-2.154	-2.497	-3.654	0.453	-4.281	0.000000	0.000000
1687925636601	1687925636592	-11.700	-2.701	-0.601	0.863	-2.073	-2.454	-3.608	0.759	-4.480	0.000000	0.000000
1687925636609	1687925636601	-11.700	-2.624	-0.462	0.853	-1.987	-2.409	-3.725	1.013	-4.757	0.000000	0.000000
1687925636618	1687925636609	-11.519	-2.559	-0.371	0.820	-1.895	-2.363	-3.919	1.384	-4.946	0.000000	0.000000
1687925636629	1687925636618	-11.250	-2.497	-0.309	0.777	-1.802	-2.310	-4.051	1.563	-4.942	0.000000	0.000000
1687925636642	1687925636629	-11.059	-2.406	-0.230	0.732	-1.714	-2.253	-4.075	1.784	-5.045	0.000000	0.000000
1687925636649	1687925636642	-10.757	-2.298	-0.199	0.694	-1.632	-2.195	-3.996	1.978	-5.150	0.000000	0.000000
1687925636667	1687925636649	-10.388	-2.222	-0.041	0.655	-1.561	-2.140	-3.991	2.195	-5.227	0.000000	0.000000
1687925636668	1687925636667	-10.144	-2.126	-0.062	0.616	-1.504	-2.084	-3.874	2.421	-5.341	0.000000	0.000000
1687925636678	1687925636668	-9.941	-1.894	-0.206	0.584	-1.456	-2.032	-3.706	2.619	-5.334	0.000000	0.000000
1687925636690	1687925636678	-9.826	-1.650	-0.354	0.562	-1.403	-1.980	-3.627	2.808	-5.473	0.000000	0.000000
1687925636698	1687925636690	-9.685	-1.463	-0.383	0.542	-1.354	-1.924	-3.603	3.139	-5.739	0.000000	0.000000
1687925636710	1687925636699	-9.361	-1.180	-0.484	0.517	-1.299	-1.861	-3.668	3.476	-6.005	0.000000	0.000000
1687925636720	1687925636711	-9.155	-0.967	-0.711	0.485	-1.244	-1.797	-3.721	3.757	-6.153	0.000000	0.000000
1687925636728	1687925636720	-8.875	-0.627	-0.915	0.456	-1.173	-1.721	-3.555	4.111	-6.347	0.000000	0.000000
1687925636739	1687925636729	-8.598	-0.196	-1.001	0.417	-1.091	-1.642	-3.531	4.405	-6.680	0.000000	0.000000
1687925636749	1687925636739	-8.243	0.201	-1.195	0.369	-0.997	-1.548	-3.378	4.800	-6.950	0.000000	0.000000
1687925636759	1687925636749	-7.841	0.661	-1.156	0.302	-0.883	-1.445	-3.218	5.286	-7.094	0.000000	0.000000
1687925636771	1687925636760	-7.427	1.006	-0.996	0.219	-0.748	-1.323	-2.952	5.727	-7.326	0.000000	0.000000
1687925636780	1687925636773	-7.075	1.276	-0.831	0.132	-0.579	-1.183	-2.684	6.244	-7.350	0.000000	0.000000
1687925636792	1687925636781	-6.910	1.221	-0.570	0.064	-0.381	-1.016	-2.389	6.644	-7.240	0.000000	0.000000
1687925636801	1687925636792	-7.312	1.379	-0.242	0.034	-0.153	-0.814	-2.152	6.970	-7.116	0.000000	0.000000
1687925636811	1687925636802	-8.346	1.496	-0.362	0.038	0.108	-0.573	-2.061	6.955	-6.874	0.000000	0.000000
1687925636820	1687925636811	-9.036	1.583	-0.362	0.060	0.393	-0.293	-2.526	7.154	-6.555	0.000000	0.000000
1687925636832	1687925636821	-9.163	1.791	-0.388	0.062	0.689	0.038	-3.584	7.295	-6.673	0.000000	0.000000
1687925636845	1687925636833	-9.713	1.642	-0.206	-0.016	0.949	0.417	-4.266	7.391	-6.658	0.000000	0.000000
1687925636848	1687925636845	-10.036	1.271	0.113	-0.136	1.230	0.814	-4.348	7.592	-6.656	0.000000	0.000000
1687925636867	1687925636848	-10.226	0.646	0.658	-0.293	1.538	1.186	-4.805	7.424	-6.421	0.000000	0.000000
1687925636886	1687925636867	-10.470	-0.122	1.305	-0.448	1.822	1.554	-5.018	7.022	-6.041	0.000000	0.000000
1687925636886	1687925636886	-10.824	-0.608	1.791	-0.529	2.084	1.907	-5.047	6.357	-5.399	0.000000	0.000000
1687925636891	1687925636886	-11.044	-0.589	1.707	-0.533	2.329	2.221	-5.092	5.531	-4.630	0.000000	0.000000
1687925636898	1687925636891	-11.224	-0.520	1.465	-0.469	2.527	2.480	-5.217	4.973	-4.001	0.000000	0.000000
1687925636908	1687925636898	-11.485	-0.441	1.226	-0.418	2.655	2.674	-5.183	4.894	-3.922	0.000000	0.000000
1687925636917	1687925636908	-11.732	-0.606	1.092	-0.367	2.701	2.788	-5.033	4.815	-3.950	0.000000	0.000000
1687925636929	1687925636917	-12.222	-0.804	1.130	-0.340	2.633	2.826	-5.069	4.776	-4.037	0.000000	0.000000
1687925636937	1687925636930	-12.828	-1.199	1.257	-0.378	2.476	2.827	-5.033	4.448	-3.977	0.000000	0.000000
1687925636950	1687925636938	-13.245	-1.317	1.420	-0.498	2.293	2.827	-5.253	4.073	-3.740	0.000000	0.000000
1687925636958	1687925636950	-13.759	-1.456	1.537	-0.722	2.111	2.867	-5.605	3.496	-3.419	0.000000	0.000000
1687925636969	1687925636958	-14.234	-1.542	1.590	-1.014	1.958	2.958	-5.787	3.191	-3.065	0.000000	0.000000
1687925636979	1687925636970	-14.475	-1.664	1.451	-1.322	1.844	3.048	-6.060	2.849	-2.737	0.000000	0.000000
1687925636990	1687925636979	-14.423	-2.049	1.281	-1.616	1.765	3.123	-6.347	2.593	-2.509	0.000000	0.000000
1687925636998	1687925636990	-14.317	-2.260	1.099	-1.866	1.723	3.175	-6.393	2.282	-2.447	0.000000	0.000000
1687925637010	1687925636999	-13.970	-2.471	1.140	-2.044	1.706	3.208	-6.153	1.702	-2.411	0.000000	0.000000
1687925637018	1687925637010	-13.645	-2.600	0.996	-2.169	1.703	3.212	-5.851	1.271	-2.358	0.000000	0.000000
1687925637029	1687925637019	-13.252	-2.758	1.085	-2.261	1.717	3.202	-5.353	0.876	-2.124	0.000000	0.000000
1687925637042	1687925637030	-12.910	-2.938	1.094	-2.342	1.745	3.181	-4.841	0.493	-2.006	0.000000	0.000000
1687925637050	1687925637042	-12.723	-3.053	1.142	-2.403	1.767	3.163	-4.331	0.160	-1.741	0.000000	0.000000
1687925637066	1687925637050	-12.474	-3.263	1.281	-2.440	1.786	3.147	-3.838	-0.263	-1.487	0.000000	0.000000
1687925637069	1687925637066	-12.574	-3.543	1.391	-2.452	1.798	3.135	-3.527	-0.608	-1.216	0.000000	0.000000
1687925637079	1687925637070	-12.529	-3.824	1.413	-2.429	1.808	3.120	-3.165	-1.056	-0.855	0.000000	0.000000
1687925637091	1687925637079	-12.486	-3.979	1.465	-2.343	1.804	3.102	-3.163	-1.578	-0.524	0.000000	0.000000
1687925637099	1687925637091	-12.481	-4.183	1.422	-2.175	1.796	3.067	-3.019	-2.136	-0.266	0.000000	0.000000
1687925637109	1687925637099	-12.567	-4.092	1.494	-1.974	1.763	3.045	-2.907	-2.523	-0.024	0.000000	0.000000
1687925637119	1687925637109	-12.572	-4.159	1.520	-1.718	1.730	2.988	-2.830	-3.019	0.151	0.000000	0.000000
1687925637131	1687925637120	-12.275	-4.159	1.595	-1.466	1.671	2.919	-2.868	-3.172	0.395	0.000000	0.000000
1687925637140	1687925637131	-12.091	-4.015	1.678	-1.246	1.593	2.841	-2.832	-3.512	0.603	0.000000	0.000000
1687925637149	1687925637140	-11.839	-3.783	1.712	-1.095	1.505	2.727	-2.507	-3.785	0.848	0.000000	0.000000
1687925637159	1687925637150	-11.538	-3.625	1.925	-1.046	1.418	2.589	-2.303	-3.938	1.106	0.000000	0.000000
1687925637170	1687925637160	-11.183	-3.508	2.116	-1.078	1.330	2.436	-2.047	-3.941	1.271	0.000000	0.000000
1687925637181	1687925637171	-10.745	-3.692	2.325	-1.184	1.238	2.266	-1.748	-4.034	1.621	0.000000	0.000000
1687925637193	1687925637182	-10.475	-3.864	2.631	-1.341	1.152	2.083	-1.403	-4.152	1.937	0.000000	0.000000
1687925637202	1687925637194	-10.106	-3.967	2.904	-1.509	1.073	1.897	-0.979	-4.556	2.258	0.000000	0.000000
1687925637210	1687925637202	-10.029	-4.106	3.244	-1.674	0.999	1.721	-0.728	-4.932	2.662	0.000000	0.000000
1687925637221	1687925637211	-9.924	-4.274	3.373	-1.820	0.938	1.547	-0.388	-5.258	3.041	0.000000	0.000000
1687925637233	1687925637223	-9.835	-4.527	3.543	-1.932	0.881	1.382	-0.330	-5.533	3.440	0.000000	0.000000
1687925637241	1687925637234	-9.771	-4.820	3.709	-1.990	0.821	1.222	-0.251	-5.854	3.632	0.000000	0.000000
1687925637253	1687925637252	-9.534	-5.090	3.828	-1.995	0.755	1.073	-0.189	-6.246	3.857	0.000000	0.000000
1687925637273	1687925637253	-9.428	-5.499	3.982	-1.945	0.672	0.947	-0.148	-6.663	4.065	0.000000	0.000000
1687925637274	1687925637273	-9.397	-5.713	4.003	-1.835	0.596	0.828	0.065	-7.044	4.219	0.000000	0.000000
1687925637279	1687925637274	-9.325	-5.839	3.931	-1.649	0.527	0.716	0.146	-7.563	4.401	0.000000	0.000000
1687925637290	1687925637279	-9.299	-5.811	3.824	-1.396	0.453	0.599	0.158	-7.855	4.439	0.000000	0.000000
1687925637300	1687925637291	-9.730	-5.976	3.582	-1.109	0.369	0.459	0.213	-8.056	4.381	0.000000	0.000000
1687925637313	1687925637300	-11.006	-6.211	3.857	-0.827	0.290	0.305	0.223	-8.092	4.286	0.000000	0.000000
1687925637320	1687925637313	-12.526	-6.584	4.439	-0.555	0.246	0.144	-0.220	-8.310	4.053	0.000000	0.000000
1687925637330	1687925637323	-13.156	-6.812	4.657	-0.277	0.248	-0.009	-1.504	-8.576	4.336	0.000000	0.000000
1687925637340	1687925637331	-13.594	-6.598	4.700	0.002	0.188	-0.140	-3.029	-8.966	4.930	0.000000	0.000000
1687925637352	1687925637340	-13.759	-6.385	4.389	0.270	0.072	-0.270	-3.661	-9.196	5.162	0.000000	0.000000
1687925637362	1687925637352	-13.451	-5.962	3.982	0.514	-0.009	-0.423	-4.096	-8.969	5.224	0.000000	0.000000
1687925637373	1687925637362	-12.529	-5.404	3.488	0.728	-0.101	-0.621	-4.254	-8.729	4.925	0.000000	0.000000
1687925637382	1687925637374	-11.626	-4.812	3.191	0.888	-0.258	-0.859	-3.936	-8.262	4.530	0.000000	0.000000
1687925637392	1687925637382	-10.853	-4.343	3.148	0.977	-0.430	-1.125	-3.000	-7.640	4.044	0.000000	0.000000
1687925637403	1687925637394	-10.262	-4.166	3.172	0.996	-0.579	-1.417	-2.076	-6.953	3.740	0.000000	0.000000
1687925637413	1687925637403	-10.262	-4.166	3.172	0.960	-0.702	-1.718	-1.279	-6.383	3.680	0.000000	0.000000
1687925637422	1687925637414	-9.910	-4.247	3.038	0.929	-0.800	-2.001	-0.654	-6.050	3.663	0.000000	0.000000
1687925637433	1687925637422	-10.168	-4.247	2.904	0.929	-0.800	-2.001	-0.622	-5.897	3.618	0.000000	0.000000
1687925637443	1687925637435	-10.965	-4.159	2.749	0.946	-0.875	-2.268	-0.230	-5.760	3.417	0.000000	0.000000
1687925637455	1687925637443	-11.753	-3.977	2.571	1.035	-0.924	-2.520	-0.460	-5.583	3.223	0.000000	0.000000
1687925637462	1687925637455	-12.483	-4.008	2.346	1.169	-0.986	-2.743	-1.223	-5.227	2.978	0.000000	0.000000
1687925637473	1687925637462	-13.182	-3.859	2.279	1.323	-1.069	-2.903	-1.990	-4.846	2.739	0.000000	0.000000
1687925637496	1687925637474	-13.470	-3.639	1.978	1.492	-1.156	-3.001	-2.696	-4.583	2.416	0.000000	0.000000
1687925637497	1687925637496	-13.594	-3.433	1.626	1.673	-1.236	-3.065	-3.385	-4.178	2.260	0.000000	0.000000
1687925637503	1687925637497	-13.429	-3.213	1.312	1.990	-1.433	-3.090	-3.668	-3.634	1.836	0.000000	0.000000
1687925637512	1687925637503	-12.869	-2.904	1.087	1.990	-1.433	-3.090	-3.797	-3.160	1.372	0.000000	0.000000
1687925637522	1687925637512	-12.493	-2.682	0.857	2.087	-1.530	-3.071	-3.658	-2.557	0.864	0.000000	0.000000
1687925637531	1687925637522	-12.062	-2.473	0.615	2.147	-1.624	-3.040	-3.122	-2.014	0.515	0.000000	0.000000
1687925637541	1687925637532	-11.942	-2.483	0.328	2.183	-1.693	-3.014	-2.789	-1.506	0.115	0.000000	0.000000
1687925637552	1687925637542	-11.849	-2.492	0.096	2.191	-1.740	-2.992	-2.411	-1.022	-0.309	0.000000	0.000000
1687925637561	1687925637552	-11.870	-2.433	-0.098	2.175	-1.773	-2.961	-2.356	-0.764	-0.795	0.000000	0.000000
1687925637570	1687925637561	-12.064	-2.263	-0.196	2.165	-1.811	-2.927	-2.339	-0.515	-1.233	0.000000	0.000000
1687925637581	1687925637570	-12.567	-2.207	-0.302	2.145	-1.840	-2.878	-2.459	-0.180	-1.662	0.000000	0.000000
1687925637592	1687925637581	-13.489	-2.126	-0.373	2.077	-1.853	-2.821	-2.741	0.201	-1.958	0.000000	0.000000
1687925637601	1687925637592	-13.932	-2.152	-0.457	1.852	-1.875	-2.687	-3.354	0.484	-2.291	0.000000	0.000000
1687925637613	1687925637601	-13.771	-2.028	-0.488	1.852	-1.875	-2.687	-4.393	0.778	-2.591	0.000000	0.000000
1687925637622	1687925637613	-13.434	-1.949	-0.632	1.707	-1.921	-2.580	-4.973	0.972	-2.923	0.000000	0.000000
1687925637632	1687925637622	-12.874	-1.863	-0.874	1.548	-1.972	-2.474	-4.934	1.269	-3.158	0.000000	0.000000
1687925637642	1687925637632	-12.354	-1.686	-0.972	1.376	-2.015	-2.382	-4.752	1.544	-3.551	0.000000	0.000000
1687925637653	1687925637642	-11.921	-1.695	-1.104	1.189	-2.060	-2.312	-4.324	1.781	-3.994	0.000000	0.000000
1687925637668	1687925637653	-11.495	-1.774	-1.221	0.980	-2.096	-2.254	-3.960	2.114	-4.314	0.000000	0.000000
1687925637671	1687925637668	-11.042	-1.760	-1.190	0.765	-2.114	-2.209	-3.687	2.258	-4.664	0.000000	0.000000
1687925637680	1687925637671	-10.841	-1.784	-1.204	0.566	-2.117	-2.176	-3.428	2.325	-4.992	0.000000	0.000000
1687925637693	1687925637681	-10.611	-1.911	-1.065	0.398	-2.100	-2.153	-3.148	2.488	-5.162	0.000000	0.000000
1687925637701	1687925637694	-10.451	-2.097	-1.018	0.268	-2.051	-2.131	-3.146	2.624	-5.385	0.000000	0.000000
1687925637710	1687925637701	-10.185	-2.184	-0.979	0.193	-1.973	-2.101	-3.084	2.629	-5.406	0.000000	0.000000
1687925637719	1687925637710	-10.070	-2.306	-0.812	0.188	-1.872	-2.060	-3.132	2.602	-5.538	0.000000	0.000000
1687925637732	1687925637720	-10.290	-2.246	-0.948	0.259	-1.750	-2.004	-3.038	2.646	-5.636	0.000000	0.000000
1687925637740	1687925637732	-10.163	-1.901	-1.152	0.401	-1.608	-1.938	-3.112	2.660	-5.610	0.000000	0.000000
1687925637750	1687925637740	-9.898	-1.650	-1.274	0.573	-1.456	-1.863	-3.517	2.844	-5.880	0.000000	0.000000
1687925637759	1687925637751	-9.448	-1.314	-1.451	0.732	-1.329	-1.772	-3.589	3.311	-6.225	0.000000	0.000000
1687925637769	1687925637760	-9.155	-0.792	-1.597	0.865	-1.216	-1.665	-3.479	3.644	-6.460	0.000000	0.000000
1687925637779	1687925637770	-8.935	-0.098	-1.695	0.951	-1.104	-1.555	-3.191	4.053	-6.759	0.000000	0.000000
1687925637792	1687925637779	-8.890	0.405	-1.504	0.972	-0.990	-1.437	-3.055	4.633	-7.027	0.000000	0.000000
1687925637799	1687925637792	-9.321	0.838	-1.573	0.908	-0.871	-1.316	-2.966	5.363	-7.233	0.000000	0.000000
1687925637809	1687925637799	-9.883	1.018	-1.839	0.776	-0.737	-1.184	-3.024	5.887	-7.130	0.000000	0.000000
1687925637819	1687925637809	-9.479	1.295	-1.935	0.588	-0.578	-1.035	-3.601	6.352	-7.319	0.000000	0.000000
1687925637829	1687925637819	-8.844	1.480	-1.712	0.335	-0.435	-0.847	-4.250	6.548	-7.654	0.000000	0.000000
1687925637839	1687925637829	-9.029	1.346	-1.290	0.045	-0.313	-0.610	-3.936	6.850	-7.815	0.000000	0.000000
1687925637852	1687925637839	-9.249	0.950	-0.742	-0.216	-0.109	-0.352	-3.373	7.061	-7.633	0.000000	0.000000
1687925637860	1687925637852	-8.906	0.304	0.077	-0.417	0.169	-0.082	-3.610	6.958	-7.233	0.000000	0.000000
1687925637870	1687925637861	-8.794	-0.172	0.594	-0.530	0.467	0.236	-3.857	6.594	-6.677	0.000000	0.000000
1687925637880	1687925637870	-8.878	-0.235	0.759	-0.528	0.786	0.586	-3.510	5.983	-5.818	0.000000	0.000000
1687925637891	1687925637880	-8.775	-0.034	0.745	-0.441	1.125	0.933	-3.314	5.499	-5.231	0.000000	0.000000
1687925637901	1687925637892	-8.454	0.182	0.725	-0.279	1.433	1.239	-3.311	5.435	-4.985	0.000000	0.000000
1687925637911	1687925637901	-8.363	0.608	0.345	-0.120	1.651	1.467	-3.103	5.612	-4.920	0.000000	0.000000
1687925637921	1687925637912	-8.732	0.582	0.235	-0.028	1.785	1.609	-2.602	5.760	-4.820	0.000000	0.000000
1687925637932	1687925637922	-9.412	0.364	0.294	0.000	1.862	1.681	-2.356	6.115	-5.107	0.000000	0.000000
1687925637941	1687925637932	-10.027	-0.110	0.314	-0.035	1.881	1.708	-2.523	5.981	-5.095	0.000000	0.000000
1687925637952	1687925637941	-10.714	-0.362	0.402	-0.134	1.825	1.730	-3.033	5.669	-4.930	0.000000	0.000000
1687925637963	1687925637952	-11.545	-0.680	0.436	-0.288	1.715	1.776	-3.448	5.076	-4.779	0.000000	0.000000
1687925637973	1687925637963	-12.404	-0.754	0.666	-0.484	1.605	1.863	-3.931	4.700	-4.547	0.000000	0.000000
1687925637984	1687925637974	-13.017	-0.903	0.852	-0.691	1.526	1.982	-4.551	4.245	-4.355	0.000000	0.000000
1687925637994	1687925637984	-13.149	-1.073	1.063	-0.896	1.467	2.117	-5.243	4.061	-3.986	0.000000	0.000000
1687925638004	1687925637995	-13.075	-1.223	1.113	-1.082	1.429	2.247	-5.677	3.788	-3.644	0.000000	0.000000
1687925638014	1687925638004	-12.670	-1.444	1.199	-1.234	1.445	2.352	-5.662	3.512	-3.297	0.000000	0.000000
1687925638024	1687925638014	-12.251	-1.587	1.310	-1.341	1.509	2.428	-5.409	3.225	-3.074	0.000000	0.000000
1687925638035	1687925638026	-11.794	-1.882	1.410	-1.414	1.602	2.481	-4.858	2.887	-2.837	0.000000	0.000000
1687925638041	1687925638036	-11.521	-1.958	1.420	-1.447	1.714	2.518	-4.276	2.605	-2.552	0.000000	0.000000
1687925638053	1687925638041	-11.413	-2.138	1.389	-1.455	1.828	2.542	-3.656	2.164	-2.263	0.000000	0.000000
1687925638063	1687925638053	-11.303	-2.116	1.314	-1.451	1.928	2.557	-3.206	1.915	-2.035	0.000000	0.000000
1687925638074	1687925638064	-11.210	-2.315	1.290	-1.450	2.005	2.571	-2.954	1.587	-1.879	0.000000	0.000000
1687925638097	1687925638074	-11.325	-2.543	1.228	-1.455	2.045	2.583	-2.691	1.437	-1.736	0.000000	0.000000
1687925638097	1687925638097	-11.485	-2.519	1.393	-1.432	2.053	2.589	-2.449	1.058	-1.535	0.000000	0.000000
1687925638104	1687925638098	-11.672	-2.811	1.492	-1.373	2.038	2.585	-2.425	0.642	-1.369	0.000000	0.000000
1687925638112	1687925638104	-11.669	-3.048	1.599	-1.301	2.004	2.590	-2.454	0.469	-0.974	0.000000	0.000000
1687925638124	1687925638113	-11.760	-3.110	1.724	-1.202	1.967	2.610	-2.497	-0.067	-0.608	0.000000	0.000000
1687925638132	1687925638124	-11.698	-3.230	1.676	-1.056	1.929	2.624	-2.406	-0.474	-0.323	0.000000	0.000000
1687925638142	1687925638133	-11.581	-3.151	1.757	-0.909	1.903	2.651	-2.399	-0.757	0.012	0.000000	0.000000
1687925638153	1687925638142	-11.475	-2.978	1.793	-0.765	1.879	2.656	-2.246	-1.106	0.168	0.000000	0.000000
1687925638163	1687925638154	-11.454	-3.021	1.954	-0.656	1.866	2.649	-2.049	-1.267	0.448	0.000000	0.000000
1687925638173	1687925638163	-11.595	-3.026	2.107	-0.623	1.885	2.628	-1.875	-1.341	0.678	0.000000	0.000000
1687925638184	1687925638173	-11.715	-3.153	2.365	-0.650	1.917	2.595	-1.788	-1.657	1.046	0.000000	0.000000
1687925638194	1687925638185	-11.710	-3.156	2.540	-0.705	1.957	2.541	-1.887	-1.887	1.372	0.000000	0.000000
1687925638203	1687925638195	-12.000	-3.467	2.765	-0.782	1.995	2.485	-1.968	-2.260	1.824	0.000000	0.000000
1687925638214	1687925638204	-12.062	-3.704	3.194	-0.839	2.024	2.417	-1.935	-2.509	2.195	0.000000	0.000000
1687925638225	1687925638214	-12.026	-4.075	3.522	-0.852	2.028	2.332	-2.205	-3.086	2.638	0.000000	0.000000
1687925638234	1687925638225	-12.012	-4.515	3.929	-0.825	1.987	2.236	-2.260	-3.536	3.249	0.000000	0.000000
1687925638243	1687925638235	-11.875	-4.695	4.226	-0.754	1.925	2.127	-2.227	-4.183	3.816	0.000000	0.000000
1687925638258	1687925638244	-11.837	-4.863	4.398	-0.639	1.844	2.002	-2.222	-4.800	4.377	0.000000	0.000000
1687925638264	1687925638258	-11.679	-4.918	4.556	-0.519	1.692	1.895	-2.107	-5.215	4.877	0.000000	0.000000
1687925638296	1687925638264	-11.643	-4.855	4.647	-0.402	1.528	1.764	-2.093	-5.562	5.210	0.000000	0.000000
1687925638297	1687925638297	-11.370	-4.875	4.523	-0.307	1.351	1.588	-1.968	-5.825	5.543	0.000000	0.000000
1687925638298	1687925638297	-11.375	-4.743	4.269	-0.248	1.161	1.379	-1.961	-5.921	5.765	0.000000	0.000000
1687925638305	1687925638298	-12.277	-4.798	4.475	-0.241	0.962	1.145	-1.729	-6.129	5.792	0.000000	0.000000
1687925638312	1687925638305	-13.563	-5.071	4.975	-0.286	0.789	0.892	-1.765	-6.120	5.636	0.000000	0.000000
1687925638326	1687925638314	-14.164	-5.490	5.329	-0.334	0.691	0.637	-2.701	-6.299	5.940	0.000000	0.000000
1687925638335	1687925638326	-14.219	-5.679	5.528	-0.347	0.572	0.407	-4.010	-6.651	6.505	0.000000	0.000000
1687925638343	1687925638336	-13.879	-5.593	5.250	-0.299	0.409	0.200	-4.633	-7.137	6.919	0.000000	0.000000
1687925638353	1687925638344	-13.199	-5.229	4.594	-0.186	0.270	0.007	-4.702	-7.372	7.166	0.000000	0.000000
1687925638362	1687925638354	-12.072	-4.879	4.116	-0.054	0.117	-0.184	-4.374	-7.312	6.926	0.000000	0.000000
1687925638373	1687925638363	-10.994	-4.590	3.994	0.060	-0.059	-0.380	-3.699	-6.950	6.290	0.000000	0.000000
1687925638383	1687925638373	-10.001	-4.439	4.044	0.140	-0.242	-0.578	-2.569	-6.584	5.820	0.000000	0.000000
1687925638395	1687925638383	-9.280	-4.384	4.087	0.217	-0.403	-0.776	-1.484	-6.256	5.696	0.000000	0.000000
1687925638403	1687925638396	-9.026	-4.283	4.013	0.329	-0.535	-0.970	-0.476	-6.048	5.725	0.000000	0.000000
1687925638414	1687925638403	-9.270	-4.211	3.972	0.492	-0.634	-1.167	0.261	-5.916	5.732	0.000000	0.000000
1687925638424	1687925638414	-9.768	-4.123	3.915	0.709	-0.684	-1.365	0.543	-5.698	5.602	0.000000	0.000000
1687925638433	1687925638424	-10.269	-4.111	3.850	0.969	-0.739	-1.531	0.318	-5.531	5.519	0.000000	0.000000
1687925638443	1687925638433	-10.851	-3.850	3.596	1.271	-0.820	-1.651	-0.148	-5.301	5.404	0.000000	0.000000
1687925638455	1687925638443	-11.092	-3.419	3.256	1.591	-0.949	-1.724	-0.622	-5.126	5.279	0.000000	0.000000
1687925638475	1687925638456	-11.430	-3.081	2.705	1.867	-1.114	-1.775	-1.178	-4.688	4.958	0.000000	0.000000
1687925638475	1687925638475	-11.700	-2.670	2.239	2.061	-1.321	-1.789	-1.393	-4.070	4.537	0.000000	0.000000
1687925638489	1687925638475	-11.882	-2.217	1.865	2.155	-1.547	-1.784	-1.707	-3.517	3.879	0.000000	0.000000
1687925638493	1687925638489	-11.918	-1.856	1.499	2.140	-1.787	-1.787	-1.958	-2.928	3.302	0.000000	0.000000
1687925638502	1687925638493	-11.952	-1.731	1.243	2.020	-2.046	-1.790	-2.121	-2.279	2.782	0.000000	0.000000
1687925638513	1687925638502	-12.048	-1.733	1.010	1.797	-2.281	-1.802	-2.143	-1.724	2.239	0.000000	0.000000
1687925638522	1687925638513	-12.129	-1.851	0.769	1.509	-2.481	-1.826	-2.167	-1.393	1.757	0.000000	0.000000
1687925638532	1687925638522	-12.179	-1.992	0.553	1.162	-2.650	-1.853	-2.263	-1.231	1.317	0.000000	0.000000
1687925638541	1687925638532	-12.165	-2.234	0.271	0.816	-2.770	-1.895	-2.351	-1.149	0.800	0.000000	0.000000
1687925638551	1687925638542	-12.373	-2.373	0.139	0.514	-2.849	-1.946	-2.416	-1.128	0.342	0.000000	0.000000
1687925638562	1687925638551	-12.857	-2.581	-0.062	0.292	-2.891	-1.999	-2.430	-1.188	-0.215	0.000000	0.000000
1687925638574	1687925638562	-13.254	-2.602	-0.354	0.120	-2.888	-2.067	-2.679	-1.142	-0.630	0.000000	0.000000
1687925638582	1687925638574	-13.374	-2.794	-0.385	0.022	-2.871	-2.126	-3.215	-1.159	-1.116	0.000000	0.000000
1687925638595	1687925638582	-13.443	-2.885	-0.529	-0.024	-2.852	-2.176	-3.677	-0.984	-1.688	0.000000	0.000000
1687925638603	1687925638595	-13.443	-2.808	-0.790	-0.026	-2.823	-2.213	-3.886	-0.953	-2.021	0.000000	0.000000
1687925638614	1687925638605	-13.343	-2.813	-0.912	-0.006	-2.784	-2.236	-4.037	-0.857	-2.406	0.000000	0.000000
1687925638624	1687925638614	-13.036	-2.701	-0.991	0.018	-2.738	-2.250	-4.152	-0.553	-2.957	0.000000	0.000000
1687925638635	1687925638624	-12.627	-2.708	-1.082	0.042	-2.687	-2.260	-4.156	-0.371	-3.311	0.000000	0.000000
1687925638645	1687925638636	-12.433	-2.636	-1.068	0.062	-2.635	-2.268	-3.977	-0.053	-3.639	0.000000	0.000000
1687925638658	1687925638645	-12.325	-2.708	-1.087	0.082	-2.569	-2.277	-3.704	0.139	-3.974	0.000000	0.000000
1687925638664	1687925638658	-12.167	-2.622	-1.125	0.112	-2.489	-2.286	-3.670	0.429	-4.216	0.000000	0.000000
1687925638674	1687925638664	-12.007	-2.581	-1.118	0.140	-2.410	-2.288	-3.704	0.534	-4.439	0.000000	0.000000
1687925638700	1687925638674	-11.657	-2.552	-1.099	0.165	-2.318	-2.285	-3.706	0.812	-4.695	0.000000	0.000000
1687925638701	1687925638701	-11.519	-2.507	-1.219	0.192	-2.221	-2.272	-3.716	1.039	-4.894	0.000000	0.000000
1687925638704	1687925638701	-11.660	-2.435	-1.228	0.235	-2.120	-2.257	-3.541	1.247	-5.071	0.000000	0.000000
1687925638713	1687925638705	-11.638	-2.495	-1.149	0.290	-2.002	-2.243	-3.582	1.468	-5.377	0.000000	0.000000
1687925638724	1687925638714	-11.550	-2.574	-1.063	0.354	-1.884	-2.214	-3.941	1.741	-5.598	0.000000	0.000000
1687925638733	1687925638725	-11.399	-2.514	-1.046	0.445	-1.763	-2.162	-4.065	1.808	-5.650	0.000000	0.000000
