1687925608699	1687925608699	-8.226	-0.812	-1.326	1.174	-1.054	-1.111	-2.739	1.760	-7.640	0.000000	0.000000
1687925608705	1687925608702	-7.908	0.091	-1.647	1.174	-1.054	-1.111	-2.696	2.265	-7.989	0.000000	0.000000
1687925608711	1687925608708	-7.575	0.828	-1.923	1.169	-0.947	-1.038	-2.435	2.780	-8.377	0.000000	0.000000
1687925608713	1687925608713	-7.396	1.568	-2.090	1.065	-0.843	-0.948	-2.179	3.661	-8.758	0.000000	0.000000
1687925608715	1687925608714	-7.286	1.860	-1.654	0.864	-0.722	-0.848	-1.973	4.369	-9.148	0.000000	0.000000
1687925608716	1687925608715	-7.331	1.585	-1.140	0.596	-0.563	-0.751	-1.867	5.090	-9.383	0.000000	0.000000
1687925608717	1687925608717	-7.628	1.032	-0.606	0.325	-0.370	-0.632	-1.848	5.363	-9.024	0.000000	0.000000
1687925608744	1687925608718	-8.471	0.498	-0.438	0.075	-0.131	-0.467	-1.956	5.085	-8.557	0.000000	0.000000
1687925608744	1687925608744	-9.349	0.098	-0.711	-0.112	0.136	-0.257	-2.313	4.542	-8.059	0.000000	0.000000
1687925608746	1687925608745	-9.347	0.457	-0.922	-0.184	0.418	0.013	-3.177	4.025	-7.898	0.000000	0.000000
1687925608756	1687925608746	-8.677	0.871	-0.836	-0.192	0.696	0.338	-4.053	3.651	-8.159	0.000000	0.000000
1687925608767	1687925608757	-8.459	1.061	-0.625	-0.189	0.946	0.681	-4.022	4.022	-8.344	0.000000	0.000000
1687925608777	1687925608768	-8.897	0.678	-0.043	-0.203	1.233	0.976	-3.290	4.432	-8.215	0.000000	0.000000
1687925608789	1687925608778	-9.342	0.127	0.658	-0.227	1.565	1.190	-2.978	4.597	-7.944	0.000000	0.000000
1687925608797	1687925608789	-9.524	-0.467	1.281	-0.232	1.911	1.348	-3.292	4.175	-7.288	0.000000	0.000000
1687925608810	1687925608798	-9.491	-0.493	1.168	-0.199	2.226	1.499	-3.584	3.572	-6.488	0.000000	0.000000
1687925608818	1687925608810	-9.768	-0.218	0.867	-0.106	2.472	1.629	-3.565	2.911	-5.734	0.000000	0.000000
1687925608828	1687925608819	-10.259	-0.077	0.831	0.006	2.632	1.703	-3.347	2.816	-5.720	0.000000	0.000000
1687925608838	1687925608828	-10.906	-0.022	1.041	0.103	2.707	1.715	-3.383	2.986	-5.847	0.000000	0.000000
1687925608850	1687925608838	-11.399	-0.168	1.178	0.099	2.702	1.697	-3.668	3.026	-5.729	0.000000	0.000000
1687925608881	1687925608850	-11.995	-0.409	1.506	-0.037	2.647	1.696	-4.087	2.962	-5.339	0.000000	0.000000
1687925608882	1687925608882	-12.787	-0.716	1.762	-0.266	2.589	1.736	-4.360	2.691	-5.018	0.000000	0.000000
1687925608882	1687925608882	-13.494	-0.852	1.865	-0.557	2.547	1.818	-4.729	2.318	-4.482	0.000000	0.000000
1687925608916	1687925608882	-14.035	-1.159	1.887	-0.850	2.528	1.939	-5.341	1.911	-4.046	0.000000	0.000000
1687925608916	1687925608916	-14.147	-1.410	1.901	-1.091	2.542	2.079	-5.856	1.669	-3.737	0.000000	0.000000
1687925608917	1687925608916	-14.047	-1.695	1.887	-1.251	2.601	2.219	-6.211	1.259	-3.500	0.000000	0.000000
1687925608920	1687925608917	-13.671	-1.927	1.745	-1.349	2.661	2.342	-6.139	0.900	-3.259	0.000000	0.000000
1687925608930	1687925608920	-13.290	-1.932	1.755	-1.388	2.723	2.440	-5.859	0.498	-3.033	0.000000	0.000000
1687925608938	1687925608930	-12.953	-1.942	1.650	-1.409	2.771	2.503	-5.270	0.110	-2.875	0.000000	0.000000
1687925608948	1687925608938	-12.838	-1.911	1.592	-1.461	2.808	2.539	-4.752	-0.007	-2.660	0.000000	0.000000
1687925608958	1687925608948	-12.763	-1.798	1.513	-1.567	2.849	2.556	-4.250	-0.172	-2.500	0.000000	0.000000
1687925608969	1687925608959	-12.862	-1.750	1.451	-1.702	2.870	2.541	-3.979	-0.306	-2.286	0.000000	0.000000
1687925608978	1687925608970	-12.917	-2.009	1.475	-1.848	2.856	2.497	-3.759	-0.364	-2.085	0.000000	0.000000
1687925608990	1687925608979	-12.910	-2.339	1.630	-1.955	2.793	2.424	-3.723	-0.486	-1.865	0.000000	0.000000
1687925608998	1687925608990	-13.010	-2.725	1.939	-2.020	2.674	2.327	-3.646	-0.934	-1.528	0.000000	0.000000
1687925609009	1687925608999	-12.922	-2.871	2.258	-2.046	2.539	2.236	-3.546	-1.417	-1.120	0.000000	0.000000
1687925609018	1687925609009	-12.725	-2.904	2.715	-2.051	2.401	2.164	-3.558	-1.970	-0.543	0.000000	0.000000
1687925609029	1687925609018	-12.488	-2.842	2.942	-2.034	2.263	2.110	-3.393	-2.279	0.029	0.000000	0.000000
1687925609039	1687925609030	-12.203	-2.737	3.014	-2.002	2.129	2.054	-3.124	-2.509	0.773	0.000000	0.000000
1687925609048	1687925609040	-11.794	-2.629	3.050	-1.972	2.007	1.989	-2.849	-2.581	1.180	0.000000	0.000000
1687925609082	1687925609049	-11.222	-2.753	3.029	-1.962	1.874	1.907	-2.516	-2.674	1.504	0.000000	0.000000
1687925609083	1687925609082	-10.731	-2.935	3.077	-1.987	1.753	1.817	-2.083	-2.715	1.714	0.000000	0.000000
1687925609083	1687925609083	-10.297	-2.844	3.323	-2.029	1.649	1.715	-1.489	-3.000	1.872	0.000000	0.000000
1687925609106	1687925609083	-10.151	-2.758	3.388	-2.068	1.559	1.604	-0.986	-3.338	2.083	0.000000	0.000000
1687925609106	1687925609106	-10.003	-2.861	3.378	-2.115	1.482	1.495	-0.546	-3.395	2.480	0.000000	0.000000
1687925609108	1687925609106	-9.843	-2.799	3.306	-2.176	1.418	1.395	-0.397	-3.450	2.686	0.000000	0.000000
1687925609119	1687925609108	-9.826	-2.672	3.187	-2.227	1.359	1.302	-0.251	-3.699	2.818	0.000000	0.000000
1687925609129	1687925609119	-9.883	-2.897	3.136	-2.269	1.295	1.222	-0.096	-3.749	2.851	0.000000	0.000000
1687925609139	1687925609129	-9.974	-3.218	3.373	-2.268	1.222	1.145	-0.086	-3.752	2.854	0.000000	0.000000
1687925609149	1687925609139	-9.977	-3.385	3.424	-2.213	1.130	1.062	-0.153	-4.077	2.892	0.000000	0.000000
1687925609158	1687925609151	-10.149	-3.649	3.582	-2.126	1.021	0.983	-0.256	-4.506	3.220	0.000000	0.000000
1687925609168	1687925609159	-10.214	-3.759	3.795	-2.005	0.900	0.926	-0.271	-4.774	3.352	0.000000	0.000000
1687925609179	1687925609169	-10.063	-4.065	3.941	-1.846	0.792	0.877	-0.460	-5.140	3.584	0.000000	0.000000
1687925609189	1687925609179	-10.032	-4.202	4.101	-1.654	0.689	0.828	-0.536	-5.332	3.850	0.000000	0.000000
1687925609199	1687925609189	-10.013	-4.360	4.317	-1.421	0.600	0.778	-0.400	-5.725	4.041	0.000000	0.000000
1687925609212	1687925609200	-10.025	-4.357	4.374	-1.139	0.527	0.717	-0.385	-5.945	4.240	0.000000	0.000000
1687925609220	1687925609212	-9.965	-4.319	4.408	-0.842	0.465	0.640	-0.381	-6.179	4.489	0.000000	0.000000
1687925609230	1687925609220	-9.972	-3.989	4.484	-0.550	0.413	0.550	-0.407	-6.249	4.575	0.000000	0.000000
1687925609241	1687925609230	-10.036	-3.646	4.365	-0.309	0.363	0.432	-0.362	-6.287	4.645	0.000000	0.000000
1687925609249	1687925609241	-10.214	-3.508	4.061	-0.149	0.316	0.299	-0.378	-6.000	4.743	0.000000	0.000000
1687925609276	1687925609250	-10.874	-3.622	3.749	-0.070	0.253	0.154	-0.453	-5.698	4.652	0.000000	0.000000
1687925609276	1687925609276	-12.847	-3.965	3.974	-0.057	0.173	-0.011	-0.637	-5.588	4.374	0.000000	0.000000
1687925609278	1687925609276	-14.758	-4.401	4.659	-0.079	0.111	-0.178	-1.302	-5.720	4.087	0.000000	0.000000
1687925609313	1687925609278	-15.076	-4.621	4.925	-0.077	0.082	-0.326	-3.278	-6.060	4.326	0.000000	0.000000
1687925609313	1687925609313	-14.380	-4.508	4.676	-0.045	-0.027	-0.447	-5.183	-6.479	5.023	0.000000	0.000000
1687925609314	1687925609313	-13.929	-4.345	4.159	0.051	-0.211	-0.541	-5.497	-6.670	5.294	0.000000	0.000000
1687925609318	1687925609314	-13.355	-3.974	3.792	0.200	-0.376	-0.644	-4.791	-6.510	5.040	0.000000	0.000000
1687925609329	1687925609318	-11.911	-3.891	3.553	0.358	-0.508	-0.790	-4.329	-6.302	4.506	0.000000	0.000000
1687925609339	1687925609329	-10.604	-3.519	3.175	0.496	-0.671	-0.966	-3.740	-5.854	4.101	0.000000	0.000000
1687925609348	1687925609340	-9.792	-3.397	3.041	0.608	-0.842	-1.151	-2.282	-5.710	3.828	0.000000	0.000000
1687925609357	1687925609348	-9.407	-3.259	2.962	0.704	-0.969	-1.360	-0.950	-5.224	3.381	0.000000	0.000000
1687925609367	1687925609357	-9.455	-3.299	2.969	0.809	-1.054	-1.581	-0.122	-5.001	3.184	0.000000	0.000000
1687925609377	1687925609367	-9.589	-3.285	2.909	0.941	-1.103	-1.804	0.285	-4.731	3.021	0.000000	0.000000
1687925609389	1687925609378	-10.075	-3.239	2.732	1.101	-1.148	-2.013	0.259	-4.618	2.938	0.000000	0.000000
1687925609397	1687925609389	-10.781	-3.199	2.516	1.290	-1.201	-2.189	0.146	-4.429	2.782	0.000000	0.000000
1687925609409	1687925609397	-11.609	-3.235	2.215	1.506	-1.251	-2.321	-0.318	-4.187	2.504	0.000000	0.000000
1687925609418	1687925609409	-12.495	-3.153	1.774	1.732	-1.302	-2.420	-1.010	-3.917	2.172	0.000000	0.000000
1687925609428	1687925609418	-12.950	-2.823	1.599	1.962	-1.399	-2.462	-1.829	-3.754	1.767	0.000000	0.000000
1687925609440	1687925609429	-13.101	-2.684	1.427	2.166	-1.515	-2.465	-2.713	-3.421	1.195	0.000000	0.000000
1687925609450	1687925609440	-13.058	-2.389	1.077	2.315	-1.648	-2.436	-3.172	-2.885	0.900	0.000000	0.000000
1687925609467	1687925609451	-12.910	-2.248	0.778	2.379	-1.786	-2.393	-3.335	-2.521	0.577	0.000000	0.000000
1687925609468	1687925609468	-12.658	-2.102	0.725	2.395	-1.913	-2.341	-3.316	-2.011	0.062	0.000000	0.000000
1687925609486	1687925609468	-12.445	-2.042	0.508	2.369	-2.026	-2.302	-3.201	-1.642	-0.441	0.000000	0.000000
1687925609488	1687925609486	-12.134	-1.992	0.311	2.291	-2.132	-2.258	-2.988	-1.322	-0.675	0.000000	0.000000
1687925609499	1687925609489	-11.966	-1.942	0.168	2.176	-2.221	-2.208	-2.825	-1.075	-1.109	0.000000	0.000000
1687925609511	1687925609499	-11.899	-1.997	0.045	2.035	-2.286	-2.164	-2.574	-0.848	-1.535	0.000000	0.000000
1687925609519	1687925609511	-11.890	-2.107	-0.170	1.869	-2.326	-2.114	-2.478	-0.630	-1.915	0.000000	0.000000
1687925609529	1687925609519	-12.153	-2.191	-0.352	1.708	-2.355	-2.065	-2.490	-0.524	-2.282	0.000000	0.000000
1687925609539	1687925609529	-12.366	-2.246	-0.500	1.574	-2.379	-2.015	-2.591	-0.453	-2.794	0.000000	0.000000
1687925609550	1687925609541	-12.684	-2.219	-0.558	1.461	-2.391	-1.957	-2.933	-0.421	-3.175	0.000000	0.000000
1687925609559	1687925609550	-12.900	-2.282	-0.565	1.350	-2.395	-1.897	-3.254	-0.338	-3.570	0.000000	0.000000
1687925609571	1687925609559	-12.847	-2.358	-0.634	1.229	-2.392	-1.830	-3.687	-0.182	-3.871	0.000000	0.000000
1687925609581	1687925609571	-12.397	-2.416	-0.584	1.107	-2.387	-1.753	-4.025	-0.120	-4.123	0.000000	0.000000
1687925609590	1687925609581	-11.897	-2.344	-0.680	0.987	-2.379	-1.675	-4.099	-0.081	-4.429	0.000000	0.000000
1687925609600	1687925609591	-11.360	-2.361	-0.668	0.880	-2.349	-1.605	-3.797	-0.019	-4.635	0.000000	0.000000
1687925609613	1687925609601	-10.975	-2.358	-0.831	0.787	-2.308	-1.553	-3.424	0.141	-4.937	0.000000	0.000000
1687925609622	1687925609613	-10.681	-2.310	-0.895	0.712	-2.260	-1.522	-3.029	0.223	-5.143	0.000000	0.000000
1687925609633	1687925609622	-10.376	-2.277	-0.816	0.644	-2.208	-1.511	-2.792	0.316	-5.519	0.000000	0.000000
1687925609642	1687925609633	-10.159	-2.342	-0.800	0.572	-2.145	-1.508	-2.677	0.472	-5.825	0.000000	0.000000
1687925609652	1687925609642	-10.221	-2.236	-0.826	0.501	-2.076	-1.508	-2.495	0.575	-5.902	0.000000	0.000000
1687925609690	1687925609652	-10.429	-2.186	-0.869	0.432	-1.999	-1.513	-2.464	0.615	-6.105	0.000000	0.000000
1687925609690	1687925609690	-10.515	-2.217	-0.864	0.364	-1.911	-1.522	-2.650	0.792	-6.270	0.000000	0.000000
1687925609690	1687925609690	-10.412	-2.224	-1.006	0.307	-1.807	-1.530	-3.031	0.941	-6.493	0.000000	0.000000
1687925609691	1687925609691	-10.501	-2.071	-1.046	0.264	-1.714	-1.522	-3.275	1.001	-6.639	0.000000	0.000000
1687925609722	1687925609691	-10.317	-1.966	-1.142	0.237	-1.613	-1.511	-3.328	1.085	-6.919	0.000000	0.000000
1687925609723	1687925609722	-9.867	-1.731	-1.257	0.230	-1.495	-1.487	-3.570	1.329	-7.089	0.000000	0.000000
1687925609723	1687925609723	-9.598	-1.458	-1.434	0.227	-1.374	-1.453	-3.551	1.532	-7.317	0.000000	0.000000
1687925609730	1687925609723	-9.194	-1.085	-1.523	0.237	-1.247	-1.411	-3.232	1.844	-7.527	0.000000	0.000000
1687925609740	1687925609730	-8.868	-0.448	-1.626	0.265	-1.104	-1.350	-3.117	2.205	-7.815	0.000000	0.000000
1687925609751	1687925609741	-8.681	-0.002	-1.607	0.266	-0.955	-1.268	-2.830	2.646	-7.980	0.000000	0.000000
1687925609759	1687925609752	-8.938	0.328	-1.657	0.230	-0.790	-1.162	-2.610	3.349	-8.147	0.000000	0.000000
1687925609770	1687925609759	-9.354	0.735	-1.719	0.165	-0.613	-1.041	-2.500	3.852	-8.169	0.000000	0.000000
1687925609779	1687925609770	-9.000	1.302	-1.772	0.053	-0.423	-0.921	-2.863	4.245	-8.282	0.000000	0.000000
1687925609790	1687925609779	-8.516	1.437	-1.585	-0.125	-0.243	-0.770	-3.354	4.697	-8.382	0.000000	0.000000
1687925609801	1687925609790	-8.487	1.532	-1.101	-0.304	-0.055	-0.560	-3.065	5.318	-8.464	0.000000	0.000000
1687925609813	1687925609801	-8.667	1.367	-0.381	-0.434	0.182	-0.337	-2.626	5.504	-8.286	0.000000	0.000000
1687925609820	1687925609813	-8.748	0.984	0.553	-0.484	0.453	-0.115	-2.624	5.655	-7.793	0.000000	0.000000
1687925609831	1687925609821	-8.990	0.831	0.986	-0.431	0.750	0.144	-2.806	5.538	-7.044	0.000000	0.000000
1687925609840	1687925609831	-9.093	1.135	0.950	-0.277	1.052	0.435	-2.859	5.200	-6.053	0.000000	0.000000
1687925609849	1687925609840	-9.210	1.846	0.527	-0.064	1.326	0.720	-3.055	5.064	-5.569	0.000000	0.000000
1687925609862	1687925609850	-9.725	2.356	0.057	0.112	1.537	0.965	-3.072	5.361	-5.531	0.000000	0.000000
1687925609887	1687925609862	-10.475	2.473	-0.201	0.164	1.675	1.155	-3.072	6.031	-5.871	0.000000	0.000000
1687925609887	1687925609887	-11.131	2.083	-0.206	0.086	1.757	1.275	-3.450	6.474	-6.249	0.000000	0.000000
1687925609889	1687925609887	-11.732	1.374	0.127	-0.125	1.764	1.360	-4.049	6.507	-6.409	0.000000	0.000000
1687925609899	1687925609889	-12.321	0.939	0.510	-0.420	1.707	1.461	-4.530	6.021	-6.292	0.000000	0.000000
1687925609910	1687925609899	-12.785	0.565	0.785	-0.743	1.644	1.583	-4.987	5.236	-5.849	0.000000	0.000000
1687925609919	1687925609910	-12.943	0.089	1.063	-1.025	1.607	1.715	-5.420	4.726	-5.332	0.000000	0.000000
1687925609930	1687925609919	-12.977	-0.335	1.202	-1.239	1.611	1.834	-5.729	4.286	-4.913	0.000000	0.000000
1687925609940	1687925609931	-12.895	-0.611	1.346	-1.355	1.665	1.941	-5.720	3.737	-4.468	0.000000	0.000000
1687925609949	1687925609940	-12.634	-0.764	1.513	-1.373	1.763	2.034	-5.614	3.254	-4.183	0.000000	0.000000
1687925609961	1687925609949	-12.285	-1.003	1.607	-1.333	1.889	2.104	-5.344	2.890	-3.833	0.000000	0.000000
1687925609970	1687925609961	-12.002	-1.267	1.791	-1.257	2.038	2.166	-4.954	2.670	-3.519	0.000000	0.000000
1687925609979	1687925609970	-11.789	-1.492	1.848	-1.167	2.197	2.220	-4.424	2.322	-3.215	0.000000	0.000000
1687925609991	1687925609979	-11.665	-1.566	1.824	-1.064	2.340	2.268	-3.974	1.946	-2.828	0.000000	0.000000
1687925609999	1687925609992	-11.758	-1.403	1.805	-0.962	2.451	2.302	-3.591	1.592	-2.555	0.000000	0.000000
1687925610010	1687925609999	-11.964	-1.398	1.810	-0.877	2.535	2.327	-3.299	1.377	-2.354	0.000000	0.000000
1687925610019	1687925610011	-12.119	-1.595	1.767	-0.815	2.579	2.343	-3.211	1.367	-2.114	0.000000	0.000000
1687925610031	1687925610019	-12.175	-1.707	1.664	-0.765	2.552	2.343	-3.273	1.223	-1.891	0.000000	0.000000
1687925610039	1687925610031	-12.234	-1.726	1.686	-0.745	2.469	2.334	-3.263	0.831	-1.664	0.000000	0.000000
1687925610052	1687925610039	-12.301	-1.671	1.688	-0.771	2.358	2.334	-3.191	0.553	-1.544	0.000000	0.000000
1687925610071	1687925610052	-12.175	-1.767	1.839	-0.858	2.242	2.348	-3.124	0.347	-1.283	0.000000	0.000000
1687925610104	1687925610071	-12.098	-2.119	1.863	-1.001	2.137	2.376	-3.079	0.211	-1.049	0.000000	0.000000
1687925610105	1687925610105	-12.060	-2.157	2.009	-1.177	2.038	2.409	-2.842	-0.098	-0.654	0.000000	0.000000
1687925610105	1687925610105	-11.978	-2.368	2.049	-1.311	1.972	2.414	-2.684	-0.630	-0.436	0.000000	0.000000
1687925610105	1687925610105	-11.897	-2.562	2.047	-1.404	1.908	2.393	-2.569	-0.869	-0.079	0.000000	0.000000
1687925610113	1687925610105	-11.777	-2.737	2.093	-1.495	1.872	2.401	-2.418	-1.286	0.163	0.000000	0.000000
1687925610122	1687925610113	-11.643	-2.885	2.219	-1.594	1.873	2.384	-2.279	-1.683	0.357	0.000000	0.000000
1687925610131	1687925610122	-11.633	-3.043	2.258	-1.693	1.895	2.376	-2.112	-2.066	0.594	0.000000	0.000000
1687925610142	1687925610132	-11.478	-3.103	2.358	-1.761	1.922	2.362	-1.930	-2.466	0.950	0.000000	0.000000
1687925610152	1687925610142	-11.511	-3.215	2.418	-1.778	1.950	2.343	-1.896	-2.792	1.140	0.000000	0.000000
1687925610162	1687925610152	-11.353	-3.646	2.698	-1.728	1.957	2.308	-1.719	-3.065	1.429	0.000000	0.000000
1687925610174	1687925610163	-11.095	-4.073	3.103	-1.597	1.925	2.248	-1.738	-3.390	1.678	0.000000	0.000000
1687925610183	1687925610174	-10.870	-4.386	3.546	-1.405	1.862	2.162	-1.573	-4.037	2.145	0.000000	0.000000
1687925610193	1687925610183	-10.776	-4.585	4.070	-1.178	1.783	2.074	-1.317	-4.676	2.732	0.000000	0.000000
1687925610203	1687925610193	-10.700	-4.566	4.525	-0.927	1.701	1.995	-1.104	-5.217	3.364	0.000000	0.000000
1687925610215	1687925610205	-10.633	-4.583	4.954	-0.684	1.615	1.919	-1.025	-5.598	4.034	0.000000	0.000000
1687925610222	1687925610216	-10.546	-4.575	5.215	-0.468	1.527	1.830	-0.972	-5.772	4.645	0.000000	0.000000
1687925610235	1687925610223	-10.558	-4.635	5.334	-0.287	1.422	1.723	-0.931	-5.978	5.222	0.000000	0.000000
1687925610244	1687925610235	-10.630	-4.626	5.349	-0.159	1.307	1.593	-0.881	-6.167	5.638	0.000000	0.000000
1687925610254	1687925610244	-10.661	-4.633	5.205	-0.078	1.197	1.422	-0.927	-6.378	5.878	0.000000	0.000000
1687925610287	1687925610254	-10.793	-4.748	4.944	-0.040	1.073	1.223	-1.041	-6.553	6.038	0.000000	0.000000
1687925610287	1687925610287	-10.793	-4.748	4.944	-0.038	0.926	1.003	-1.104	-6.670	5.986	0.000000	0.000000
1687925610288	1687925610288	-11.389	-4.853	4.853	-0.038	0.926	1.003	-1.274	-6.914	5.837	0.000000	0.000000
1687925610319	1687925610288	-13.087	-5.385	5.181	-0.043	0.772	0.761	-1.300	-7.001	5.914	0.000000	0.000000
1687925610319	1687925610319	-14.928	-5.921	5.909	-0.023	0.646	0.507	-1.932	-7.209	5.918	0.000000	0.000000
1687925610321	1687925610319	-15.194	-6.165	6.225	0.059	0.544	0.269	-3.654	-7.807	6.311	0.000000	0.000000
1687925610321	1687925610321	-14.044	-5.878	5.792	0.315	0.053	-0.100	-5.521	-8.401	7.113	0.000000	0.000000
1687925610332	1687925610322	-13.362	-5.444	4.994	0.315	0.053	-0.100	-5.799	-8.667	7.477	0.000000	0.000000
1687925610342	1687925610332	-13.463	-5.071	4.645	0.450	-0.208	-0.281	-4.647	-8.365	7.056	0.000000	0.000000
1687925610353	1687925610342	-12.811	-4.702	4.271	0.563	-0.391	-0.507	-3.962	-7.920	6.270	0.000000	0.000000
1687925610361	1687925610353	-11.830	-4.408	4.037	0.635	-0.582	-0.748	-4.053	-7.513	5.914	0.000000	0.000000
1687925610373	1687925610363	-11.052	-4.156	3.862	0.660	-0.822	-0.980	-3.385	-7.089	5.516	0.000000	0.000000
1687925610381	1687925610373	-10.611	-3.958	3.847	0.681	-1.012	-1.224	-2.375	-6.709	5.236	0.000000	0.000000
1687925610391	1687925610381	-10.350	-3.764	3.687	0.720	-1.151	-1.469	-1.568	-6.366	5.006	0.000000	0.000000
1687925610401	1687925610391	-10.142	-3.505	3.467	0.786	-1.267	-1.707	-1.092	-6.045	4.911	0.000000	0.000000
1687925610414	1687925610401	-10.159	-3.304	3.220	0.881	-1.374	-1.939	-0.788	-5.703	4.654	0.000000	0.000000
1687925610423	1687925610414	-10.475	-3.057	2.818	1.104	-1.591	-2.299	-0.536	-5.274	4.326	0.000000	0.000000
1687925610432	1687925610423	-10.961	-2.998	2.428	1.104	-1.591	-2.299	-0.510	-4.879	3.962	0.000000	0.000000
1687925610443	1687925610433	-11.693	-2.794	2.172	1.201	-1.724	-2.413	-0.773	-4.357	3.395	0.000000	0.000000
1687925610454	1687925610443	-12.129	-2.571	1.856	1.280	-1.857	-2.503	-1.231	-4.113	2.890	0.000000	0.000000
1687925610477	1687925610454	-12.507	-2.428	1.635	1.321	-2.020	-2.561	-1.935	-3.670	2.478	0.000000	0.000000
1687925610477	1687925610477	-12.622	-2.224	1.355	1.313	-2.194	-2.584	-2.346	-3.199	1.990	0.000000	0.000000
1687925610482	1687925610477	-12.787	-2.097	1.051	1.261	-2.353	-2.593	-2.710	-2.804	1.578	0.000000	0.000000
1687925610514	1687925610482	-13.295	-2.064	0.848	1.161	-2.503	-2.586	-2.823	-2.349	1.087	0.000000	0.000000
1687925610515	1687925610514	-13.712	-2.057	0.603	1.026	-2.615	-2.584	-3.000	-1.949	0.529	0.000000	0.000000
1687925610515	1687925610515	-13.898	-2.128	0.462	0.869	-2.699	-2.582	-3.527	-1.695	0.103	0.000000	0.000000
1687925610522	1687925610515	-13.795	-2.291	0.156	0.712	-2.776	-2.574	-3.979	-1.444	-0.400	0.000000	0.000000
1687925610533	1687925610523	-13.704	-2.358	-0.062	0.573	-2.844	-2.569	-4.216	-1.276	-0.809	0.000000	0.000000
1687925610544	1687925610533	-13.415	-2.442	-0.364	0.451	-2.888	-2.560	-4.185	-1.176	-1.417	0.000000	0.000000
1687925610553	1687925610544	-13.264	-2.418	-0.563	0.341	-2.905	-2.547	-4.166	-1.030	-1.887	0.000000	0.000000
1687925610563	1687925610553	-13.053	-2.473	-0.737	0.271	-2.904	-2.533	-3.979	-0.857	-2.497	0.000000	0.000000
1687925610574	1687925610563	-12.910	-2.569	-0.881	0.228	-2.883	-2.523	-3.926	-0.625	-2.947	0.000000	0.000000
1687925610583	1687925610574	-12.859	-2.641	-0.984	0.214	-2.839	-2.514	-3.838	-0.450	-3.397	0.000000	0.000000
1687925610595	1687925610583	-12.811	-2.744	-0.893	0.239	-2.772	-2.506	-3.828	-0.323	-3.809	0.000000	0.000000
1687925610604	1687925610595	-12.953	-2.540	-0.838	0.281	-2.698	-2.480	-3.924	-0.175	-4.173	0.000000	0.000000
1687925610615	1687925610604	-13.194	-2.370	-0.778	0.314	-2.610	-2.443	-4.032	-0.062	-4.334	0.000000	0.000000
1687925610625	1687925610616	-13.324	-2.229	-0.855	0.312	-2.514	-2.409	-4.355	0.364	-4.547	0.000000	0.000000
1687925610636	1687925610626	-13.190	-2.191	-0.922	0.275	-2.412	-2.375	-4.752	0.711	-4.695	0.000000	0.000000
1687925610645	1687925610636	-12.699	-2.136	-0.867	0.205	-2.302	-2.337	-5.078	1.058	-5.013	0.000000	0.000000
1687925610657	1687925610646	-11.937	-2.224	-0.943	0.125	-2.202	-2.291	-5.109	1.262	-5.265	0.000000	0.000000
1687925610675	1687925610657	-11.404	-2.320	-0.895	0.060	-2.114	-2.241	-4.822	1.513	-5.420	0.000000	0.000000
1687925610676	1687925610675	-10.910	-2.327	-0.730	0.035	-2.021	-2.195	-4.228	1.578	-5.655	0.000000	0.000000
1687925610692	1687925610676	-10.362	-2.354	-0.620	0.060	-1.921	-2.151	-3.922	1.683	-5.804	0.000000	0.000000
1687925610693	1687925610692	-9.768	-2.397	-0.567	0.137	-1.822	-2.101	-3.579	1.805	-5.760	0.000000	0.000000
1687925610703	1687925610693	-9.450	-2.315	-0.716	0.274	-1.719	-2.049	-3.239	1.946	-5.806	0.000000	0.000000
1687925610714	1687925610703	-9.239	-2.105	-0.840	0.462	-1.610	-1.993	-2.813	2.030	-5.873	0.000000	0.000000
1687925610721	1687925610714	-8.911	-1.808	-1.132	0.670	-1.505	-1.935	-2.698	2.251	-6.165	0.000000	0.000000
1687925610732	1687925610721	-8.430	-1.439	-1.281	0.874	-1.400	-1.862	-2.670	2.569	-6.419	0.000000	0.000000
1687925610742	1687925610732	-7.982	-0.907	-1.549	1.040	-1.307	-1.770	-2.552	2.969	-6.864	0.000000	0.000000
1687925610752	1687925610742	-7.628	-0.381	-1.784	1.137	-1.224	-1.670	-2.207	3.393	-7.118	0.000000	0.000000
1687925610761	1687925610752	-7.219	0.175	-1.832	1.158	-1.129	-1.563	-1.923	3.972	-7.515	0.000000	0.000000
1687925610773	1687925610761	-6.862	0.737	-1.779	1.107	-1.019	-1.449	-1.724	4.530	-7.879	0.000000	0.000000
1687925610782	1687925610773	-6.639	1.058	-1.642	0.970	-0.889	-1.333	-1.460	5.104	-8.052	0.000000	0.000000
1687925610793	1687925610782	-6.618	1.180	-1.302	0.782	-0.734	-1.212	-1.240	5.681	-8.112	0.000000	0.000000
1687925610804	1687925610793	-6.555	1.130	-1.018	0.564	-0.553	-1.079	-1.152	6.014	-8.080	0.000000	0.000000
1687925610816	1687925610804	-6.658	1.032	-0.699	0.348	-0.341	-0.913	-1.226	6.151	-7.812	0.000000	0.000000
1687925610824	1687925610816	-6.795	0.764	-0.333	0.183	-0.101	-0.696	-1.255	6.122	-7.585	0.000000	0.000000
1687925610835	1687925610825	-7.080	0.661	0.065	0.090	0.166	-0.437	-1.427	6.048	-7.302	0.000000	0.000000
1687925610844	1687925610835	-8.001	0.567	0.012	0.072	0.456	-0.143	-1.609	5.806	-6.950	0.000000	0.000000
1687925610856	1687925610844	-9.038	0.347	-0.316	0.103	0.756	0.187	-1.903	5.720	-6.551	0.000000	0.000000
1687925610872	1687925610856	-9.232	0.821	-0.759	0.153	1.053	0.535	-2.801	5.629	-6.582	0.000000	0.000000
1687925610873	1687925610872	-9.098	0.948	-0.905	0.130	1.318	0.880	-3.783	5.394	-6.879	0.000000	0.000000
1687925610882	1687925610873	-9.584	0.778	-0.752	0.023	1.526	1.224	-3.881	5.830	-7.274	0.000000	0.000000
1687925610907	1687925610882	-10.288	0.316	-0.232	-0.112	1.739	1.521	-3.618	5.899	-7.355	0.000000	0.000000
1687925610907	1687925610907	-10.719	-0.263	0.199	-0.274	1.971	1.753	-3.948	5.660	-7.118	0.000000	0.000000
1687925610914	1687925610907	-11.186	-0.579	0.613	-0.419	2.186	1.977	-4.468	5.119	-6.493	0.000000	0.000000
1687925610923	1687925610914	-12.016	-0.572	0.706	-0.491	2.358	2.186	-4.673	4.441	-5.918	0.000000	0.000000
1687925610933	1687925610923	-12.902	-0.694	0.737	-0.489	2.497	2.343	-4.937	4.039	-5.365	0.000000	0.000000
1687925610943	1687925610933	-13.314	-0.898	0.766	-0.443	2.585	2.447	-5.507	3.924	-5.080	0.000000	0.000000
1687925610955	1687925610943	-13.364	-1.116	1.080	-0.417	2.579	2.505	-6.172	3.689	-4.882	0.000000	0.000000
1687925610964	1687925610955	-13.642	-1.152	1.511	-0.456	2.509	2.549	-6.335	3.342	-4.657	0.000000	0.000000
1687925610974	1687925610964	-13.946	-1.326	1.688	-0.567	2.426	2.577	-6.144	2.969	-4.142	0.000000	0.000000
1687925610985	1687925610974	-14.143	-1.523	1.908	-0.729	2.349	2.600	-6.167	2.751	-3.488	0.000000	0.000000
1687925610994	1687925610985	-14.262	-1.856	1.978	-0.926	2.293	2.621	-6.278	2.425	-3.127	0.000000	0.000000
1687925611004	1687925610995	-14.210	-2.222	2.081	-1.117	2.261	2.634	-6.266	2.061	-2.696	0.000000	0.000000
1687925611018	1687925611004	-14.068	-2.413	2.205	-1.261	2.244	2.625	-6.191	1.561	-2.411	0.000000	0.000000
1687925611024	1687925611019	-13.834	-2.473	2.157	-1.324	2.244	2.608	-5.935	1.010	-2.064	0.000000	0.000000
1687925611034	1687925611025	-13.494	-2.600	2.076	-1.329	2.249	2.564	-5.638	0.668	-1.736	0.000000	0.000000
1687925611045	1687925611034	-13.180	-2.449	1.949	-1.295	2.261	2.505	-5.193	0.383	-1.482	0.000000	0.000000
1687925611056	1687925611046	-12.977	-2.468	1.911	-1.250	2.279	2.441	-4.745	0.134	-1.401	0.000000	0.000000
1687925611079	1687925611056	-12.692	-2.318	1.970	-1.200	2.290	2.385	-4.276	0.089	-1.271	0.000000	0.000000
1687925611079	1687925611079	-12.512	-2.155	1.925	-1.164	2.280	2.343	-3.943	-0.108	-1.075	0.000000	0.000000
1687925611097	1687925611079	-12.416	-2.109	1.712	-1.166	2.259	2.315	-3.539	-0.139	-0.778	0.000000	0.000000
1687925611098	1687925611097	-12.435	-2.066	1.776	-1.234	2.222	2.305	-3.249	-0.163	-0.589	0.000000	0.000000
1687925611104	1687925611098	-12.519	-2.409	1.669	-1.341	2.172	2.299	-3.045	-0.323	-0.548	0.000000	0.000000
1687925611115	1687925611105	-12.230	-2.447	1.784	-1.471	2.076	2.305	-2.986	-0.453	-0.275	0.000000	0.000000
1687925611124	1687925611115	-11.856	-2.516	1.793	-1.566	1.967	2.282	-2.993	-0.986	-0.158	0.000000	0.000000
1687925611135	1687925611124	-11.617	-2.727	2.018	-1.618	1.812	2.279	-2.636	-1.221	0.175	0.000000	0.000000
1687925611144	1687925611136	-11.408	-3.098	2.251	-1.681	1.692	2.320	-2.203	-1.506	0.412	0.000000	0.000000
1687925611154	1687925611144	-11.009	-3.297	2.468	-1.723	1.625	2.345	-1.923	-1.896	0.807	0.000000	0.000000
1687925611164	1687925611154	-10.695	-3.436	2.693	-1.695	1.564	2.366	-1.676	-2.495	1.233	0.000000	0.000000
1687925611175	1687925611165	-10.420	-3.522	2.916	-1.602	1.528	2.376	-1.252	-2.885	1.602	0.000000	0.000000
1687925611185	1687925611175	-10.336	-3.484	2.966	-1.469	1.526	2.373	-0.919	-3.242	1.985	0.000000	0.000000
1687925611197	1687925611185	-10.307	-3.553	3.290	-1.328	1.553	2.352	-0.632	-3.548	2.358	0.000000	0.000000
1687925611205	1687925611197	-10.321	-3.833	3.560	-1.174	1.591	2.319	-0.543	-3.737	2.557	0.000000	0.000000
1687925611217	1687925611205	-10.266	-3.994	3.869	-0.969	1.582	2.265	-0.517	-4.032	3.026	0.000000	0.000000
1687925611227	1687925611218	-10.180	-4.259	4.281	-0.761	1.547	2.187	-0.543	-4.559	3.462	0.000000	0.000000
1687925611237	1687925611228	-10.166	-4.334	4.860	-0.577	1.487	2.117	-0.505	-4.918	3.903	0.000000	0.000000
1687925611247	1687925611237	-10.149	-4.611	5.279	-0.407	1.398	2.060	-0.448	-5.420	4.470	0.000000	0.000000
1687925611257	1687925611248	-10.039	-4.776	5.801	-0.233	1.257	2.001	-0.460	-5.681	5.174	0.000000	0.000000
1687925611277	1687925611258	-9.821	-4.841	6.057	-0.067	1.081	1.916	-0.479	-6.160	5.722	0.000000	0.000000
1687925611279	1687925611277	-9.414	-4.899	6.072	0.073	0.914	1.790	-0.407	-6.519	6.361	0.000000	0.000000
1687925611283	1687925611279	-9.306	-4.970	5.983	0.175	0.743	1.632	-0.235	-6.788	6.732	0.000000	0.000000
1687925611313	1687925611283	-9.615	-5.138	5.555	0.227	0.569	1.429	0.132	-6.998	6.826	0.000000	0.000000
1687925611313	1687925611313	-11.066	-5.313	5.559	0.236	0.402	1.186	0.199	-7.223	6.812	0.000000	0.000000
1687925611316	1687925611314	-13.764	-5.734	6.029	0.222	0.268	0.905	-0.146	-7.525	6.443	0.000000	0.000000
1687925611324	1687925611316	-15.876	-5.878	6.002	0.216	0.198	0.611	-1.630	-7.810	6.491	0.000000	0.000000
1687925611335	1687925611324	-16.297	-5.880	5.729	0.215	0.087	0.325	-4.355	-8.315	6.991	0.000000	0.000000
1687925611344	1687925611335	-16.132	-5.531	5.088	0.217	-0.127	0.061	-6.491	-8.526	6.993	0.000000	0.000000
1687925611355	1687925611345	-15.900	-5.195	4.298	0.199	-0.371	-0.177	-6.919	-8.550	6.732	0.000000	0.000000
1687925611365	1687925611355	-14.997	-5.212	3.644	0.164	-0.569	-0.445	-6.754	-8.205	6.084	0.000000	0.000000
1687925611377	1687925611365	-13.510	-4.958	3.299	0.173	-0.789	-0.729	-6.515	-7.853	5.267	0.000000	0.000000
1687925611385	1687925611377	-11.952	-4.571	3.304	0.216	-1.065	-1.016	-5.593	-7.822	4.559	0.000000	0.000000
1687925611396	1687925611386	-10.975	-4.238	3.244	0.277	-1.316	-1.306	-4.082	-7.503	4.152	0.000000	0.000000
1687925611406	1687925611397	-10.436	-3.900	3.105	0.341	-1.498	-1.585	-2.483	-6.998	4.041	0.000000	0.000000
1687925611417	1687925611406	-10.247	-3.455	2.954	0.423	-1.630	-1.847	-1.470	-6.553	3.874	0.000000	0.000000
1687925611426	1687925611419	-10.331	-3.203	2.689	0.536	-1.725	-2.094	-0.886	-6.062	3.601	0.000000	0.000000
1687925611437	1687925611427	-10.630	-2.907	2.464	0.655	-1.804	-2.315	-0.651	-5.437	3.302	0.000000	0.000000
1687925611445	1687925611438	-11.126	-2.820	2.059	0.756	-1.859	-2.513	-0.687	-4.963	2.866	0.000000	0.000000
1687925611457	1687925611446	-11.459	-2.643	2.064	0.838	-1.907	-2.671	-0.950	-4.465	2.492	0.000000	0.000000
1687925611482	1687925611457	-11.789	-2.717	1.841	0.899	-1.958	-2.777	-1.408	-4.111	1.901	0.000000	0.000000
1687925611506	1687925611482	-12.098	-2.550	1.525	0.954	-2.037	-2.832	-1.717	-3.701	1.748	0.000000	0.000000
1687925611506	1687925611506	-12.431	-2.512	1.226	1.003	-2.133	-2.842	-2.030	-3.508	1.343	0.000000	0.000000
1687925611507	1687925611506	-13.168	-2.442	0.912	1.031	-2.232	-2.826	-2.332	-3.069	0.833	0.000000	0.000000
1687925611507	1687925611507	-13.668	-2.325	0.522	1.030	-2.330	-2.798	-2.672	-2.763	0.330	0.000000	0.000000
1687925611515	1687925611507	-13.949	-2.318	0.318	0.988	-2.418	-2.765	-3.428	-2.428	-0.199	0.000000	0.000000
1687925611524	1687925611515	-13.757	-2.286	0.014	0.913	-2.512	-2.726	-3.965	-2.025	-0.838	0.000000	0.000000
1687925611533	1687925611525	-13.472	-2.301	-0.278	0.815	-2.610	-2.689	-4.288	-1.788	-1.257	0.000000	0.000000
1687925611544	1687925611534	-12.991	-2.399	-0.553	0.711	-2.685	-2.662	-4.164	-1.487	-1.834	0.000000	0.000000
1687925611556	1687925611545	-12.644	-2.421	-0.824	0.617	-2.734	-2.652	-3.946	-1.283	-2.358	0.000000	0.000000
1687925611565	1687925611556	-12.383	-2.373	-1.008	0.535	-2.750	-2.666	-3.555	-1.144	-2.895	0.000000	0.000000
1687925611575	1687925611566	-12.182	-2.433	-1.188	0.473	-2.744	-2.682	-3.311	-0.934	-3.431	0.000000	0.000000
1687925611584	1687925611576	-12.093	-2.500	-1.164	0.443	-2.716	-2.709	-3.182	-0.630	-3.905	0.000000	0.000000
1687925611596	1687925611584	-11.997	-2.562	-1.286	0.443	-2.663	-2.734	-3.098	-0.481	-4.319	0.000000	0.000000
1687925611605	1687925611596	-12.055	-2.631	-1.262	0.461	-2.599	-2.738	-3.156	-0.318	-4.549	0.000000	0.000000
1687925611617	1687925611606	-12.115	-2.605	-1.164	0.489	-2.514	-2.720	-3.215	-0.156	-4.918	0.000000	0.000000
1687925611625	1687925611618	-12.299	-2.574	-1.149	0.525	-2.415	-2.680	-3.438	-0.002	-5.131	0.000000	0.000000
1687925611634	1687925611625	-12.677	-2.428	-1.125	0.568	-2.305	-2.618	-3.673	0.235	-5.260	0.000000	0.000000
1687925611645	1687925611635	-12.802	-2.375	-1.097	0.591	-2.189	-2.544	-4.075	0.505	-5.507	0.000000	0.000000
1687925611656	1687925611646	-12.481	-2.473	-1.173	0.586	-2.066	-2.458	-4.602	0.802	-5.648	0.000000	0.000000
1687925611679	1687925611657	-12.146	-2.397	-1.142	0.563	-1.950	-2.358	-4.913	1.032	-5.813	0.000000	0.000000
1687925611679	1687925611679	-11.684	-2.392	-1.113	0.538	-1.836	-2.250	-4.776	1.097	-6.072	0.000000	0.000000
1687925611685	1687925611679	-11.188	-2.401	-1.135	0.525	-1.725	-2.149	-4.642	1.341	-6.227	0.000000	0.000000
1687925611700	1687925611685	-10.707	-2.327	-1.025	0.525	-1.616	-2.055	-4.343	1.470	-6.337	0.000000	0.000000
1687925611704	1687925611700	-10.235	-2.301	-1.006	0.533	-1.504	-1.974	-4.058	1.614	-6.534	0.000000	0.000000
1687925611716	1687925611704	-9.871	-2.298	-0.934	0.551	-1.388	-1.901	-3.716	1.781	-6.534	0.000000	0.000000
1687925611726	1687925611716	-9.632	-2.231	-0.905	0.571	-1.267	-1.831	-3.426	1.925	-6.653	0.000000	0.000000
1687925611737	1687925611726	-9.500	-2.112	-0.893	0.594	-1.148	-1.764	-3.223	2.023	-6.697	0.000000	0.000000
1687925611745	1687925611737	-9.354	-1.973	-0.888	0.608	-1.030	-1.696	-3.151	2.186	-6.788	0.000000	0.000000
1687925611756	1687925611746	-9.285	-1.913	-0.828	0.613	-0.913	-1.631	-3.153	2.375	-6.867	0.000000	0.000000
1687925611766	1687925611757	-8.993	-1.836	-0.809	0.607	-0.800	-1.566	-3.158	2.593	-6.962	0.000000	0.000000
1687925611776	1687925611766	-8.698	-1.769	-0.733	0.594	-0.694	-1.498	-3.206	2.708	-6.979	0.000000	0.000000
1687925611787	1687925611777	-8.349	-1.630	-0.788	0.583	-0.585	-1.426	-3.038	2.842	-7.037	0.000000	0.000000
1687925611798	1687925611787	-8.009	-1.336	-0.903	0.588	-0.476	-1.354	-2.856	2.959	-7.027	0.000000	0.000000
1687925611806	1687925611798	-7.841	-1.331	-0.749	0.601	-0.363	-1.283	-2.612	3.144	-7.144	0.000000	0.000000
1687925611818	1687925611807	-7.743	-1.128	-0.524	0.612	-0.238	-1.205	-2.313	3.469	-7.274	0.000000	0.000000
1687925611828	1687925611819	-7.731	-0.881	-0.256	0.618	-0.092	-1.120	-2.176	3.503	-7.128	0.000000	0.000000
1687925611839	1687925611829	-7.724	-0.543	0.139	0.628	0.066	-1.019	-2.105	3.725	-6.910	0.000000	0.000000
1687925611849	1687925611840	-8.420	-0.156	0.196	0.638	0.232	-0.899	-2.133	3.994	-6.661	0.000000	0.000000
1687925611859	1687925611850	-9.098	0.084	-0.007	0.649	0.418	-0.754	-2.157	4.345	-6.282	0.000000	0.000000
1687925611868	1687925611860	-8.961	0.383	-0.031	0.646	0.628	-0.584	-2.883	4.741	-6.244	0.000000	0.000000
1687925611900	1687925611899	-8.425	0.713	0.074	0.589	0.809	-0.387	-3.570	4.980	-6.457	0.000000	0.000000
1687925611900	1687925611900	-8.164	0.984	0.156	0.465	0.952	-0.155	-3.421	5.270	-6.476	0.000000	0.000000
1687925611900	1687925611900	-8.068	1.056	0.419	0.307	1.126	0.084	-2.854	5.586	-6.357	0.000000	0.000000
1687925611924	1687925611901	-7.851	0.910	0.864	0.114	1.321	0.314	-2.540	5.835	-6.244	0.000000	0.000000
1687925611925	1687925611924	-7.769	0.472	1.334	-0.089	1.499	0.552	-2.368	5.883	-5.933	0.000000	0.000000
1687925611930	1687925611925	-7.989	0.297	1.470	-0.232	1.649	0.804	-2.052	5.710	-5.416	0.000000	0.000000
1687925611935	1687925611931	-8.677	0.139	1.525	-0.297	1.783	1.034	-1.851	5.246	-4.855	0.000000	0.000000
1687925611945	1687925611935	-9.273	0.067	1.599	-0.314	1.895	1.233	-1.903	5.030	-4.585	0.000000	0.000000
1687925611956	1687925611946	-9.749	-0.029	1.633	-0.310	1.962	1.412	-2.466	4.836	-4.432	0.000000	0.000000
1687925611965	1687925611956	-10.331	-0.120	1.786	-0.332	1.969	1.575	-2.892	4.705	-4.223	0.000000	0.000000
1687925611976	1687925611965	-10.949	-0.338	1.839	-0.403	1.949	1.723	-3.191	4.535	-4.049	0.000000	0.000000
1687925611987	1687925611976	-11.789	-0.484	1.858	-0.527	1.935	1.870	-3.591	4.357	-3.749	0.000000	0.000000
1687925611997	1687925611987	-12.309	-0.788	1.800	-0.693	1.932	2.027	-4.027	4.044	-3.546	0.000000	0.000000
1687925612006	1687925611997	-12.663	-0.958	2.035	-0.878	1.936	2.189	-4.647	3.773	-3.335	0.000000	0.000000
1687925612017	1687925612006	-12.756	-1.322	2.114	-1.070	1.943	2.352	-5.021	3.381	-3.259	0.000000	0.000000
1687925612027	1687925612017	-12.761	-1.518	2.263	-1.240	1.965	2.507	-5.171	3.081	-2.828	0.000000	0.000000
1687925612039	1687925612027	-12.641	-1.666	2.294	-1.370	2.006	2.635	-5.095	2.602	-2.576	0.000000	0.000000
1687925612048	1687925612039	-12.610	-1.702	2.327	-1.447	2.055	2.726	-4.877	2.241	-2.188	0.000000	0.000000
1687925612057	1687925612048	-12.534	-1.686	2.148	-1.487	2.096	2.778	-4.609	1.973	-1.990	0.000000	0.000000
1687925612068	1687925612057	-12.605	-1.800	1.997	-1.508	2.114	2.794	-4.360	1.741	-1.693	0.000000	0.000000
1687925612092	1687925612068	-12.641	-2.049	2.121	-1.528	2.096	2.782	-4.125	1.602	-1.669	0.000000	0.000000
1687925612092	1687925612092	-12.684	-2.286	2.279	-1.555	2.028	2.750	-4.029	1.307	-1.592	0.000000	0.000000
1687925612114	1687925612092	-12.811	-2.387	2.456	-1.613	1.933	2.713	-3.907	0.869	-1.240	0.000000	0.000000
1687925612115	1687925612115	-12.926	-2.361	2.634	-1.699	1.839	2.685	-3.807	0.441	-0.860	0.000000	0.000000
1687925612117	1687925612115	-12.965	-2.483	2.792	-1.792	1.750	2.668	-3.804	0.146	-0.467	0.000000	0.000000
1687925612125	1687925612117	-12.965	-2.689	2.780	-1.892	1.662	2.655	-3.790	-0.041	-0.062	0.000000	0.000000
1687925612138	1687925612126	-12.893	-3.074	2.782	-1.976	1.587	2.644	-3.735	-0.342	0.275	0.000000	0.000000
1687925612147	1687925612138	-12.629	-3.120	2.571	-2.018	1.533	2.611	-3.632	-0.769	0.474	0.000000	0.000000
1687925612158	1687925612147	-12.503	-3.206	2.521	-1.988	1.477	2.544	-3.484	-1.338	0.644	0.000000	0.000000
1687925612167	1687925612158	-12.424	-3.261	2.540	-1.912	1.392	2.509	-3.146	-1.587	0.611	0.000000	0.000000
1687925612177	1687925612167	-12.289	-3.230	2.444	-1.841	1.351	2.469	-2.957	-1.879	0.730	0.000000	0.000000
1687925612188	1687925612177	-12.038	-3.247	2.435	-1.779	1.326	2.418	-2.818	-2.162	0.922	0.000000	0.000000
1687925612198	1687925612188	-11.708	-3.321	2.454	-1.735	1.296	2.384	-2.641	-2.320	0.958	0.000000	0.000000
1687925612208	1687925612198	-11.432	-3.225	2.466	-1.704	1.273	2.347	-2.351	-2.545	1.092	0.000000	0.000000
1687925612218	1687925612208	-11.145	-3.156	2.397	-1.680	1.260	2.297	-1.992	-2.830	1.247	0.000000	0.000000
1687925612226	1687925612218	-10.958	-3.232	2.313	-1.666	1.252	2.243	-1.693	-2.942	1.389	0.000000	0.000000
1687925612239	1687925612226	-10.779	-3.304	2.346	-1.657	1.246	2.194	-1.389	-3.079	1.446	0.000000	0.000000
1687925612247	1687925612239	-10.580	-3.493	2.387	-1.619	1.239	2.136	-1.190	-3.402	1.508	0.000000	0.000000
1687925612259	1687925612248	-10.412	-3.733	2.480	-1.545	1.206	2.084	-1.006	-3.634	1.635	0.000000	0.000000
1687925612270	1687925612260	-10.302	-4.190	2.667	-1.440	1.153	2.033	-0.809	-4.022	1.791	0.000000	0.000000
1687925612298	1687925612270	-10.183	-4.484	2.873	-1.305	1.104	1.978	-0.646	-4.458	1.992	0.000000	0.000000
1687925612298	1687925612298	-10.077	-4.779	3.232	-1.111	1.037	1.928	-0.548	-5.107	2.279	0.000000	0.000000
1687925612299	1687925612299	-9.802	-4.903	3.407	-0.863	0.957	1.883	-0.445	-5.590	2.581	0.000000	0.000000
1687925612321	1687925612299	-9.694	-5.025	3.654	-0.584	0.882	1.833	-0.362	-6.088	3.036	0.000000	0.000000
1687925612321	1687925612321	-9.680	-4.939	3.843	-0.299	0.822	1.781	-0.110	-6.376	3.282	0.000000	0.000000
1687925612328	1687925612321	-9.574	-4.858	4.264	-0.032	0.775	1.728	-0.029	-6.675	3.606	0.000000	0.000000
1687925612339	1687925612328	-9.421	-4.908	4.300	0.206	0.731	1.649	-0.045	-6.759	3.869	0.000000	0.000000
1687925612348	1687925612340	-9.184	-4.961	4.520	0.398	0.678	1.556	0.019	-6.862	4.372	0.000000	0.000000
1687925612358	1687925612348	-9.067	-4.918	4.542	0.546	0.638	1.448	0.141	-7.053	4.475	0.000000	0.000000
1687925612367	1687925612359	-9.189	-4.963	4.489	0.645	0.600	1.307	0.340	-7.269	4.776	0.000000	0.000000
1687925612378	1687925612369	-9.871	-5.203	4.583	0.720	0.563	1.144	0.424	-7.348	4.865	0.000000	0.000000
1687925612388	1687925612379	-11.018	-5.713	4.597	0.808	0.545	0.958	0.263	-7.527	4.891	0.000000	0.000000
1687925612400	1687925612389	-13.221	-6.553	5.004	0.927	0.519	0.761	-0.445	-7.860	5.049	0.000000	0.000000
1687925612409	1687925612401	-16.237	-7.070	5.799	1.082	0.469	0.560	-1.621	-8.456	5.138	0.000000	0.000000
1687925612420	1687925612409	-17.624	-7.187	5.978	1.301	0.428	0.364	-3.850	-9.364	5.619	0.000000	0.000000
1687925612430	1687925612420	-16.197	-6.563	5.382	1.578	0.279	0.197	-6.891	-9.936	6.503	0.000000	0.000000
1687925612441	1687925612430	-13.927	-5.358	4.374	1.874	-0.112	0.046	-8.286	-10.072	6.744	0.000000	0.000000
1687925612451	1687925612441	-12.127	-4.307	3.388	2.085	-0.582	-0.153	-6.869	-9.455	6.235	0.000000	0.000000
1687925612461	1687925612451	-10.649	-3.378	2.904	2.120	-0.977	-0.437	-4.599	-8.241	5.260	0.000000	0.000000
1687925612470	1687925612462	-9.663	-2.828	2.667	1.934	-1.328	-0.765	-2.787	-7.151	4.281	0.000000	0.000000
1687925612500	1687925612470	-9.529	-2.624	2.823	1.561	-1.626	-1.114	-1.290	-6.170	3.768	0.000000	0.000000
1687925612500	1687925612500	-10.175	-2.957	2.947	1.095	-1.825	-1.478	-0.266	-5.514	3.445	0.000000	0.000000
1687925612500	1687925612500	-11.169	-3.306	2.658	0.648	-1.922	-1.847	-0.096	-5.205	3.500	0.000000	0.000000
1687925612532	1687925612500	-12.036	-3.340	2.298	0.320	-1.998	-2.208	-0.694	-5.392	3.479	0.000000	0.000000
1687925612532	1687925612532	-12.785	-3.316	2.121	0.139	-2.082	-2.549	-1.635	-5.564	3.021	0.000000	0.000000
1687925612534	1687925612532	-13.063	-3.321	2.016	0.115	-2.096	-2.865	-2.449	-5.385	2.478	0.000000	0.000000
1687925612538	1687925612534	-13.091	-3.357	1.784	0.181	-2.120	-3.111	-3.148	-5.116	2.105	0.000000	0.000000
1687925612548	1687925612538	-13.228	-3.323	1.348	0.302	-2.156	-3.290	-3.373	-4.788	1.757	0.000000	0.000000
1687925612558	1687925612548	-13.276	-3.359	0.728	0.458	-2.183	-3.420	-3.373	-4.583	1.362	0.000000	0.000000
1687925612568	1687925612558	-13.290	-3.077	0.278	0.616	-2.233	-3.488	-3.486	-4.231	0.721	0.000000	0.000000
1687925612580	1687925612568	-13.041	-2.761	-0.069	0.760	-2.299	-3.506	-3.527	-3.936	-0.108	0.000000	0.000000
1687925612588	1687925612580	-13.096	-2.454	-0.548	0.858	-2.381	-3.490	-3.546	-3.321	-0.773	0.000000	0.000000
1687925612599	1687925612588	-13.144	-2.464	-0.821	0.907	-2.458	-3.462	-3.321	-2.672	-1.343	0.000000	0.000000
1687925612609	1687925612600	-13.106	-2.284	-1.013	0.920	-2.518	-3.442	-3.424	-2.006	-2.078	0.000000	0.000000
1687925612621	1687925612610	-13.048	-2.263	-1.247	0.910	-2.573	-3.426	-3.527	-1.729	-2.571	0.000000	0.000000
1687925612630	1687925612621	-13.137	-2.184	-1.288	0.880	-2.608	-3.403	-3.565	-1.235	-3.012	0.000000	0.000000
1687925612643	1687925612630	-13.386	-1.958	-1.444	0.827	-2.619	-3.379	-3.606	-0.907	-3.500	0.000000	0.000000
1687925612650	1687925612644	-13.417	-1.805	-1.458	0.745	-2.601	-3.356	-3.819	-0.500	-3.826	0.000000	0.000000
1687925612662	1687925612650	-13.235	-1.788	-1.496	0.619	-2.562	-3.333	-4.185	-0.014	-4.214	0.000000	0.000000
1687925612672	1687925612662	-13.089	-1.863	-1.516	0.463	-2.513	-3.301	-4.377	0.450	-4.506	0.000000	0.000000
1687925612693	1687925612672	-12.902	-1.901	-1.561	0.283	-2.446	-3.252	-4.341	0.718	-4.764	0.000000	0.000000
1687925612695	1687925612693	-12.594	-2.057	-1.590	0.110	-2.357	-3.189	-4.367	0.919	-5.018	0.000000	0.000000
1687925612699	1687925612695	-12.289	-2.191	-1.597	-0.040	-2.254	-3.112	-4.362	1.152	-5.282	0.000000	0.000000
1687925612729	1687925612700	-11.758	-2.392	-1.494	-0.138	-2.136	-3.016	-4.245	1.262	-5.514	0.000000	0.000000
1687925612729	1687925612729	-11.521	-2.452	-1.403	-0.165	-2.006	-2.909	-4.140	1.386	-5.705	0.000000	0.000000
1687925612731	1687925612729	-11.413	-2.370	-1.319	-0.131	-1.862	-2.793	-3.828	1.458	-5.787	0.000000	0.000000
1687925612740	1687925612731	-11.655	-2.272	-1.147	-0.062	-1.706	-2.672	-3.773	1.609	-5.830	0.000000	0.000000
1687925612748	1687925612740	-11.578	-2.394	-1.032	0.018	-1.544	-2.547	-3.888	1.932	-5.897	0.000000	0.000000
1687925612760	1687925612749	-10.999	-2.401	-0.943	0.098	-1.378	-2.419	-4.307	2.212	-5.837	0.000000	0.000000
1687925612769	1687925612761	-10.625	-2.337	-1.025	0.178	-1.233	-2.287	-4.420	2.272	-5.835	0.000000	0.000000
1687925612779	1687925612769	-10.305	-2.073	-1.022	0.269	-1.100	-2.166	-4.022	2.433	-5.849	0.000000	0.000000
1687925612790	1687925612781	-9.869	-1.978	-1.070	0.362	-0.964	-2.072	-3.857	2.674	-6.043	0.000000	0.000000
1687925612800	1687925612791	-9.613	-1.963	-1.056	0.430	-0.844	-1.995	-3.668	3.043	-6.110	0.000000	0.000000
1687925612809	1687925612801	-9.361	-1.985	-1.041	0.479	-0.735	-1.924	-3.405	3.268	-6.246	0.000000	0.000000
1687925612821	1687925612810	-9.213	-1.906	-0.783	0.524	-0.623	-1.855	-3.282	3.378	-6.302	0.000000	0.000000
1687925612830	1687925612821	-9.100	-1.796	-0.656	0.582	-0.503	-1.778	-3.189	3.460	-6.366	0.000000	0.000000
1687925612839	1687925612830	-8.830	-1.836	-0.395	0.656	-0.369	-1.675	-3.163	3.618	-6.167	0.000000	0.000000
1687925612852	1687925612840	-8.593	-1.669	-0.268	0.777	-0.221	-1.539	-3.213	3.824	-6.122	0.000000	0.000000
1687925612862	1687925612852	-8.593	-1.669	-0.268	0.955	-0.062	-1.378	-3.024	3.826	-5.902	0.000000	0.000000
1687925612872	1687925612862	-8.629	-0.967	-0.402	1.157	0.095	-1.208	-2.895	4.044	-5.837	0.000000	0.000000
1687925612901	1687925612872	-9.313	-0.967	-0.402	1.355	0.270	-1.034	-2.978	4.068	-5.897	0.000000	0.000000
1687925612902	1687925612901	-9.407	-0.582	-0.390	1.355	0.270	-1.034	-3.014	4.755	-6.048	0.000000	0.000000
1687925612902	1687925612902	-8.727	-0.124	-0.352	1.509	0.454	-0.843	-3.682	4.719	-6.067	0.000000	0.000000
1687925612926	1687925612902	-8.420	0.333	-0.417	1.559	0.561	-0.637	-3.766	5.066	-6.084	0.000000	0.000000
1687925612926	1687925612926	-8.363	0.881	-0.357	1.520	0.657	-0.418	-3.050	5.471	-6.062	0.000000	0.000000
1687925612928	1687925612926	-7.946	1.341	-0.043	1.128	0.966	-0.013	-2.701	5.859	-6.151	0.000000	0.000000
1687925612939	1687925612928	-7.391	1.391	0.491	1.128	0.966	-0.013	-2.629	6.342	-6.136	0.000000	0.000000
1687925612947	1687925612939	-7.197	1.154	1.228	0.804	1.101	0.216	-2.152	6.732	-5.830	0.000000	0.000000
1687925612958	1687925612947	-7.551	0.941	1.808	0.479	1.250	0.436	-1.547	6.725	-5.298	0.000000	0.000000
1687925612967	1687925612958	-8.272	0.622	2.136	0.180	1.431	0.632	-1.269	6.421	-4.537	0.000000	0.000000
1687925612977	1687925612968	-8.897	0.560	2.052	-0.083	1.598	0.827	-1.539	6.160	-3.912	0.000000	0.000000
1687925612987	1687925612977	-9.311	0.522	1.846	-0.282	1.720	1.042	-2.145	5.794	-3.508	0.000000	0.000000
1687925612998	1687925612988	-9.732	0.630	1.602	-0.434	1.787	1.255	-2.638	5.686	-3.488	0.000000	0.000000
1687925613007	1687925612998	-10.228	0.541	1.379	-0.585	1.796	1.443	-2.907	5.595	-3.570	0.000000	0.000000
1687925613018	1687925613007	-11.016	0.204	1.403	-0.773	1.773	1.608	-3.168	5.646	-3.677	0.000000	0.000000
1687925613027	1687925613018	-11.789	-0.194	1.669	-1.216	1.668	1.925	-3.484	5.485	-3.735	0.000000	0.000000
1687925613037	1687925613027	-12.258	-0.594	2.045	-1.216	1.668	1.925	-4.118	5.083	-3.570	0.000000	0.000000
1687925613047	1687925613037	-12.526	-0.922	2.385	-1.418	1.599	2.104	-4.700	4.604	-3.110	0.000000	0.000000
1687925613058	1687925613047	-12.682	-1.274	2.689	-1.566	1.542	2.283	-5.016	4.130	-2.574	0.000000	0.000000
1687925613067	1687925613059	-12.586	-1.456	2.873	-1.643	1.519	2.442	-5.114	3.713	-2.052	0.000000	0.000000
1687925613080	1687925613067	-12.450	-1.453	2.887	-1.651	1.525	2.566	-5.097	3.256	-1.559	0.000000	0.000000
1687925613088	1687925613080	-12.206	-1.518	2.863	-1.614	1.538	2.645	-4.812	2.942	-1.166	0.000000	0.000000
1687925613098	1687925613088	-11.993	-1.549	2.772	-1.561	1.560	2.688	-4.523	2.823	-0.979	0.000000	0.000000
1687925613108	1687925613098	-11.911	-1.707	2.567	-1.513	1.581	2.705	-4.108	2.607	-0.812	0.000000	0.000000
1687925613120	1687925613108	-12.016	-1.793	2.404	-1.483	1.593	2.704	-3.730	2.413	-0.711	0.000000	0.000000
1687925613127	1687925613120	-12.014	-1.841	2.241	-1.498	1.566	2.689	-3.491	2.081	-0.728	0.000000	0.000000
1687925613138	1687925613127	-12.136	-1.997	2.109	-1.498	1.566	2.689	-3.445	1.812	-0.699	0.000000	0.000000
1687925613148	1687925613138	-12.261	-2.109	2.030	-1.517	1.510	2.680	-3.273	1.537	-0.637	0.000000	0.000000
1687925613158	1687925613148	-12.373	-2.330	2.088	-1.522	1.423	2.667	-3.290	1.226	-0.620	0.000000	0.000000
1687925613168	1687925613158	-12.510	-2.478	2.109	-1.515	1.321	2.647	-3.292	0.915	-0.517	0.000000	0.000000
1687925613179	1687925613168	-12.371	-2.591	2.064	-1.523	1.212	2.629	-3.290	0.491	-0.285	0.000000	0.000000
1687925613188	1687925613179	-12.184	-2.737	1.992	-1.541	1.102	2.621	-3.326	0.136	-0.103	0.000000	0.000000
1687925613198	1687925613188	-11.981	-2.667	1.776	-1.555	1.003	2.616	-3.093	-0.184	0.000	0.000000	0.000000
1687925613208	1687925613198	-11.842	-2.861	1.681	-1.559	0.907	2.594	-2.818	-0.565	0.079	0.000000	0.000000
1687925613219	1687925613208	-11.552	-2.954	1.446	-1.578	0.806	2.563	-2.547	-0.692	-0.019	0.000000	0.000000
1687925613228	1687925613219	-11.349	-2.825	1.283	-1.602	0.721	2.529	-2.344	-1.104	0.000	0.000000	0.000000
1687925613239	1687925613228	-11.147	-2.856	1.329	-1.616	0.640	2.470	-1.999	-1.415	-0.132	0.000000	0.000000
1687925613248	1687925613239	-10.951	-2.952	1.195	-1.674	0.583	2.415	-1.745	-1.525	-0.194	0.000000	0.000000
1687925613258	1687925613248	-10.855	-3.060	1.195	-1.772	0.539	2.379	-1.508	-1.750	-0.077	0.000000	0.000000
1687925613268	1687925613258	-10.877	-3.263	1.128	-1.880	0.502	2.321	-1.274	-2.100	-0.122	0.000000	0.000000
1687925613281	1687925613268	-10.733	-3.280	1.097	-1.976	0.485	2.255	-1.159	-2.373	-0.069	0.000000	0.000000
1687925613295	1687925613281	-10.424	-3.464	1.041	-2.046	0.463	2.195	-1.159	-2.799	-0.072	0.000000	0.000000
1687925613299	1687925613296	-10.250	-3.553	0.879	-2.084	0.435	2.129	-1.001	-3.012	-0.048	0.000000	0.000000
1687925613308	1687925613299	-10.029	-3.706	0.898	-2.092	0.412	2.048	-0.682	-3.388	-0.055	0.000000	0.000000
1687925613319	1687925613308	-9.943	-3.895	0.816	-2.066	0.390	1.961	-0.503	-3.661	-0.175	0.000000	0.000000
1687925613328	1687925613319	-9.785	-3.972	0.840	-2.024	0.378	1.873	-0.283	-4.010	-0.117	0.000000	0.000000
1687925613339	1687925613328	-9.582	-3.898	0.850	-1.977	0.363	1.785	-0.199	-4.353	-0.170	0.000000	0.000000
1687925613349	1687925613339	-9.407	-3.972	0.845	-1.932	0.347	1.690	-0.048	-4.609	-0.120	0.000000	0.000000
1687925613360	1687925613349	-9.275	-3.965	0.958	-1.892	0.337	1.591	0.144	-4.673	-0.091	0.000000	0.000000
1687925613370	1687925613360	-9.282	-4.032	1.001	-1.866	0.337	1.482	0.309	-4.894	-0.077	0.000000	0.000000
1687925613380	1687925613370	-9.321	-4.144	1.027	-1.847	0.351	1.368	0.426	-5.023	0.045	0.000000	0.000000
1687925613390	1687925613381	-9.371	-4.247	1.144	-1.823	0.380	1.246	0.405	-5.231	0.103	0.000000	0.000000
1687925613401	1687925613390	-9.481	-4.338	1.219	-1.791	0.414	1.122	0.354	-5.442	0.139	0.000000	0.000000
1687925613411	1687925613401	-9.318	-4.436	1.413	-1.742	0.457	0.996	0.292	-5.638	0.268	0.000000	0.000000
1687925613423	1687925613411	-9.143	-4.580	1.587	-1.676	0.505	0.878	0.172	-5.808	0.354	0.000000	0.000000
1687925613432	1687925613424	-9.088	-4.808	1.688	-1.578	0.560	0.775	0.326	-5.971	0.567	0.000000	0.000000
1687925613441	1687925613432	-9.761	-5.131	1.788	-1.438	0.623	0.674	0.493	-6.167	0.761	0.000000	0.000000
1687925613453	1687925613441	-11.660	-5.753	1.887	-1.242	0.705	0.584	0.543	-6.450	0.895	0.000000	0.000000
1687925613463	1687925613453	-14.803	-6.543	3.000	-0.982	0.825	0.511	-0.129	-6.795	1.022	0.000000	0.000000
1687925613473	1687925613463	-17.262	-7.336	4.202	-0.644	0.970	0.445	-2.030	-7.451	1.166	0.000000	0.000000
1687925613501	1687925613473	-16.771	-7.494	4.487	-0.224	1.065	0.391	-5.179	-8.284	2.342	0.000000	0.000000
1687925613501	1687925613501	-14.557	-6.917	3.881	0.305	1.018	0.360	-7.640	-9.115	3.627	0.000000	0.000000
1687925613502	1687925613501	-11.916	-5.629	3.115	0.913	0.841	0.320	-7.151	-9.311	4.010	0.000000	0.000000
1687925613530	1687925613502	-9.208	-4.264	2.636	1.444	0.590	0.173	-4.937	-8.772	3.517	0.000000	0.000000
1687925613530	1687925613530	-7.163	-3.323	2.358	1.769	0.297	-0.106	-2.298	-7.513	2.840	0.000000	0.000000
1687925613531	1687925613530	-6.019	-2.583	2.543	1.855	0.037	-0.418	0.405	-6.170	2.444	0.000000	0.000000
1687925613541	1687925613531	-6.225	-2.325	2.878	1.742	-0.195	-0.768	2.454	-5.219	2.229	0.000000	0.000000
1687925613550	1687925613542	-7.561	-2.519	3.340	1.502	-0.342	-1.144	3.606	-4.439	2.456	0.000000	0.000000
1687925613561	1687925613551	-9.644	-2.641	3.543	1.195	-0.351	-1.556	3.414	-4.113	2.804	0.000000	0.000000
1687925613570	1687925613561	-11.365	-2.473	3.759	0.858	-0.352	-1.999	2.097	-4.187	3.256	0.000000	0.000000
1687925613581	1687925613570	-12.684	-2.538	3.608	0.557	-0.451	-2.435	0.036	-4.175	3.448	0.000000	0.000000
1687925613591	1687925613581	-13.340	-2.215	3.117	0.335	-0.695	-2.801	-1.654	-3.814	3.642	0.000000	0.000000
1687925613602	1687925613592	-13.726	-2.054	2.406	0.178	-0.910	-3.159	-2.945	-3.644	3.452	0.000000	0.000000
1687925613612	1687925613603	-13.901	-1.968	1.578	-0.005	-1.148	-3.439	-3.575	-3.048	2.897	0.000000	0.000000
1687925613623	1687925613612	-14.111	-1.757	1.116	-0.214	-1.404	-3.632	-3.941	-2.579	2.100	0.000000	0.000000
1687925613632	1687925613624	-14.329	-1.410	0.694	-0.428	-1.644	-3.795	-4.108	-2.088	1.135	0.000000	0.000000
1687925613643	1687925613632	-14.435	-1.204	0.342	-0.619	-1.864	-3.921	-4.326	-1.592	0.563	0.000000	0.000000
1687925613653	1687925613643	-14.502	-1.190	-0.065	-0.783	-2.071	-4.022	-4.573	-0.797	-0.048	0.000000	0.000000
1687925613664	1687925613653	-14.521	-1.125	-0.402	-0.918	-2.252	-4.095	-4.721	-0.242	-0.558	0.000000	0.000000
