1687925638751	1687925638751	-11.281	-2.330	-1.111	0.584	-1.632	-2.083	-4.161	1.877	-5.720	0.000000	0.000000
1687925638752	1687925638751	-11.052	-2.195	-1.264	0.768	-1.506	-1.984	-4.192	2.073	-5.854	0.000000	0.000000
1687925638761	1687925638752	-10.520	-1.697	-1.460	0.969	-1.377	-1.868	-4.269	2.389	-6.074	0.000000	0.000000
1687925638771	1687925638761	-9.881	-1.269	-1.695	1.141	-1.255	-1.735	-4.192	2.614	-6.357	0.000000	0.000000
1687925638781	1687925638771	-9.251	-0.814	-1.810	1.263	-1.146	-1.592	-3.855	3.203	-6.721	0.000000	0.000000
1687925638792	1687925638781	-8.610	-0.148	-1.858	1.323	-1.034	-1.451	-3.338	3.675	-7.065	0.000000	0.000000
1687925638802	1687925638792	-8.145	0.553	-1.674	1.307	-0.915	-1.322	-2.863	4.168	-7.331	0.000000	0.000000
1687925638813	1687925638802	-7.834	1.223	-1.324	1.214	-0.786	-1.212	-2.351	4.851	-7.511	0.000000	0.000000
1687925638821	1687925638813	-7.877	1.561	-1.037	1.054	-0.634	-1.120	-2.016	5.562	-7.460	0.000000	0.000000
1687925638833	1687925638821	-8.751	1.719	-1.216	0.863	-0.461	-1.013	-1.800	6.235	-7.209	0.000000	0.000000
1687925638842	1687925638833	-9.057	1.949	-1.295	0.656	-0.259	-0.892	-1.946	6.577	-7.022	0.000000	0.000000
1687925638851	1687925638842	-8.238	2.093	-1.147	0.432	-0.037	-0.740	-2.892	6.742	-7.264	0.000000	0.000000
1687925638861	1687925638852	-7.503	2.045	-0.800	0.177	0.158	-0.506	-3.259	6.984	-7.391	0.000000	0.000000
1687925638873	1687925638861	-7.609	2.073	-0.618	-0.049	0.357	-0.200	-2.480	7.144	-7.266	0.000000	0.000000
1687925638881	1687925638873	-7.714	1.810	-0.448	-0.206	0.606	0.105	-1.760	7.113	-6.919	0.000000	0.000000
1687925638892	1687925638881	-7.228	1.460	-0.074	-0.292	0.881	0.409	-1.853	7.159	-6.716	0.000000	0.000000
1687925638901	1687925638893	-7.010	1.348	0.113	-0.323	1.126	0.743	-1.913	6.900	-6.495	0.000000	0.000000
1687925638911	1687925638902	-7.618	1.149	0.247	-0.301	1.354	1.069	-1.360	6.546	-6.062	0.000000	0.000000
1687925638921	1687925638911	-8.650	0.936	0.294	-0.244	1.575	1.335	-1.027	6.407	-5.782	0.000000	0.000000
1687925638933	1687925638922	-9.335	0.546	0.350	-0.210	1.775	1.531	-1.516	6.165	-5.562	0.000000	0.000000
1687925638941	1687925638933	-9.819	0.350	0.316	-0.239	1.917	1.681	-2.392	5.883	-5.404	0.000000	0.000000
1687925638951	1687925638942	-10.616	0.017	0.225	-0.323	1.990	1.809	-2.902	5.409	-5.227	0.000000	0.000000
1687925638961	1687925638952	-11.681	-0.189	0.266	-0.441	2.017	1.906	-3.179	5.104	-5.109	0.000000	0.000000
1687925638971	1687925638962	-12.610	-0.601	0.503	-0.601	2.032	1.980	-3.804	4.678	-5.066	0.000000	0.000000
1687925638981	1687925638972	-13.036	-1.202	0.836	-0.795	2.027	2.068	-4.678	4.362	-4.865	0.000000	0.000000
1687925638995	1687925638982	-13.003	-1.494	1.142	-0.976	2.010	2.184	-5.416	3.840	-4.458	0.000000	0.000000
1687925639003	1687925638995	-12.907	-1.836	1.259	-1.111	2.010	2.309	-5.653	3.127	-3.941	0.000000	0.000000
1687925639012	1687925639003	-12.689	-1.875	1.405	-1.175	2.039	2.417	-5.432	2.717	-3.443	0.000000	0.000000
1687925639023	1687925639012	-12.452	-1.992	1.468	-1.174	2.093	2.487	-5.114	2.222	-3.086	0.000000	0.000000
1687925639033	1687925639024	-12.222	-2.107	1.468	-1.134	2.153	2.528	-4.748	2.071	-2.772	0.000000	0.000000
1687925639042	1687925639033	-12.009	-2.176	1.343	-1.082	2.210	2.540	-4.329	1.803	-2.497	0.000000	0.000000
1687925639054	1687925639042	-11.916	-2.195	1.267	-1.037	2.264	2.531	-3.922	1.523	-2.279	0.000000	0.000000
1687925639062	1687925639054	-12.012	-2.181	1.130	-1.002	2.309	2.509	-3.539	1.281	-2.179	0.000000	0.000000
1687925639074	1687925639062	-12.220	-2.200	1.113	-0.983	2.340	2.464	-3.282	1.080	-2.028	0.000000	0.000000
1687925639081	1687925639074	-12.354	-2.263	1.245	-0.980	2.355	2.410	-3.211	0.888	-1.908	0.000000	0.000000
1687925639093	1687925639082	-12.584	-2.602	1.504	-0.958	2.348	2.348	-3.292	0.699	-1.709	0.000000	0.000000
1687925639104	1687925639093	-12.761	-2.734	1.745	-0.918	2.331	2.283	-3.294	0.445	-1.338	0.000000	0.000000
1687925639113	1687925639104	-12.754	-2.792	2.006	-0.861	2.312	2.243	-3.405	-0.084	-0.840	0.000000	0.000000
1687925639122	1687925639113	-12.313	-2.703	2.212	-0.789	2.286	2.227	-3.464	-0.424	-0.338	0.000000	0.000000
1687925639132	1687925639122	-12.127	-2.758	2.184	-0.685	2.257	2.219	-3.371	-0.656	0.132	0.000000	0.000000
1687925639144	1687925639132	-11.856	-2.531	2.243	-0.572	2.220	2.197	-2.830	-0.802	0.615	0.000000	0.000000
1687925639153	1687925639144	-11.621	-2.423	2.306	-0.468	2.176	2.144	-2.583	-1.018	0.769	0.000000	0.000000
1687925639162	1687925639153	-11.499	-2.157	2.423	-0.418	2.099	2.096	-2.241	-1.013	1.073	0.000000	0.000000
1687925639173	1687925639162	-11.480	-2.212	2.600	-0.439	2.031	2.034	-1.958	-1.087	1.331	0.000000	0.000000
1687925639182	1687925639173	-11.375	-2.279	2.677	-0.545	1.972	1.963	-1.788	-1.041	1.676	0.000000	0.000000
1687925639193	1687925639182	-11.193	-2.447	2.816	-0.682	1.916	1.889	-1.738	-1.271	2.035	0.000000	0.000000
1687925639202	1687925639193	-10.987	-2.610	3.065	-0.809	1.847	1.815	-1.602	-1.566	2.349	0.000000	0.000000
1687925639212	1687925639202	-10.958	-2.780	3.251	-0.904	1.783	1.743	-1.405	-1.899	2.660	0.000000	0.000000
1687925639224	1687925639212	-10.791	-2.914	3.452	-0.951	1.723	1.664	-1.190	-2.255	3.112	0.000000	0.000000
1687925639234	1687925639224	-10.743	-3.043	3.721	-0.951	1.654	1.581	-1.159	-2.581	3.460	0.000000	0.000000
1687925639242	1687925639234	-10.666	-3.172	3.888	-0.926	1.569	1.502	-0.994	-2.880	3.831	0.000000	0.000000
1687925639252	1687925639242	-10.681	-3.048	4.034	-0.887	1.480	1.423	-0.955	-3.170	4.259	0.000000	0.000000
1687925639262	1687925639252	-10.724	-3.038	4.089	-0.866	1.376	1.339	-0.893	-3.467	4.594	0.000000	0.000000
1687925639273	1687925639262	-10.637	-3.189	4.132	-0.874	1.255	1.252	-0.922	-3.474	4.867	0.000000	0.000000
1687925639282	1687925639273	-10.594	-3.493	4.403	-0.909	1.129	1.161	-0.984	-3.603	5.052	0.000000	0.000000
1687925639294	1687925639282	-10.630	-3.598	4.520	-0.946	0.983	1.070	-0.917	-3.883	5.212	0.000000	0.000000
1687925639302	1687925639294	-10.499	-3.816	4.551	-0.963	0.852	0.980	-0.895	-4.312	5.586	0.000000	0.000000
1687925639312	1687925639302	-10.530	-4.015	4.676	-0.957	0.729	0.889	-0.953	-4.532	5.789	0.000000	0.000000
1687925639322	1687925639313	-10.549	-4.317	4.707	-0.909	0.628	0.793	-0.848	-4.879	5.909	0.000000	0.000000
1687925639332	1687925639322	-10.367	-4.506	4.760	-0.817	0.552	0.688	-0.893	-5.157	6.081	0.000000	0.000000
1687925639342	1687925639333	-10.391	-4.808	4.623	-0.685	0.478	0.584	-0.931	-5.547	6.160	0.000000	0.000000
1687925639353	1687925639342	-11.475	-5.073	4.815	-0.502	0.423	0.479	-0.766	-5.816	6.256	0.000000	0.000000
1687925639362	1687925639353	-13.515	-5.499	5.631	-0.270	0.404	0.368	-0.804	-6.184	6.158	0.000000	0.000000
1687925639373	1687925639362	-14.823	-5.866	6.201	0.015	0.443	0.261	-1.903	-6.503	6.383	0.000000	0.000000
1687925639382	1687925639373	-14.892	-5.825	6.132	0.385	0.456	0.194	-3.958	-6.972	7.238	0.000000	0.000000
1687925639394	1687925639382	-14.794	-5.523	5.440	0.812	0.329	0.155	-5.274	-7.362	7.846	0.000000	0.000000
1687925639404	1687925639394	-14.921	-5.107	4.922	1.227	0.126	0.095	-5.356	-7.333	7.824	0.000000	0.000000
1687925639416	1687925639404	-14.178	-4.544	4.427	1.555	-0.093	-0.026	-5.265	-7.032	7.175	0.000000	0.000000
1687925639425	1687925639417	-12.809	-3.788	3.922	1.724	-0.390	-0.193	-5.397	-6.601	6.692	0.000000	0.000000
1687925639436	1687925639425	-11.617	-3.275	3.601	1.721	-0.768	-0.375	-4.652	-6.012	6.211	0.000000	0.000000
1687925639446	1687925639436	-10.920	-2.875	3.304	1.565	-1.135	-0.599	-3.270	-5.200	5.691	0.000000	0.000000
1687925639457	1687925639446	-10.420	-2.804	3.148	1.302	-1.440	-0.876	-2.061	-4.630	5.325	0.000000	0.000000
1687925639473	1687925639457	-10.154	-2.923	3.096	0.997	-1.671	-1.191	-1.334	-4.137	4.932	0.000000	0.000000
1687925639475	1687925639473	-10.123	-3.057	2.892	0.731	-1.825	-1.514	-0.804	-3.972	4.666	0.000000	0.000000
1687925639485	1687925639477	-10.467	-3.136	2.605	0.567	-1.955	-1.808	-0.500	-3.962	4.463	0.000000	0.000000
1687925639496	1687925639485	-11.059	-3.122	2.358	0.516	-2.049	-2.066	-0.431	-3.941	4.089	0.000000	0.000000
1687925639506	1687925639496	-11.598	-3.263	1.973	0.555	-2.090	-2.282	-0.735	-3.802	3.579	0.000000	0.000000
1687925639515	1687925639506	-12.131	-3.194	1.719	0.662	-2.148	-2.421	-1.302	-3.622	3.175	0.000000	0.000000
1687925639526	1687925639516	-12.491	-2.986	1.425	0.821	-2.228	-2.507	-1.812	-3.491	2.547	0.000000	0.000000
1687925639537	1687925639526	-12.833	-2.806	1.101	0.996	-2.307	-2.568	-2.337	-3.230	2.126	0.000000	0.000000
1687925639546	1687925639537	-12.977	-2.622	0.766	1.129	-2.397	-2.580	-2.691	-2.749	1.590	0.000000	0.000000
1687925639556	1687925639547	-13.352	-2.342	0.551	1.212	-2.494	-2.558	-3.043	-2.315	1.037	0.000000	0.000000
1687925639566	1687925639557	-13.618	-2.172	0.383	1.246	-2.593	-2.528	-3.208	-1.856	0.436	0.000000	0.000000
1687925639576	1687925639566	-13.635	-2.088	0.105	1.216	-2.672	-2.502	-3.615	-1.358	-0.005	0.000000	0.000000
1687925639586	1687925639577	-13.424	-2.004	-0.103	1.111	-2.756	-2.468	-3.926	-0.950	-0.438	0.000000	0.000000
1687925639599	1687925639587	-13.281	-1.997	-0.323	0.963	-2.839	-2.440	-4.003	-0.634	-0.991	0.000000	0.000000
1687925639607	1687925639599	-13.077	-2.035	-0.522	0.788	-2.894	-2.418	-3.864	-0.328	-1.482	0.000000	0.000000
1687925639617	1687925639607	-12.816	-2.167	-0.771	0.607	-2.921	-2.398	-3.807	-0.103	-1.990	0.000000	0.000000
1687925639627	1687925639617	-12.617	-2.179	-0.927	0.441	-2.938	-2.376	-3.725	0.110	-2.535	0.000000	0.000000
1687925639637	1687925639627	-12.476	-2.274	-1.068	0.318	-2.931	-2.360	-3.558	0.148	-3.012	0.000000	0.000000
1687925639646	1687925639637	-12.282	-2.279	-1.195	0.232	-2.903	-2.337	-3.486	0.345	-3.448	0.000000	0.000000
1687925639657	1687925639647	-12.256	-2.332	-1.334	0.167	-2.855	-2.308	-3.486	0.453	-3.864	0.000000	0.000000
1687925639676	1687925639657	-12.249	-2.289	-1.441	0.123	-2.783	-2.274	-3.443	0.651	-4.257	0.000000	0.000000
1687925639677	1687925639676	-12.098	-2.416	-1.425	0.089	-2.696	-2.236	-3.577	0.795	-4.650	0.000000	0.000000
1687925639687	1687925639677	-11.985	-2.394	-1.441	0.056	-2.604	-2.191	-3.757	1.049	-5.025	0.000000	0.000000
1687925639697	1687925639687	-11.746	-2.375	-1.377	0.032	-2.492	-2.140	-3.764	1.087	-5.217	0.000000	0.000000
1687925639705	1687925639697	-11.420	-2.425	-1.379	0.027	-2.360	-2.096	-3.831	1.288	-5.449	0.000000	0.000000
1687925639717	1687925639705	-10.879	-2.471	-1.427	0.029	-2.225	-2.043	-3.776	1.477	-5.586	0.000000	0.000000
1687925639726	1687925639718	-10.305	-2.387	-1.295	0.048	-2.082	-1.988	-3.654	1.609	-5.794	0.000000	0.000000
1687925639737	1687925639727	-9.780	-2.500	-1.262	0.093	-1.933	-1.940	-3.278	1.702	-5.997	0.000000	0.000000
1687925639746	1687925639737	-9.304	-2.368	-1.288	0.161	-1.781	-1.900	-2.902	1.949	-6.041	0.000000	0.000000
1687925639757	1687925639746	-9.029	-2.342	-1.257	0.248	-1.631	-1.866	-2.538	1.958	-6.139	0.000000	0.000000
1687925639767	1687925639757	-8.770	-2.320	-1.259	0.354	-1.478	-1.839	-2.236	2.219	-6.299	0.000000	0.000000
1687925639778	1687925639767	-8.796	-2.301	-1.231	0.464	-1.330	-1.807	-2.128	2.363	-6.393	0.000000	0.000000
1687925639786	1687925639778	-8.669	-2.219	-1.140	0.590	-1.180	-1.761	-2.035	2.492	-6.512	0.000000	0.000000
1687925639796	1687925639788	-8.538	-2.028	-1.209	0.737	-1.031	-1.698	-2.219	2.607	-6.596	0.000000	0.000000
1687925639809	1687925639797	-8.349	-1.729	-1.432	0.889	-0.892	-1.611	-2.260	2.777	-6.620	0.000000	0.000000
1687925639818	1687925639809	-8.267	-1.290	-1.597	1.023	-0.764	-1.503	-2.255	3.031	-6.783	0.000000	0.000000
1687925639829	1687925639818	-8.128	-0.807	-1.621	1.118	-0.632	-1.388	-2.212	3.385	-7.116	0.000000	0.000000
1687925639842	1687925639829	-7.834	-0.476	-1.580	1.148	-0.500	-1.272	-2.239	3.852	-7.372	0.000000	0.000000
1687925639850	1687925639843	-7.671	-0.096	-1.437	1.092	-0.360	-1.142	-2.164	4.345	-7.453	0.000000	0.000000
1687925639859	1687925639850	-7.288	0.194	-1.243	0.969	-0.208	-1.004	-1.913	4.676	-7.458	0.000000	0.000000
1687925639867	1687925639865	-6.981	0.316	-0.922	0.805	-0.039	-0.858	-1.822	5.054	-7.386	0.000000	0.000000
1687925639883	1687925639867	-6.981	0.316	-0.922	0.622	0.143	-0.702	-1.489	5.344	-7.242	0.000000	0.000000
1687925639885	1687925639883	-6.867	0.716	-0.697	0.437	0.338	-0.539	-1.233	5.466	-6.970	0.000000	0.000000
1687925639897	1687925639886	-7.307	0.716	-0.453	0.437	0.338	-0.539	-1.262	5.471	-6.993	0.000000	0.000000
1687925639904	1687925639899	-8.416	0.752	-0.725	0.184	0.786	-0.172	-1.154	5.873	-6.771	0.000000	0.000000
1687925639915	1687925639906	-9.199	1.135	-0.757	0.184	0.786	-0.172	-1.602	5.878	-6.529	0.000000	0.000000
1687925639924	1687925639915	-9.134	1.379	-0.472	0.072	1.012	0.040	-2.660	5.911	-6.756	0.000000	0.000000
1687925639934	1687925639925	-9.191	1.202	-0.101	-0.088	1.168	0.294	-3.412	6.294	-6.759	0.000000	0.000000
1687925639946	1687925639935	-9.764	1.037	0.057	-0.254	1.338	0.582	-3.285	6.531	-6.419	0.000000	0.000000
1687925639956	1687925639946	-10.094	0.857	0.417	-0.430	1.547	0.850	-3.259	6.342	-5.974	0.000000	0.000000
1687925639964	1687925639956	-10.070	0.546	0.941	-0.579	1.731	1.122	-3.723	6.158	-5.722	0.000000	0.000000
1687925639975	1687925639965	-10.326	0.192	1.319	-0.663	1.877	1.393	-3.922	5.950	-5.246	0.000000	0.000000
1687925639986	1687925639975	-10.805	0.124	1.508	-0.689	2.013	1.633	-3.728	5.598	-4.571	0.000000	0.000000
1687925639996	1687925639986	-11.425	-0.084	1.523	-0.678	2.143	1.826	-3.828	5.195	-4.053	0.000000	0.000000
1687925640004	1687925639996	-11.971	-0.283	1.551	-0.654	2.298	2.126	-4.120	5.057	-3.697	0.000000	0.000000
1687925640016	1687925640004	-12.510	-0.572	1.410	-0.654	2.298	2.126	-4.542	4.760	-3.505	0.000000	0.000000
1687925640025	1687925640016	-13.283	-0.675	1.324	-0.638	2.304	2.237	-4.853	4.432	-3.263	0.000000	0.000000
1687925640036	1687925640025	-13.941	-0.939	1.346	-0.638	2.258	2.304	-5.205	4.032	-3.230	0.000000	0.000000
1687925640047	1687925640036	-14.353	-1.094	1.583	-0.672	2.184	2.341	-5.751	3.778	-3.096	0.000000	0.000000
1687925640063	1687925640047	-14.483	-1.350	1.659	-0.754	2.084	2.355	-6.230	3.381	-2.895	0.000000	0.000000
1687925640065	1687925640063	-14.322	-1.530	1.829	-0.877	1.994	2.359	-6.452	3.069	-2.456	0.000000	0.000000
1687925640076	1687925640065	-13.980	-1.776	1.875	-1.012	1.927	2.353	-6.404	2.655	-2.184	0.000000	0.000000
1687925640087	1687925640077	-13.637	-1.939	1.836	-1.142	1.890	2.334	-6.076	2.315	-1.817	0.000000	0.000000
1687925640097	1687925640087	-13.063	-2.088	1.678	-1.245	1.880	2.297	-5.576	1.911	-1.573	0.000000	0.000000
1687925640106	1687925640098	-12.692	-2.119	1.549	-1.324	1.884	2.178	-5.073	1.571	-1.389	0.000000	0.000000
1687925640116	1687925640106	-12.289	-2.172	1.405	-1.324	1.884	2.178	-4.374	1.279	-1.362	0.000000	0.000000
1687925640127	1687925640116	-11.988	-2.346	1.338	-1.324	1.889	2.107	-3.862	1.080	-1.262	0.000000	0.000000
1687925640137	1687925640127	-11.818	-2.327	1.168	-1.307	1.892	2.057	-3.352	0.886	-1.219	0.000000	0.000000
1687925640147	1687925640137	-11.669	-2.490	1.144	-1.290	1.895	2.028	-2.940	0.555	-1.075	0.000000	0.000000
1687925640157	1687925640147	-11.547	-2.363	1.204	-1.249	1.894	2.009	-2.670	0.417	-1.037	0.000000	0.000000
1687925640167	1687925640158	-11.641	-2.454	1.334	-1.186	1.894	2.002	-2.418	0.079	-0.831	0.000000	0.000000
1687925640178	1687925640167	-11.638	-2.638	1.417	-1.137	1.899	2.017	-2.217	0.057	-0.584	0.000000	0.000000
1687925640188	1687925640179	-11.626	-2.947	1.492	-1.090	1.900	2.043	-2.231	-0.199	-0.249	0.000000	0.000000
1687925640200	1687925640188	-11.399	-2.636	1.549	-0.998	1.885	2.043	-2.157	-0.555	0.036	0.000000	0.000000
1687925640208	1687925640201	-11.234	-2.421	1.607	-0.877	1.852	2.050	-2.081	-1.046	0.311	0.000000	0.000000
1687925640219	1687925640208	-11.195	-2.507	1.791	-0.778	1.808	2.066	-1.796	-0.919	0.567	0.000000	0.000000
1687925640229	1687925640220	-10.877	-2.600	1.832	-0.759	1.796	2.089	-1.573	-0.931	0.857	0.000000	0.000000
1687925640240	1687925640230	-10.724	-2.492	1.863	-0.781	1.790	2.100	-1.501	-1.173	1.190	0.000000	0.000000
1687925640249	1687925640240	-10.693	-2.598	2.097	-0.825	1.769	2.096	-1.147	-1.465	1.415	0.000000	0.000000
1687925640262	1687925640249	-10.671	-2.684	2.294	-0.888	1.757	2.082	-0.967	-1.561	1.628	0.000000	0.000000
1687925640269	1687925640262	-10.712	-2.909	2.492	-0.957	1.743	2.059	-0.915	-1.889	2.061	0.000000	0.000000
1687925640295	1687925640270	-10.810	-3.182	2.741	-1.009	1.723	2.022	-0.881	-2.160	2.416	0.000000	0.000000
1687925640296	1687925640295	-10.795	-3.383	3.096	-1.035	1.697	1.983	-0.917	-2.629	2.825	0.000000	0.000000
1687925640301	1687925640299	-10.709	-3.608	3.352	-1.018	1.665	1.954	-1.018	-3.065	3.211	0.000000	0.000000
1687925640307	1687925640302	-10.714	-3.967	3.737	-0.954	1.622	1.923	-1.013	-3.486	3.747	0.000000	0.000000
1687925640318	1687925640308	-10.635	-4.240	4.118	-0.836	1.570	1.877	-0.941	-3.888	4.149	0.000000	0.000000
1687925640329	1687925640318	-10.408	-4.312	4.487	-0.663	1.495	1.811	-0.972	-4.482	4.719	0.000000	0.000000
1687925640338	1687925640329	-10.321	-4.396	4.903	-0.461	1.396	1.734	-0.917	-4.908	5.219	0.000000	0.000000
1687925640347	1687925640338	-10.163	-4.290	5.183	-0.264	1.275	1.646	-0.725	-5.200	5.756	0.000000	0.000000
1687925640358	1687925640348	-10.063	-4.350	5.399	-0.103	1.163	1.522	-0.673	-5.442	6.290	0.000000	0.000000
1687925640368	1687925640358	-10.010	-4.403	5.504	0.015	1.036	1.366	-0.551	-5.499	6.689	0.000000	0.000000
1687925640379	1687925640368	-10.013	-4.350	5.497	0.090	0.905	1.183	-0.488	-5.705	7.015	0.000000	0.000000
1687925640387	1687925640379	-10.034	-4.135	5.385	0.130	0.764	0.977	-0.472	-5.890	7.221	0.000000	0.000000
1687925640399	1687925640387	-9.974	-4.075	5.260	0.120	0.607	0.751	-0.508	-5.947	7.300	0.000000	0.000000
1687925640409	1687925640399	-9.869	-3.974	5.011	0.068	0.448	0.516	-0.563	-5.832	7.271	0.000000	0.000000
1687925640419	1687925640409	-9.692	-4.087	4.870	-0.018	0.279	0.276	-0.527	-5.832	7.199	0.000000	0.000000
1687925640429	1687925640419	-9.871	-4.302	4.685	-0.109	0.122	0.042	-0.441	-5.784	6.998	0.000000	0.000000
1687925640440	1687925640429	-10.877	-4.590	4.513	-0.170	-0.007	-0.186	-0.273	-5.921	6.881	0.000000	0.000000
1687925640449	1687925640440	-12.661	-4.889	5.212	-0.204	-0.108	-0.404	-0.455	-6.144	6.706	0.000000	0.000000
1687925640459	1687925640449	-13.891	-5.387	5.818	-0.173	-0.128	-0.588	-1.458	-6.416	6.529	0.000000	0.000000
1687925640469	1687925640459	-14.454	-5.789	5.684	-0.039	-0.153	-0.704	-3.232	-6.677	7.214	0.000000	0.000000
1687925640497	1687925640470	-15.397	-5.729	5.377	0.235	-0.279	-0.759	-4.451	-7.130	7.805	0.000000	0.000000
1687925640500	1687925640498	-15.775	-5.078	4.611	0.633	-0.417	-0.805	-4.999	-7.465	7.657	0.000000	0.000000
1687925640500	1687925640500	-14.823	-4.539	3.809	1.041	-0.596	-0.856	-5.926	-7.329	7.326	0.000000	0.000000
1687925640508	1687925640501	-13.709	-4.010	2.959	1.383	-0.888	-0.920	-6.282	-6.589	6.531	0.000000	0.000000
1687925640517	1687925640508	-13.173	-3.467	2.449	1.564	-1.288	-1.007	-5.306	-5.950	5.689	0.000000	0.000000
1687925640529	1687925640518	-13.175	-3.069	2.191	1.552	-1.664	-1.136	-4.156	-5.284	4.757	0.000000	0.000000
1687925640538	1687925640530	-13.185	-2.875	2.102	1.370	-1.969	-1.297	-3.594	-4.642	4.164	0.000000	0.000000
1687925640548	1687925640538	-13.175	-3.017	2.033	1.091	-2.210	-1.491	-3.555	-4.108	3.764	0.000000	0.000000
1687925640560	1687925640549	-13.396	-3.206	1.903	0.809	-2.375	-1.713	-3.522	-3.771	3.498	0.000000	0.000000
1687925640568	1687925640560	-13.757	-3.373	1.623	0.594	-2.473	-1.950	-3.472	-3.752	3.223	0.000000	0.000000
1687925640580	1687925640569	-14.054	-3.443	1.317	0.484	-2.518	-2.182	-3.656	-3.766	2.868	0.000000	0.000000
1687925640590	1687925640580	-14.135	-3.531	0.929	0.472	-2.530	-2.391	-3.986	-3.721	2.325	0.000000	0.000000
1687925640601	1687925640590	-14.107	-3.280	0.527	0.541	-2.539	-2.563	-4.264	-3.594	1.798	0.000000	0.000000
1687925640609	1687925640601	-14.025	-3.287	0.148	0.660	-2.558	-2.699	-4.336	-3.448	1.164	0.000000	0.000000
1687925640621	1687925640610	-13.748	-3.081	-0.251	0.777	-2.585	-2.814	-4.310	-2.942	0.510	0.000000	0.000000
1687925640629	1687925640621	-13.393	-2.873	-0.510	0.887	-2.635	-2.905	-4.247	-2.662	-0.146	0.000000	0.000000
1687925640641	1687925640630	-13.226	-2.607	-0.699	0.977	-2.700	-2.975	-3.998	-2.210	-0.778	0.000000	0.000000
1687925640650	1687925640641	-13.087	-2.358	-0.795	1.051	-2.756	-3.035	-3.694	-1.697	-1.329	0.000000	0.000000
1687925640663	1687925640650	-12.929	-2.277	-0.950	1.079	-2.797	-3.081	-3.584	-1.183	-1.765	0.000000	0.000000
1687925640672	1687925640663	-12.766	-2.241	-1.018	1.089	-2.823	-3.106	-3.527	-0.654	-2.140	0.000000	0.000000
1687925640701	1687925640672	-12.462	-2.179	-1.188	1.078	-2.839	-3.111	-3.467	-0.294	-2.583	0.000000	0.000000
1687925640701	1687925640701	-12.244	-2.057	-1.362	1.058	-2.847	-3.091	-3.421	0.012	-2.938	0.000000	0.000000
1687925640702	1687925640702	-12.170	-1.951	-1.463	1.030	-2.845	-3.056	-3.249	0.340	-3.397	0.000000	0.000000
1687925640709	1687925640702	-12.096	-2.052	-1.494	0.998	-2.816	-3.010	-3.196	0.745	-3.888	0.000000	0.000000
1687925640723	1687925640713	-11.978	-2.085	-1.532	0.944	-2.779	-2.938	-3.270	1.073	-4.247	0.000000	0.000000
1687925640728	1687925640723	-11.861	-2.061	-1.511	0.876	-2.739	-2.849	-3.390	1.231	-4.585	0.000000	0.000000
1687925640739	1687925640731	-11.566	-2.018	-1.597	0.783	-2.679	-2.740	-3.443	1.398	-4.867	0.000000	0.000000
1687925640749	1687925640740	-11.320	-1.968	-1.599	0.655	-2.608	-2.611	-3.543	1.652	-5.136	0.000000	0.000000
1687925640759	1687925640750	-10.942	-1.978	-1.571	0.508	-2.528	-2.481	-3.433	1.872	-5.447	0.000000	0.000000
1687925640769	1687925640759	-10.623	-2.066	-1.650	0.360	-2.434	-2.362	-3.438	2.143	-5.732	0.000000	0.000000
1687925640779	1687925640769	-10.252	-2.052	-1.719	0.221	-2.329	-2.249	-3.249	2.286	-5.899	0.000000	0.000000
1687925640790	1687925640779	-9.831	-2.083	-1.635	0.092	-2.217	-2.140	-3.141	2.363	-6.177	0.000000	0.000000
1687925640801	1687925640790	-9.428	-2.184	-1.472	-0.022	-2.094	-2.035	-2.978	2.533	-6.428	0.000000	0.000000
1687925640810	1687925640801	-9.019	-2.330	-1.346	-0.106	-1.955	-1.935	-2.763	2.650	-6.510	0.000000	0.000000
1687925640820	1687925640810	-8.703	-2.492	-1.288	-0.142	-1.802	-1.842	-2.562	2.693	-6.491	0.000000	0.000000
1687925640830	1687925640820	-8.392	-2.526	-1.104	-0.128	-1.646	-1.746	-2.387	2.710	-6.517	0.000000	0.000000
1687925640840	1687925640830	-8.097	-2.485	-1.073	-0.068	-1.477	-1.649	-2.222	2.650	-6.548	0.000000	0.000000
1687925640849	1687925640840	-7.858	-2.440	-1.101	0.037	-1.306	-1.556	-2.088	2.734	-6.462	0.000000	0.000000
1687925640860	1687925640849	-7.774	-2.243	-1.013	0.155	-1.137	-1.464	-1.961	2.883	-6.519	0.000000	0.000000
1687925640870	1687925640860	-7.690	-2.047	-0.984	0.269	-0.970	-1.377	-1.877	3.019	-6.630	0.000000	0.000000
1687925640894	1687925640870	-7.489	-1.894	-0.946	0.362	-0.810	-1.296	-1.937	3.294	-6.615	0.000000	0.000000
1687925640895	1687925640894	-7.300	-1.851	-0.982	0.421	-0.655	-1.214	-1.999	3.560	-6.665	0.000000	0.000000
1687925640899	1687925640895	-7.271	-1.784	-1.013	0.467	-0.501	-1.131	-1.903	3.761	-6.687	0.000000	0.000000
1687925640908	1687925640900	-7.317	-1.642	-0.991	0.517	-0.348	-1.049	-1.822	3.847	-6.783	0.000000	0.000000
1687925640924	1687925640909	-7.238	-1.288	-0.898	0.580	-0.186	-0.968	-1.884	3.948	-6.864	0.000000	0.000000
1687925640938	1687925640924	-7.369	-0.864	-0.919	0.637	-0.023	-0.872	-2.018	4.118	-6.895	0.000000	0.000000
1687925640938	1687925640938	-8.059	-0.488	-1.255	0.659	0.144	-0.754	-1.999	4.487	-6.843	0.000000	0.000000
1687925640947	1687925640939	-8.689	0.050	-1.446	0.640	0.330	-0.616	-2.188	4.920	-6.905	0.000000	0.000000
1687925640958	1687925640949	-8.262	0.606	-1.547	0.562	0.540	-0.457	-2.909	5.294	-7.269	0.000000	0.000000
1687925640967	1687925640958	-7.472	0.931	-1.324	0.385	0.723	-0.264	-3.555	5.827	-7.479	0.000000	0.000000
1687925640978	1687925640967	-6.948	0.974	-0.553	0.145	0.903	-0.034	-3.122	6.371	-7.585	0.000000	0.000000
1687925640988	1687925640978	-7.266	0.108	0.484	-0.115	1.146	0.198	-2.303	6.687	-7.348	0.000000	0.000000
1687925640999	1687925640988	-8.447	-0.824	1.532	-0.323	1.445	0.454	-1.726	6.725	-6.539	0.000000	0.000000
1687925641007	1687925641000	-9.938	-1.307	2.212	-0.397	1.817	0.735	-1.958	5.854	-5.428	0.000000	0.000000
1687925641018	1687925641007	-10.922	-0.871	2.346	-0.332	2.202	1.054	-3.038	4.918	-4.290	0.000000	0.000000
1687925641027	1687925641020	-11.739	-0.184	1.932	-0.130	2.509	1.417	-4.369	4.413	-3.476	0.000000	0.000000
1687925641038	1687925641028	-12.232	-0.014	1.609	0.117	2.688	1.720	-5.188	4.812	-3.213	0.000000	0.000000
1687925641048	1687925641038	-12.704	-0.050	1.551	0.331	2.746	1.905	-5.787	5.425	-3.474	0.000000	0.000000
1687925641059	1687925641048	-13.070	-0.136	1.853	0.465	2.658	2.000	-6.041	5.483	-3.639	0.000000	0.000000
1687925641067	1687925641059	-13.460	-0.045	2.358	0.483	2.437	2.064	-6.244	5.296	-3.527	0.000000	0.000000
1687925641077	1687925641067	-13.642	-0.005	2.899	0.360	2.170	2.151	-6.395	5.071	-3.089	0.000000	0.000000
1687925641087	1687925641077	-13.599	0.132	3.089	0.095	1.921	2.261	-6.560	4.999	-2.442	0.000000	0.000000
1687925641099	1687925641087	-13.654	0.273	2.938	-0.282	1.715	2.379	-6.534	4.872	-1.767	0.000000	0.000000
1687925641107	1687925641100	-13.867	0.500	2.705	-0.738	1.574	2.453	-6.294	4.841	-1.444	0.000000	0.000000
1687925641120	1687925641108	-14.102	0.271	2.296	-1.250	1.489	2.465	-6.163	4.817	-1.456	0.000000	0.000000
1687925641128	1687925641120	-14.121	-0.543	2.167	-1.807	1.445	2.434	-6.146	4.843	-1.489	0.000000	0.000000
1687925641138	1687925641129	-13.908	-0.725	2.085	-2.326	1.432	2.398	-6.263	4.515	-1.781	0.000000	0.000000
1687925641149	1687925641139	-13.941	-1.168	2.047	-2.748	1.433	2.381	-6.108	3.567	-1.700	0.000000	0.000000
1687925641160	1687925641149	-13.592	-1.487	2.064	-3.041	1.436	2.388	-5.744	3.280	-1.571	0.000000	0.000000
1687925641169	1687925641160	-13.053	-1.982	2.109	-3.187	1.464	2.429	-5.631	2.739	-1.384	0.000000	0.000000
1687925641179	1687925641169	-12.651	-2.435	2.095	-3.208	1.489	2.492	-5.143	2.320	-1.128	0.000000	0.000000
1687925641191	1687925641180	-12.268	-2.682	1.954	-3.102	1.503	2.580	-4.453	1.702	-0.814	0.000000	0.000000
1687925641202	1687925641191	-12.069	-2.753	1.726	-2.876	1.506	2.690	-3.931	1.137	-0.608	0.000000	0.000000
1687925641211	1687925641202	-11.849	-2.816	1.530	-2.580	1.510	2.808	-3.419	0.745	-0.508	0.000000	0.000000
1687925641223	1687925641211	-11.787	-2.763	1.231	-2.208	1.498	2.904	-3.096	0.500	-0.505	0.000000	0.000000
1687925641231	1687925641224	-11.892	-2.763	1.216	-1.814	1.450	2.985	-2.744	0.218	-0.462	0.000000	0.000000
1687925641240	1687925641231	-11.921	-2.490	1.168	-1.433	1.381	3.034	-2.579	0.069	-0.579	0.000000	0.000000
1687925641250	1687925641241	-12.043	-2.449	1.211	-1.102	1.313	3.041	-2.567	-0.199	-0.393	0.000000	0.000000
1687925641266	1687925641250	-12.002	-2.380	1.180	-0.926	1.244	3.064	-2.512	-0.160	-0.292	0.000000	0.000000
1687925641270	1687925641266	-11.995	-2.210	1.197	-0.872	1.188	3.100	-2.547	-0.393	-0.101	0.000000	0.000000
1687925641295	1687925641271	-11.969	-2.291	1.164	-0.888	1.151	3.114	-2.433	-0.603	0.002	0.000000	0.000000
1687925641295	1687925641295	-11.906	-2.612	1.197	-0.981	1.150	3.125	-2.363	-0.721	0.146	0.000000	0.000000
1687925641302	1687925641296	-12.000	-3.086	1.221	-1.101	1.156	3.117	-2.282	-1.094	0.237	0.000000	0.000000
1687925641310	1687925641303	-12.091	-3.306	1.348	-1.212	1.173	3.093	-2.174	-1.741	0.405	0.000000	0.000000
1687925641320	1687925641310	-12.096	-3.596	1.508	-1.286	1.192	3.053	-2.239	-2.480	0.536	0.000000	0.000000
1687925641331	1687925641320	-11.988	-3.749	1.575	-1.321	1.216	3.005	-2.306	-3.026	0.795	0.000000	0.000000
1687925641341	1687925641331	-12.091	-4.013	1.614	-1.319	1.240	2.948	-2.303	-3.579	1.063	0.000000	0.000000
1687925641350	1687925641342	-11.775	-4.252	1.736	-1.283	1.264	2.867	-2.193	-4.022	1.247	0.000000	0.000000
1687925641360	1687925641351	-11.310	-4.575	1.980	-1.196	1.273	2.751	-2.306	-4.571	1.401	0.000000	0.000000
1687925641370	1687925641361	-10.953	-4.745	2.327	-1.078	1.241	2.622	-2.009	-5.116	1.650	0.000000	0.000000
1687925641381	1687925641371	-10.434	-4.870	2.693	-0.947	1.196	2.478	-1.568	-5.681	1.994	0.000000	0.000000
1687925641389	1687925641381	-10.106	-4.930	2.945	-0.803	1.150	2.308	-1.245	-6.105	2.449	0.000000	0.000000
1687925641403	1687925641391	-9.838	-4.973	3.268	-0.670	1.090	2.126	-0.764	-6.472	2.919	0.000000	0.000000
1687925641413	1687925641403	-9.613	-4.968	3.479	-0.556	1.027	1.933	-0.479	-6.756	3.268	0.000000	0.000000
1687925641423	1687925641414	-9.416	-5.054	3.701	-0.462	0.964	1.719	-0.256	-7.008	3.682	0.000000	0.000000
1687925641433	1687925641424	-9.431	-5.126	3.862	-0.401	0.881	1.505	-0.086	-7.228	3.996	0.000000	0.000000
1687925641442	1687925641433	-9.457	-5.186	3.869	-0.359	0.816	1.282	0.072	-7.446	4.283	0.000000	0.000000
1687925641452	1687925641443	-9.519	-5.095	4.013	-0.321	0.746	1.054	0.014	-7.664	4.518	0.000000	0.000000
1687925641469	1687925641452	-9.531	-5.124	3.989	-0.283	0.666	0.827	-0.048	-7.846	4.592	0.000000	0.000000
1687925641470	1687925641470	-9.632	-5.176	3.836	-0.248	0.573	0.600	-0.144	-7.858	4.798	0.000000	0.000000
1687925641502	1687925641470	-10.688	-5.504	4.061	-0.213	0.473	0.374	-0.184	-7.966	4.829	0.000000	0.000000
1687925641503	1687925641503	-11.902	-5.725	4.501	-0.161	0.397	0.155	-0.309	-8.083	4.726	0.000000	0.000000
1687925641504	1687925641503	-12.028	-5.705	4.597	-0.068	0.371	-0.037	-1.379	-8.442	4.985	0.000000	0.000000
1687925641511	1687925641504	-11.966	-5.739	4.312	0.057	0.279	-0.193	-2.602	-8.679	5.459	0.000000	0.000000
1687925641524	1687925641511	-12.732	-5.660	4.238	0.222	0.117	-0.320	-2.732	-8.657	5.586	0.000000	0.000000
1687925641531	1687925641524	-13.779	-5.476	4.168	0.408	0.013	-0.462	-2.667	-8.672	5.332	0.000000	0.000000
1687925641540	1687925641531	-13.645	-5.181	4.058	0.563	-0.065	-0.635	-3.426	-8.562	5.274	0.000000	0.000000
1687925641550	1687925641541	-12.268	-4.621	3.685	0.693	-0.215	-0.815	-4.458	-8.327	5.217	0.000000	0.000000
1687925641561	1687925641550	-11.042	-4.173	3.280	0.793	-0.461	-0.996	-4.307	-7.973	5.116	0.000000	0.000000
1687925641570	1687925641561	-10.561	-3.936	3.194	0.841	-0.698	-1.223	-2.904	-7.329	4.743	0.000000	0.000000
1687925641582	1687925641571	-10.645	-3.871	3.251	0.827	-0.860	-1.486	-1.647	-6.780	4.314	0.000000	0.000000
1687925641590	1687925641582	-10.719	-3.912	3.215	0.782	-0.963	-1.764	-1.125	-6.407	4.180	0.000000	0.000000
1687925641604	1687925641591	-10.824	-3.876	3.127	0.766	-1.057	-2.017	-1.168	-6.208	4.183	0.000000	0.000000
1687925641610	1687925641605	-11.281	-3.785	2.880	0.823	-1.167	-2.244	-1.185	-6.038	4.058	0.000000	0.000000
1687925641622	1687925641610	-11.906	-3.642	2.538	0.948	-1.264	-2.458	-1.250	-5.844	3.900	0.000000	0.000000
1687925641632	1687925641622	-12.622	-3.493	2.157	1.104	-1.349	-2.643	-1.650	-5.488	3.539	0.000000	0.000000
1687925641644	1687925641633	-13.381	-3.311	1.918	1.266	-1.459	-2.784	-2.236	-5.150	3.110	0.000000	0.000000
1687925641652	1687925641645	-14.514	-2.988	1.355	1.415	-1.582	-2.914	-2.904	-4.712	2.602	0.000000	0.000000
1687925641670	1687925641652	-15.050	-2.626	1.310	1.503	-1.729	-3.037	-3.630	-4.254	2.234	0.000000	0.000000
1687925641670	1687925641670	-15.174	-2.483	0.898	1.528	-1.875	-3.162	-4.733	-3.615	1.513	0.000000	0.000000
1687925641697	1687925641673	-15.136	-2.174	0.510	1.482	-2.050	-3.289	-5.253	-2.983	1.322	0.000000	0.000000
1687925641698	1687925641698	-15.292	-1.908	0.069	1.337	-2.235	-3.407	-5.373	-2.531	0.728	0.000000	0.000000
1687925641703	1687925641699	-15.098	-1.812	-0.177	1.129	-2.386	-3.531	-5.344	-1.903	0.139	0.000000	0.000000
1687925641710	1687925641705	-14.971	-1.954	-0.467	0.853	-2.511	-3.657	-5.526	-1.312	-0.524	0.000000	0.000000
1687925641723	1687925641713	-14.653	-2.023	-0.773	0.544	-2.595	-3.764	-5.375	-0.879	-1.013	0.000000	0.000000
1687925641732	1687925641724	-14.365	-2.126	-0.950	0.260	-2.645	-3.855	-5.329	-0.606	-1.607	0.000000	0.000000
1687925641742	1687925641732	-13.994	-2.286	-1.180	0.043	-2.651	-3.928	-5.080	-0.390	-2.119	0.000000	0.000000
1687925641750	1687925641743	-13.774	-2.476	-1.350	-0.083	-2.612	-3.988	-4.901	-0.132	-2.552	0.000000	0.000000
1687925641763	1687925641751	-13.745	-2.823	-1.429	-0.123	-2.530	-4.004	-4.662	0.074	-3.031	0.000000	0.000000
1687925641772	1687925641764	-13.769	-2.998	-1.482	-0.059	-2.420	-3.985	-4.594	0.256	-3.443	0.000000	0.000000
1687925641781	1687925641772	-13.554	-2.919	-1.602	0.116	-2.301	-3.941	-4.738	0.275	-3.747	0.000000	0.000000
1687925641791	1687925641782	-13.592	-2.813	-1.539	0.373	-2.187	-3.859	-4.973	0.493	-4.034	0.000000	0.000000
1687925641802	1687925641792	-13.877	-2.358	-1.518	0.648	-2.085	-3.742	-4.942	0.879	-4.338	0.000000	0.000000
1687925641811	1687925641804	-13.740	-2.215	-1.499	0.869	-1.991	-3.610	-5.193	1.302	-4.477	0.000000	0.000000
1687925641823	1687925641811	-13.278	-1.961	-1.451	0.992	-1.905	-3.466	-5.703	2.047	-4.657	0.000000	0.000000
1687925641833	1687925641823	-12.802	-1.815	-1.511	1.037	-1.828	-3.302	-5.818	2.480	-4.858	0.000000	0.000000
1687925641842	1687925641833	-12.007	-1.702	-1.480	1.013	-1.756	-3.137	-5.564	2.947	-4.987	0.000000	0.000000
1687925641853	1687925641843	-11.360	-1.690	-1.362	0.959	-1.670	-2.986	-5.344	3.328	-5.255	0.000000	0.000000
1687925641865	1687925641853	-10.501	-1.678	-1.379	0.881	-1.582	-2.843	-4.755	3.613	-5.389	0.000000	0.000000
1687925641871	1687925641866	-9.795	-1.614	-1.353	0.811	-1.491	-2.706	-4.338	3.800	-5.442	0.000000	0.000000
1687925641892	1687925641871	-9.309	-1.599	-1.336	0.759	-1.388	-2.578	-3.701	3.972	-5.617	0.000000	0.000000
1687925641893	1687925641893	-9.031	-1.642	-1.279	0.726	-1.273	-2.461	-3.215	4.183	-5.737	0.000000	0.000000
1687925641903	1687925641894	-8.851	-1.702	-1.197	0.701	-1.153	-2.347	-2.940	4.329	-5.856	0.000000	0.000000
1687925641911	1687925641904	-8.528	-1.657	-1.109	0.705	-1.023	-2.230	-2.890	4.420	-5.933	0.000000	0.000000
1687925641920	1687925641912	-8.404	-1.551	-1.046	0.738	-0.888	-2.099	-2.887	4.458	-5.952	0.000000	0.000000
1687925641933	1687925641921	-8.291	-1.520	-0.948	0.794	-0.751	-1.960	-2.772	4.609	-5.978	0.000000	0.000000
1687925641942	1687925641933	-8.145	-1.460	-0.788	0.861	-0.602	-1.815	-2.806	4.788	-6.005	0.000000	0.000000
1687925641951	1687925641942	-7.853	-1.238	-0.702	0.936	-0.451	-1.663	-2.856	4.889	-5.997	0.000000	0.000000
1687925641961	1687925641951	-7.671	-1.068	-0.615	1.018	-0.309	-1.498	-2.856	5.001	-5.926	0.000000	0.000000
1687925641971	1687925641961	-7.458	-0.790	-0.388	1.111	-0.162	-1.321	-2.708	5.267	-5.930	0.000000	0.000000
1687925641982	1687925641972	-7.314	-0.388	-0.259	1.203	-0.010	-1.131	-2.629	5.456	-5.918	0.000000	0.000000
1687925641992	1687925641982	-7.616	-0.067	-0.278	1.275	0.134	-0.938	-2.476	5.732	-5.751	0.000000	0.000000
1687925642004	1687925641992	-8.320	0.168	-0.335	1.326	0.277	-0.742	-2.392	6.122	-5.693	0.000000	0.000000
1687925642012	1687925642005	-8.519	0.558	-0.285	1.334	0.431	-0.535	-2.749	6.419	-5.789	0.000000	0.000000
1687925642022	1687925642012	-8.346	0.773	-0.383	1.272	0.571	-0.308	-3.484	6.615	-5.918	0.000000	0.000000
1687925642031	1687925642023	-8.502	1.130	-0.323	1.100	0.654	-0.059	-3.694	6.946	-5.945	0.000000	0.000000
1687925642042	1687925642031	-8.552	1.188	-0.077	0.841	0.764	0.208	-3.512	7.116	-6.086	0.000000	0.000000
1687925642066	1687925642042	-8.418	0.924	0.364	0.517	0.905	0.469	-3.632	7.408	-6.069	0.000000	0.000000
1687925642066	1687925642066	-8.339	0.498	0.857	0.167	1.041	0.735	-3.630	7.412	-5.835	0.000000	0.000000
1687925642071	1687925642070	-8.418	0.074	1.247	-0.149	1.191	1.010	-3.407	7.089	-5.380	0.000000	0.000000
1687925642082	1687925642071	-8.519	-0.060	1.597	-0.382	1.354	1.280	-3.232	6.622	-4.848	0.000000	0.000000
1687925642101	1687925642082	-8.533	-0.122	1.923	-0.520	1.500	1.533	-3.158	6.146	-4.374	0.000000	0.000000
1687925642101	1687925642101	-8.459	-0.048	2.073	-0.578	1.616	1.751	-3.136	5.974	-3.948	0.000000	0.000000
1687925642110	1687925642101	-8.693	-0.069	2.076	-0.579	1.680	1.917	-2.959	5.849	-3.498	0.000000	0.000000
1687925642120	1687925642113	-9.254	-0.287	1.894	-0.561	1.692	2.034	-2.713	5.863	-3.232	0.000000	0.000000
1687925642129	1687925642121	-10.020	-0.500	1.729	-0.555	1.662	2.117	-2.708	5.744	-3.072	0.000000	0.000000
1687925642139	1687925642129	-10.652	-0.491	1.470	-0.595	1.594	2.205	-3.084	5.440	-3.132	0.000000	0.000000
1687925642150	1687925642139	-11.559	-0.484	1.511	-0.716	1.483	2.319	-3.627	5.109	-3.148	0.000000	0.000000
1687925642161	1687925642150	-12.534	-0.555	1.597	-0.924	1.359	2.456	-4.080	5.016	-3.282	0.000000	0.000000
1687925642170	1687925642161	-13.465	-0.771	1.662	-1.202	1.264	2.605	-4.793	4.903	-3.105	0.000000	0.000000
1687925642182	1687925642170	-14.164	-1.147	1.879	-1.511	1.206	2.742	-5.574	4.705	-2.875	0.000000	0.000000
1687925642191	1687925642183	-14.418	-1.544	2.078	-1.800	1.190	2.863	-6.316	4.357	-2.660	0.000000	0.000000
1687925642201	1687925642192	-14.399	-1.901	2.191	-2.026	1.223	2.969	-6.826	3.847	-2.277	0.000000	0.000000
1687925642210	1687925642202	-14.171	-2.248	2.380	-2.160	1.297	3.059	-6.871	3.294	-1.884	0.000000	0.000000
1687925642223	1687925642211	-13.673	-2.344	2.265	-2.210	1.392	3.123	-6.682	2.806	-1.599	0.000000	0.000000
1687925642232	1687925642223	-13.673	-2.344	2.265	-2.200	1.483	3.170	-6.246	2.282	-1.190	0.000000	0.000000
1687925642242	1687925642232	-13.522	-2.284	1.791	-2.165	1.560	3.196	-5.578	2.030	-1.116	0.000000	0.000000
1687925642252	1687925642243	-13.321	-2.356	1.791	-2.143	1.597	3.194	-5.394	1.844	-0.900	0.000000	0.000000
1687925642265	1687925642252	-13.209	-2.356	1.561	-2.098	1.564	3.176	-5.066	1.700	-1.154	0.000000	0.000000
1687925642271	1687925642265	-13.123	-2.478	1.516	-2.098	1.564	3.176	-4.678	1.396	-0.915	0.000000	0.000000
1687925642287	1687925642271	-13.039	-2.897	1.587	-2.048	1.466	3.123	-4.424	1.195	-0.953	0.000000	0.000000
1687925642292	1687925642287	-12.910	-3.079	1.592	-2.020	1.324	3.069	-4.192	0.843	-0.788	0.000000	0.000000
1687925642303	1687925642292	-12.675	-2.964	1.604	-2.005	1.170	3.026	-3.974	0.187	-0.517	0.000000	0.000000
1687925642313	1687925642303	-12.610	-3.132	1.568	-1.994	0.882	2.960	-3.728	-0.232	-0.333	0.000000	0.000000
1687925642322	1687925642313	-12.340	-3.067	1.441	-1.994	0.882	2.960	-3.390	-0.359	-0.158	0.000000	0.000000
1687925642331	1687925642323	-12.014	-3.017	1.185	-1.976	0.765	2.885	-3.220	-0.819	-0.036	0.000000	0.000000
1687925642342	1687925642332	-11.866	-3.115	1.025	-1.966	0.655	2.809	-2.885	-0.953	-0.060	0.000000	0.000000
1687925642353	1687925642343	-11.808	-3.179	0.781	-2.000	0.567	2.748	-2.492	-1.147	-0.204	0.000000	0.000000
1687925642364	1687925642353	-11.777	-3.225	0.611	-2.061	0.524	2.674	-2.284	-1.487	-0.268	0.000000	0.000000
1687925642373	1687925642364	-11.760	-3.321	0.591	-2.134	0.487	2.593	-2.179	-1.791	-0.429	0.000000	0.000000
1687925642383	1687925642373	-11.629	-3.393	0.522	-2.220	0.462	2.512	-2.107	-2.071	-0.522	0.000000	0.000000
1687925642392	1687925642384	-11.545	-3.474	0.486	-2.305	0.453	2.426	-2.057	-2.416	-0.464	0.000000	0.000000
1687925642405	1687925642392	-11.370	-3.697	0.431	-2.379	0.453	2.338	-1.901	-2.689	-0.476	0.000000	0.000000
1687925642414	1687925642407	-11.289	-3.879	0.464	-2.426	0.491	2.170	-1.798	-2.983	-0.455	0.000000	0.000000
1687925642426	1687925642414	-11.044	-4.092	0.553	-2.426	0.491	2.170	-1.611	-3.412	-0.457	0.000000	0.000000
1687925642434	1687925642426	-10.738	-4.286	0.656	-2.385	0.505	2.087	-1.520	-3.824	-0.362	0.000000	0.000000
1687925642445	1687925642435	-10.321	-4.353	0.694	-2.299	0.512	2.006	-1.274	-4.190	-0.235	0.000000	0.000000
1687925642454	1687925642446	-10.044	-4.489	0.816	-2.175	0.508	1.924	-0.967	-4.609	-0.079	0.000000	0.000000
1687925642473	1687925642454	-9.713	-4.532	1.034	-2.020	0.496	1.837	-0.553	-4.820	-0.007	0.000000	0.000000
1687925642474	1687925642473	-9.436	-4.597	1.085	-1.848	0.473	1.746	-0.285	-5.145	0.153	0.000000	0.000000
1687925642492	1687925642474	-9.088	-4.492	1.238	-1.684	0.446	1.644	0.036	-5.339	0.402	0.000000	0.000000
1687925642493	1687925642493	-9.086	-4.475	1.319	-1.532	0.428	1.538	0.299	-5.578	0.486	0.000000	0.000000
1687925642503	1687925642493	-8.990	-4.513	1.420	-1.409	0.417	1.423	0.632	-5.607	0.661	0.000000	0.000000
1687925642513	1687925642503	-9.012	-4.384	1.547	-1.317	0.407	1.297	0.615	-5.760	0.771	0.000000	0.000000
1687925642525	1687925642513	-9.108	-4.405	1.590	-1.262	0.401	1.166	0.697	-5.916	0.891	0.000000	0.000000
1687925642533	1687925642525	-9.285	-4.441	1.654	-1.241	0.406	1.024	0.656	-5.916	1.039	0.000000	0.000000
1687925642544	1687925642533	-9.462	-4.480	1.681	-1.232	0.415	0.877	0.546	-6.033	1.099	0.000000	0.000000
1687925642552	1687925642544	-9.476	-4.515	1.774	-1.229	0.430	0.728	0.354	-6.160	1.183	0.000000	0.000000
1687925642563	1687925642553	-9.962	-4.614	1.654	-1.225	0.440	0.577	0.165	-6.273	1.226	0.000000	0.000000
1687925642573	1687925642563	-11.320	-4.609	1.867	-1.222	0.447	0.425	0.139	-6.371	1.341	0.000000	0.000000
1687925642583	1687925642573	-12.864	-4.899	2.064	-1.224	0.470	0.280	-0.352	-6.507	1.235	0.000000	0.000000
1687925642593	1687925642583	-13.882	-5.157	2.267	-1.224	0.512	0.150	-1.717	-6.539	1.468	0.000000	0.000000
1687925642605	1687925642593	-13.941	-5.361	2.500	-1.202	0.501	0.053	-3.263	-6.850	1.686	0.000000	0.000000
1687925642615	1687925642605	-13.108	-5.404	2.763	-1.146	0.441	-0.015	-4.283	-7.120	1.915	0.000000	0.000000
1687925642625	1687925642615	-11.868	-5.236	2.610	-1.031	0.371	-0.071	-4.343	-7.324	2.172	0.000000	0.000000
1687925642634	1687925642625	-10.491	-4.968	2.543	-0.876	0.291	-0.155	-3.508	-7.360	2.459	0.000000	0.000000
1687925642645	1687925642635	-9.084	-4.721	2.648	-0.716	0.224	-0.280	-2.265	-7.185	2.318	0.000000	0.000000
1687925642654	1687925642645	-7.743	-4.451	3.055	-0.583	0.166	-0.448	-0.883	-6.900	2.263	0.000000	0.000000
1687925642669	1687925642654	-7.099	-4.348	3.534	-0.465	0.153	-0.652	0.529	-6.625	2.375	0.000000	0.000000
1687925642672	1687925642669	-6.826	-4.324	3.864	-0.341	0.187	-0.881	1.879	-6.309	2.787	0.000000	0.000000
1687925642683	1687925642672	-6.958	-4.336	3.871	-0.172	0.235	-1.106	2.535	-6.141	3.273	0.000000	0.000000
1687925642709	1687925642684	-7.463	-4.199	3.824	0.048	0.313	-1.351	2.825	-6.024	3.618	0.000000	0.000000
1687925642709	1687925642709	-8.423	-4.104	3.773	0.319	0.371	-1.591	2.710	-5.940	3.642	0.000000	0.000000
1687925642712	1687925642709	-9.646	-4.039	3.649	0.628	0.393	-1.804	2.227	-5.672	3.625	0.000000	0.000000
1687925642725	1687925642715	-10.985	-3.936	3.658	0.955	0.348	-1.974	1.290	-5.423	3.615	0.000000	0.000000
1687925642733	1687925642726	-12.131	-3.608	3.610	1.272	0.217	-2.081	0.091	-5.164	3.541	0.000000	0.000000
1687925642744	1687925642733	-12.943	-3.203	3.424	1.559	0.060	-2.176	-1.228	-4.889	3.591	0.000000	0.000000
1687925642753	1687925642745	-13.144	-2.823	3.072	1.801	-0.138	-2.244	-2.356	-4.338	3.577	0.000000	0.000000
1687925642764	1687925642753	-13.230	-2.356	2.816	1.945	-0.395	-2.274	-3.156	-3.742	3.405	0.000000	0.000000
1687925642773	1687925642764	-13.151	-1.954	2.406	1.974	-0.661	-2.290	-3.347	-3.141	3.048	0.000000	0.000000
1687925642784	1687925642773	-12.938	-1.516	2.179	1.875	-0.889	-2.316	-3.428	-2.454	2.756	0.000000	0.000000
1687925642794	1687925642784	-12.605	-1.413	1.927	1.649	-1.093	-2.358	-3.349	-1.829	2.282	0.000000	0.000000
1687925642805	1687925642794	-12.385	-1.231	1.693	1.344	-1.279	-2.413	-3.144	-1.166	1.963	0.000000	0.000000
1687925642815	1687925642806	-12.177	-1.281	1.518	0.975	-1.412	-2.506	-2.825	-0.814	1.585	0.000000	0.000000
1687925642824	1687925642816	-11.959	-1.480	1.305	0.588	-1.494	-2.625	-2.626	-0.424	1.228	0.000000	0.000000
1687925642836	1687925642826	-11.894	-1.805	1.185	0.222	-1.537	-2.737	-2.452	-0.213	0.893	0.000000	0.000000
1687925642846	1687925642837	-12.005	-1.980	0.943	-0.078	-1.547	-2.843	-2.272	-0.184	0.543	0.000000	0.000000
1687925642855	1687925642846	-12.294	-2.052	0.785	-0.291	-1.548	-2.924	-2.258	-0.249	0.271	0.000000	0.000000
1687925642864	1687925642856	-12.261	-2.148	0.675	-0.411	-1.532	-2.969	-2.433	-0.148	-0.115	0.000000	0.000000
1687925642876	1687925642865	-12.057	-2.354	0.517	-0.432	-1.506	-2.994	-2.806	0.086	-0.431	0.000000	0.000000
1687925642884	1687925642877	-11.899	-2.497	0.450	-0.386	-1.494	-2.977	-2.849	0.249	-0.661	0.000000	0.000000
1687925642912	1687925642886	-11.650	-2.485	0.407	-0.286	-1.459	-2.932	-2.753	0.357	-0.962	0.000000	0.000000
1687925642913	1687925642912	-11.384	-2.430	0.230	-0.114	-1.415	-2.874	-2.691	0.467	-1.144	0.000000	0.000000
1687925642916	1687925642913	-11.037	-2.301	0.120	0.105	-1.374	-2.805	-2.571	0.778	-1.324	0.000000	0.000000
1687925642927	1687925642916	-10.836	-2.207	0.048	0.325	-1.328	-2.717	-2.416	1.070	-1.614	0.000000	0.000000
1687925642934	1687925642928	-10.444	-1.930	-0.031	0.527	-1.275	-2.622	-2.236	1.520	-1.887	0.000000	0.000000
1687925642943	1687925642934	-10.262	-1.748	-0.098	0.693	-1.222	-2.519	-2.128	1.776	-2.049	0.000000	0.000000
1687925642952	1687925642943	-10.096	-1.520	-0.158	0.803	-1.162	-2.407	-1.884	2.291	-2.274	0.000000	0.000000
1687925642963	1687925642953	-10.032	-1.381	-0.134	0.858	-1.095	-2.291	-1.824	2.650	-2.461	0.000000	0.000000
1687925642971	1687925642963	-9.823	-1.310	-0.031	0.861	-1.031	-2.169	-1.810	3.079	-2.667	0.000000	0.000000
1687925642982	1687925642971	-9.656	-1.257	0.031	0.821	-0.965	-2.040	-1.867	3.366	-2.761	0.000000	0.000000
1687925642993	1687925642983	-9.632	-1.257	0.050	0.761	-0.897	-1.908	-1.817	3.620	-2.808	0.000000	0.000000
1687925643004	1687925642993	-9.471	-1.247	0.170	0.691	-0.831	-1.770	-1.753	3.785	-2.840	0.000000	0.000000
1687925643013	1687925643004	-9.268	-1.209	0.151	0.617	-0.773	-1.622	-1.865	3.924	-2.940	0.000000	0.000000
1687925643023	1687925643014	-9.043	-1.178	0.225	0.551	-0.732	-1.465	-1.812	4.039	-2.911	0.000000	0.000000
1687925643032	1687925643023	-8.720	-1.094	0.261	0.512	-0.698	-1.297	-1.712	4.173	-3.017	0.000000	0.000000
1687925643043	1687925643032	-8.401	-0.986	0.237	0.491	-0.668	-1.128	-1.549	4.262	-2.998	0.000000	0.000000
1687925643052	1687925643044	-8.159	-0.893	0.232	0.474	-0.639	-0.949	-1.290	4.398	-3.021	0.000000	0.000000
1687925643062	1687925643052	-7.815	-0.694	0.201	0.446	-0.611	-0.766	-0.996	4.520	-3.077	0.000000	0.000000
1687925643072	1687925643062	-7.664	-0.551	0.168	0.401	-0.583	-0.582	-0.781	4.623	-3.120	0.000000	0.000000
1687925643083	1687925643073	-7.530	-0.345	-0.005	0.330	-0.558	-0.403	-0.462	4.831	-3.194	0.000000	0.000000
1687925643092	1687925643083	-8.045	-0.208	-0.201	0.224	-0.544	-0.232	-0.342	4.985	-3.278	0.000000	0.000000
1687925643104	1687925643092	-9.041	-0.244	-0.271	0.081	-0.524	-0.064	-0.242	5.203	-3.503	0.000000	0.000000
1687925643112	1687925643104	-9.057	-0.158	-0.278	-0.109	-0.486	0.116	-0.792	5.349	-3.757	0.000000	0.000000
1687925643122	1687925643112	-8.519	-0.146	-0.455	-0.359	-0.470	0.327	-1.808	5.313	-3.864	0.000000	0.000000
1687925643132	1687925643122	-8.954	-0.165	-0.443	-0.650	-0.503	0.566	-1.836	5.394	-3.905	0.000000	0.000000
1687925643144	1687925643133	-9.603	-0.443	-0.474	-0.910	-0.461	0.786	-1.298	5.397	-4.094	0.000000	0.000000
1687925643154	1687925643144	-9.500	-0.771	-0.271	-1.140	-0.341	0.975	-1.719	5.361	-4.082	0.000000	0.000000
1687925643164	1687925643155	-9.009	-1.063	-0.103	-1.359	-0.252	1.177	-2.342	5.059	-4.096	0.000000	0.000000
1687925643173	1687925643164	-8.902	-1.159	0.146	-1.537	-0.167	1.404	-2.188	4.693	-3.847	0.000000	0.000000
1687925643184	1687925643173	-8.957	-1.350	0.280	-1.652	-0.029	1.614	-1.647	4.367	-3.630	0.000000	0.000000
1687925643193	1687925643185	-8.969	-1.709	0.433	-1.706	0.138	1.801	-1.458	4.209	-3.302	0.000000	0.000000
1687925643206	1687925643194	-8.835	-1.817	0.601	-1.702	0.291	1.971	-1.417	3.943	-3.072	0.000000	0.000000
1687925643213	1687925643207	-8.681	-2.014	0.792	-1.640	0.413	2.116	-1.317	3.493	-2.811	0.000000	0.000000
1687925643225	1687925643213	-8.689	-1.994	0.977	-1.534	0.507	2.231	-1.061	3.275	-2.521	0.000000	0.000000
1687925643235	1687925643226	-8.818	-1.848	0.989	-1.409	0.571	2.314	-0.752	2.926	-2.184	0.000000	0.000000
1687925643246	1687925643235	-9.194	-1.786	1.056	-1.300	0.605	2.369	-0.651	2.828	-1.896	0.000000	0.000000
1687925643257	1687925643246	-9.776	-1.844	1.001	-1.233	0.623	2.398	-0.644	2.813	-1.762	0.000000	0.000000
1687925643268	1687925643258	-10.285	-1.939	0.936	-1.210	0.628	2.410	-0.886	2.703	-1.578	0.000000	0.000000
1687925643280	1687925643279	-10.853	-2.009	0.852	-1.239	0.615	2.419	-1.334	2.461	-1.513	0.000000	0.000000
1687925643284	1687925643280	-11.602	-2.025	0.862	-1.316	0.595	2.436	-1.709	2.164	-1.456	0.000000	0.000000
1687925643314	1687925643285	-12.282	-2.191	0.910	-1.433	0.591	2.462	-2.128	1.858	-1.396	0.000000	0.000000
1687925643315	1687925643315	-12.534	-2.425	1.111	-1.561	0.615	2.494	-2.784	1.674	-1.295	0.000000	0.000000
1687925643315	1687925643315	-12.447	-2.732	1.331	-1.665	0.655	2.530	-3.364	1.319	-1.144	0.000000	0.000000
1687925643325	1687925643315	-12.194	-2.976	1.528	-1.706	0.716	2.567	-3.517	0.893	-0.833	0.000000	0.000000
1687925643334	1687925643325	-11.777	-3.112	1.791	-1.668	0.801	2.596	-3.318	0.350	-0.479	0.000000	0.000000
1687925643345	1687925643334	-11.466	-3.158	2.112	-1.565	0.900	2.610	-2.993	-0.057	-0.189	0.000000	0.000000
1687925643354	1687925643345	-11.267	-3.129	2.274	-1.432	0.999	2.608	-2.473	-0.450	0.218	0.000000	0.000000
1687925643365	1687925643356	-11.162	-3.086	2.547	-1.308	1.089	2.604	-2.097	-0.670	0.637	0.000000	0.000000
1687925643374	1687925643365	-11.016	-3.048	2.514	-1.173	1.157	2.591	-1.815	-0.891	0.941	0.000000	0.000000
1687925643385	1687925643374	-11.183	-3.100	2.547	-1.056	1.191	2.574	-1.642	-1.077	1.346	0.000000	0.000000
1687925643395	1687925643386	-11.258	-3.187	2.567	-0.951	1.212	2.551	-1.434	-1.274	1.444	0.000000	0.000000
1687925643407	1687925643395	-11.396	-3.366	2.662	-0.838	1.208	2.517	-1.547	-1.563	1.611	0.000000	0.000000
1687925643417	1687925643407	-11.255	-3.443	2.835	-0.716	1.170	2.478	-1.568	-1.911	1.774	0.000000	0.000000
1687925643426	1687925643417	-11.126	-3.785	2.981	-0.566	1.109	2.441	-1.674	-2.306	1.982	0.000000	0.000000
1687925643438	1687925643427	-10.930	-3.857	3.223	-0.402	1.019	2.410	-1.499	-2.643	2.289	0.000000	0.000000
1687925643449	1687925643439	-10.714	-3.924	3.457	-0.244	0.925	2.388	-1.350	-3.196	2.535	0.000000	0.000000
1687925643457	1687925643449	-10.637	-3.903	3.546	-0.083	0.860	2.334	-1.137	-3.503	2.880	0.000000	0.000000
1687925643468	1687925643457	-10.475	-3.692	3.646	0.051	0.808	2.250	-0.915	-3.804	3.206	0.000000	0.000000
1687925643484	1687925643468	-10.558	-3.548	3.718	0.132	0.759	2.137	-0.836	-4.034	3.385	0.000000	0.000000
1687925643486	1687925643485	-10.527	-3.340	3.852	0.149	0.709	1.995	-0.678	-4.022	3.558	0.000000	0.000000
1687925643514	1687925643486	-10.403	-3.172	4.094	0.098	0.649	1.829	-0.769	-4.087	3.706	0.000000	0.000000
1687925643515	1687925643514	-10.221	-3.232	4.319	-0.020	0.562	1.646	-0.752	-4.075	3.910	0.000000	0.000000
1687925643518	1687925643515	-10.166	-3.259	4.369	-0.200	0.465	1.451	-0.642	-4.085	4.216	0.000000	0.000000
1687925643526	1687925643518	-10.005	-3.498	4.245	-0.425	0.367	1.246	-0.476	-4.305	4.496	0.000000	0.000000
1687925643535	1687925643526	-9.668	-3.740	4.087	-0.665	0.257	1.043	-0.443	-4.501	4.597	0.000000	0.000000
1687925643546	1687925643535	-9.328	-3.991	3.845	-0.869	0.136	0.855	-0.297	-4.839	4.496	0.000000	0.000000
1687925643555	1687925643547	-9.000	-4.171	3.594	-1.009	0.010	0.667	0.024	-5.183	4.355	0.000000	0.000000
1687925643567	1687925643555	-8.859	-4.266	3.455	-1.075	-0.116	0.479	0.350	-5.521	4.113	0.000000	0.000000
1687925643575	1687925643567	-8.780	-4.453	3.376	-1.078	-0.226	0.286	0.668	-5.768	3.847	0.000000	0.000000
1687925643585	1687925643575	-8.758	-4.396	3.445	-1.019	-0.320	0.090	0.802	-5.911	3.680	0.000000	0.000000
1687925643595	1687925643586	-8.763	-4.314	3.414	-0.924	-0.403	-0.100	0.876	-6.132	3.555	0.000000	0.000000
1687925643607	1687925643596	-8.763	-4.125	3.361	-0.823	-0.474	-0.282	0.898	-6.084	3.582	0.000000	0.000000
1687925643615	1687925643607	-8.945	-3.893	3.120	-0.738	-0.538	-0.448	0.895	-5.993	3.496	0.000000	0.000000
1687925643627	1687925643615	-9.134	-3.692	2.871	-0.679	-0.585	-0.599	0.900	-5.777	3.385	0.000000	0.000000
1687925643636	1687925643627	-9.278	-3.637	2.660	-0.639	-0.617	-0.738	0.725	-5.497	3.072	0.000000	0.000000
1687925643646	1687925643637	-9.471	-3.531	2.301	-0.622	-0.648	-0.869	0.546	-5.239	2.758	0.000000	0.000000
1687925643656	1687925643646	-9.718	-3.464	1.870	-0.618	-0.682	-0.998	0.414	-5.092	2.466	0.000000	0.000000
1687925643666	1687925643657	-10.793	-3.512	1.274	-0.627	-0.709	-1.124	0.232	-4.896	2.033	0.000000	0.000000
1687925643678	1687925643666	-12.809	-3.618	1.001	-0.649	-0.698	-1.241	0.000	-4.714	1.518	0.000000	0.000000
1687925643688	1687925643678	-14.961	-3.713	1.140	-0.683	-0.635	-1.344	-1.063	-4.633	0.836	0.000000	0.000000
1687925643709	1687925643688	-14.909	-3.663	1.870	-0.738	-0.593	-1.411	-3.069	-4.614	0.488	0.000000	0.000000
1687925643710	1687925643710	-12.850	-3.675	2.138	-0.793	-0.659	-1.438	-5.215	-4.575	0.560	0.000000	0.000000
1687925643715	1687925643710	-11.140	-3.553	2.078	-0.808	-0.793	-1.465	-5.152	-4.367	1.219	0.000000	0.000000
1687925643727	1687925643715	-10.283	-3.364	1.796	-0.793	-0.838	-1.506	-3.089	-4.247	1.425	0.000000	0.000000
1687925643735	1687925643727	-9.416	-3.211	1.506	-0.743	-0.728	-1.574	-1.377	-3.962	1.276	0.000000	0.000000
1687925643747	1687925643735	-8.617	-3.136	1.286	-0.646	-0.610	-1.654	-0.522	-3.634	0.917	0.000000	0.000000
