1684902872799	1684902872799	-9.371	-0.204	-0.235	-0.699	0.123	-0.557	-1.937	7.101	-1.745	0.000000	0.000000
1684902872800	1684902872799	-10.123	-0.244	-0.160	-0.662	0.173	-0.296	-2.107	7.053	-1.391	0.000000	0.000000
1684902872800	1684902872800	-10.216	-0.393	0.029	-0.644	0.224	0.026	-2.976	7.132	-1.427	0.000000	0.000000
1684902872809	1684902872800	-10.060	-0.388	0.139	-0.655	0.239	0.368	-3.737	7.108	-1.290	0.000000	0.000000
1684902872818	1684902872809	-10.144	-0.153	0.084	-0.702	0.204	0.696	-3.804	6.948	-1.032	0.000000	0.000000
1684902872829	1684902872818	-10.527	-0.091	0.345	-0.744	0.208	1.070	-3.587	6.907	-0.852	0.000000	0.000000
1684902872838	1684902872829	-10.666	-0.101	0.848	-0.757	0.285	1.508	-3.572	7.063	-0.828	0.000000	0.000000
1684902872849	1684902872838	-10.460	-0.385	1.041	-0.764	0.360	1.946	-3.838	7.027	-0.498	0.000000	0.000000
1684902872857	1684902872849	-10.432	-0.910	1.420	-0.789	0.397	2.358	-3.867	6.922	0.074	0.000000	0.000000
1684902872869	1684902872857	-10.479	-1.590	2.018	-0.821	0.456	2.755	-3.524	6.507	0.347	0.000000	0.000000
1684902872877	1684902872872	-10.484	-2.303	2.562	-0.820	0.555	3.131	-3.316	5.806	0.814	0.000000	0.000000
1684902872888	1684902872877	-10.436	-2.765	3.110	-0.749	0.666	3.470	-3.153	4.903	1.494	0.000000	0.000000
1684902872897	1684902872888	-10.582	-2.976	3.400	-0.617	0.793	3.752	-2.935	3.938	2.140	0.000000	0.000000
1684902872908	1684902872897	-10.884	-2.756	3.584	-0.436	0.922	3.974	-2.693	3.239	2.775	0.000000	0.000000
1684902872917	1684902872908	-11.387	-2.452	3.484	-0.244	1.009	4.128	-2.619	2.734	3.163	0.000000	0.000000
1684902872928	1684902872917	-12.033	-2.739	3.175	-0.078	1.032	4.200	-2.698	2.636	3.448	0.000000	0.000000
1684902872937	1684902872929	-12.514	-3.033	2.725	0.054	1.009	4.182	-2.983	2.598	3.443	0.000000	0.000000
1684902872948	1684902872937	-12.838	-3.299	2.172	0.119	0.938	4.054	-3.426	1.951	3.225	0.000000	0.000000
1684902872957	1684902872949	-12.972	-3.577	1.702	0.065	0.823	3.828	-3.701	1.257	2.868	0.000000	0.000000
1684902872968	1684902872957	-12.759	-3.807	1.489	-0.029	0.660	3.537	-3.876	0.668	2.387	0.000000	0.000000
1684902872977	1684902872969	-12.440	-3.670	1.472	-0.150	0.472	3.205	-3.852	0.010	1.997	0.000000	0.000000
1684902872989	1684902872977	-12.249	-3.488	1.765	-0.290	0.279	2.852	-3.531	-0.510	1.839	0.000000	0.000000
1684902872997	1684902872989	-12.067	-3.302	2.224	-0.423	0.111	2.497	-3.115	-0.673	1.870	0.000000	0.000000
1684902873007	1684902872997	-11.942	-2.878	2.581	-0.513	-0.009	2.159	-2.842	-0.759	2.198	0.000000	0.000000
1684902873017	1684902873008	-11.717	-2.466	3.019	-0.600	-0.120	1.837	-2.591	-0.833	2.679	0.000000	0.000000
1684902873028	1684902873017	-11.466	-2.071	3.381	-0.743	-0.221	1.531	-2.418	-0.596	3.048	0.000000	0.000000
1684902873037	1684902873028	-11.121	-1.932	3.462	-0.966	-0.304	1.242	-2.152	-0.362	3.488	0.000000	0.000000
1684902873050	1684902873038	-10.733	-2.143	3.148	-1.267	-0.381	0.990	-1.870	-0.117	3.843	0.000000	0.000000
1684902873057	1684902873050	-10.458	-2.121	2.969	-1.559	-0.463	0.800	-1.499	-0.103	3.915	0.000000	0.000000
1684902873068	1684902873058	-10.333	-1.834	2.679	-1.807	-0.546	0.676	-1.092	-0.414	3.587	0.000000	0.000000
1684902873077	1684902873068	-10.242	-1.683	2.294	-2.024	-0.646	0.574	-0.800	-0.493	3.383	0.000000	0.000000
1684902873088	1684902873078	-10.357	-1.470	2.186	-2.210	-0.755	0.497	-0.663	-0.263	3.074	0.000000	0.000000
1684902873097	1684902873088	-10.499	-1.554	2.037	-2.346	-0.853	0.459	-0.560	-0.177	2.658	0.000000	0.000000
1684902873110	1684902873098	-10.400	-1.568	1.803	-2.418	-0.944	0.452	-0.666	-0.019	2.509	0.000000	0.000000
1684902873117	1684902873110	-10.116	-1.652	1.460	-2.448	-1.053	0.462	-0.800	-0.153	2.310	0.000000	0.000000
1684902873130	1684902873118	-9.957	-1.798	1.046	-2.458	-1.199	0.483	-0.692	-0.218	2.018	0.000000	0.000000
1684902873139	1684902873130	-9.862	-1.951	0.733	-2.452	-1.345	0.520	-0.397	-0.357	1.599	0.000000	0.000000
1684902873150	1684902873139	-9.857	-2.035	0.601	-2.419	-1.471	0.572	-0.232	-0.548	1.109	0.000000	0.000000
1684902873159	1684902873151	-9.984	-2.251	0.591	-2.370	-1.561	0.630	-0.132	-0.752	0.694	0.000000	0.000000
1684902873169	1684902873160	-10.015	-2.490	0.570	-2.310	-1.629	0.691	-0.122	-0.888	0.448	0.000000	0.000000
1684902873180	1684902873169	-9.871	-2.684	0.424	-2.266	-1.692	0.740	-0.244	-1.166	0.299	0.000000	0.000000
1684902873189	1684902873181	-9.658	-2.816	0.491	-2.246	-1.762	0.773	-0.273	-1.458	0.156	0.000000	0.000000
1684902873198	1684902873190	-9.560	-2.986	0.515	-2.242	-1.811	0.809	-0.134	-1.714	-0.165	0.000000	0.000000
1684902873210	1684902873198	-9.428	-3.019	0.278	-2.255	-1.828	0.847	0.072	-1.877	-0.225	0.000000	0.000000
1684902873219	1684902873211	-9.335	-3.177	-0.108	-2.290	-1.840	0.881	0.160	-2.090	-0.376	0.000000	0.000000
1684902873229	1684902873220	-9.275	-3.151	-0.622	-2.364	-1.864	0.921	0.280	-2.148	-0.752	0.000000	0.000000
1684902873238	1684902873229	-9.390	-3.450	-0.943	-2.500	-1.886	0.965	0.357	-2.330	-1.305	0.000000	0.000000
1684902873249	1684902873238	-9.428	-3.768	-1.324	-2.682	-1.895	1.013	0.400	-2.310	-1.946	0.000000	0.000000
1684902873260	1684902873249	-9.440	-4.159	-1.616	-2.888	-1.902	1.057	0.263	-2.626	-2.435	0.000000	0.000000
1684902873269	1684902873263	-9.316	-4.535	-1.970	-3.108	-1.916	1.095	0.206	-2.945	-2.928	0.000000	0.000000
1684902873278	1684902873272	-9.136	-4.834	-2.535	-3.327	-1.928	1.120	0.172	-3.347	-3.359	0.000000	0.000000
1684902873289	1684902873278	-8.966	-5.224	-2.914	-3.569	-1.935	1.124	0.273	-3.766	-3.857	0.000000	0.000000
1684902873299	1684902873290	-9.146	-5.655	-3.766	-3.844	-1.925	1.089	0.421	-4.108	-4.580	0.000000	0.000000
1684902873308	1684902873299	-9.699	-6.108	-4.855	-4.145	-1.896	1.008	0.560	-4.530	-5.119	0.000000	0.000000
1684902873318	1684902873308	-10.726	-6.780	-5.866	-4.480	-1.857	0.882	0.340	-4.978	-6.144	0.000000	0.000000
1684902873329	1684902873318	-11.528	-7.077	-6.476	-4.814	-1.754	0.716	-0.247	-5.425	-7.369	0.000000	0.000000
1684902873338	1684902873330	-11.693	-7.228	-6.694	-5.089	-1.581	0.480	-1.317	-6.067	-8.526	0.000000	0.000000
1684902873350	1684902873338	-11.542	-6.634	-6.541	-5.273	-1.382	0.197	-2.162	-6.299	-9.263	0.000000	0.000000
1684902873358	1684902873351	-11.190	-5.732	-5.404	-5.373	-1.148	-0.081	-2.368	-6.349	-9.589	0.000000	0.000000
1684902873370	1684902873358	-10.568	-5.071	-5.054	-5.360	-0.842	-0.316	-2.255	-5.619	-9.512	0.000000	0.000000
1684902873379	1684902873370	-9.874	-4.410	-4.228	-5.148	-0.459	-0.514	-1.944	-4.515	-8.430	0.000000	0.000000
1684902873388	1684902873380	-9.021	-4.379	-3.464	-4.782	-0.012	-0.633	-1.346	-3.701	-8.088	0.000000	0.000000
1684902873400	1684902873388	-8.226	-4.645	-2.926	-4.249	0.465	-0.667	-0.673	-2.837	-7.228	0.000000	0.000000
1684902873410	1684902873400	-7.678	-5.171	-2.502	-3.510	0.938	-0.654	0.165	-2.605	-6.385	0.000000	0.000000
1684902873418	1684902873410	-7.556	-5.385	-2.502	-2.612	1.372	-0.604	0.962	-2.689	-5.725	0.000000	0.000000
1684902873430	1684902873418	-7.922	-5.363	-2.725	-1.605	1.740	-0.528	1.523	-3.060	-5.143	0.000000	0.000000
1684902873440	1684902873430	-8.430	-5.076	-2.811	-0.569	2.056	-0.454	1.669	-3.139	-4.942	0.000000	0.000000
1684902873449	1684902873440	-8.928	-4.896	-2.962	0.362	2.337	-0.386	1.329	-3.041	-4.987	0.000000	0.000000
1684902873458	1684902873449	-9.457	-5.092	-3.189	1.133	2.569	-0.331	0.855	-2.698	-4.867	0.000000	0.000000
1684902873471	1684902873458	-9.953	-5.160	-3.381	1.831	2.761	-0.268	0.393	-2.490	-4.810	0.000000	0.000000
1684902873478	1684902873471	-10.496	-5.277	-3.215	2.503	2.926	-0.205	-0.093	-2.674	-4.803	0.000000	0.000000
1684902873489	1684902873478	-11.152	-5.528	-2.945	3.197	3.078	-0.161	-0.558	-2.744	-4.803	0.000000	0.000000
1684902873498	1684902873489	-11.384	-5.404	-2.571	3.900	3.224	-0.133	-1.065	-2.875	-4.401	0.000000	0.000000
1684902873509	1684902873498	-11.363	-5.229	-2.282	4.581	3.333	-0.148	-1.695	-3.144	-3.936	0.000000	0.000000
1684902873518	1684902873509	-11.291	-4.970	-2.131	5.192	3.383	-0.217	-1.901	-3.041	-3.349	0.000000	0.000000
1684902873529	1684902873518	-11.317	-4.712	-2.047	5.730	3.390	-0.332	-1.860	-2.883	-2.851	0.000000	0.000000
1684902873538	1684902873530	-11.274	-4.458	-2.167	6.217	3.373	-0.469	-1.779	-2.629	-2.502	0.000000	0.000000
1684902873549	1684902873538	-11.463	-4.219	-2.155	6.655	3.350	-0.615	-1.803	-2.354	-2.229	0.000000	0.000000
1684902873558	1684902873550	-11.641	-4.175	-2.207	7.495	3.275	-0.909	-1.769	-2.057	-2.160	0.000000	0.000000
1684902873568	1684902873558	-11.997	-4.276	-2.100	7.495	3.275	-0.909	-1.975	-1.760	-2.006	0.000000	0.000000
1684902873579	1684902873569	-12.311	-4.341	-1.283	7.967	3.209	-1.058	-2.184	-1.604	-1.925	0.000000	0.000000
1684902873591	1684902873579	-12.708	-4.319	-0.479	8.480	3.120	-1.229	-2.571	-1.607	-1.714	0.000000	0.000000
1684902873600	1684902873591	-13.060	-3.493	-0.326	8.970	2.982	-1.459	-2.928	-1.537	-0.814	0.000000	0.000000
1684902873611	1684902873600	-13.099	-2.025	-0.654	9.322	2.756	-1.752	-3.378	-1.358	0.036	0.000000	0.000000
1684902873621	1684902873611	-12.888	-0.915	-0.809	9.405	2.448	-2.053	-3.795	-0.333	0.192	0.000000	0.000000
1684902873631	1684902873621	-12.680	-0.184	-0.905	9.185	2.121	-2.288	-3.898	1.322	-0.177	0.000000	0.000000
1684902873640	1684902873632	-12.402	-0.218	-0.929	8.672	1.804	-2.445	-3.768	2.660	-0.436	0.000000	0.000000
1684902873654	1684902873641	-11.983	-0.469	-0.718	7.930	1.494	-2.535	-3.651	3.627	-0.678	0.000000	0.000000
1684902873661	1684902873655	-11.665	-0.788	-0.438	6.140	0.876	-2.583	-3.472	3.824	-0.881	0.000000	0.000000
1684902873670	1684902873667	-11.258	-0.960	-0.019	6.140	0.876	-2.583	-3.156	3.795	-0.867	0.000000	0.000000
1684902873681	1684902873670	-11.174	-0.464	0.687	5.240	0.601	-2.590	-2.971	3.728	-0.816	0.000000	0.000000
1684902873691	1684902873681	-10.920	-0.132	0.931	3.409	0.173	-2.658	-2.655	3.711	-0.563	0.000000	0.000000
1684902873701	1684902873691	-10.803	0.019	0.682	2.443	-0.007	-2.691	-2.691	4.393	-0.055	0.000000	0.000000
1684902873713	1684902873701	-10.726	-0.536	0.139	1.472	-0.164	-2.685	-2.569	4.922	0.034	0.000000	0.000000
1684902873721	1684902873713	-10.841	-0.792	-0.189	0.638	-0.292	-2.635	-2.591	5.274	-0.340	0.000000	0.000000
1684902873731	1684902873722	-10.913	-0.733	-0.393	0.005	-0.395	-2.544	-2.658	4.920	-0.977	0.000000	0.000000
1684902873741	1684902873731	-10.841	-0.800	-0.565	-0.454	-0.484	-2.442	-2.954	4.908	-1.377	0.000000	0.000000
1684902873752	1684902873741	-10.894	-0.943	-0.596	-0.771	-0.562	-2.336	-3.148	5.126	-1.604	0.000000	0.000000
1684902873762	1684902873753	-10.831	-1.092	-0.663	-0.997	-0.622	-2.219	-3.242	5.272	-1.788	0.000000	0.000000
1684902873774	1684902873762	-10.769	-1.216	-0.589	-1.142	-0.668	-2.100	-3.431	5.296	-1.815	0.000000	0.000000
1684902873783	1684902873774	-10.458	-1.070	-0.529	-1.230	-0.702	-1.983	-3.546	5.358	-1.860	0.000000	0.000000
1684902873794	1684902873783	-9.943	-0.438	-0.259	-1.258	-0.722	-1.861	-3.601	5.365	-1.765	0.000000	0.000000
1684902873800	1684902873795	-10.206	0.455	0.220	-1.238	-0.716	-1.731	-3.457	5.698	-1.666	0.000000	0.000000
1684902873811	1684902873802	-10.965	0.883	0.211	-1.177	-0.667	-1.576	-3.065	6.460	-1.362	0.000000	0.000000
1684902873825	1684902873812	-11.717	1.018	0.304	-1.085	-0.580	-1.350	-3.455	7.484	-0.848	0.000000	0.000000
1684902873836	1684902873825	-11.688	1.101	0.122	-0.977	-0.469	-1.051	-4.334	8.030	-0.819	0.000000	0.000000
1684902873841	1684902873836	-10.982	1.554	-0.029	-0.847	-0.413	-0.767	-5.186	8.262	-0.685	0.000000	0.000000
1684902873853	1684902873842	-10.434	1.853	-0.060	-0.732	-0.423	-0.514	-5.239	8.425	-0.826	0.000000	0.000000
1684902873864	1684902873853	-10.113	1.997	0.120	-0.637	-0.409	-0.222	-4.599	8.940	-0.936	0.000000	0.000000
1684902873876	1684902873865	-10.044	1.674	0.634	-0.562	-0.340	0.140	-4.087	9.275	-0.943	0.000000	0.000000
1684902873882	1684902873876	-10.142	1.456	1.262	-0.514	-0.235	0.558	-3.790	9.440	-0.740	0.000000	0.000000
1684902873915	1684902873882	-10.221	1.374	1.810	-0.498	-0.130	0.972	-3.713	9.112	-0.208	0.000000	0.000000
1684902873915	1684902873915	-9.783	1.152	2.105	-0.498	-0.022	1.368	-3.771	8.863	0.441	0.000000	0.000000
1684902873916	1684902873916	-9.395	1.104	2.207	-0.508	0.060	1.737	-3.771	8.715	1.018	0.000000	0.000000
1684902873921	1684902873916	-9.242	1.032	2.114	-0.568	0.117	2.053	-3.211	8.387	1.350	0.000000	0.000000
1684902873933	1684902873921	-9.469	0.812	1.827	-0.702	0.180	2.308	-2.710	8.238	1.492	0.000000	0.000000
1684902873943	1684902873934	-9.962	0.436	1.432	-0.867	0.235	2.529	-2.411	8.033	1.446	0.000000	0.000000
1684902873954	1684902873943	-10.537	0.342	0.807	-1.064	0.265	2.712	-2.476	7.657	1.219	0.000000	0.000000
1684902873961	1684902873956	-10.805	0.158	0.417	-1.291	0.246	2.843	-2.799	7.108	0.900	0.000000	0.000000
1684902873972	1684902873961	-11.032	0.065	-0.031	-1.522	0.172	2.915	-3.194	6.823	0.364	0.000000	0.000000
1684902873982	1684902873972	-11.303	-0.285	-0.304	-1.750	0.066	2.938	-3.211	6.349	0.086	0.000000	0.000000
1684902873992	1684902873983	-11.863	-0.517	-0.481	-1.928	-0.051	2.937	-3.268	6.045	-0.280	0.000000	0.000000
1684902874002	1684902873992	-12.285	-0.711	-0.515	-2.046	-0.170	2.914	-3.366	5.468	-0.445	0.000000	0.000000
1684902874013	1684902874002	-12.524	-0.646	-0.211	-2.110	-0.277	2.865	-3.761	5.001	-0.517	0.000000	0.000000
1684902874022	1684902874013	-12.627	-0.788	0.065	-2.121	-0.387	2.806	-4.025	4.571	-0.455	0.000000	0.000000
1684902874033	1684902874022	-12.548	-1.149	0.314	-2.090	-0.498	2.746	-4.116	4.393	-0.065	0.000000	0.000000
1684902874043	1684902874034	-12.311	-1.305	0.445	-2.035	-0.585	2.679	-4.068	3.986	0.287	0.000000	0.000000
1684902874053	1684902874043	-12.036	-1.283	0.678	-1.967	-0.654	2.607	-3.871	3.407	0.584	0.000000	0.000000
1684902874063	1684902874053	-11.765	-1.544	0.745	-1.870	-0.720	2.542	-3.515	3.010	0.757	0.000000	0.000000
1684902874074	1684902874063	-11.447	-1.774	0.702	-1.762	-0.784	2.496	-3.127	2.794	1.013	0.000000	0.000000
1684902874095	1684902874074	-11.274	-1.848	0.905	-1.684	-0.841	2.454	-2.744	2.277	1.089	0.000000	0.000000
1684902874096	1684902874096	-11.131	-1.918	1.216	-1.637	-0.880	2.421	-2.339	1.836	1.041	0.000000	0.000000
1684902874101	1684902874096	-11.301	-1.844	1.530	-1.598	-0.898	2.406	-2.069	1.508	1.226	0.000000	0.000000
1684902874113	1684902874102	-11.439	-1.693	1.851	-1.543	-0.911	2.403	-1.853	1.233	1.511	0.000000	0.000000
1684902874122	1684902874117	-11.648	-1.743	1.856	-1.500	-0.936	2.402	-1.946	1.080	1.791	0.000000	0.000000
1684902874132	1684902874123	-11.806	-1.726	1.729	-1.491	-0.964	2.392	-2.016	1.001	2.069	0.000000	0.000000
1684902874141	1684902874133	-11.981	-1.695	1.477	-1.530	-0.993	2.368	-2.160	0.721	2.023	0.000000	0.000000
1684902874152	1684902874141	-12.096	-1.848	1.283	-1.603	-1.024	2.327	-2.260	0.508	1.839	0.000000	0.000000
1684902874161	1684902874153	-12.131	-2.040	1.077	-1.703	-1.064	2.288	-2.380	0.287	1.520	0.000000	0.000000
1684902874171	1684902874161	-12.074	-2.310	0.910	-1.815	-1.120	2.249	-2.456	-0.065	1.264	0.000000	0.000000
1684902874180	1684902874171	-12.158	-2.636	0.800	-1.925	-1.180	2.205	-2.449	-0.498	0.977	0.000000	0.000000
1684902874191	1684902874180	-12.045	-2.806	0.723	-2.004	-1.245	2.161	-2.365	-0.962	0.735	0.000000	0.000000
1684902874200	1684902874191	-11.923	-3.055	0.618	-2.050	-1.311	2.115	-2.423	-1.499	0.534	0.000000	0.000000
1684902874211	1684902874200	-11.710	-3.244	0.455	-2.074	-1.374	2.066	-2.294	-1.875	0.357	0.000000	0.000000
1684902874221	1684902874211	-11.648	-3.366	0.096	-2.096	-1.447	2.016	-2.157	-2.339	0.129	0.000000	0.000000
1684902874230	1684902874221	-11.528	-3.560	-0.407	-2.143	-1.520	1.968	-1.939	-2.701	-0.141	0.000000	0.000000
1684902874240	1684902874231	-11.509	-3.898	-0.673	-2.235	-1.589	1.922	-1.877	-3.007	-0.632	0.000000	0.000000
1684902874252	1684902874240	-11.471	-4.286	-0.785	-2.368	-1.658	1.881	-1.765	-3.376	-1.279	0.000000	0.000000
1684902874259	1684902874252	-11.363	-4.836	-0.982	-2.531	-1.717	1.846	-1.760	-3.879	-1.697	0.000000	0.000000
1684902874271	1684902874259	-11.190	-5.308	-1.295	-2.728	-1.778	1.800	-1.741	-4.424	-1.973	0.000000	0.000000
1684902874280	1684902874271	-10.889	-5.847	-1.786	-2.981	-1.856	1.730	-1.664	-5.152	-2.375	0.000000	0.000000
1684902874290	1684902874280	-10.345	-6.373	-2.188	-3.311	-1.936	1.643	-1.518	-5.732	-2.835	0.000000	0.000000
1684902874301	1684902874291	-9.718	-6.936	-2.756	-3.707	-1.985	1.531	-1.255	-6.388	-3.519	0.000000	0.000000
1684902874313	1684902874301	-9.206	-7.219	-3.517	-4.158	-2.000	1.377	-0.757	-7.013	-4.128	0.000000	0.000000
1684902874321	1684902874313	-8.856	-7.434	-4.334	-4.656	-1.998	1.174	-0.184	-7.652	-4.932	0.000000	0.000000
1684902874332	1684902874321	-9.112	-7.772	-4.647	-5.180	-1.979	0.935	0.275	-7.968	-5.892	0.000000	0.000000
1684902874341	1684902874332	-9.646	-8.045	-5.337	-5.698	-1.918	0.659	0.553	-8.176	-6.977	0.000000	0.000000
1684902874353	1684902874341	-10.288	-7.853	-5.899	-6.111	-1.775	0.353	0.249	-8.471	-7.470	0.000000	0.000000
1684902874361	1684902874353	-10.683	-7.288	-6.225	-6.385	-1.567	0.032	-0.350	-8.626	-8.396	0.000000	0.000000
1684902874373	1684902874362	-10.798	-6.534	-6.412	-6.469	-1.338	-0.265	-1.044	-8.291	-9.134	0.000000	0.000000
1684902874383	1684902874373	-10.709	-6.045	-6.191	-6.360	-1.065	-0.503	-1.501	-7.475	-9.658	0.000000	0.000000
1684902874394	1684902874384	-10.221	-5.906	-5.902	-6.065	-0.712	-0.687	-1.657	-6.495	-9.960	0.000000	0.000000
1684902874404	1684902874394	-9.479	-6.002	-5.449	-5.541	-0.281	-0.789	-1.611	-5.705	-9.833	0.000000	0.000000
1684902874415	1684902874404	-8.607	-6.314	-4.925	-4.776	0.176	-0.797	-1.149	-5.310	-9.574	0.000000	0.000000
1684902874425	1684902874415	-7.891	-6.225	-4.338	-3.815	0.628	-0.750	-0.424	-5.131	-9.108	0.000000	0.000000
1684902874435	1684902874425	-7.329	-5.935	-3.924	-2.735	1.062	-0.701	0.445	-5.198	-8.519	0.000000	0.000000
1684902874443	1684902874436	-7.199	-5.552	-3.740	-1.608	1.461	-0.654	1.173	-4.906	-7.829	0.000000	0.000000
1684902874456	1684902874444	-7.475	-4.757	-3.570	-0.541	1.806	-0.616	1.762	-4.458	-7.281	0.000000	0.000000
1684902874464	1684902874456	-7.973	-4.616	-3.610	0.338	2.081	-0.608	1.935	-3.950	-6.922	0.000000	0.000000
1684902874477	1684902874465	-8.614	-4.566	-3.577	1.023	2.309	-0.605	1.700	-3.091	-6.596	0.000000	0.000000
1684902874482	1684902874478	-9.361	-4.458	-3.989	1.605	2.481	-0.579	1.257	-2.899	-6.431	0.000000	0.000000
1684902874503	1684902874483	-10.163	-4.326	-4.403	2.139	2.580	-0.578	0.663	-2.823	-6.223	0.000000	0.000000
1684902874503	1684902874503	-11.040	-4.480	-4.559	2.639	2.639	-0.605	-0.029	-2.703	-6.431	0.000000	0.000000
1684902874512	1684902874504	-11.933	-4.851	-4.695	3.102	2.724	-0.634	-0.781	-2.567	-6.642	0.000000	0.000000
1684902874522	1684902874512	-12.407	-5.207	-4.276	3.585	2.830	-0.672	-1.609	-2.720	-6.574	0.000000	0.000000
1684902874532	1684902874522	-12.656	-5.186	-3.776	4.103	2.909	-0.732	-2.464	-3.091	-6.529	0.000000	0.000000
1684902874541	1684902874532	-12.819	-4.659	-3.249	4.644	2.980	-0.816	-2.902	-3.445	-5.904	0.000000	0.000000
1684902874554	1684902874542	-12.701	-4.034	-2.715	5.191	3.040	-0.946	-3.120	-3.417	-5.198	0.000000	0.000000
1684902874562	1684902874554	-12.572	-3.467	-2.310	5.683	3.058	-1.120	-3.256	-2.873	-4.470	0.000000	0.000000
1684902874572	1684902874562	-12.584	-3.273	-2.006	6.082	3.069	-1.317	-3.122	-2.215	-3.737	0.000000	0.000000
1684902874582	1684902874572	-12.689	-3.326	-1.750	6.391	3.086	-1.521	-2.986	-1.580	-3.108	0.000000	0.000000
1684902874593	1684902874582	-13.017	-3.381	-1.669	6.651	3.096	-1.724	-3.000	-1.322	-2.662	0.000000	0.000000
1684902874603	1684902874593	-13.336	-3.321	-1.525	6.894	3.086	-1.925	-3.117	-1.264	-2.239	0.000000	0.000000
1684902874616	1684902874603	-13.688	-3.045	-1.602	7.121	3.063	-2.121	-3.469	-1.183	-2.002	0.000000	0.000000
1684902874625	1684902874617	-14.042	-2.744	-1.700	7.335	3.015	-2.304	-3.824	-0.958	-1.721	0.000000	0.000000
1684902874635	1684902874625	-14.042	-2.404	-1.721	7.514	2.931	-2.474	-4.223	-0.491	-1.683	0.000000	0.000000
1684902874645	1684902874637	-13.877	-2.088	-1.714	7.605	2.808	-2.639	-4.645	0.045	-1.683	0.000000	0.000000
1684902874657	1684902874645	-13.587	-1.829	-1.724	7.581	2.641	-2.808	-4.709	0.596	-1.654	0.000000	0.000000
1684902874663	1684902874657	-13.324	-1.693	-1.726	7.450	2.452	-2.952	-4.630	1.164	-1.623	0.000000	0.000000
1684902874682	1684902874663	-12.979	-1.666	-1.664	7.236	2.259	-3.048	-4.436	1.688	-1.647	0.000000	0.000000
1684902874682	1684902874682	-12.749	-1.793	-1.609	6.949	2.054	-3.107	-4.295	2.124	-1.705	0.000000	0.000000
1684902874698	1684902874682	-12.495	-1.578	-1.480	6.602	1.839	-3.150	-4.058	2.394	-1.717	0.000000	0.000000
1684902874701	1684902874698	-12.306	-1.365	-1.439	6.170	1.618	-3.192	-3.970	2.562	-1.784	0.000000	0.000000
1684902874711	1684902874709	-12.165	-1.104	-1.300	5.629	1.399	-3.241	-3.838	3.010	-1.776	0.000000	0.000000
1684902874721	1684902874712	-12.043	-1.013	-1.235	5.004	1.186	-3.279	-3.792	3.474	-1.887	0.000000	0.000000
1684902874732	1684902874721	-12.036	-0.833	-0.907	4.326	0.996	-3.284	-3.804	3.979	-1.908	0.000000	0.000000
1684902874741	1684902874732	-11.947	-0.730	-0.742	3.640	0.821	-3.267	-3.845	4.307	-2.006	0.000000	0.000000
1684902874753	1684902874742	-11.851	-0.646	-0.766	2.974	0.670	-3.234	-4.008	4.717	-1.834	0.000000	0.000000
1684902874761	1684902874753	-11.609	-0.673	-0.984	2.338	0.518	-3.180	-4.116	5.066	-1.822	0.000000	0.000000
1684902874772	1684902874761	-11.272	-0.498	-1.101	1.739	0.364	-3.098	-4.183	5.344	-1.958	0.000000	0.000000
1684902874781	1684902874772	-10.970	-0.201	-0.912	1.164	0.226	-2.998	-4.149	5.550	-2.289	0.000000	0.000000
1684902874794	1684902874781	-10.752	0.335	-0.390	0.668	0.115	-2.893	-3.982	5.909	-2.483	0.000000	0.000000
1684902874801	1684902874794	-10.408	0.953	0.321	0.258	0.035	-2.757	-3.871	6.407	-2.354	0.000000	0.000000
1684902874811	1684902874801	-9.977	1.496	0.618	-0.051	-0.032	-2.588	-3.847	7.135	-1.867	0.000000	0.000000
1684902874821	1684902874811	-9.376	2.306	0.721	-0.239	-0.121	-2.381	-3.730	7.973	-1.173	0.000000	0.000000
1684902874831	1684902874821	-8.873	3.060	0.431	-0.326	-0.232	-2.142	-3.445	8.655	-0.876	0.000000	0.000000
1684902874841	1684902874831	-9.021	3.373	-0.103	-0.353	-0.336	-1.885	-3.036	9.637	-0.761	0.000000	0.000000
1684902874854	1684902874841	-10.077	3.960	-0.627	-0.375	-0.415	-1.582	-2.679	10.515	-1.044	0.000000	0.000000
1684902874861	1684902874854	-11.092	3.950	-0.670	-0.481	-0.418	-1.222	-2.988	10.963	-1.571	0.000000	0.000000
1684902874871	1684902874861	-11.621	3.709	-0.476	-0.676	-0.358	-0.804	-4.159	11.641	-2.093	0.000000	0.000000
1684902874881	1684902874871	-11.930	3.503	-0.084	-0.844	-0.360	-0.367	-5.306	11.732	-2.119	0.000000	0.000000
1684902874891	1684902874881	-11.581	2.919	0.469	-0.969	-0.393	0.073	-5.883	11.530	-1.903	0.000000	0.000000
1684902874901	1684902874891	-10.578	2.351	1.199	-1.027	-0.376	0.563	-6.230	11.360	-1.460	0.000000	0.000000
1684902874912	1684902874901	-9.665	1.891	2.018	-1.015	-0.320	1.065	-5.878	10.783	-0.857	0.000000	0.000000
1684902874921	1684902874912	-9.134	1.281	2.868	-0.968	-0.252	1.520	-4.831	10.195	-0.062	0.000000	0.000000
1684902874931	1684902874921	-9.151	0.939	3.239	-0.926	-0.115	1.951	-3.847	9.692	0.809	0.000000	0.000000
1684902874942	1684902874931	-9.495	0.469	3.108	-0.911	0.071	2.340	-3.177	8.985	1.731	0.000000	0.000000
1684902874954	1684902874942	-9.823	0.350	2.535	-0.919	0.241	2.646	-3.062	8.547	2.160	0.000000	0.000000
1684902874962	1684902874955	-10.503	0.230	1.954	-0.993	0.352	2.859	-3.230	7.942	2.102	0.000000	0.000000
1684902874974	1684902874963	-11.083	0.089	1.331	-1.122	0.418	3.009	-3.359	7.664	1.614	0.000000	0.000000
1684902874984	1684902874974	-11.499	0.005	0.584	-1.260	0.450	3.125	-3.809	7.345	1.135	0.000000	0.000000
1684902874993	1684902874984	-11.609	-0.184	-0.029	-1.393	0.419	3.197	-4.195	7.029	0.608	0.000000	0.000000
1684902875004	1684902874994	-11.751	-0.493	-0.517	-1.519	0.325	3.229	-4.374	6.713	-0.007	0.000000	0.000000
1684902875016	1684902875005	-11.957	-0.737	-0.850	-1.608	0.199	3.242	-4.293	6.323	-0.510	0.000000	0.000000
1684902875025	1684902875017	-12.414	-1.089	-0.910	-1.671	0.057	3.242	-4.226	5.780	-0.876	0.000000	0.000000
1684902875036	1684902875025	-12.926	-1.271	-0.898	-1.710	-0.082	3.235	-4.233	5.294	-1.097	0.000000	0.000000
1684902875043	1684902875036	-13.197	-1.417	-1.010	-1.741	-0.214	3.211	-4.499	4.690	-1.053	0.000000	0.000000
1684902875056	1684902875044	-13.259	-1.381	-1.104	-1.796	-0.359	3.148	-4.827	4.252	-0.950	0.000000	0.000000
1684902875064	1684902875057	-13.135	-1.492	-1.159	-1.888	-0.512	3.058	-4.908	3.816	-0.979	0.000000	0.000000
1684902875078	1684902875064	-12.874	-1.571	-1.063	-2.009	-0.661	2.958	-4.824	3.615	-1.018	0.000000	0.000000
1684902875084	1684902875078	-12.584	-1.815	-0.948	-2.153	-0.788	2.854	-4.537	3.215	-1.020	0.000000	0.000000
1684902875109	1684902875084	-12.299	-2.078	-0.816	-2.315	-0.891	2.750	-4.152	2.902	-0.893	0.000000	0.000000
1684902875110	1684902875110	-12.297	-2.387	-0.792	-2.472	-0.975	2.661	-3.737	2.404	-0.752	0.000000	0.000000
1684902875114	1684902875110	-12.321	-2.643	-0.589	-2.589	-1.054	2.594	-3.338	1.891	-0.606	0.000000	0.000000
1684902875129	1684902875115	-12.337	-2.873	-0.316	-2.661	-1.120	2.549	-3.220	1.312	-0.575	0.000000	0.000000
1684902875132	1684902875129	-12.500	-3.103	-0.079	-2.696	-1.158	2.516	-3.158	0.838	-0.373	0.000000	0.000000
1684902875143	1684902875133	-12.534	-3.168	-0.160	-2.669	-1.205	2.487	-3.089	0.366	-0.115	0.000000	0.000000
1684902875154	1684902875143	-12.586	-3.170	-0.144	-2.586	-1.275	2.479	-3.170	-0.098	0.098	0.000000	0.000000
1684902875162	1684902875154	-12.622	-3.191	-0.089	-2.501	-1.350	2.485	-3.129	-0.402	-0.017	0.000000	0.000000
1684902875172	1684902875162	-12.634	-3.345	-0.184	-2.450	-1.396	2.487	-3.115	-0.642	-0.053	0.000000	0.000000
1684902875181	1684902875172	-12.479	-3.582	-0.225	-2.423	-1.427	2.473	-3.079	-0.948	-0.079	0.000000	0.000000
1684902875193	1684902875181	-12.265	-3.649	-0.048	-2.406	-1.475	2.451	-3.048	-1.290	-0.242	0.000000	0.000000
1684902875202	1684902875193	-12.249	-3.941	0.247	-2.402	-1.526	2.423	-2.847	-1.762	-0.371	0.000000	0.000000
1684902875213	1684902875202	-12.232	-4.094	0.362	-2.401	-1.550	2.390	-2.595	-2.061	-0.297	0.000000	0.000000
1684902875221	1684902875214	-12.100	-4.166	0.290	-2.407	-1.581	2.355	-2.547	-2.581	-0.113	0.000000	0.000000
1684902875232	1684902875222	-11.837	-4.190	-0.043	-2.452	-1.630	2.325	-2.507	-2.957	-0.120	0.000000	0.000000
1684902875241	1684902875233	-11.590	-4.329	-0.364	-2.560	-1.690	2.291	-2.358	-3.266	-0.333	0.000000	0.000000
1684902875254	1684902875242	-11.308	-4.659	-0.737	-2.710	-1.761	2.248	-2.088	-3.479	-0.792	0.000000	0.000000
1684902875263	1684902875254	-11.025	-5.013	-1.144	-2.894	-1.841	2.199	-1.841	-3.819	-1.262	0.000000	0.000000
1684902875280	1684902875263	-10.819	-5.574	-1.398	-3.106	-1.918	2.147	-1.566	-4.343	-1.796	0.000000	0.000000
1684902875282	1684902875280	-10.688	-6.187	-1.872	-3.322	-1.991	2.092	-1.302	-4.896	-2.394	0.000000	0.000000
1684902875293	1684902875282	-10.441	-6.816	-2.344	-3.539	-2.049	2.016	-1.118	-5.607	-2.813	0.000000	0.000000
1684902875303	1684902875294	-10.125	-7.489	-2.873	-3.768	-2.098	1.910	-1.022	-6.388	-3.505	0.000000	0.000000
1684902875314	1684902875303	-10.118	-8.162	-3.515	-4.005	-2.133	1.765	-0.812	-7.137	-4.164	0.000000	0.000000
1684902875323	1684902875314	-10.542	-8.722	-4.070	-4.252	-2.142	1.585	-0.543	-7.922	-4.908	0.000000	0.000000
1684902875335	1684902875323	-10.894	-9.491	-4.032	-4.497	-2.103	1.371	-0.591	-8.677	-5.772	0.000000	0.000000
1684902875343	1684902875335	-12.124	-8.894	-5.274	-4.672	-1.999	1.111	-1.075	-9.287	-6.553	0.000000	0.000000
1684902875356	1684902875344	-12.074	-8.112	-5.847	-4.729	-1.834	0.805	-1.489	-10.068	-6.740	0.000000	0.000000
1684902875365	1684902875356	-11.696	-7.068	-6.134	-4.597	-1.400	0.165	-2.789	-9.443	-8.217	0.000000	0.000000
1684902875373	1684902875365	-11.396	-6.273	-6.088	-4.597	-1.400	0.165	-2.792	-8.598	-8.966	0.000000	0.000000
1684902875385	1684902875374	-11.229	-5.928	-5.945	-4.445	-1.081	-0.130	-2.464	-7.408	-9.416	0.000000	0.000000
1684902875396	1684902875386	-10.455	-5.851	-5.729	-4.182	-0.654	-0.412	-2.207	-6.488	-9.498	0.000000	0.000000
1684902875407	1684902875397	-9.290	-6.065	-5.109	-3.745	-0.167	-0.646	-2.076	-5.978	-9.459	0.000000	0.000000
1684902875417	1684902875407	-8.109	-6.196	-4.446	-3.091	0.337	-0.789	-1.326	-5.715	-9.301	0.000000	0.000000
1684902875425	1684902875418	-7.539	-6.112	-3.704	-2.225	0.839	-0.858	-0.170	-5.696	-8.689	0.000000	0.000000
1684902875437	1684902875426	-7.597	-5.727	-3.450	-1.235	1.315	-0.886	1.018	-5.681	-7.989	0.000000	0.000000
1684902875447	1684902875437	-8.277	-5.861	-2.921	-0.261	1.735	-0.908	1.614	-5.428	-7.149	0.000000	0.000000
1684902875458	1684902875447	-8.578	-5.854	-3.479	0.602	2.070	-0.955	1.590	-4.930	-6.778	0.000000	0.000000
1684902875465	1684902875460	-8.918	-6.043	-3.567	2.010	2.492	-1.067	0.962	-4.963	-6.069	0.000000	0.000000
1684902875486	1684902875466	-9.380	-5.835	-3.687	2.010	2.492	-1.067	0.716	-4.887	-6.443	0.000000	0.000000
1684902875487	1684902875486	-9.991	-5.468	-3.658	2.660	2.666	-1.053	0.448	-5.023	-6.275	0.000000	0.000000
1684902875505	1684902875487	-10.673	-5.016	-3.359	3.262	2.783	-1.056	0.024	-4.784	-6.246	0.000000	0.000000
1684902875506	1684902875506	-11.150	-4.489	-2.349	3.759	2.880	-1.073	-0.527	-4.379	-5.971	0.000000	0.000000
1684902875515	1684902875507	-11.253	-4.336	-1.872	4.408	2.963	-1.156	-1.159	-3.898	-5.444	0.000000	0.000000
1684902875523	1684902875515	-11.253	-4.336	-1.872	4.577	2.925	-1.263	-1.592	-3.342	-4.202	0.000000	0.000000
1684902875533	1684902875523	-11.174	-4.178	-1.087	4.667	2.861	-1.414	-1.657	-3.156	-3.493	0.000000	0.000000
1684902875543	1684902875533	-11.286	-4.281	-0.785	4.691	2.792	-1.589	-1.626	-3.096	-3.244	0.000000	0.000000
1684902875555	1684902875543	-11.576	-4.286	-0.424	4.693	2.723	-1.785	-1.530	-2.878	-2.284	0.000000	0.000000
1684902875564	1684902875556	-11.835	-4.245	-0.160	4.720	2.668	-1.983	-1.633	-2.868	-1.757	0.000000	0.000000
1684902875576	1684902875564	-12.232	-3.903	-0.041	4.820	2.610	-2.181	-1.925	-2.741	-1.202	0.000000	0.000000
1684902875585	1684902875576	-12.646	-3.424	-0.184	4.982	2.514	-2.379	-2.200	-2.526	-0.740	0.000000	0.000000
1684902875595	1684902875585	-13.036	-3.048	-0.098	5.173	2.395	-2.555	-2.622	-2.016	-0.472	0.000000	0.000000
1684902875605	1684902875595	-13.549	-2.662	-0.053	5.362	2.269	-2.702	-3.079	-1.305	-0.460	0.000000	0.000000
1684902875617	1684902875606	-13.822	-2.337	-0.096	5.497	2.121	-2.830	-3.515	-0.721	-0.273	0.000000	0.000000
1684902875627	1684902875617	-13.834	-2.112	-0.256	5.538	1.921	-2.932	-4.092	-0.086	-0.144	0.000000	0.000000
1684902875638	1684902875628	-13.582	-1.841	-0.160	5.459	1.691	-3.003	-4.439	0.500	-0.134	0.000000	0.000000
1684902875647	1684902875639	-13.477	-1.662	0.000	5.269	1.444	-3.058	-4.537	0.998	-0.280	0.000000	0.000000
1684902875656	1684902875647	-13.285	-1.489	0.158	4.979	1.211	-3.117	-4.384	1.544	-0.206	0.000000	0.000000
1684902875665	1684902875657	-13.027	-1.192	0.254	4.591	0.994	-3.170	-4.396	2.028	-0.105	0.000000	0.000000
1684902875681	1684902875665	-12.617	-1.085	0.206	4.090	0.781	-3.208	-4.310	2.447	-0.019	0.000000	0.000000
1684902875683	1684902875681	-12.270	-1.056	0.113	3.508	0.571	-3.220	-4.190	3.043	-0.034	0.000000	0.000000
1684902875694	1684902875684	-12.110	-0.996	0.057	2.882	0.395	-3.209	-3.905	3.393	-0.180	0.000000	0.000000
1684902875703	1684902875695	-11.961	-0.924	-0.050	2.250	0.264	-3.196	-3.704	3.682	-0.385	0.000000	0.000000
1684902875715	1684902875704	-11.961	-0.950	-0.256	1.658	0.169	-3.183	-3.697	4.001	-0.548	0.000000	0.000000
1684902875723	1684902875715	-11.899	-1.132	-0.364	1.133	0.086	-3.150	-3.728	4.348	-0.759	0.000000	0.000000
1684902875732	1684902875723	-12.021	-1.367	-0.409	0.693	0.015	-3.089	-3.881	4.544	-1.032	0.000000	0.000000
1684902875742	1684902875732	-12.036	-1.480	-0.496	0.357	-0.032	-3.019	-3.994	4.606	-1.197	0.000000	0.000000
1684902875754	1684902875743	-11.875	-1.551	-0.517	0.133	-0.071	-2.936	-4.298	4.606	-1.281	0.000000	0.000000
1684902875763	1684902875755	-11.581	-1.068	-0.335	0.032	-0.108	-2.826	-4.496	4.721	-1.391	0.000000	0.000000
1684902875774	1684902875764	-11.267	-0.089	0.283	0.037	-0.142	-2.706	-4.520	4.867	-1.427	0.000000	0.000000
1684902875784	1684902875774	-10.927	0.977	0.860	0.095	-0.170	-2.580	-4.448	5.595	-1.257	0.000000	0.000000
1684902875794	1684902875785	-10.918	1.961	1.120	0.165	-0.204	-2.429	-4.283	6.728	-0.649	0.000000	0.000000
1684902875803	1684902875794	-11.222	2.598	0.831	0.248	-0.235	-2.224	-4.123	7.970	-0.091	0.000000	0.000000
1684902875814	1684902875804	-10.901	3.309	0.007	0.357	-0.250	-1.933	-4.286	9.117	0.144	0.000000	0.000000
1684902875824	1684902875816	-10.242	4.123	-0.723	0.457	-0.261	-1.600	-4.755	9.898	-0.177	0.000000	0.000000
1684902875833	1684902875824	-10.080	4.254	-0.611	0.476	-0.335	-1.289	-4.578	10.728	-1.044	0.000000	0.000000
1684902875843	1684902875833	-10.472	3.536	-0.541	0.382	-0.414	-0.972	-4.053	11.648	-1.829	0.000000	0.000000
1684902875856	1684902875843	-10.537	2.794	-0.230	0.236	-0.387	-0.564	-3.982	11.847	-1.767	0.000000	0.000000
1684902875864	1684902875856	-9.637	2.241	0.263	0.054	-0.318	-0.093	-4.453	11.181	-1.753	0.000000	0.000000
1684902875878	1684902875864	-8.662	2.186	1.075	-0.093	-0.332	0.363	-4.566	10.470	-1.482	0.000000	0.000000
1684902875884	1684902875878	-8.341	1.935	1.664	-0.162	-0.347	0.822	-3.677	9.922	-1.015	0.000000	0.000000
1684902875901	1684902875884	-8.301	1.429	2.172	-0.217	-0.242	1.318	-2.682	9.847	-0.213	0.000000	0.000000
1684902875904	1684902875901	-8.571	0.867	2.184	-0.312	-0.059	1.798	-2.298	9.546	0.364	0.000000	0.000000
1684902875914	1684902875904	-8.995	0.682	2.081	-0.452	0.120	2.188	-2.169	8.971	0.871	0.000000	0.000000
1684902875924	1684902875914	-9.469	0.340	1.733	-0.611	0.257	2.472	-2.306	8.301	0.905	0.000000	0.000000
1684902875936	1684902875925	-10.001	-0.036	1.188	-0.751	0.360	2.687	-2.567	7.982	0.843	0.000000	0.000000
1684902875944	1684902875936	-10.451	-0.230	0.644	-0.855	0.440	2.863	-2.861	7.487	0.555	0.000000	0.000000
1684902875956	1684902875945	-10.745	-0.390	0.014	-0.937	0.475	2.991	-3.199	6.938	0.086	0.000000	0.000000
1684902875965	1684902875956	-10.834	-0.373	-0.421	-0.998	0.450	3.060	-3.426	6.536	-0.357	0.000000	0.000000
1684902875975	1684902875966	-10.810	-0.476	-0.769	-1.053	0.376	3.091	-3.539	6.191	-0.900	0.000000	0.000000
1684902875985	1684902875975	-10.944	-0.426	-0.826	-1.095	0.286	3.104	-3.405	5.971	-1.228	0.000000	0.000000
1684902875997	1684902875985	-11.224	-0.378	-0.769	-1.102	0.203	3.107	-3.203	5.667	-1.492	0.000000	0.000000
1684902876006	1684902875997	-11.528	-0.472	-0.450	-1.093	0.130	3.104	-3.148	5.485	-1.460	0.000000	0.000000
1684902876018	1684902876007	-11.870	-0.807	-0.117	-1.063	0.057	3.108	-3.249	5.296	-1.324	0.000000	0.000000
1684902876028	1684902876018	-12.242	-1.307	0.242	-1.058	-0.022	3.098	-3.345	4.908	-0.919	0.000000	0.000000
1684902876037	1684902876028	-12.345	-1.750	0.627	-1.076	-0.088	3.067	-3.555	4.369	-0.539	0.000000	0.000000
1684902876048	1684902876039	-12.275	-2.035	0.934	-1.114	-0.134	3.009	-3.757	3.589	-0.122	0.000000	0.000000
1684902876058	1684902876048	-11.882	-2.234	1.168	-1.157	-0.183	2.946	-3.728	2.911	0.302	0.000000	0.000000
1684902876065	1684902876060	-11.521	-2.179	1.269	-1.200	-0.233	2.894	-3.510	2.344	0.649	0.000000	0.000000
1684902876077	1684902876068	-11.169	-2.258	1.228	-1.253	-0.276	2.850	-3.002	1.913	0.915	0.000000	0.000000
1684902876090	1684902876089	-11.028	-2.435	1.279	-1.338	-0.307	2.805	-2.492	1.635	1.051	0.000000	0.000000
1684902876105	1684902876091	-11.030	-2.614	1.195	-1.429	-0.331	2.766	-2.066	1.377	1.025	0.000000	0.000000
1684902876105	1684902876105	-11.224	-2.638	1.267	-1.504	-0.353	2.720	-1.817	0.919	1.097	0.000000	0.000000
1684902876116	1684902876108	-11.423	-2.586	1.312	-1.544	-0.368	2.671	-1.741	0.512	1.025	0.000000	0.000000
1684902876124	1684902876119	-11.736	-2.490	1.173	-1.566	-0.393	2.625	-1.846	0.211	1.111	0.000000	0.000000
1684902876133	1684902876124	-12.091	-2.509	1.053	-1.611	-0.437	2.577	-1.973	0.014	1.164	0.000000	0.000000
1684902876144	1684902876133	-12.340	-2.634	0.728	-1.701	-0.480	2.522	-2.215	-0.158	1.027	0.000000	0.000000
1684902876154	1684902876144	-12.383	-2.875	0.560	-1.815	-0.525	2.462	-2.519	-0.397	0.900	0.000000	0.000000
1684902876163	1684902876154	-12.364	-3.038	0.369	-1.922	-0.580	2.397	-2.717	-0.761	0.563	0.000000	0.000000
1684902876174	1684902876163	-12.275	-3.326	0.227	-2.026	-0.644	2.336	-2.720	-1.238	0.376	0.000000	0.000000
1684902876183	1684902876174	-12.368	-3.642	0.177	-2.116	-0.712	2.281	-2.660	-1.652	0.156	0.000000	0.000000
1684902876194	1684902876183	-12.285	-3.989	0.031	-2.175	-0.755	2.231	-2.547	-2.138	-0.017	0.000000	0.000000
1684902876203	1684902876194	-11.863	-4.116	-0.026	-2.176	-0.776	2.189	-2.614	-2.693	-0.117	0.000000	0.000000
1684902876213	1684902876204	-11.595	-4.381	-0.091	-2.123	-0.822	2.165	-2.516	-3.230	-0.314	0.000000	0.000000
1684902876223	1684902876213	-11.248	-4.709	-0.091	-2.038	-0.882	2.154	-2.083	-3.563	-0.433	0.000000	0.000000
1684902876236	1684902876223	-11.037	-4.958	0.132	-1.914	-0.911	2.150	-1.810	-4.032	-0.567	0.000000	0.000000
1684902876243	1684902876236	-10.858	-5.303	0.026	-1.769	-0.920	2.147	-1.460	-4.559	-0.649	0.000000	0.000000
1684902876255	1684902876243	-10.783	-5.765	0.153	-1.613	-0.936	2.137	-1.255	-5.006	-0.515	0.000000	0.000000
1684902876265	1684902876256	-10.599	-5.844	0.077	-1.442	-0.943	2.115	-1.087	-5.569	-0.723	0.000000	0.000000
1684902876276	1684902876265	-10.144	-6.012	-0.160	-1.296	-0.944	2.078	-1.025	-6.208	-0.682	0.000000	0.000000
1684902876285	1684902876276	-9.737	-6.223	-0.500	-1.208	-0.970	2.026	-0.862	-6.500	-0.869	0.000000	0.000000
1684902876301	1684902876285	-9.606	-6.364	-0.962	-1.203	-0.998	1.934	-0.431	-6.838	-1.197	0.000000	0.000000
1684902876305	1684902876301	-10.156	-6.845	-1.434	-1.280	-1.004	1.801	-0.053	-7.233	-1.642	0.000000	0.000000
1684902876316	1684902876305	-11.061	-7.410	-2.045	-1.426	-0.960	1.642	0.043	-7.547	-2.215	0.000000	0.000000
1684902876325	1684902876316	-12.005	-7.975	-2.684	-1.598	-0.870	1.444	-0.543	-8.200	-2.811	0.000000	0.000000
1684902876336	1684902876326	-12.376	-8.128	-3.294	-1.775	-0.776	1.185	-1.482	-8.887	-3.524	0.000000	0.000000
1684902876345	1684902876336	-12.246	-7.800	-3.855	-1.916	-0.700	0.888	-2.461	-9.567	-4.271	0.000000	0.000000
1684902876358	1684902876346	-11.904	-6.967	-4.233	-2.004	-0.644	0.549	-2.866	-9.804	-4.985	0.000000	0.000000
1684902876366	1684902876358	-11.612	-6.177	-4.144	-2.040	-0.568	0.180	-2.763	-9.527	-5.643	0.000000	0.000000
1684902876377	1684902876366	-11.229	-5.634	-3.821	-2.051	-0.436	-0.176	-2.442	-8.710	-6.117	0.000000	0.000000
1684902876386	1684902876377	-10.448	-5.461	-3.127	-2.022	-0.252	-0.520	-2.167	-7.891	-6.136	0.000000	0.000000
1684902876396	1684902876386	-9.606	-5.521	-2.346	-1.965	-0.042	-0.853	-1.788	-7.302	-5.873	0.000000	0.000000
1684902876407	1684902876396	-9.110	-5.681	-1.827	-1.840	0.177	-1.147	-1.003	-7.037	-5.236	0.000000	0.000000
1684902876418	1684902876408	-9.134	-5.705	-1.472	-1.620	0.423	-1.371	-0.148	-6.974	-4.489	0.000000	0.000000
1684902876427	1684902876420	-9.323	-5.775	-1.324	-1.296	0.696	-1.523	0.364	-6.989	-3.977	0.000000	0.000000
1684902876439	1684902876428	-9.725	-5.780	-1.197	-0.911	0.970	-1.616	0.366	-6.847	-3.603	0.000000	0.000000
1684902876448	1684902876440	-10.001	-5.847	-1.276	-0.519	1.205	-1.669	0.211	-6.728	-3.395	0.000000	0.000000
1684902876460	1684902876448	-10.444	-5.796	-1.259	-0.136	1.387	-1.707	-0.158	-6.577	-3.191	0.000000	0.000000
1684902876468	1684902876460	-10.827	-5.614	-1.190	0.239	1.544	-1.732	-0.400	-6.474	-3.160	0.000000	0.000000
1684902876479	1684902876468	-11.150	-5.540	-1.310	0.571	1.687	-1.747	-0.807	-6.256	-3.010	0.000000	0.000000
1684902876494	1684902876480	-11.360	-5.590	-1.221	0.864	1.796	-1.765	-1.156	-5.895	-2.775	0.000000	0.000000
1684902876498	1684902876495	-11.473	-5.440	-1.001	1.159	1.874	-1.790	-1.453	-5.674	-2.749	0.000000	0.000000
1684902876505	1684902876498	-11.593	-5.229	-0.757	1.469	1.939	-1.828	-1.635	-5.550	-2.466	0.000000	0.000000
1684902876518	1684902876505	-11.590	-5.040	-0.577	1.829	1.985	-1.886	-1.731	-5.255	-2.083	0.000000	0.000000
1684902876525	1684902876518	-11.784	-4.922	-0.218	2.238	2.007	-1.961	-1.836	-4.879	-1.654	0.000000	0.000000
1684902876536	1684902876525	-12.014	-4.626	0.165	2.668	2.016	-2.061	-1.827	-4.520	-1.288	0.000000	0.000000
1684902876546	1684902876537	-12.390	-4.549	0.618	3.111	2.018	-2.197	-2.021	-4.226	-0.747	0.000000	0.000000
1684902876556	1684902876546	-12.653	-4.396	0.788	3.576	2.011	-2.352	-2.258	-3.740	-0.187	0.000000	0.000000
1684902876565	1684902876556	-12.811	-3.926	0.771	4.046	1.977	-2.523	-2.650	-3.436	0.445	0.000000	0.000000
1684902876575	1684902876566	-12.799	-3.172	0.496	4.500	1.891	-2.721	-2.938	-3.081	0.752	0.000000	0.000000
1684902876586	1684902876576	-12.744	-2.270	0.333	4.902	1.763	-2.922	-3.139	-2.339	0.881	0.000000	0.000000
1684902876597	1684902876586	-12.696	-1.396	0.134	5.187	1.608	-3.100	-3.170	-1.343	0.702	0.000000	0.000000
1684902876607	1684902876598	-12.910	-1.113	0.081	5.310	1.425	-3.236	-3.177	-0.148	0.611	0.000000	0.000000
1684902876617	1684902876607	-12.938	-1.061	0.393	5.229	1.224	-3.316	-3.206	1.034	0.448	0.000000	0.000000
1684902876625	1684902876617	-12.790	-1.219	0.615	4.946	1.013	-3.344	-3.515	1.671	0.390	0.000000	0.000000
1684902876639	1684902876626	-12.605	-1.492	0.639	4.538	0.779	-3.346	-3.634	2.018	0.666	0.000000	0.000000
1684902876648	1684902876639	-12.424	-1.621	0.541	4.084	0.534	-3.332	-3.598	2.181	0.824	0.000000	0.000000
1684902876659	1684902876650	-12.002	-1.437	0.570	3.626	0.301	-3.307	-3.534	2.222	0.757	0.000000	0.000000
1684902876666	1684902876660	-11.444	-1.025	0.472	3.166	0.087	-3.284	-3.493	2.425	0.536	0.000000	0.000000
1684902876676	1684902876666	-10.989	-0.539	0.512	2.689	-0.116	-3.263	-3.196	2.871	0.453	0.000000	0.000000
1684902876687	1684902876676	-10.898	-0.318	0.395	2.165	-0.297	-3.240	-2.816	3.620	0.194	0.000000	0.000000
1684902876709	1684902876687	-10.860	-0.383	0.311	1.594	-0.437	-3.201	-2.485	4.322	0.124	0.000000	0.000000
1684902876709	1684902876709	-10.963	-0.754	0.163	1.024	-0.528	-3.153	-2.574	4.831	-0.136	0.000000	0.000000
1684902876719	1684902876709	-11.083	-1.032	0.065	0.550	-0.588	-3.098	-2.689	4.997	-0.328	0.000000	0.000000
1684902876725	1684902876719	-11.135	-1.051	-0.115	0.225	-0.649	-3.030	-2.988	4.896	-0.587	0.000000	0.000000
1684902876736	1684902876726	-10.930	-0.979	-0.132	0.035	-0.705	-2.954	-3.273	4.836	-0.754	0.000000	0.000000
1684902876746	1684902876737	-10.920	-1.037	-0.086	-0.067	-0.757	-2.871	-3.551	5.095	-1.010	0.000000	0.000000
1684902876758	1684902876747	-10.798	-1.053	-0.160	-0.127	-0.809	-2.772	-3.496	5.344	-1.073	0.000000	0.000000
1684902876766	1684902876759	-10.695	-1.032	-0.271	-0.166	-0.849	-2.652	-3.699	5.519	-1.082	0.000000	0.000000
1684902876777	1684902876767	-10.499	-0.907	-0.321	-0.195	-0.864	-2.525	-3.749	5.679	-1.202	0.000000	0.000000
1684902876787	1684902876777	-10.163	-0.759	-0.539	-0.202	-0.874	-2.390	-3.874	5.926	-1.369	0.000000	0.000000
1684902876796	1684902876787	-9.543	-0.572	-0.524	-0.199	-0.899	-2.250	-3.828	6.187	-1.453	0.000000	0.000000
1684902876806	1684902876797	-9.076	-0.340	-0.678	-0.199	-0.943	-2.098	-3.711	6.527	-1.724	0.000000	0.000000
1684902876817	1684902876807	-9.632	-0.012	-1.080	-0.211	-0.974	-1.939	-3.249	6.845	-1.748	0.000000	0.000000
1684902876827	1684902876817	-10.590	0.350	-1.298	-0.270	-0.969	-1.765	-2.947	7.207	-1.944	0.000000	0.000000
1684902876840	1684902876828	-10.827	0.546	-1.657	-0.402	-0.891	-1.500	-3.642	7.638	-2.385	0.000000	0.000000
1684902876847	1684902876840	-10.101	0.560	-1.856	-0.600	-0.836	-1.203	-4.717	8.085	-2.634	0.000000	0.000000
1684902876860	1684902876848	-9.536	0.429	-1.844	-0.837	-0.878	-0.953	-5.054	8.353	-3.007	0.000000	0.000000
1684902876867	1684902876860	-8.938	-0.034	-1.736	-1.048	-0.897	-0.662	-4.420	8.437	-3.201	0.000000	0.000000
1684902876878	1684902876868	-8.037	-0.658	-1.367	-1.199	-0.841	-0.276	-3.907	8.346	-3.168	0.000000	0.000000
1684902876893	1684902876878	-6.898	-1.336	-0.831	-1.285	-0.771	0.147	-3.345	7.918	-3.014	0.000000	0.000000
1684902876917	1684902876893	-5.957	-1.741	-0.158	-1.340	-0.734	0.545	-2.425	7.288	-2.588	0.000000	0.000000
1684902876918	1684902876917	-5.432	-1.987	0.505	-1.377	-0.685	0.942	-1.281	6.615	-1.992	0.000000	0.000000
1684902876918	1684902876918	-5.215	-1.956	0.986	-1.387	-0.568	1.359	-0.306	6.196	-1.255	0.000000	0.000000
1684902876927	1684902876919	-5.428	-2.011	1.240	-1.357	-0.396	1.770	0.290	5.906	-0.515	0.000000	0.000000
1684902876938	1684902876928	-5.885	-1.908	1.417	-1.296	-0.226	2.143	0.599	5.880	0.034	0.000000	0.000000
1684902876947	1684902876938	-6.871	-1.946	1.568	-1.232	-0.087	2.468	0.522	5.732	0.371	0.000000	0.000000
1684902876959	1684902876948	-8.159	-2.296	1.484	-1.157	0.042	2.765	0.227	5.717	0.632	0.000000	0.000000
1684902876967	1684902876960	-9.445	-2.557	1.542	-1.043	0.156	3.060	-0.572	5.535	0.871	0.000000	0.000000
1684902876977	1684902876967	-10.726	-2.775	1.377	-0.886	0.216	3.334	-1.657	5.016	0.876	0.000000	0.000000
1684902876986	1684902876977	-11.617	-2.646	1.152	-0.706	0.208	3.549	-2.677	4.518	1.037	0.000000	0.000000
1684902876997	1684902876986	-12.194	-2.461	0.802	-0.545	0.139	3.691	-3.771	4.120	0.931	0.000000	0.000000
1684902877007	1684902876997	-12.546	-2.320	0.376	-0.428	0.045	3.771	-4.420	4.001	0.771	0.000000	0.000000
1684902877018	1684902877007	-12.608	-2.286	-0.034	-0.389	-0.065	3.798	-4.757	3.917	0.467	0.000000	0.000000
1684902877026	1684902877018	-12.550	-2.301	-0.096	-0.440	-0.180	3.771	-4.875	3.776	0.069	0.000000	0.000000
1684902877039	1684902877026	-12.467	-2.421	-0.014	-0.567	-0.272	3.702	-4.709	3.512	-0.318	0.000000	0.000000
1684902877049	1684902877039	-12.251	-2.581	0.184	-0.745	-0.362	3.600	-4.420	3.168	-0.371	0.000000	0.000000
1684902877059	1684902877049	-12.000	-2.782	0.666	-0.948	-0.463	3.454	-4.159	2.775	-0.283	0.000000	0.000000
1684902877067	1684902877060	-11.614	-3.165	1.166	-1.155	-0.545	3.271	-3.761	2.315	-0.077	0.000000	0.000000
1684902877079	1684902877068	-11.363	-3.488	1.678	-1.348	-0.601	3.062	-3.347	1.820	0.409	0.000000	0.000000
1684902877091	1684902877079	-11.042	-3.757	2.059	-1.519	-0.629	2.831	-2.804	1.125	0.912	0.000000	0.000000
1684902877107	1684902877092	-10.819	-3.919	2.251	-1.647	-0.633	2.593	-2.440	0.560	1.429	0.000000	0.000000
1684902877112	1684902877107	-10.695	-4.008	2.272	-1.709	-0.615	2.364	-1.997	0.017	1.812	0.000000	0.000000
1684902877117	1684902877112	-10.537	-4.041	2.138	-1.714	-0.580	2.170	-1.690	-0.352	2.006	0.000000	0.000000
1684902877126	1684902877117	-10.444	-3.946	1.822	-1.680	-0.538	2.005	-1.487	-0.654	2.030	0.000000	0.000000
1684902877137	1684902877126	-10.295	-3.850	1.662	-1.648	-0.517	1.859	-1.259	-0.883	1.899	0.000000	0.000000
1684902877146	1684902877137	-10.341	-3.955	1.537	-1.630	-0.516	1.742	-1.104	-0.970	1.585	0.000000	0.000000
1684902877157	1684902877146	-10.376	-4.041	1.544	-1.611	-0.506	1.665	-0.903	-1.044	1.422	0.000000	0.000000
1684902877166	1684902877158	-10.348	-4.128	1.525	-1.575	-0.498	1.614	-0.898	-1.326	1.293	0.000000	0.000000
1684902877175	1684902877167	-10.137	-4.135	1.346	-1.521	-0.520	1.572	-0.898	-1.551	1.295	0.000000	0.000000
1684902877185	1684902877176	-9.967	-4.140	1.211	-1.475	-0.577	1.554	-0.826	-1.800	1.267	0.000000	0.000000
1684902877197	1684902877185	-9.859	-4.195	0.996	-1.433	-0.638	1.560	-0.587	-1.939	1.073	0.000000	0.000000
1684902877205	1684902877197	-9.627	-4.262	0.912	-1.385	-0.687	1.581	-0.383	-2.090	0.915	0.000000	0.000000
1684902877215	1684902877206	-9.459	-4.269	0.778	-1.322	-0.739	1.614	-0.247	-2.289	0.666	0.000000	0.000000
1684902877225	1684902877215	-9.268	-4.221	0.627	-1.225	-0.803	1.668	0.012	-2.519	0.536	0.000000	0.000000
1684902877235	1684902877226	-9.033	-4.257	0.464	-1.123	-0.866	1.732	0.201	-2.662	0.359	0.000000	0.000000
1684902877245	1684902877236	-8.988	-4.298	0.405	-1.042	-0.931	1.791	0.414	-2.770	0.148	0.000000	0.000000
1684902877257	1684902877245	-9.057	-4.511	0.306	-0.996	-0.985	1.845	0.668	-2.966	-0.081	0.000000	0.000000
1684902877265	1684902877257	-9.316	-4.642	0.208	-0.981	-1.038	1.929	0.730	-3.168	-0.218	0.000000	0.000000
1684902877276	1684902877265	-9.665	-4.693	-0.067	-0.981	-1.038	1.929	0.670	-3.536	-0.405	0.000000	0.000000
1684902877286	1684902877276	-9.936	-4.815	-0.500	-1.038	-1.056	1.944	0.421	-3.859	-0.613	0.000000	0.000000
1684902877301	1684902877287	-10.238	-5.016	-0.862	-1.162	-1.080	1.929	0.072	-4.027	-0.962	0.000000	0.000000
1684902877305	1684902877301	-10.487	-5.526	-1.188	-1.363	-1.101	1.885	-0.196	-4.324	-1.501	0.000000	0.000000
1684902877318	1684902877305	-10.448	-6.172	-1.611	-1.632	-1.112	1.801	-0.500	-4.666	-1.949	0.000000	0.000000
1684902877327	1684902877318	-10.108	-6.713	-1.951	-1.939	-1.117	1.663	-0.759	-5.356	-2.389	0.000000	0.000000
1684902877336	1684902877327	-9.653	-7.130	-2.251	-2.255	-1.118	1.478	-0.730	-6.141	-2.909	0.000000	0.000000
1684902877346	1684902877336	-9.969	-7.391	-2.519	-2.551	-1.101	1.255	-0.409	-6.845	-3.378	0.000000	0.000000
1684902877358	1684902877346	-11.188	-7.834	-2.871	-2.793	-1.040	1.018	0.029	-7.350	-3.768	0.000000	0.000000
1684902877367	1684902877358	-12.325	-7.724	-2.916	-2.953	-0.705	0.585	-0.309	-7.700	-4.161	0.000000	0.000000
1684902877379	1684902877367	-12.476	-7.566	-2.969	-2.953	-0.705	0.585	-1.547	-8.188	-4.611	0.000000	0.000000
1684902877388	1684902877379	-11.961	-6.656	-3.378	-2.841	-0.551	0.337	-2.703	-8.083	-4.752	0.000000	0.000000
1684902877398	1684902877388	-11.111	-6.251	-3.407	-2.357	-0.347	-0.106	-2.866	-7.927	-4.875	0.000000	0.000000
1684902877408	1684902877398	-10.879	-6.065	-3.297	-2.023	-0.128	-0.285	-2.365	-6.991	-5.353	0.000000	0.000000
1684902877420	1684902877408	-10.331	-6.060	-3.031	-1.644	0.136	-0.470	-1.520	-6.534	-5.418	0.000000	0.000000
1684902877429	1684902877420	-9.646	-6.036	-2.641	-1.232	0.402	-0.637	-1.290	-6.280	-5.327	0.000000	0.000000
1684902877441	1684902877430	-8.911	-6.179	-2.071	-0.771	0.661	-0.771	-0.737	-6.196	-5.049	0.000000	0.000000
1684902877449	1684902877442	-8.389	-6.033	-1.769	-0.266	0.911	-0.872	-0.043	-6.086	-4.623	0.000000	0.000000
1684902877460	1684902877451	-8.607	-5.892	-1.532	0.241	1.140	-0.954	0.702	-6.141	-3.989	0.000000	0.000000
1684902877469	1684902877460	-9.213	-5.674	-1.446	0.696	1.345	-1.029	1.243	-5.897	-3.591	0.000000	0.000000
1684902877480	1684902877470	-9.878	-5.576	-1.460	1.057	1.536	-1.104	1.041	-5.677	-3.254	0.000000	0.000000
1684902877495	1684902877481	-10.467	-5.765	-1.463	1.340	1.702	-1.168	0.455	-5.363	-3.026	0.000000	0.000000
1684902877507	1684902877496	-10.937	-5.816	-1.528	1.622	1.828	-1.208	-0.189	-5.183	-2.911	0.000000	0.000000
1684902877522	1684902877507	-11.435	-5.583	-1.513	1.912	1.919	-1.245	-0.761	-5.277	-2.753	0.000000	0.000000
1684902877523	1684902877522	-11.832	-5.361	-1.346	2.205	1.993	-1.301	-1.214	-5.229	-2.650	0.000000	0.000000
1684902877527	1684902877523	-12.246	-5.243	-1.101	2.483	2.064	-1.374	-1.700	-4.887	-2.444	0.000000	0.000000
1684902877537	1684902877527	-12.464	-5.169	-0.912	2.745	2.120	-1.462	-2.093	-4.566	-2.116	0.000000	0.000000
1684902877547	1684902877537	-12.507	-5.181	-0.673	3.012	2.142	-1.569	-2.504	-4.331	-1.693	0.000000	0.000000
1684902877559	1684902877547	-12.572	-5.035	-0.371	3.291	2.139	-1.703	-2.725	-4.128	-1.324	0.000000	0.000000
1684902877567	1684902877560	-12.756	-4.776	-0.110	3.578	2.128	-1.872	-2.780	-3.998	-0.910	0.000000	0.000000
1684902877577	1684902877567	-12.996	-4.436	0.278	3.905	2.111	-2.072	-2.861	-3.689	-0.441	0.000000	0.000000
1684902877588	1684902877577	-13.190	-3.924	0.364	4.261	2.079	-2.281	-3.079	-3.213	0.002	0.000000	0.000000
1684902877598	1684902877588	-13.101	-3.299	0.311	4.596	2.018	-2.491	-3.349	-2.708	0.503	0.000000	0.000000
1684902877608	1684902877598	-13.010	-2.607	0.022	4.866	1.911	-2.695	-3.591	-1.963	0.711	0.000000	0.000000
1684902877620	1684902877609	-12.835	-2.054	-0.007	5.038	1.764	-2.878	-3.563	-1.082	0.754	0.000000	0.000000
1684902877629	1684902877621	-12.938	-1.604	0.129	5.073	1.600	-3.035	-3.543	-0.110	0.532	0.000000	0.000000
1684902877640	1684902877629	-12.955	-1.353	0.283	4.961	1.418	-3.162	-3.455	0.740	0.536	0.000000	0.000000
1684902877648	1684902877642	-12.723	-1.441	0.175	4.734	1.208	-3.253	-3.666	1.532	0.673	0.000000	0.000000
1684902877660	1684902877649	-12.208	-1.398	0.120	4.436	0.972	-3.293	-3.783	2.069	0.797	0.000000	0.000000
1684902877667	1684902877661	-11.696	-1.195	0.225	4.085	0.718	-3.290	-3.673	2.301	0.630	0.000000	0.000000
1684902877678	1684902877668	-11.363	-1.192	0.283	3.697	0.469	-3.269	-3.290	2.658	0.488	0.000000	0.000000
1684902877692	1684902877679	-10.953	-1.056	0.407	3.272	0.253	-3.230	-2.933	3.194	0.474	0.000000	0.000000
1684902877710	1684902877692	-10.664	-0.927	0.472	2.805	0.067	-3.170	-2.734	3.460	0.417	0.000000	0.000000
1684902877711	1684902877710	-10.092	-0.790	0.551	2.297	-0.110	-3.100	-2.495	3.903	0.393	0.000000	0.000000
1684902877718	1684902877711	-9.713	-0.668	0.536	1.752	-0.263	-3.023	-2.351	4.269	0.335	0.000000	0.000000
1684902877729	1684902877719	-9.474	-0.709	0.441	1.195	-0.382	-2.946	-1.944	4.657	0.283	0.000000	0.000000
1684902877740	1684902877729	-9.347	-0.848	0.474	0.666	-0.456	-2.881	-1.733	5.016	0.148	0.000000	0.000000
1684902877750	1684902877740	-9.433	-1.144	0.290	0.241	-0.486	-2.819	-1.666	5.203	-0.043	0.000000	0.000000
1684902877760	1684902877750	-9.409	-1.161	0.259	-0.044	-0.506	-2.735	-1.717	5.282	-0.086	0.000000	0.000000
1684902877768	1684902877760	-9.598	-1.255	0.115	-0.203	-0.530	-2.641	-2.018	5.239	-0.333	0.000000	0.000000
1684902877778	1684902877768	-9.802	-1.142	0.024	-0.259	-0.557	-2.549	-2.138	5.382	-0.390	0.000000	0.000000
