1684902867792	1684902867792	-9.977	-7.226	-3.785	-2.932	-0.652	0.400	-1.573	-7.764	-6.874	0.000000	0.000000
1684902867792	1684902867792	-9.843	-7.123	-3.780	-2.757	-0.508	0.228	-1.621	-8.025	-7.214	0.000000	0.000000
1684902867792	1684902867792	-9.699	-6.589	-4.149	-2.467	-0.280	0.075	-1.137	-8.016	-7.954	0.000000	0.000000
1684902867797	1684902867792	-9.414	-6.110	-4.106	-2.137	-0.039	-0.067	-1.020	-7.836	-7.999	0.000000	0.000000
1684902867807	1684902867797	-8.978	-5.930	-3.819	-1.836	0.191	-0.226	-0.891	-7.204	-8.411	0.000000	0.000000
1684902867818	1684902867807	-8.461	-6.093	-3.335	-1.550	0.441	-0.364	-0.606	-6.627	-8.382	0.000000	0.000000
1684902867827	1684902867818	-8.001	-6.203	-2.749	-1.247	0.705	-0.472	-0.160	-6.340	-8.085	0.000000	0.000000
1684902867838	1684902867827	-7.448	-6.079	-2.253	-0.881	0.966	-0.564	0.373	-6.414	-7.573	0.000000	0.000000
1684902867854	1684902867838	-7.180	-5.839	-1.990	-0.441	1.206	-0.648	0.869	-6.412	-6.914	0.000000	0.000000
1684902867858	1684902867854	-7.408	-5.511	-1.846	0.017	1.406	-0.724	1.456	-6.218	-6.352	0.000000	0.000000
1684902867867	1684902867858	-8.056	-5.301	-1.767	0.423	1.574	-0.804	1.784	-5.887	-5.959	0.000000	0.000000
1684902867878	1684902867867	-8.827	-5.358	-1.724	0.757	1.723	-0.872	1.599	-5.507	-5.715	0.000000	0.000000
1684902867887	1684902867878	-9.620	-5.442	-1.654	1.051	1.840	-0.921	1.015	-5.234	-5.478	0.000000	0.000000
1684902867897	1684902867887	-10.503	-5.461	-1.786	1.324	1.918	-0.966	0.306	-5.241	-5.279	0.000000	0.000000
1684902867907	1684902867897	-11.226	-5.559	-1.621	1.608	1.982	-1.015	-0.414	-5.272	-5.025	0.000000	0.000000
1684902867917	1684902867907	-11.873	-5.559	-1.542	1.925	2.046	-1.067	-1.243	-5.248	-5.001	0.000000	0.000000
1684902867927	1684902867917	-12.304	-5.473	-1.446	2.291	2.112	-1.115	-1.908	-5.303	-4.654	0.000000	0.000000
1684902867939	1684902867927	-12.543	-5.332	-1.219	2.693	2.173	-1.181	-2.497	-5.260	-4.389	0.000000	0.000000
1684902867947	1684902867939	-12.756	-5.284	-0.745	3.119	2.226	-1.274	-2.873	-5.131	-4.104	0.000000	0.000000
1684902867957	1684902867947	-12.723	-5.219	-0.388	3.560	2.282	-1.392	-3.062	-4.949	-3.680	0.000000	0.000000
1684902867967	1684902867957	-12.749	-5.107	-0.215	4.010	2.347	-1.536	-3.218	-4.841	-2.966	0.000000	0.000000
1684902867977	1684902867967	-12.986	-4.750	0.031	4.476	2.410	-1.706	-3.151	-4.731	-2.449	0.000000	0.000000
1684902867987	1684902867977	-13.120	-4.271	-0.055	4.963	2.463	-1.895	-3.139	-4.551	-2.071	0.000000	0.000000
1684902867998	1684902867987	-12.960	-3.529	-0.464	5.457	2.469	-2.082	-3.345	-4.108	-1.618	0.000000	0.000000
1684902868007	1684902867998	-12.874	-2.995	-0.759	5.877	2.401	-2.252	-3.452	-3.524	-1.504	0.000000	0.000000
1684902868017	1684902868007	-12.965	-2.708	-0.903	6.144	2.287	-2.399	-3.278	-2.653	-1.717	0.000000	0.000000
1684902868027	1684902868017	-13.034	-2.365	-0.936	6.280	2.166	-2.520	-3.184	-1.954	-1.817	0.000000	0.000000
1684902868038	1684902868027	-12.833	-2.215	-0.555	6.292	2.010	-2.621	-3.278	-1.511	-1.824	0.000000	0.000000
1684902868055	1684902868038	-12.495	-2.224	-0.127	6.206	1.804	-2.699	-3.361	-0.979	-1.729	0.000000	0.000000
1684902868059	1684902868056	-12.115	-2.097	0.239	6.050	1.572	-2.766	-3.184	-0.622	-1.247	0.000000	0.000000
1684902868067	1684902868060	-11.794	-1.702	0.314	5.815	1.335	-2.837	-2.885	-0.390	-0.745	0.000000	0.000000
1684902868077	1684902868067	-11.353	-1.276	0.388	5.498	1.107	-2.889	-2.543	-0.057	-0.347	0.000000	0.000000
1684902868087	1684902868077	-10.783	-0.843	0.352	5.074	0.882	-2.905	-2.282	0.596	-0.273	0.000000	0.000000
1684902868097	1684902868087	-10.317	-0.591	0.338	4.512	0.662	-2.897	-1.899	1.240	-0.223	0.000000	0.000000
1684902868107	1684902868097	-9.847	-0.678	0.232	3.836	0.468	-2.871	-1.398	1.913	-0.309	0.000000	0.000000
1684902868118	1684902868107	-9.606	-0.836	0.055	3.096	0.315	-2.826	-1.010	2.404	-0.393	0.000000	0.000000
1684902868127	1684902868118	-9.452	-0.986	-0.038	2.355	0.202	-2.756	-0.627	2.555	-0.572	0.000000	0.000000
1684902868138	1684902868127	-9.402	-1.156	-0.117	1.666	0.126	-2.680	-0.476	2.631	-0.826	0.000000	0.000000
1684902868148	1684902868138	-9.467	-1.247	-0.175	1.067	0.072	-2.610	-0.431	2.732	-0.991	0.000000	0.000000
1684902868157	1684902868148	-9.400	-1.492	-0.213	0.580	0.010	-2.540	-0.472	2.763	-1.118	0.000000	0.000000
1684902868167	1684902868157	-9.450	-1.623	-0.237	0.210	-0.046	-2.459	-0.651	2.914	-1.216	0.000000	0.000000
1684902868179	1684902868167	-9.649	-1.530	-0.182	-0.013	-0.083	-2.364	-0.682	2.866	-1.276	0.000000	0.000000
1684902868187	1684902868179	-9.802	-1.374	-0.160	-0.120	-0.119	-2.259	-0.843	2.945	-1.312	0.000000	0.000000
1684902868199	1684902868187	-9.893	-1.322	-0.194	-0.140	-0.154	-2.151	-1.152	3.239	-1.264	0.000000	0.000000
1684902868209	1684902868199	-9.919	-1.310	-0.113	-0.109	-0.184	-2.035	-1.401	3.563	-1.231	0.000000	0.000000
1684902868218	1684902868209	-9.878	-1.111	-0.117	-0.055	-0.210	-1.913	-1.590	3.778	-1.271	0.000000	0.000000
1684902868227	1684902868218	-9.598	-0.874	-0.127	-0.012	-0.236	-1.802	-1.693	3.912	-1.183	0.000000	0.000000
1684902868240	1684902868227	-9.191	-0.682	-0.041	-0.009	-0.263	-1.702	-1.755	4.269	-1.202	0.000000	0.000000
1684902868254	1684902868240	-8.729	-0.429	0.302	-0.043	-0.271	-1.588	-1.539	4.602	-1.214	0.000000	0.000000
1684902868259	1684902868254	-8.408	-0.352	0.455	-0.111	-0.260	-1.458	-1.228	4.930	-1.149	0.000000	0.000000
1684902868267	1684902868259	-8.815	-0.254	0.357	-0.169	-0.244	-1.307	-0.831	5.272	-0.812	0.000000	0.000000
1684902868278	1684902868267	-9.658	-0.201	0.172	-0.194	-0.225	-1.108	-0.534	5.382	-0.654	0.000000	0.000000
1684902868289	1684902868278	-10.276	-0.081	0.086	-0.203	-0.177	-0.830	-0.984	5.540	-0.749	0.000000	0.000000
1684902868299	1684902868289	-10.257	-0.050	-0.093	-0.230	-0.128	-0.513	-1.865	5.646	-0.934	0.000000	0.000000
1684902868308	1684902868299	-10.113	0.235	-0.199	-0.292	-0.153	-0.224	-2.502	5.792	-1.013	0.000000	0.000000
1684902868318	1684902868308	-9.855	0.323	-0.239	-0.400	-0.195	0.075	-2.476	5.816	-1.180	0.000000	0.000000
1684902868328	1684902868318	-9.244	0.201	-0.160	-0.531	-0.202	0.426	-2.306	6.065	-1.269	0.000000	0.000000
1684902868339	1684902868328	-8.679	-0.036	0.187	-0.693	-0.187	0.819	-1.997	6.091	-1.290	0.000000	0.000000
1684902868348	1684902868339	-8.447	-0.359	0.757	-1.101	-0.143	1.572	-1.317	5.878	-1.183	0.000000	0.000000
1684902868360	1684902868348	-8.408	-0.907	1.288	-1.101	-0.143	1.572	-0.663	5.523	-0.800	0.000000	0.000000
1684902868370	1684902868361	-8.365	-1.281	1.731	-1.261	-0.071	1.939	-0.304	5.023	-0.168	0.000000	0.000000
1684902868378	1684902868370	-8.574	-1.405	2.076	-1.357	-0.007	2.276	-0.192	4.367	0.405	0.000000	0.000000
1684902868391	1684902868378	-8.667	-1.757	2.157	-1.417	0.034	2.563	-0.029	3.814	0.919	0.000000	0.000000
1684902868400	1684902868391	-8.990	-1.990	2.191	-1.442	0.048	2.792	-0.146	3.546	1.317	0.000000	0.000000
1684902868411	1684902868401	-9.701	-2.231	1.963	-1.436	0.046	2.992	-0.103	2.966	1.477	0.000000	0.000000
1684902868422	1684902868411	-10.503	-2.490	1.717	-1.399	0.024	3.164	-0.309	2.526	1.575	0.000000	0.000000
1684902868432	1684902868422	-11.231	-2.662	1.499	-1.355	-0.029	3.296	-0.876	2.004	1.420	0.000000	0.000000
1684902868442	1684902868432	-11.820	-2.806	1.159	-1.333	-0.116	3.383	-1.549	1.470	1.233	0.000000	0.000000
1684902868465	1684902868443	-12.143	-2.959	0.809	-1.322	-0.367	3.389	-2.138	0.979	1.070	0.000000	0.000000
1684902868466	1684902868466	-12.210	-2.648	0.503	-1.322	-0.367	3.389	-2.622	0.560	0.761	0.000000	0.000000
1684902868470	1684902868466	-12.201	-2.504	0.132	-1.319	-0.632	3.179	-2.828	0.067	0.421	0.000000	0.000000
1684902868481	1684902868471	-12.277	-2.708	0.206	-1.379	-0.721	3.020	-2.808	0.098	0.117	0.000000	0.000000
1684902868490	1684902868481	-12.258	-2.957	0.318	-1.487	-0.771	2.843	-2.717	-0.050	-0.275	0.000000	0.000000
1684902868501	1684902868490	-12.325	-3.328	0.524	-1.624	-0.797	2.650	-2.727	-0.536	-0.239	0.000000	0.000000
1684902868509	1684902868501	-12.124	-3.551	0.831	-1.751	-0.800	2.442	-2.650	-1.077	-0.175	0.000000	0.000000
1684902868519	1684902868510	-11.799	-3.905	0.972	-1.831	-0.773	2.225	-2.679	-1.671	-0.012	0.000000	0.000000
1684902868530	1684902868519	-11.485	-3.938	1.077	-1.847	-0.737	2.015	-2.444	-2.119	0.242	0.000000	0.000000
1684902868542	1684902868530	-10.987	-3.833	1.092	-1.815	-0.702	1.822	-2.093	-2.679	0.333	0.000000	0.000000
1684902868550	1684902868543	-10.712	-3.680	1.070	-1.762	-0.659	1.651	-1.762	-2.895	0.388	0.000000	0.000000
1684902868561	1684902868550	-10.554	-3.424	0.953	-1.687	-0.616	1.500	-1.250	-2.954	0.352	0.000000	0.000000
1684902868571	1684902868561	-10.398	-3.381	0.702	-1.600	-0.578	1.374	-0.965	-2.978	0.271	0.000000	0.000000
1684902868581	1684902868571	-10.185	-3.328	0.541	-1.503	-0.563	1.278	-0.804	-2.828	0.113	0.000000	0.000000
1684902868592	1684902868582	-10.036	-3.349	0.419	-1.401	-0.585	1.206	-0.646	-2.904	-0.184	0.000000	0.000000
1684902868604	1684902868592	-9.936	-3.366	0.381	-1.291	-0.605	1.167	-0.433	-2.962	-0.393	0.000000	0.000000
1684902868611	1684902868604	-9.943	-3.287	0.314	-1.152	-0.615	1.163	-0.285	-3.089	-0.567	0.000000	0.000000
1684902868623	1684902868612	-9.816	-3.433	0.244	-0.985	-0.638	1.194	-0.189	-3.206	-0.663	0.000000	0.000000
1684902868631	1684902868624	-9.694	-3.496	0.266	-0.795	-0.666	1.266	-0.201	-3.237	-0.795	0.000000	0.000000
1684902868647	1684902868632	-9.606	-3.577	0.280	-0.579	-0.678	1.368	-0.081	-3.479	-0.919	0.000000	0.000000
1684902868651	1684902868648	-9.527	-3.567	0.395	-0.346	-0.682	1.481	0.029	-3.654	-0.962	0.000000	0.000000
1684902868662	1684902868651	-9.407	-3.637	0.309	-0.130	-0.690	1.598	0.105	-3.862	-1.018	0.000000	0.000000
1684902868683	1684902868664	-9.299	-3.634	0.328	0.055	-0.685	1.717	0.170	-4.003	-0.974	0.000000	0.000000
1684902868684	1684902868683	-9.136	-3.754	0.328	0.177	-0.654	1.833	0.273	-4.202	-1.120	0.000000	0.000000
1684902868691	1684902868684	-9.033	-3.776	0.431	0.242	-0.626	1.940	0.362	-4.365	-1.168	0.000000	0.000000
1684902868700	1684902868692	-8.882	-3.855	0.572	0.246	-0.612	2.026	0.505	-4.621	-1.219	0.000000	0.000000
1684902868710	1684902868705	-8.844	-4.077	0.690	0.210	-0.594	2.085	0.584	-4.800	-1.166	0.000000	0.000000
1684902868722	1684902868710	-8.899	-4.290	0.819	0.139	-0.579	2.123	0.709	-5.035	-1.070	0.000000	0.000000
1684902868731	1684902868723	-8.928	-4.642	0.831	0.023	-0.579	2.144	0.718	-5.413	-0.996	0.000000	0.000000
1684902868742	1684902868731	-9.187	-4.918	0.675	-0.131	-0.588	2.153	0.634	-5.775	-0.907	0.000000	0.000000
1684902868751	1684902868743	-9.246	-5.267	0.548	-0.314	-0.601	2.139	0.570	-6.294	-0.946	0.000000	0.000000
1684902868762	1684902868751	-9.098	-5.660	0.369	-0.518	-0.619	2.093	0.280	-6.692	-1.142	0.000000	0.000000
1684902868771	1684902868762	-9.088	-6.096	-0.060	-0.746	-0.661	1.996	0.177	-7.202	-1.329	0.000000	0.000000
1684902868782	1684902868771	-9.579	-6.570	-0.728	-0.992	-0.716	1.851	0.290	-7.717	-1.561	0.000000	0.000000
1684902868793	1684902868782	-11.102	-7.204	-1.281	-1.257	-0.750	1.676	0.249	-8.298	-2.069	0.000000	0.000000
1684902868803	1684902868793	-12.933	-8.092	-1.975	-1.531	-0.731	1.480	-0.290	-8.909	-2.818	0.000000	0.000000
1684902868811	1684902868803	-13.913	-8.614	-2.650	-1.786	-0.655	1.235	-1.882	-9.699	-3.491	0.000000	0.000000
1684902868823	1684902868811	-13.288	-8.358	-3.031	-1.994	-0.575	0.916	-3.757	-10.669	-4.271	0.000000	0.000000
1684902868832	1684902868823	-12.414	-7.355	-3.297	-2.169	-0.549	0.524	-4.788	-11.267	-5.064	0.000000	0.000000
1684902868845	1684902868832	-11.935	-6.024	-3.244	-2.296	-0.516	0.092	-4.199	-11.042	-5.538	0.000000	0.000000
1684902868864	1684902868846	-11.739	-5.171	-2.875	-2.384	-0.375	-0.365	-3.354	-10.032	-5.923	0.000000	0.000000
1684902868864	1684902868864	-11.040	-5.069	-2.076	-2.429	-0.122	-0.723	-2.892	-8.645	-5.978	0.000000	0.000000
1684902868872	1684902868865	-9.910	-5.246	-1.494	-2.408	0.167	-1.070	-2.698	-7.673	-5.722	0.000000	0.000000
1684902868883	1684902868873	-8.906	-5.473	-1.089	-2.313	0.452	-1.418	-1.987	-7.463	-4.980	0.000000	0.000000
1684902868892	1684902868883	-8.325	-5.725	-0.752	-2.070	0.749	-1.693	-0.826	-7.472	-4.439	0.000000	0.000000
1684902868906	1684902868892	-8.454	-5.705	-0.740	-1.624	1.073	-1.862	0.218	-7.501	-4.041	0.000000	0.000000
1684902868911	1684902868906	-9.062	-5.741	-1.094	-1.009	1.385	-1.939	0.855	-7.537	-3.675	0.000000	0.000000
1684902868921	1684902868914	-9.850	-5.669	-1.209	-0.345	1.632	-1.958	0.788	-7.300	-3.591	0.000000	0.000000
1684902868931	1684902868923	-10.661	-5.725	-1.401	0.236	1.803	-1.961	0.254	-7.106	-3.821	0.000000	0.000000
1684902868943	1684902868932	-11.272	-5.770	-1.563	0.689	1.919	-1.976	-0.469	-6.862	-3.802	0.000000	0.000000
1684902868953	1684902868944	-11.870	-5.600	-1.494	1.114	1.972	-1.995	-1.216	-6.740	-3.821	0.000000	0.000000
1684902868964	1684902868954	-12.182	-5.327	-1.235	1.545	1.991	-1.987	-1.762	-6.613	-3.797	0.000000	0.000000
1684902868972	1684902868965	-12.452	-4.817	-0.905	2.000	1.985	-1.974	-2.298	-6.258	-3.510	0.000000	0.000000
1684902868982	1684902868973	-12.622	-4.324	-0.560	2.457	1.939	-1.984	-2.567	-5.842	-3.072	0.000000	0.000000
1684902868992	1684902868984	-12.646	-3.871	-0.117	2.856	1.853	-2.020	-2.789	-5.160	-2.521	0.000000	0.000000
1684902869005	1684902868993	-12.632	-3.718	0.481	3.159	1.742	-2.087	-2.928	-4.527	-2.002	0.000000	0.000000
1684902869013	1684902869005	-12.613	-3.826	0.879	3.367	1.638	-2.192	-2.923	-3.917	-1.374	0.000000	0.000000
1684902869026	1684902869014	-12.519	-3.826	1.178	3.530	1.560	-2.324	-2.890	-3.598	-0.608	0.000000	0.000000
1684902869033	1684902869026	-12.452	-3.721	1.099	3.696	1.500	-2.467	-2.859	-3.527	-0.057	0.000000	0.000000
1684902869052	1684902869033	-12.371	-3.299	1.207	3.895	1.426	-2.608	-2.761	-3.330	0.378	0.000000	0.000000
1684902869054	1684902869053	-12.395	-2.734	1.178	4.101	1.334	-2.742	-2.698	-2.990	0.436	0.000000	0.000000
1684902869065	1684902869054	-12.541	-2.093	1.240	4.264	1.221	-2.865	-2.629	-2.361	0.639	0.000000	0.000000
1684902869086	1684902869065	-12.740	-1.729	1.231	4.335	1.086	-2.969	-2.677	-1.525	0.704	0.000000	0.000000
1684902869087	1684902869086	-12.986	-1.520	1.293	4.279	0.937	-3.043	-2.854	-0.651	0.821	0.000000	0.000000
1684902869092	1684902869087	-13.190	-1.422	1.288	4.098	0.771	-3.092	-3.093	-0.017	0.850	0.000000	0.000000
1684902869103	1684902869093	-13.135	-1.475	1.166	3.793	0.597	-3.133	-3.393	0.467	0.922	0.000000	0.000000
1684902869112	1684902869104	-12.680	-1.544	1.147	3.396	0.420	-3.173	-3.668	0.871	0.903	0.000000	0.000000
1684902869122	1684902869112	-12.167	-1.535	1.073	2.939	0.235	-3.217	-3.677	1.073	0.749	0.000000	0.000000
1684902869132	1684902869122	-11.609	-1.425	0.998	2.447	0.056	-3.260	-3.306	1.288	0.678	0.000000	0.000000
1684902869144	1684902869132	-11.123	-1.281	0.814	1.947	-0.090	-3.293	-2.887	1.583	0.539	0.000000	0.000000
1684902869153	1684902869145	-10.666	-1.027	0.771	1.454	-0.216	-3.313	-2.437	1.980	0.388	0.000000	0.000000
1684902869163	1684902869153	-10.341	-0.792	0.737	0.979	-0.324	-3.321	-2.069	2.411	0.127	0.000000	0.000000
1684902869172	1684902869163	-10.266	-0.876	0.560	0.547	-0.406	-3.316	-1.767	3.010	-0.005	0.000000	0.000000
1684902869182	1684902869173	-10.113	-1.049	0.476	0.204	-0.457	-3.285	-1.554	3.474	-0.093	0.000000	0.000000
1684902869192	1684902869182	-10.044	-1.173	0.455	-0.024	-0.487	-3.222	-1.628	3.673	-0.330	0.000000	0.000000
1684902869204	1684902869192	-9.986	-1.310	0.498	-0.134	-0.506	-3.134	-1.633	3.780	-0.462	0.000000	0.000000
1684902869213	1684902869204	-9.852	-1.235	0.474	-0.121	-0.525	-3.032	-1.729	3.926	-0.524	0.000000	0.000000
1684902869224	1684902869214	-9.505	-1.073	0.520	-0.021	-0.540	-2.904	-1.839	4.049	-0.515	0.000000	0.000000
1684902869234	1684902869224	-9.096	-0.936	0.450	0.119	-0.556	-2.746	-1.894	4.393	-0.579	0.000000	0.000000
1684902869248	1684902869234	-8.933	-0.876	0.362	0.261	-0.590	-2.562	-1.702	4.762	-0.570	0.000000	0.000000
1684902869253	1684902869249	-8.693	-0.936	0.170	0.385	-0.628	-2.349	-1.472	5.121	-0.694	0.000000	0.000000
1684902869264	1684902869253	-8.404	-0.941	0.060	0.465	-0.655	-2.111	-1.437	5.327	-0.833	0.000000	0.000000
1684902869284	1684902869265	-8.226	-1.032	0.026	0.501	-0.677	-1.853	-1.348	5.430	-1.106	0.000000	0.000000
1684902869284	1684902869284	-7.908	-0.812	-0.002	0.507	-0.707	-1.594	-1.125	5.490	-1.271	0.000000	0.000000
1684902869293	1684902869285	-7.647	-0.776	-0.072	0.507	-0.735	-1.326	-1.051	5.495	-1.391	0.000000	0.000000
1684902869303	1684902869294	-7.317	-0.515	0.000	0.497	-0.755	-1.043	-0.783	5.760	-1.480	0.000000	0.000000
1684902869312	1684902869304	-7.429	-0.192	-0.115	0.462	-0.770	-0.757	-0.632	5.890	-1.642	0.000000	0.000000
1684902869324	1684902869312	-8.119	-0.211	-0.347	0.381	-0.777	-0.459	-0.383	6.215	-1.657	0.000000	0.000000
1684902869332	1684902869324	-8.722	-0.297	-0.417	0.244	-0.754	-0.101	-0.560	6.584	-1.858	0.000000	0.000000
1684902869344	1684902869332	-8.712	-0.570	-0.532	0.059	-0.695	0.290	-1.295	6.589	-2.169	0.000000	0.000000
1684902869353	1684902869344	-8.430	-0.663	-0.599	-0.164	-0.672	0.639	-1.923	6.505	-2.313	0.000000	0.000000
1684902869363	1684902869353	-8.152	-0.728	-0.646	-0.384	-0.673	0.963	-1.906	6.215	-2.473	0.000000	0.000000
1684902869372	1684902869363	-8.236	-0.977	-0.737	-0.588	-0.646	1.310	-1.590	6.076	-2.579	0.000000	0.000000
1684902869385	1684902869372	-8.272	-1.207	-0.687	-0.768	-0.572	1.699	-1.267	5.959	-2.646	0.000000	0.000000
1684902869394	1684902869385	-8.157	-1.405	-0.618	-0.941	-0.467	2.100	-1.276	5.631	-2.741	0.000000	0.000000
1684902869405	1684902869395	-8.116	-1.468	-0.541	-1.104	-0.375	2.469	-1.211	5.298	-2.682	0.000000	0.000000
1684902869415	1684902869405	-8.181	-1.609	-0.448	-1.249	-0.293	2.795	-0.958	4.954	-2.581	0.000000	0.000000
1684902869426	1684902869417	-8.181	-1.592	-0.220	-1.368	-0.193	3.102	-0.785	4.750	-2.466	0.000000	0.000000
1684902869436	1684902869426	-8.322	-1.721	0.014	-1.491	-0.078	3.390	-0.685	4.424	-2.320	0.000000	0.000000
1684902869457	1684902869437	-8.775	-2.045	0.165	-1.603	0.039	3.653	-0.503	4.231	-2.025	0.000000	0.000000
1684902869457	1684902869457	-9.469	-2.392	0.354	-1.686	0.148	3.886	-0.453	3.864	-1.712	0.000000	0.000000
1684902869463	1684902869457	-10.329	-2.650	0.551	-1.724	0.249	4.096	-0.706	3.278	-1.470	0.000000	0.000000
1684902869486	1684902869463	-11.126	-3.036	0.644	-1.717	0.324	4.285	-1.156	2.581	-1.161	0.000000	0.000000
1684902869487	1684902869487	-12.124	-3.359	0.781	-1.659	0.349	4.445	-1.856	2.066	-0.881	0.000000	0.000000
1684902869492	1684902869487	-13.001	-3.524	0.824	-1.550	0.351	4.575	-2.447	1.326	-0.678	0.000000	0.000000
1684902869502	1684902869501	-13.748	-3.639	0.555	-1.388	0.337	4.661	-3.256	0.634	-0.441	0.000000	0.000000
1684902869512	1684902869502	-14.090	-3.496	0.022	-1.196	0.279	4.685	-3.953	0.077	-0.306	0.000000	0.000000
1684902869525	1684902869513	-14.353	-3.290	-0.503	-1.009	0.176	4.657	-4.539	-0.445	-0.496	0.000000	0.000000
1684902869532	1684902869525	-14.485	-3.055	-1.116	-0.882	0.054	4.574	-4.726	-0.769	-0.962	0.000000	0.000000
1684902869542	1684902869532	-14.487	-2.895	-1.422	-0.836	-0.071	4.436	-4.882	-0.948	-1.451	0.000000	0.000000
1684902869551	1684902869542	-14.210	-2.923	-1.487	-0.881	-0.183	4.253	-4.915	-1.140	-2.040	0.000000	0.000000
1684902869562	1684902869552	-13.774	-3.093	-1.417	-0.993	-0.287	4.030	-4.843	-1.398	-2.339	0.000000	0.000000
1684902869571	1684902869562	-13.149	-3.371	-1.264	-1.147	-0.384	3.778	-4.508	-1.872	-2.411	0.000000	0.000000
1684902869581	1684902869571	-12.304	-3.522	-0.967	-1.318	-0.454	3.470	-4.041	-2.385	-2.358	0.000000	0.000000
1684902869590	1684902869581	-11.557	-3.723	-0.575	-1.470	-0.496	3.142	-3.400	-3.057	-2.239	0.000000	0.000000
1684902869600	1684902869591	-10.989	-3.836	-0.163	-1.585	-0.494	2.814	-2.552	-3.500	-1.980	0.000000	0.000000
1684902869610	1684902869601	-10.549	-3.737	0.139	-1.681	-0.440	2.481	-1.815	-3.991	-1.638	0.000000	0.000000
1684902869622	1684902869611	-10.391	-3.771	0.491	-1.770	-0.357	2.161	-1.264	-4.362	-1.281	0.000000	0.000000
1684902869631	1684902869622	-10.331	-3.759	0.637	-1.837	-0.243	1.874	-0.843	-4.484	-1.032	0.000000	0.000000
1684902869642	1684902869631	-10.341	-3.943	0.625	-1.877	-0.122	1.622	-0.709	-4.707	-0.730	0.000000	0.000000
1684902869651	1684902869642	-10.245	-3.984	0.474	-1.872	-0.009	1.401	-0.673	-4.870	-0.630	0.000000	0.000000
1684902869661	1684902869651	-10.230	-4.159	0.302	-1.819	0.082	1.221	-0.702	-5.174	-0.673	0.000000	0.000000
1684902869671	1684902869662	-10.185	-4.223	0.105	-1.706	0.160	1.086	-0.625	-5.334	-0.850	0.000000	0.000000
1684902869682	1684902869671	-10.039	-4.343	-0.024	-1.534	0.226	0.996	-0.625	-5.593	-1.039	0.000000	0.000000
1684902869691	1684902869682	-9.910	-4.391	0.036	-1.310	0.269	0.937	-0.594	-5.748	-1.245	0.000000	0.000000
1684902869701	1684902869691	-9.632	-4.453	0.101	-1.057	0.296	0.902	-0.460	-5.935	-1.377	0.000000	0.000000
1684902869712	1684902869701	-9.304	-4.477	0.127	-0.793	0.312	0.887	-0.345	-6.069	-1.312	0.000000	0.000000
1684902869722	1684902869712	-9.108	-4.446	0.227	-0.531	0.314	0.894	-0.077	-6.189	-1.240	0.000000	0.000000
1684902869731	1684902869722	-8.851	-4.475	0.330	-0.270	0.313	0.915	0.237	-6.294	-1.195	0.000000	0.000000
1684902869745	1684902869732	-8.806	-4.204	0.503	-0.033	0.312	0.942	0.421	-6.342	-1.075	0.000000	0.000000
1684902869754	1684902869745	-8.818	-3.886	0.520	0.137	0.303	0.951	0.663	-6.455	-0.948	0.000000	0.000000
1684902869763	1684902869754	-8.724	-3.745	0.603	0.227	0.298	0.942	0.694	-6.270	-0.745	0.000000	0.000000
1684902869774	1684902869763	-8.578	-3.747	0.706	0.239	0.297	0.918	0.666	-6.048	-0.690	0.000000	0.000000
1684902869784	1684902869774	-8.562	-3.654	0.709	0.191	0.280	0.875	0.754	-5.952	-0.575	0.000000	0.000000
1684902869794	1684902869784	-8.552	-3.677	0.668	0.101	0.250	0.815	0.893	-6.005	-0.433	0.000000	0.000000
1684902869806	1684902869795	-8.672	-3.685	0.546	-0.017	0.230	0.739	0.905	-5.942	-0.395	0.000000	0.000000
1684902869813	1684902869806	-8.736	-3.757	0.453	-0.139	0.213	0.652	0.915	-5.981	-0.405	0.000000	0.000000
1684902869826	1684902869813	-8.854	-3.852	0.309	-0.248	0.193	0.561	0.800	-5.986	-0.500	0.000000	0.000000
1684902869835	1684902869826	-9.227	-3.855	0.280	-0.346	0.175	0.464	0.740	-6.043	-0.572	0.000000	0.000000
1684902869846	1684902869835	-9.522	-3.876	0.249	-0.431	0.167	0.360	0.634	-6.103	-0.699	0.000000	0.000000
1684902869859	1684902869847	-9.476	-3.852	0.215	-0.512	0.167	0.241	0.271	-6.065	-0.713	0.000000	0.000000
1684902869867	1684902869859	-9.560	-3.785	0.038	-0.588	0.153	0.103	-0.007	-6.033	-0.733	0.000000	0.000000
1684902869887	1684902869868	-9.500	-3.675	-0.041	-0.663	0.138	-0.042	0.048	-5.952	-0.757	0.000000	0.000000
1684902869888	1684902869887	-9.469	-3.598	-0.151	-0.742	0.142	-0.195	-0.017	-5.818	-0.927	0.000000	0.000000
1684902869893	1684902869888	-9.483	-3.347	-0.266	-0.821	0.151	-0.354	0.057	-5.629	-0.998	0.000000	0.000000
1684902869904	1684902869893	-9.450	-3.321	-0.510	-0.910	0.162	-0.519	0.108	-5.464	-1.104	0.000000	0.000000
1684902869913	1684902869904	-10.262	-3.122	-0.783	-0.994	0.184	-0.679	0.113	-5.107	-1.211	0.000000	0.000000
1684902869924	1684902869914	-11.839	-3.199	-0.819	-1.069	0.226	-0.810	0.170	-4.958	-1.446	0.000000	0.000000
1684902869933	1684902869925	-13.448	-3.503	-0.651	-1.113	0.323	-0.881	-0.618	-4.621	-1.707	0.000000	0.000000
1684902869946	1684902869934	-14.451	-3.795	-0.613	-1.135	0.423	-0.932	-2.172	-4.554	-1.726	0.000000	0.000000
1684902869954	1684902869947	-14.691	-3.484	-0.558	-1.164	0.417	-1.007	-3.766	-4.755	-1.542	0.000000	0.000000
1684902869965	1684902869955	-14.030	-3.086	-0.687	-1.250	0.335	-1.114	-4.757	-4.956	-1.477	0.000000	0.000000
1684902869976	1684902869965	-12.864	-2.950	-0.929	-1.383	0.261	-1.266	-4.980	-4.525	-1.393	0.000000	0.000000
1684902869988	1684902869976	-11.523	-2.528	-0.903	-1.526	0.220	-1.431	-4.307	-4.022	-1.504	0.000000	0.000000
1684902869995	1684902869988	-10.357	-2.380	-0.678	-1.666	0.213	-1.593	-3.127	-3.752	-1.733	0.000000	0.000000
1684902870003	1684902869995	-9.438	-2.555	-0.316	-1.781	0.257	-1.764	-1.774	-3.177	-1.695	0.000000	0.000000
1684902870012	1684902870003	-9.239	-3.084	0.012	-1.822	0.346	-1.922	-0.596	-2.844	-1.458	0.000000	0.000000
1684902870022	1684902870012	-9.503	-3.579	0.326	-1.730	0.485	-2.048	0.330	-2.851	-1.080	0.000000	0.000000
1684902870033	1684902870022	-10.372	-3.974	0.505	-1.464	0.683	-2.138	0.534	-3.179	-0.721	0.000000	0.000000
1684902870043	1684902870033	-12.139	-3.522	0.773	-1.045	0.881	-2.200	0.275	-3.462	-0.359	0.000000	0.000000
1684902870051	1684902870043	-13.982	-3.359	0.931	-0.119	1.196	-2.327	-0.594	-3.639	-0.110	0.000000	0.000000
1684902870062	1684902870051	-14.902	-3.725	0.754	-0.119	1.196	-2.327	-2.365	-2.964	0.247	0.000000	0.000000
1684902870071	1684902870062	-14.564	-3.551	0.215	0.385	1.307	-2.369	-4.221	-2.528	0.546	0.000000	0.000000
1684902870082	1684902870071	-13.925	-2.866	-0.345	0.897	1.264	-2.445	-5.155	-2.713	0.462	0.000000	0.000000
1684902870091	1684902870082	-13.348	-2.339	-0.606	1.404	1.159	-2.552	-4.841	-2.308	0.048	0.000000	0.000000
1684902870103	1684902870092	-12.910	-2.037	-0.656	1.826	1.104	-2.628	-4.233	-1.386	-0.400	0.000000	0.000000
1684902870111	1684902870103	-12.385	-1.884	-0.699	2.127	1.058	-2.678	-3.697	-0.613	-0.572	0.000000	0.000000
1684902870122	1684902870112	-12.143	-1.633	-0.632	2.335	0.977	-2.718	-3.309	-0.057	-0.551	0.000000	0.000000
1684902870132	1684902870122	-11.926	-1.472	-0.541	2.497	0.887	-2.728	-2.849	0.378	-0.532	0.000000	0.000000
1684902870144	1684902870132	-11.933	-1.346	-0.275	2.638	0.803	-2.701	-2.667	0.867	-0.431	0.000000	0.000000
1684902870152	1684902870145	-11.760	-1.085	-0.134	2.790	0.617	-2.589	-2.521	1.290	-0.321	0.000000	0.000000
1684902870164	1684902870153	-11.231	-0.881	0.024	2.790	0.617	-2.589	-2.610	1.676	-0.057	0.000000	0.000000
1684902870173	1684902870165	-10.010	-0.879	-0.026	2.673	0.387	-2.424	-2.528	2.207	0.048	0.000000	0.000000
1684902870184	1684902870173	-9.433	-0.895	0.005	2.507	0.270	-2.331	-2.078	2.629	0.172	0.000000	0.000000
1684902870194	1684902870184	-9.031	-0.883	0.036	2.296	0.182	-2.220	-0.965	2.899	0.048	0.000000	0.000000
1684902870205	1684902870194	-8.875	-0.898	0.069	2.050	0.115	-2.109	-0.460	3.053	0.019	0.000000	0.000000
1684902870215	1684902870205	-8.693	-0.826	0.158	1.797	0.059	-1.999	-0.156	3.282	-0.031	0.000000	0.000000
1684902870227	1684902870215	-8.669	-0.697	0.034	1.542	0.013	-1.886	-0.081	3.433	-0.067	0.000000	0.000000
1684902870236	1684902870228	-8.645	-0.646	0.098	1.290	-0.026	-1.780	0.002	3.694	-0.060	0.000000	0.000000
1684902870247	1684902870236	-8.581	-0.486	0.153	1.056	-0.059	-1.680	-0.050	3.967	-0.247	0.000000	0.000000
1684902870257	1684902870247	-8.653	-0.536	0.089	0.844	-0.092	-1.578	-0.127	4.195	-0.259	0.000000	0.000000
1684902870264	1684902870257	-8.696	-0.646	0.079	0.666	-0.127	-1.472	-0.136	4.480	-0.256	0.000000	0.000000
1684902870285	1684902870266	-8.674	-0.383	0.208	0.519	-0.170	-1.351	-0.297	4.573	-0.376	0.000000	0.000000
1684902870286	1684902870285	-8.801	-0.596	-0.069	0.403	-0.220	-1.221	-0.402	4.556	-0.421	0.000000	0.000000
1684902870294	1684902870286	-9.160	0.012	0.867	0.342	-0.296	-1.057	-0.431	4.896	-0.330	0.000000	0.000000
1684902870304	1684902870295	-8.701	0.637	0.776	0.370	-0.437	-0.804	-0.601	4.745	-0.644	0.000000	0.000000
1684902870314	1684902870305	-8.425	-0.342	0.077	0.258	-0.551	-0.815	-1.006	5.418	0.247	0.000000	0.000000
1684902870326	1684902870315	-8.782	-1.140	-0.036	0.049	-0.681	-0.728	-0.567	6.072	0.108	0.000000	0.000000
1684902870334	1684902870326	-9.175	-0.876	0.093	-0.191	-0.705	-0.517	-0.326	5.136	-0.646	0.000000	0.000000
1684902870347	1684902870334	-9.117	-0.364	-0.022	-0.325	-0.679	-0.431	-0.718	4.381	-0.814	0.000000	0.000000
1684902870355	1684902870347	-8.863	-0.280	-0.201	-0.354	-0.770	-0.329	-1.137	4.676	-0.730	0.000000	0.000000
1684902870366	1684902870355	-8.981	-0.237	-0.354	-0.329	-0.922	-0.145	-1.099	5.212	-0.881	0.000000	0.000000
1684902870376	1684902870367	-9.359	-0.086	-0.302	-0.386	-1.071	0.094	-0.864	5.318	-1.109	0.000000	0.000000
1684902870386	1684902870376	-9.428	-0.010	-0.429	-0.558	-1.113	0.243	-0.986	5.358	-1.302	0.000000	0.000000
1684902870395	1684902870386	-9.285	-0.335	-0.553	-0.830	-1.200	0.364	-1.360	5.492	-1.312	0.000000	0.000000
1684902870408	1684902870396	-9.055	-0.515	-0.644	-1.146	-1.339	0.514	-1.417	5.540	-1.494	0.000000	0.000000
1684902870416	1684902870409	-9.019	-0.649	-0.536	-1.451	-1.456	0.659	-1.250	5.174	-1.662	0.000000	0.000000
1684902870425	1684902870416	-8.756	-0.730	-0.453	-1.748	-1.574	0.804	-0.991	4.944	-1.793	0.000000	0.000000
1684902870437	1684902870426	-8.528	-0.781	-0.412	-2.021	-1.692	0.932	-0.919	4.748	-1.721	0.000000	0.000000
1684902870448	1684902870437	-8.569	-0.790	-0.558	-2.242	-1.820	1.063	-0.620	4.606	-1.659	0.000000	0.000000
1684902870460	1684902870449	-9.342	-0.730	-0.929	-2.437	-1.960	1.194	-0.352	4.487	-1.645	0.000000	0.000000
1684902870469	1684902870460	-10.695	-0.611	-1.300	-2.635	-2.082	1.335	-0.352	4.408	-1.817	0.000000	0.000000
1684902870489	1684902870469	-11.880	-0.352	-1.750	-2.877	-2.180	1.534	-1.080	4.386	-2.224	0.000000	0.000000
1684902870489	1684902870489	-12.756	-0.326	-2.397	-3.191	-2.307	1.739	-2.389	4.424	-2.626	0.000000	0.000000
1684902870493	1684902870489	-13.261	-0.488	-3.005	-3.597	-2.508	1.902	-3.500	4.554	-3.103	0.000000	0.000000
1684902870504	1684902870494	-13.637	-0.725	-3.601	-4.067	-2.729	2.057	-4.331	4.489	-3.785	0.000000	0.000000
1684902870513	1684902870504	-14.071	-0.883	-4.094	-4.540	-2.931	2.214	-4.781	4.216	-4.434	0.000000	0.000000
1684902870526	1684902870514	-14.248	-1.255	-4.642	-5.023	-3.123	2.351	-5.100	3.862	-5.073	0.000000	0.000000
1684902870533	1684902870528	-14.432	-1.623	-4.975	-5.519	-3.294	2.470	-5.478	3.582	-5.612	0.000000	0.000000
1684902870544	1684902870533	-14.485	-1.844	-5.066	-6.030	-3.440	2.555	-5.600	3.086	-6.208	0.000000	0.000000
1684902870553	1684902870544	-14.289	-2.258	-5.047	-6.555	-3.553	2.568	-5.725	2.579	-6.596	0.000000	0.000000
1684902870563	1684902870554	-13.882	-2.662	-4.966	-7.064	-3.629	2.523	-5.734	2.246	-6.732	0.000000	0.000000
1684902870573	1684902870563	-13.300	-3.053	-4.954	-7.515	-3.659	2.434	-5.490	1.705	-6.766	0.000000	0.000000
1684902870584	1684902870573	-12.802	-3.062	-4.678	-7.884	-3.658	2.303	-5.049	1.211	-6.723	0.000000	0.000000
1684902870593	1684902870585	-12.476	-3.491	-4.413	-8.154	-3.665	2.156	-4.439	0.740	-6.747	0.000000	0.000000
1684902870604	1684902870593	-11.983	-3.955	-4.025	-8.272	-3.643	2.038	-3.922	0.668	-6.500	0.000000	0.000000
1684902870613	1684902870604	-11.645	-4.305	-3.553	-8.197	-3.570	1.977	-3.582	0.192	-6.261	0.000000	0.000000
1684902870623	1684902870613	-11.308	-4.549	-3.100	-7.925	-3.492	1.941	-3.081	-0.294	-5.890	0.000000	0.000000
1684902870632	1684902870623	-11.190	-4.460	-2.727	-7.451	-3.399	1.939	-2.739	-0.668	-5.437	0.000000	0.000000
1684902870646	1684902870633	-11.293	-4.319	-2.528	-6.809	-3.264	1.979	-2.397	-0.934	-5.009	0.000000	0.000000
1684902870653	1684902870646	-11.382	-4.216	-2.538	-6.056	-3.102	2.045	-2.274	-0.874	-4.669	0.000000	0.000000
1684902870663	1684902870653	-11.492	-3.996	-2.835	-5.258	-2.937	2.117	-2.373	-0.776	-4.520	0.000000	0.000000
1684902870673	1684902870664	-11.298	-3.646	-3.304	-4.485	-2.778	2.173	-2.449	-0.749	-4.614	0.000000	0.000000
1684902870684	1684902870673	-11.047	-3.349	-3.632	-3.790	-2.621	2.200	-2.552	-0.584	-4.968	0.000000	0.000000
1684902870694	1684902870684	-10.738	-3.292	-3.994	-3.214	-2.463	2.195	-2.344	-0.333	-5.535	0.000000	0.000000
1684902870705	1684902870694	-10.381	-3.349	-4.152	-2.745	-2.298	2.169	-2.083	-0.146	-5.974	0.000000	0.000000
1684902870714	1684902870705	-9.972	-3.517	-4.061	-2.402	-2.127	2.111	-1.762	-0.208	-6.455	0.000000	0.000000
1684902870724	1684902870714	-9.629	-3.436	-3.840	-2.170	-1.965	2.004	-1.398	-0.390	-6.737	0.000000	0.000000
1684902870735	1684902870725	-9.388	-3.347	-3.666	-2.043	-1.813	1.848	-0.984	-0.709	-6.792	0.000000	0.000000
1684902870746	1684902870735	-9.301	-2.995	-3.445	-2.022	-1.664	1.655	-0.642	-0.723	-6.665	0.000000	0.000000
1684902870755	1684902870747	-9.273	-2.715	-3.314	-2.087	-1.515	1.444	-0.402	-0.754	-6.610	0.000000	0.000000
1684902870766	1684902870755	-9.280	-2.454	-3.148	-2.224	-1.376	1.225	-0.323	-0.481	-6.479	0.000000	0.000000
1684902870777	1684902870768	-9.199	-2.401	-3.129	-2.397	-1.256	1.007	-0.306	-0.280	-6.448	0.000000	0.000000
1684902870787	1684902870777	-9.148	-2.617	-3.005	-2.567	-1.145	0.797	-0.326	-0.050	-6.337	0.000000	0.000000
1684902870797	1684902870788	-9.091	-2.794	-2.969	-2.689	-1.035	0.607	-0.263	-0.012	-6.385	0.000000	0.000000
1684902870807	1684902870797	-9.079	-2.928	-2.895	-2.749	-0.925	0.441	-0.230	-0.215	-6.297	0.000000	0.000000
1684902870817	1684902870807	-9.108	-2.998	-2.919	-2.745	-0.821	0.304	-0.192	-0.359	-6.287	0.000000	0.000000
1684902870829	1684902870818	-9.108	-2.957	-2.959	-2.693	-0.720	0.198	-0.201	-0.441	-6.227	0.000000	0.000000
1684902870837	1684902870830	-8.945	-2.816	-2.897	-2.618	-0.626	0.115	-0.249	-0.445	-6.256	0.000000	0.000000
1684902870850	1684902870837	-8.823	-2.756	-2.940	-2.552	-0.535	0.043	-0.268	-0.333	-6.290	0.000000	0.000000
1684902870864	1684902870850	-8.693	-2.696	-2.792	-2.498	-0.452	-0.022	-0.124	-0.105	-6.211	0.000000	0.000000
1684902870865	1684902870865	-8.602	-2.684	-2.696	-2.446	-0.371	-0.070	-0.017	0.024	-6.232	0.000000	0.000000
1684902870888	1684902870865	-8.382	-2.658	-2.440	-2.379	-0.294	-0.098	0.093	0.175	-6.048	0.000000	0.000000
1684902870889	1684902870889	-8.341	-2.497	-2.365	-2.290	-0.228	-0.110	0.192	0.268	-5.863	0.000000	0.000000
1684902870896	1684902870889	-8.437	-2.373	-2.207	-2.197	-0.170	-0.110	0.400	0.378	-5.559	0.000000	0.000000
1684902870909	1684902870896	-8.566	-2.188	-2.102	-2.118	-0.112	-0.103	0.455	0.622	-5.358	0.000000	0.000000
1684902870915	1684902870909	-8.792	-2.124	-1.987	-2.061	-0.057	-0.089	0.352	0.831	-5.138	0.000000	0.000000
1684902870929	1684902870916	-9.093	-2.169	-2.028	-2.028	-0.012	-0.073	0.237	1.077	-4.915	0.000000	0.000000
1684902870935	1684902870930	-9.574	-2.119	-1.987	-2.017	0.023	-0.050	0.026	1.207	-4.678	0.000000	0.000000
1684902870948	1684902870935	-9.627	-2.145	-1.906	-2.023	0.056	-0.013	-0.259	1.219	-4.597	0.000000	0.000000
1684902870956	1684902870948	-9.349	-2.272	-1.925	-2.037	0.087	0.034	-0.723	1.319	-4.429	0.000000	0.000000
1684902870966	1684902870956	-8.789	-2.284	-1.741	-2.051	0.093	0.073	-0.757	1.336	-4.211	0.000000	0.000000
1684902870976	1684902870966	-8.365	-2.258	-1.621	-2.065	0.070	0.103	-0.455	1.247	-4.070	0.000000	0.000000
1684902870986	1684902870976	-8.272	-2.246	-1.566	-2.083	0.048	0.138	0.129	1.252	-3.752	0.000000	0.000000
1684902870996	1684902870986	-8.401	-2.270	-1.499	-2.110	0.049	0.189	0.577	1.298	-3.488	0.000000	0.000000
1684902871008	1684902870996	-8.662	-2.169	-1.441	-2.151	0.059	0.249	0.692	1.324	-3.302	0.000000	0.000000
1684902871017	1684902871008	-9.026	-2.193	-1.551	-2.208	0.056	0.307	0.582	1.307	-3.110	0.000000	0.000000
1684902871027	1684902871017	-9.380	-2.239	-1.549	-2.268	0.038	0.365	0.340	1.410	-2.935	0.000000	0.000000
1684902871035	1684902871028	-9.792	-2.330	-1.609	-2.318	0.015	0.432	0.000	1.381	-2.919	0.000000	0.000000
1684902871047	1684902871037	-10.283	-2.468	-1.748	-2.353	-0.012	0.506	-0.333	1.324	-2.806	0.000000	0.000000
1684902871058	1684902871048	-10.812	-2.617	-1.879	-2.369	-0.038	0.594	-0.718	1.207	-2.741	0.000000	0.000000
1684902871067	1684902871059	-11.044	-2.794	-1.963	-2.354	-0.064	0.698	-1.180	1.030	-2.746	0.000000	0.000000
1684902871082	1684902871067	-11.150	-2.933	-2.049	-2.308	-0.086	0.814	-1.671	0.821	-2.722	0.000000	0.000000
1684902871085	1684902871084	-11.095	-3.163	-1.781	-2.230	-0.103	0.935	-1.882	0.603	-2.739	0.000000	0.000000
1684902871094	1684902871085	-10.896	-3.417	-1.427	-2.132	-0.104	1.062	-1.958	0.402	-2.749	0.000000	0.000000
1684902871107	1684902871094	-10.664	-3.620	-0.838	-2.023	-0.086	1.186	-1.875	0.108	-2.423	0.000000	0.000000
1684902871115	1684902871107	-10.324	-3.974	-0.249	-1.906	-0.046	1.302	-1.642	-0.230	-2.009	0.000000	0.000000
1684902871127	1684902871115	-9.955	-4.322	0.393	-1.761	0.009	1.405	-1.374	-0.532	-1.365	0.000000	0.000000
1684902871134	1684902871128	-9.754	-4.705	0.982	-1.576	0.072	1.495	-0.994	-0.998	-0.721	0.000000	0.000000
1684902871145	1684902871134	-9.572	-4.978	1.492	-1.351	0.138	1.564	-0.584	-1.468	-0.026	0.000000	0.000000
1684902871154	1684902871145	-9.503	-5.205	1.796	-1.086	0.200	1.618	-0.338	-1.999	0.615	0.000000	0.000000
1684902871164	1684902871154	-9.665	-5.322	1.791	-0.783	0.254	1.654	-0.117	-2.401	1.168	0.000000	0.000000
1684902871174	1684902871164	-9.850	-5.236	1.671	-0.464	0.288	1.670	-0.002	-2.794	1.525	0.000000	0.000000
1684902871185	1684902871174	-10.130	-5.200	1.377	-0.156	0.303	1.664	-0.132	-3.050	1.559	0.000000	0.000000
1684902871193	1684902871185	-10.405	-5.042	0.984	0.131	0.291	1.633	-0.278	-3.124	1.475	0.000000	0.000000
1684902871204	1684902871193	-10.590	-4.978	0.484	0.374	0.269	1.585	-0.524	-3.247	1.214	0.000000	0.000000
1684902871214	1684902871204	-10.702	-4.918	0.115	0.578	0.238	1.516	-0.761	-3.278	0.852	0.000000	0.000000
1684902871225	1684902871215	-10.616	-4.757	-0.134	0.744	0.195	1.427	-0.924	-3.335	0.366	0.000000	0.000000
1684902871234	1684902871225	-10.386	-4.487	-0.354	0.866	0.142	1.313	-1.010	-3.438	0.012	0.000000	0.000000
1684902871246	1684902871234	-10.204	-4.137	-0.457	0.938	0.078	1.177	-0.907	-3.402	-0.225	0.000000	0.000000
1684902871254	1684902871246	-9.986	-3.826	-0.484	0.941	0.010	1.018	-0.658	-3.273	-0.443	0.000000	0.000000
1684902871264	1684902871254	-9.826	-3.438	-0.433	0.859	-0.062	0.838	-0.464	-3.029	-0.551	0.000000	0.000000
1684902871274	1684902871265	-9.627	-3.266	-0.247	0.700	-0.137	0.639	-0.232	-2.847	-0.587	0.000000	0.000000
1684902871285	1684902871274	-9.258	-3.184	-0.079	0.479	-0.214	0.425	-0.065	-2.516	-0.548	0.000000	0.000000
1684902871294	1684902871285	-9.117	-3.230	-0.062	0.221	-0.296	0.203	0.136	-2.413	-0.381	0.000000	0.000000
1684902871306	1684902871295	-8.875	-3.158	0.093	-0.050	-0.373	-0.023	0.510	-2.375	-0.239	0.000000	0.000000
1684902871316	1684902871307	-8.808	-3.297	0.113	-0.313	-0.429	-0.246	0.651	-2.435	-0.251	0.000000	0.000000
1684902871325	1684902871316	-8.880	-3.469	0.019	-0.541	-0.463	-0.447	0.891	-2.339	-0.132	0.000000	0.000000
1684902871336	1684902871325	-8.990	-3.543	-0.005	-0.693	-0.475	-0.611	0.950	-2.416	-0.151	0.000000	0.000000
1684902871347	1684902871336	-9.033	-3.773	0.050	-0.768	-0.475	-0.748	0.869	-2.500	-0.275	0.000000	0.000000
1684902871356	1684902871348	-9.072	-3.826	-0.057	-0.777	-0.483	-0.875	0.745	-2.454	-0.330	0.000000	0.000000
1684902871367	1684902871356	-9.445	-3.776	-0.244	-0.745	-0.495	-0.991	0.685	-2.543	-0.304	0.000000	0.000000
1684902871378	1684902871368	-10.123	-3.728	-0.725	-0.700	-0.503	-1.091	0.622	-2.433	-0.443	0.000000	0.000000
1684902871389	1684902871379	-11.071	-3.517	-1.082	-0.657	-0.485	-1.169	0.225	-2.224	-0.649	0.000000	0.000000
1684902871399	1684902871389	-11.739	-3.421	-1.283	-0.628	-0.436	-1.224	-0.484	-1.992	-1.156	0.000000	0.000000
1684902871408	1684902871399	-11.674	-3.335	-1.317	-0.600	-0.382	-1.271	-1.463	-1.623	-1.528	0.000000	0.000000
1684902871420	1684902871408	-11.123	-3.098	-1.221	-0.578	-0.376	-1.335	-2.162	-1.377	-1.741	0.000000	0.000000
1684902871431	1684902871420	-10.439	-2.875	-0.912	-0.561	-0.395	-1.415	-2.126	-1.166	-1.798	0.000000	0.000000
1684902871438	1684902871431	-10.125	-2.722	-0.587	-0.552	-0.380	-1.498	-1.607	-0.797	-1.726	0.000000	0.000000
1684902871449	1684902871438	-10.080	-2.593	-0.306	-0.563	-0.308	-1.582	-0.958	-0.438	-1.441	0.000000	0.000000
1684902871463	1684902871452	-10.104	-2.468	-0.067	-0.602	-0.192	-1.653	-0.687	-0.124	-1.140	0.000000	0.000000
1684902871466	1684902871463	-10.218	-2.715	0.005	-0.670	-0.067	-1.717	-0.680	0.139	-0.871	0.000000	0.000000
1684902871484	1684902871469	-10.240	-2.787	0.192	-0.728	0.048	-1.775	-0.757	0.438	-0.634	0.000000	0.000000
1684902871488	1684902871485	-10.221	-2.816	0.290	-0.745	0.161	-1.820	-0.919	0.338	-0.548	0.000000	0.000000
1684902871497	1684902871488	-10.142	-2.895	0.503	-0.700	0.279	-1.845	-0.996	0.433	-0.333	0.000000	0.000000
1684902871506	1684902871497	-10.008	-2.897	0.694	-0.597	0.382	-1.842	-1.034	0.575	-0.192	0.000000	0.000000
1684902871516	1684902871506	-9.902	-2.844	0.965	-0.454	0.473	-1.813	-1.022	0.680	0.079	0.000000	0.000000
1684902871527	1684902871518	-9.792	-2.986	1.161	-0.288	0.545	-1.763	-0.946	0.824	0.323	0.000000	0.000000
1684902871535	1684902871527	-9.646	-3.029	1.429	-0.103	0.596	-1.699	-0.903	1.032	0.656	0.000000	0.000000
1684902871548	1684902871536	-9.589	-3.199	1.889	0.120	0.624	-1.624	-0.855	1.037	0.915	0.000000	0.000000
1684902871556	1684902871550	-9.725	-3.194	2.205	0.373	0.638	-1.532	-0.769	1.125	1.238	0.000000	0.000000
1684902871567	1684902871556	-9.871	-3.184	2.579	0.657	0.638	-1.436	-0.766	1.075	1.743	0.000000	0.000000
1684902871576	1684902871568	-10.151	-2.931	2.792	0.938	0.615	-1.341	-0.970	1.214	2.097	0.000000	0.000000
1684902871588	1684902871577	-10.455	-2.744	2.940	1.164	0.569	-1.250	-1.152	1.298	2.478	0.000000	0.000000
1684902871597	1684902871588	-10.664	-2.531	3.110	1.332	0.509	-1.169	-1.494	1.666	2.703	0.000000	0.000000
1684902871610	1684902871598	-10.760	-2.380	3.306	1.429	0.436	-1.095	-1.856	1.961	2.847	0.000000	0.000000
1684902871619	1684902871610	-10.783	-2.033	3.553	1.461	0.343	-1.026	-2.119	2.272	2.998	0.000000	0.000000
1684902871628	1684902871619	-10.733	-1.760	4.022	1.442	0.231	-0.963	-2.267	2.514	3.160	0.000000	0.000000
1684902871638	1684902871628	-10.661	-1.393	4.554	1.388	0.103	-0.900	-2.351	2.962	3.357	0.000000	0.000000
1684902871649	1684902871640	-10.429	-0.860	4.927	1.321	-0.029	-0.827	-2.339	3.297	3.783	0.000000	0.000000
1684902871662	1684902871649	-10.118	-0.323	5.092	1.255	-0.169	-0.731	-2.313	3.735	4.252	0.000000	0.000000
1684902871669	1684902871663	-9.797	0.115	5.054	1.162	-0.327	-0.612	-2.124	4.334	4.556	0.000000	0.000000
1684902871687	1684902871682	-9.572	0.302	4.764	1.018	-0.509	-0.474	-1.853	4.932	4.633	0.000000	0.000000
1684902871688	1684902871688	-9.467	0.338	4.372	0.797	-0.685	-0.325	-1.563	5.411	4.515	0.000000	0.000000
1684902871696	1684902871688	-9.328	0.340	3.881	0.486	-0.843	-0.169	-1.372	5.636	4.111	0.000000	0.000000
1684902871708	1684902871697	-9.321	0.249	3.565	0.112	-0.998	-0.005	-1.286	5.689	3.639	0.000000	0.000000
1684902871718	1684902871709	-9.292	-0.132	3.285	-0.281	-1.142	0.172	-1.164	5.703	3.043	0.000000	0.000000
1684902871728	1684902871718	-9.201	-0.680	2.878	-0.629	-1.284	0.358	-1.164	5.612	2.648	0.000000	0.000000
1684902871737	1684902871728	-9.098	-0.812	2.500	-0.870	-1.423	0.552	-1.137	5.217	2.282	0.000000	0.000000
1684902871748	1684902871738	-9.045	-0.807	2.174	-1.014	-1.554	0.734	-1.041	4.647	1.803	0.000000	0.000000
1684902871757	1684902871749	-8.875	-0.869	2.128	-1.251	-1.761	1.010	-0.922	4.477	1.348	0.000000	0.000000
1684902871770	1684902871758	-8.904	-1.087	2.167	-1.251	-1.761	1.010	-0.852	4.439	0.955	0.000000	0.000000
1684902871779	1684902871770	-9.026	-1.563	2.121	-1.395	-1.833	1.125	-0.649	4.302	0.824	0.000000	0.000000
1684902871792	1684902871780	-9.105	-1.901	2.073	-1.505	-1.892	1.241	-0.651	4.025	0.788	0.000000	0.000000
1684902871797	1684902871793	-9.141	-2.234	1.997	-1.550	-1.944	1.360	-0.742	3.474	0.663	0.000000	0.000000
1684902871809	1684902871799	-9.124	-2.399	1.923	-1.550	-1.985	1.455	-0.788	3.055	0.534	0.000000	0.000000
1684902871819	1684902871809	-9.196	-2.504	1.930	-1.536	-1.995	1.532	-0.752	2.562	0.338	0.000000	0.000000
1684902871830	1684902871820	-9.139	-2.705	1.820	-1.538	-1.979	1.605	-0.704	2.310	0.180	0.000000	0.000000
1684902871839	1684902871830	-9.158	-2.732	1.678	-1.548	-1.945	1.675	-0.709	2.040	0.074	0.000000	0.000000
1684902871851	1684902871839	-9.251	-2.636	1.468	-1.542	-1.905	1.740	-0.587	1.666	-0.148	0.000000	0.000000
1684902871864	1684902871851	-9.311	-2.377	1.197	-1.531	-1.812	1.853	-0.575	1.528	-0.388	0.000000	0.000000
1684902871869	1684902871864	-9.407	-2.181	0.838	-1.531	-1.812	1.853	-0.634	1.508	-0.699	0.000000	0.000000
1684902871888	1684902871870	-9.584	-2.274	-0.211	-1.677	-1.698	1.910	-0.622	1.549	-1.077	0.000000	0.000000
1684902871889	1684902871888	-9.606	-2.500	-0.690	-1.801	-1.662	1.914	-0.661	1.583	-1.504	0.000000	0.000000
1684902871897	1684902871889	-9.811	-2.828	-0.855	-1.960	-1.629	1.903	-0.778	1.300	-2.614	0.000000	0.000000
1684902871909	1684902871897	-9.934	-3.297	-0.970	-2.121	-1.585	1.868	-0.742	0.900	-3.136	0.000000	0.000000
1684902871917	1684902871911	-9.840	-3.620	-0.824	-2.249	-1.541	1.819	-0.924	0.453	-3.381	0.000000	0.000000
1684902871928	1684902871917	-9.675	-3.788	-0.821	-2.329	-1.506	1.762	-1.027	-0.127	-3.567	0.000000	0.000000
1684902871938	1684902871929	-9.354	-3.747	-0.764	-2.329	-1.491	1.697	-0.917	-0.565	-3.496	0.000000	0.000000
1684902871949	1684902871938	-9.048	-3.788	-0.697	-2.270	-1.477	1.629	-0.740	-0.816	-3.551	0.000000	0.000000
1684902871958	1684902871950	-8.787	-3.649	-0.563	-2.143	-1.437	1.567	-0.409	-0.864	-3.560	0.000000	0.000000
1684902871970	1684902871958	-8.487	-3.594	-0.388	-1.978	-1.350	1.505	-0.098	-0.986	-3.560	0.000000	0.000000
1684902871980	1684902871970	-8.188	-3.546	-0.362	-1.773	-1.247	1.438	0.160	-0.934	-3.503	0.000000	0.000000
1684902871990	1684902871980	-7.913	-3.244	-0.302	-1.554	-1.142	1.376	0.481	-0.929	-3.314	0.000000	0.000000
1684902872000	1684902871992	-7.712	-3.153	-0.323	-1.346	-1.027	1.322	0.800	-0.946	-3.282	0.000000	0.000000
1684902872011	1684902872000	-7.626	-3.096	-0.460	-1.148	-0.910	1.275	1.094	-0.692	-3.213	0.000000	0.000000
1684902872021	1684902872011	-7.602	-3.165	-0.503	-0.993	-0.798	1.228	1.310	-0.663	-3.242	0.000000	0.000000
1684902872031	1684902872021	-7.597	-3.244	-0.546	-0.871	-0.681	1.174	1.401	-0.687	-3.431	0.000000	0.000000
1684902872040	1684902872032	-7.786	-3.366	-0.402	-0.743	-0.556	1.129	1.429	-0.838	-3.524	0.000000	0.000000
1684902872052	1684902872041	-7.867	-3.326	-0.187	-0.607	-0.421	1.104	1.439	-0.996	-3.608	0.000000	0.000000
1684902872070	1684902872053	-7.966	-3.352	-0.113	-0.469	-0.285	1.091	1.262	-1.211	-3.500	0.000000	0.000000
1684902872070	1684902872070	-8.016	-3.366	-0.060	-0.334	-0.167	1.082	1.188	-1.235	-3.306	0.000000	0.000000
1684902872089	1684902872071	-8.035	-3.452	0.067	-0.224	-0.068	1.079	1.106	-1.362	-3.251	0.000000	0.000000
1684902872092	1684902872091	-8.001	-3.455	0.206	-0.148	0.022	1.076	1.068	-1.448	-3.206	0.000000	0.000000
1684902872098	1684902872092	-8.040	-3.457	0.326	-0.133	0.112	1.069	1.068	-1.626	-3.081	0.000000	0.000000
1684902872110	1684902872098	-8.131	-3.584	0.345	-0.175	0.198	1.053	1.120	-1.721	-2.938	0.000000	0.000000
1684902872119	1684902872111	-8.243	-3.821	0.345	-0.255	0.287	1.045	1.109	-1.836	-2.801	0.000000	0.000000
1684902872130	1684902872119	-8.317	-4.221	0.290	-0.343	0.371	1.040	1.034	-2.035	-2.765	0.000000	0.000000
1684902872137	1684902872130	-8.325	-4.463	0.311	-0.415	0.442	1.032	0.950	-2.370	-2.734	0.000000	0.000000
1684902872150	1684902872137	-8.483	-4.815	0.362	-0.469	0.505	1.021	0.898	-2.847	-2.753	0.000000	0.000000
1684902872159	1684902872150	-8.624	-5.006	0.462	-0.492	0.572	1.003	0.922	-3.175	-2.677	0.000000	0.000000
1684902872168	1684902872159	-8.871	-5.313	0.532	-0.492	0.641	0.975	0.790	-3.589	-2.571	0.000000	0.000000
1684902872180	1684902872170	-9.072	-5.313	0.603	-0.474	0.711	0.942	0.687	-3.864	-2.380	0.000000	0.000000
1684902872191	1684902872181	-9.385	-5.555	0.498	-0.441	0.782	0.905	0.464	-4.197	-2.243	0.000000	0.000000
1684902872201	1684902872191	-9.668	-5.741	0.441	-0.392	0.853	0.865	0.299	-4.238	-2.066	0.000000	0.000000
1684902872212	1684902872201	-9.996	-5.930	0.309	-0.325	0.926	0.827	0.014	-4.487	-2.069	0.000000	0.000000
1684902872220	1684902872212	-10.329	-6.158	0.378	-0.247	1.005	0.786	-0.232	-4.752	-2.035	0.000000	0.000000
1684902872231	1684902872220	-10.942	-6.467	0.517	-0.160	1.087	0.739	-0.532	-4.944	-2.057	0.000000	0.000000
1684902872240	1684902872231	-12.148	-6.984	0.445	-0.056	1.166	0.687	-0.828	-5.215	-1.851	0.000000	0.000000
1684902872253	1684902872240	-13.230	-7.568	0.239	0.094	1.255	0.641	-1.417	-5.557	-1.621	0.000000	0.000000
1684902872270	1684902872253	-13.317	-7.793	0.225	0.302	1.359	0.597	-2.591	-6.146	-1.571	0.000000	0.000000
1684902872271	1684902872271	-13.034	-7.829	0.254	0.518	1.429	0.529	-3.644	-6.792	-1.657	0.000000	0.000000
1684902872277	1684902872271	-13.223	-7.858	0.436	0.734	1.462	0.428	-3.699	-7.087	-1.530	0.000000	0.000000
1684902872297	1684902872278	-13.479	-7.898	0.565	0.951	1.520	0.302	-3.390	-7.178	-1.381	0.000000	0.000000
1684902872298	1684902872297	-13.575	-7.800	0.845	1.202	1.627	0.143	-3.551	-7.264	-1.049	0.000000	0.000000
1684902872308	1684902872298	-13.324	-7.558	1.341	1.519	1.743	-0.040	-3.788	-7.343	-0.790	0.000000	0.000000
1684902872316	1684902872308	-13.156	-7.582	2.028	1.895	1.850	-0.253	-3.862	-7.274	-0.359	0.000000	0.000000
1684902872328	1684902872316	-13.010	-7.740	2.993	2.362	1.960	-0.492	-3.589	-7.046	0.294	0.000000	0.000000
1684902872336	1684902872328	-12.881	-7.884	3.931	2.922	2.078	-0.745	-3.407	-7.063	1.154	0.000000	0.000000
1684902872347	1684902872337	-12.799	-7.597	4.413	3.556	2.180	-1.029	-3.247	-7.192	2.298	0.000000	0.000000
1684902872356	1684902872348	-12.548	-6.783	4.566	4.252	2.243	-1.333	-3.110	-7.274	3.440	0.000000	0.000000
1684902872367	1684902872356	-12.270	-5.590	4.288	4.928	2.253	-1.637	-3.026	-6.910	4.094	0.000000	0.000000
1684902872376	1684902872367	-12.251	-3.847	3.596	5.470	2.160	-1.947	-2.780	-5.962	4.453	0.000000	0.000000
1684902872387	1684902872377	-12.416	-2.631	2.923	5.771	1.950	-2.260	-2.514	-4.626	4.334	0.000000	0.000000
1684902872396	1684902872388	-12.888	-2.308	2.696	5.800	1.676	-2.534	-2.519	-2.686	3.792	0.000000	0.000000
1684902872406	1684902872397	-13.115	-2.203	2.399	5.632	1.377	-2.756	-2.717	-1.235	3.237	0.000000	0.000000
1684902872416	1684902872407	-13.235	-1.805	2.100	5.356	1.042	-2.943	-3.239	-0.620	3.089	0.000000	0.000000
1684902872427	1684902872417	-13.156	-1.269	1.918	5.041	0.663	-3.087	-3.517	-0.256	2.818	0.000000	0.000000
1684902872438	1684902872428	-12.943	-0.522	2.054	4.738	0.285	-3.145	-3.701	0.443	2.507	0.000000	0.000000
1684902872451	1684902872438	-12.773	-0.237	2.368	4.396	-0.051	-3.108	-3.701	1.293	2.267	0.000000	0.000000
1684902872460	1684902872452	-12.498	-0.297	2.535	3.930	-0.346	-3.015	-3.575	2.351	2.301	0.000000	0.000000
1684902872469	1684902872460	-11.811	-0.670	2.461	3.330	-0.597	-2.914	-3.498	2.933	2.478	0.000000	0.000000
1684902872480	1684902872469	-11.080	-0.862	2.181	2.646	-0.803	-2.810	-3.342	3.206	2.449	0.000000	0.000000
1684902872488	1684902872480	-10.319	-1.300	1.896	1.951	-0.962	-2.702	-2.739	3.041	2.234	0.000000	0.000000
1684902872497	1684902872488	-9.943	-1.595	1.688	1.304	-1.065	-2.590	-2.119	3.096	1.781	0.000000	0.000000
1684902872508	1684902872497	-9.618	-1.932	1.310	0.749	-1.109	-2.469	-1.472	2.887	1.331	0.000000	0.000000
1684902872517	1684902872509	-9.498	-1.872	0.953	0.319	-1.125	-2.342	-1.216	2.813	0.972	0.000000	0.000000
1684902872527	1684902872519	-9.158	-1.654	0.690	0.000	-1.135	-2.216	-1.010	2.684	0.464	0.000000	0.000000
1684902872539	1684902872528	-8.878	-1.559	0.424	-0.249	-1.155	-2.109	-1.022	2.959	-0.012	0.000000	0.000000
1684902872549	1684902872539	-8.729	-1.425	0.014	-0.459	-1.162	-2.011	-0.790	3.347	-0.362	0.000000	0.000000
1684902872558	1684902872549	-8.799	-1.460	-0.304	-0.618	-1.148	-1.923	-0.630	3.620	-0.711	0.000000	0.000000
1684902872569	1684902872558	-8.945	-1.583	-0.534	-0.718	-1.128	-1.831	-0.601	3.924	-1.192	0.000000	0.000000
1684902872578	1684902872569	-9.021	-1.669	-0.850	-0.756	-1.101	-1.736	-0.802	4.068	-1.575	0.000000	0.000000
1684902872590	1684902872579	-9.115	-1.846	-0.903	-0.740	-1.076	-1.652	-1.053	4.085	-1.851	0.000000	0.000000
1684902872600	1684902872590	-9.258	-1.930	-0.967	-0.676	-1.051	-1.585	-1.257	4.159	-2.212	0.000000	0.000000
1684902872611	1684902872600	-9.096	-1.846	-0.989	-0.572	-1.016	-1.526	-1.451	4.106	-2.301	0.000000	0.000000
1684902872621	1684902872611	-8.966	-1.743	-1.041	-0.458	-0.981	-1.481	-1.717	4.166	-2.409	0.000000	0.000000
1684902872632	1684902872621	-8.897	-1.611	-0.950	-0.358	-0.938	-1.447	-1.650	4.360	-2.466	0.000000	0.000000
1684902872639	1684902872632	-8.715	-1.513	-1.053	-0.276	-0.882	-1.409	-1.592	4.539	-2.550	0.000000	0.000000
1684902872652	1684902872640	-8.760	-1.573	-1.068	-0.252	-0.819	-1.374	-1.578	4.729	-2.480	0.000000	0.000000
1684902872666	1684902872653	-8.712	-1.626	-1.094	-0.296	-0.751	-1.349	-1.482	4.915	-2.622	0.000000	0.000000
1684902872669	1684902872666	-8.806	-1.729	-1.120	-0.375	-0.671	-1.327	-1.575	4.906	-2.653	0.000000	0.000000
1684902872680	1684902872680	-8.897	-1.918	-0.917	-0.450	-0.574	-1.305	-1.618	4.946	-2.705	0.000000	0.000000
1684902872689	1684902872680	-8.947	-1.695	-0.879	-0.494	-0.479	-1.283	-1.765	4.901	-2.739	0.000000	0.000000
1684902872699	1684902872689	-9.120	-1.516	-0.900	-0.517	-0.382	-1.271	-1.939	4.798	-2.533	0.000000	0.000000
1684902872712	1684902872699	-9.242	-1.302	-0.931	-0.525	-0.287	-1.261	-2.061	5.097	-2.483	0.000000	0.000000
1684902872720	1684902872712	-9.263	-1.109	-1.008	-0.522	-0.197	-1.235	-2.313	5.361	-2.483	0.000000	0.000000
1684902872730	1684902872720	-9.203	-0.855	-1.030	-0.530	-0.119	-1.196	-2.495	5.638	-2.488	0.000000	0.000000
1684902872740	1684902872730	-8.981	-0.527	-0.912	-0.568	-0.054	-1.140	-2.579	5.899	-2.528	0.000000	0.000000
1684902872753	1684902872740	-8.617	-0.223	-0.740	-0.629	0.005	-1.058	-2.579	6.218	-2.509	0.000000	0.000000
1684902872761	1684902872753	-8.396	-0.158	-0.443	-0.690	0.048	-0.938	-2.409	6.608	-2.342	0.000000	0.000000
1684902872771	1684902872762	-8.535	-0.244	-0.139	-0.718	0.081	-0.772	-2.095	6.967	-2.114	0.000000	0.000000
