1684902862778	1684902862778	-9.234	-3.692	1.803	-0.265	-0.540	-0.779	0.560	-2.083	0.299	0.000000	0.000000
1684902862779	1684902862779	-9.323	-3.589	1.719	-0.354	-0.617	-0.874	0.385	-1.879	0.271	0.000000	0.000000
1684902862779	1684902862779	-9.268	-3.551	1.700	-0.467	-0.700	-0.969	0.225	-1.765	0.110	0.000000	0.000000
1684902862788	1684902862779	-9.376	-3.534	1.755	-0.590	-0.792	-1.057	0.096	-1.508	-0.026	0.000000	0.000000
1684902862799	1684902862789	-9.493	-3.584	1.592	-0.728	-0.859	-1.141	0.101	-1.305	-0.105	0.000000	0.000000
1684902862809	1684902862799	-9.548	-3.596	1.638	-0.877	-0.894	-1.219	-0.050	-1.142	-0.101	0.000000	0.000000
1684902862817	1684902862809	-9.567	-3.601	1.623	-1.010	-0.914	-1.282	-0.223	-1.032	-0.318	0.000000	0.000000
1684902862830	1684902862817	-9.522	-3.663	1.547	-1.137	-0.926	-1.334	-0.333	-0.881	-0.323	0.000000	0.000000
1684902862837	1684902862830	-9.606	-3.634	1.446	-1.267	-0.926	-1.388	-0.412	-0.725	-0.383	0.000000	0.000000
1684902862847	1684902862837	-9.653	-3.548	1.235	-1.379	-0.903	-1.432	-0.426	-0.627	-0.498	0.000000	0.000000
1684902862859	1684902862848	-9.790	-3.558	1.025	-1.456	-0.867	-1.458	-0.587	-0.407	-0.639	0.000000	0.000000
1684902862867	1684902862859	-9.890	-3.479	0.850	-1.482	-0.820	-1.466	-0.685	-0.189	-0.862	0.000000	0.000000
1684902862879	1684902862867	-9.895	-3.314	0.807	-1.447	-0.775	-1.462	-0.886	-0.038	-1.085	0.000000	0.000000
1684902862889	1684902862880	-9.953	-3.340	0.814	-1.371	-0.739	-1.453	-1.049	0.194	-1.259	0.000000	0.000000
1684902862897	1684902862889	-10.065	-3.409	0.912	-1.279	-0.687	-1.428	-1.116	0.508	-1.298	0.000000	0.000000
1684902862907	1684902862897	-10.168	-3.357	0.919	-1.172	-0.618	-1.385	-1.235	0.625	-1.283	0.000000	0.000000
1684902862917	1684902862907	-10.202	-3.359	0.984	-1.063	-0.553	-1.334	-1.415	0.704	-1.173	0.000000	0.000000
1684902862931	1684902862917	-10.005	-3.378	0.991	-0.966	-0.501	-1.275	-1.568	0.869	-1.152	0.000000	0.000000
1684902862939	1684902862932	-9.785	-3.378	0.955	-0.885	-0.454	-1.212	-1.659	0.986	-1.073	0.000000	0.000000
1684902862948	1684902862939	-9.543	-3.259	0.821	-0.792	-0.403	-1.141	-1.518	1.080	-1.051	0.000000	0.000000
1684902862957	1684902862949	-9.234	-3.203	0.857	-0.678	-0.346	-1.059	-1.355	1.197	-1.073	0.000000	0.000000
1684902862968	1684902862957	-9.100	-3.077	0.893	-0.549	-0.290	-0.968	-1.156	1.401	-1.192	0.000000	0.000000
1684902862977	1684902862968	-9.131	-2.907	1.027	-0.417	-0.231	-0.870	-0.895	1.547	-1.140	0.000000	0.000000
1684902862987	1684902862977	-9.613	-2.650	1.027	-0.294	-0.170	-0.768	-0.788	1.729	-1.082	0.000000	0.000000
1684902862997	1684902862988	-10.453	-2.653	0.783	-0.200	-0.127	-0.667	-0.840	1.944	-0.927	0.000000	0.000000
1684902863008	1684902862998	-11.073	-2.473	0.840	-0.144	-0.078	-0.541	-1.331	2.229	-0.903	0.000000	0.000000
1684902863017	1684902863009	-11.016	-1.899	0.766	-0.138	-0.010	-0.392	-2.176	2.243	-1.125	0.000000	0.000000
1684902863028	1684902863018	-10.836	-1.238	0.742	-0.178	0.011	-0.268	-2.799	2.433	-1.049	0.000000	0.000000
1684902863038	1684902863028	-10.338	-0.244	1.257	-0.271	0.040	0.083	-2.744	3.021	-1.104	0.000000	0.000000
1684902863047	1684902863038	-9.711	0.443	1.779	-0.271	0.040	0.083	-2.564	3.687	-1.111	0.000000	0.000000
1684902863057	1684902863048	-9.254	0.333	2.205	-0.247	0.039	0.347	-2.061	4.678	-0.577	0.000000	0.000000
1684902863070	1684902863058	-9.591	-0.390	2.576	-0.110	0.011	0.671	-1.429	5.363	-0.041	0.000000	0.000000
1684902863079	1684902863071	-10.432	-0.962	2.751	0.133	0.017	1.054	-0.953	5.229	0.400	0.000000	0.000000
1684902863088	1684902863079	-11.205	-1.257	2.837	0.347	0.023	1.418	-1.259	4.453	0.776	0.000000	0.000000
1684902863099	1684902863088	-11.643	-1.274	3.007	0.437	0.005	1.704	-2.042	3.780	0.946	0.000000	0.000000
1684902863109	1684902863100	-11.384	-1.422	3.189	0.356	-0.004	1.930	-2.756	3.373	1.020	0.000000	0.000000
1684902863117	1684902863109	-10.793	-1.896	3.227	0.099	-0.012	2.105	-3.117	3.203	1.171	0.000000	0.000000
1684902863132	1684902863117	-10.412	-2.234	3.270	-0.307	-0.021	2.178	-2.775	2.883	1.336	0.000000	0.000000
1684902863140	1684902863133	-10.001	-2.308	3.304	-1.025	-0.032	2.017	-2.095	2.224	1.369	0.000000	0.000000
1684902863148	1684902863140	-9.680	-1.765	3.393	-1.025	-0.032	2.017	-1.626	1.702	1.422	0.000000	0.000000
1684902863157	1684902863148	-9.522	-1.492	3.452	-1.260	-0.068	1.817	-1.120	1.437	1.501	0.000000	0.000000
1684902863168	1684902863158	-9.421	-1.173	3.230	-1.450	-0.109	1.575	-0.742	1.851	1.616	0.000000	0.000000
1684902863177	1684902863168	-9.371	-1.111	3.141	-1.587	-0.132	1.333	-0.520	1.982	1.714	0.000000	0.000000
1684902863192	1684902863177	-9.285	-1.111	3.282	-1.478	-0.133	0.908	-0.369	2.184	1.532	0.000000	0.000000
1684902863201	1684902863194	-9.371	-1.101	3.378	-1.203	-0.153	0.773	-0.275	2.152	1.484	0.000000	0.000000
1684902863208	1684902863201	-9.428	-0.711	3.464	-0.852	-0.198	0.701	-0.163	2.093	1.662	0.000000	0.000000
1684902863217	1684902863208	-9.491	-0.424	3.335	-0.547	-0.275	0.667	-0.225	2.047	1.784	0.000000	0.000000
1684902863229	1684902863218	-9.512	-0.517	3.074	-0.379	-0.363	0.656	-0.259	2.363	1.856	0.000000	0.000000
1684902863237	1684902863229	-9.603	-0.244	2.919	-0.321	-0.441	0.682	-0.299	2.567	1.690	0.000000	0.000000
1684902863250	1684902863238	-9.527	-0.189	2.806	-0.315	-0.514	0.737	-0.302	2.382	1.379	0.000000	0.000000
1684902863258	1684902863250	-9.182	-0.089	2.662	-0.354	-0.611	0.805	-0.373	2.555	1.159	0.000000	0.000000
1684902863268	1684902863258	-8.851	-0.263	2.514	-0.489	-0.720	0.871	-0.280	2.509	0.984	0.000000	0.000000
1684902863278	1684902863268	-8.571	-0.464	2.377	-0.671	-0.800	0.925	0.081	2.483	0.754	0.000000	0.000000
1684902863288	1684902863278	-8.545	-0.381	2.241	-0.795	-0.854	0.987	0.429	2.195	0.529	0.000000	0.000000
1684902863298	1684902863288	-8.480	-0.189	2.181	-0.828	-0.909	1.058	0.723	1.846	0.294	0.000000	0.000000
1684902863311	1684902863298	-8.495	-0.168	2.102	-0.850	-0.966	1.131	0.764	1.791	0.069	0.000000	0.000000
1684902863320	1684902863312	-8.605	-0.314	2.011	-0.908	-1.014	1.194	0.838	1.834	-0.086	0.000000	0.000000
1684902863329	1684902863320	-8.691	-0.704	1.774	-0.992	-1.054	1.244	0.831	1.731	-0.244	0.000000	0.000000
1684902863340	1684902863329	-8.839	-1.008	1.676	-1.067	-1.081	1.289	0.723	1.441	-0.436	0.000000	0.000000
1684902863349	1684902863341	-8.636	-1.149	1.618	-1.086	-1.100	1.337	0.637	0.950	-0.742	0.000000	0.000000
1684902863358	1684902863349	-8.552	-1.077	1.772	-1.073	-1.109	1.377	0.484	0.515	-0.939	0.000000	0.000000
1684902863369	1684902863358	-8.617	-1.089	1.903	-1.059	-1.106	1.410	0.682	0.283	-1.061	0.000000	0.000000
1684902863378	1684902863369	-8.918	-1.393	1.724	-1.038	-1.082	1.448	0.759	0.235	-0.998	0.000000	0.000000
1684902863388	1684902863378	-8.844	-1.626	1.405	-1.004	-1.069	1.488	0.685	0.127	-0.939	0.000000	0.000000
1684902863399	1684902863388	-8.598	-1.834	1.293	-1.004	-1.081	1.511	0.369	-0.304	-1.219	0.000000	0.000000
1684902863410	1684902863400	-8.511	-2.093	1.298	-1.051	-1.082	1.525	0.431	-0.634	-1.607	0.000000	0.000000
1684902863418	1684902863413	-8.590	-2.322	1.434	-1.113	-1.049	1.536	0.663	-0.948	-1.798	0.000000	0.000000
1684902863433	1684902863418	-8.780	-2.686	1.295	-1.191	-1.014	1.541	0.730	-1.312	-1.872	0.000000	0.000000
1684902863438	1684902863433	-8.724	-2.897	1.183	-1.290	-0.985	1.533	0.632	-1.640	-1.812	0.000000	0.000000
1684902863450	1684902863438	-8.655	-2.926	1.085	-1.427	-0.964	1.515	0.424	-2.100	-2.028	0.000000	0.000000
1684902863460	1684902863451	-8.590	-3.275	0.888	-1.614	-0.937	1.489	0.453	-2.418	-2.227	0.000000	0.000000
1684902863468	1684902863460	-8.600	-3.785	0.627	-1.809	-0.909	1.461	0.505	-2.504	-2.377	0.000000	0.000000
1684902863479	1684902863468	-8.607	-4.216	0.536	-2.006	-0.883	1.420	0.548	-2.921	-2.638	0.000000	0.000000
1684902863490	1684902863479	-8.674	-4.515	0.211	-2.186	-0.843	1.365	0.515	-3.484	-2.964	0.000000	0.000000
1684902863499	1684902863490	-8.710	-4.702	0.069	-2.329	-0.811	1.294	0.481	-3.972	-3.129	0.000000	0.000000
1684902863508	1684902863499	-8.945	-4.939	0.069	-2.473	-0.794	1.210	0.385	-4.314	-3.527	0.000000	0.000000
1684902863520	1684902863509	-9.340	-5.040	0.010	-2.633	-0.762	1.119	0.318	-4.532	-3.745	0.000000	0.000000
1684902863530	1684902863520	-9.744	-5.143	-0.067	-2.800	-0.721	1.012	0.057	-4.781	-3.804	0.000000	0.000000
1684902863539	1684902863530	-10.116	-5.394	-0.239	-2.955	-0.660	0.891	-0.364	-4.879	-3.929	0.000000	0.000000
1684902863552	1684902863540	-10.190	-5.655	-0.517	-3.087	-0.585	0.770	-0.795	-4.963	-4.065	0.000000	0.000000
1684902863560	1684902863552	-10.321	-6.000	-0.412	-3.180	-0.503	0.655	-1.192	-5.171	-4.295	0.000000	0.000000
1684902863571	1684902863560	-10.989	-6.249	-0.474	-3.235	-0.391	0.552	-1.288	-5.380	-4.614	0.000000	0.000000
1684902863580	1684902863572	-11.784	-6.522	-0.754	-3.216	-0.268	0.458	-1.429	-5.614	-4.523	0.000000	0.000000
1684902863590	1684902863581	-12.194	-6.687	-1.156	-3.137	-0.156	0.371	-2.105	-5.775	-4.592	0.000000	0.000000
1684902863600	1684902863590	-12.210	-6.924	-1.434	-3.019	-0.049	0.297	-2.909	-5.957	-4.879	0.000000	0.000000
1684902863617	1684902863600	-11.885	-6.881	-1.678	-2.866	0.090	0.244	-3.323	-6.024	-5.277	0.000000	0.000000
1684902863619	1684902863617	-11.657	-6.936	-2.047	-2.678	0.260	0.189	-3.340	-6.165	-5.535	0.000000	0.000000
1684902863632	1684902863620	-11.602	-6.756	-2.090	-2.500	0.430	0.109	-3.007	-6.026	-5.748	0.000000	0.000000
1684902863640	1684902863632	-11.875	-6.776	-2.076	-2.360	0.597	0.024	-2.768	-5.981	-6.067	0.000000	0.000000
1684902863651	1684902863640	-11.844	-6.943	-1.812	-2.263	0.772	-0.081	-2.696	-5.720	-6.053	0.000000	0.000000
1684902863660	1684902863651	-11.372	-7.166	-1.618	-2.132	0.958	-0.187	-2.942	-5.638	-5.952	0.000000	0.000000
1684902863672	1684902863660	-10.728	-7.386	-1.247	-1.932	1.159	-0.281	-2.885	-5.722	-5.602	0.000000	0.000000
1684902863681	1684902863672	-9.886	-7.482	-0.749	-1.627	1.367	-0.363	-2.380	-5.849	-5.294	0.000000	0.000000
1684902863690	1684902863681	-9.091	-7.472	-0.247	-1.235	1.572	-0.446	-1.697	-5.974	-4.793	0.000000	0.000000
1684902863701	1684902863691	-8.610	-7.281	0.290	-0.788	1.756	-0.544	-0.809	-5.971	-4.132	0.000000	0.000000
1684902863711	1684902863702	-8.689	-7.357	0.713	-0.304	1.903	-0.655	0.024	-5.890	-3.484	0.000000	0.000000
1684902863723	1684902863712	-9.206	-7.436	1.123	0.209	2.013	-0.773	0.553	-5.622	-2.772	0.000000	0.000000
1684902863736	1684902863723	-9.646	-7.535	1.456	0.760	2.096	-0.892	0.520	-5.629	-2.169	0.000000	0.000000
1684902863741	1684902863737	-9.996	-7.705	1.891	1.357	2.175	-1.012	0.045	-5.643	-1.578	0.000000	0.000000
1684902863753	1684902863741	-10.388	-7.750	2.195	2.013	2.257	-1.129	-0.354	-5.679	-1.063	0.000000	0.000000
1684902863762	1684902863753	-10.882	-7.582	2.392	2.740	2.329	-1.255	-0.666	-5.775	-0.417	0.000000	0.000000
1684902863773	1684902863763	-11.210	-7.204	2.224	3.555	2.369	-1.389	-1.034	-5.772	0.024	0.000000	0.000000
1684902863783	1684902863774	-11.363	-6.622	2.047	4.414	2.362	-1.545	-1.506	-5.545	0.383	0.000000	0.000000
1684902863794	1684902863783	-11.605	-5.813	1.803	5.227	2.332	-1.729	-1.815	-5.104	0.364	0.000000	0.000000
1684902863802	1684902863794	-11.655	-4.867	1.451	5.958	2.264	-1.932	-1.961	-4.456	0.314	0.000000	0.000000
1684902863815	1684902863803	-11.758	-3.903	1.362	6.559	2.115	-2.148	-2.200	-3.572	0.175	0.000000	0.000000
1684902863822	1684902863815	-11.717	-3.158	1.745	6.961	1.916	-2.363	-2.260	-2.521	-0.084	0.000000	0.000000
1684902863845	1684902863823	-11.609	-2.610	2.040	7.153	1.670	-2.573	-2.380	-1.475	-0.139	0.000000	0.000000
1684902863846	1684902863845	-11.236	-2.107	1.946	7.137	1.378	-2.767	-2.373	-0.601	0.249	0.000000	0.000000
1684902863854	1684902863846	-10.841	-1.925	1.954	6.898	1.047	-2.925	-2.301	0.065	0.515	0.000000	0.000000
1684902863863	1684902863854	-10.566	-2.133	1.630	6.453	0.720	-3.041	-1.994	0.740	0.338	0.000000	0.000000
1684902863871	1684902863864	-10.417	-2.399	1.293	5.863	0.454	-3.124	-1.654	1.049	0.261	0.000000	0.000000
1684902863883	1684902863871	-10.362	-2.579	0.895	5.195	0.232	-3.164	-1.475	1.037	-0.218	0.000000	0.000000
1684902863892	1684902863884	-10.393	-2.693	0.450	4.523	0.054	-3.142	-1.401	0.907	-0.675	0.000000	0.000000
1684902863902	1684902863893	-10.448	-2.677	0.180	3.869	-0.062	-3.064	-1.458	0.922	-1.245	0.000000	0.000000
1684902863913	1684902863903	-10.630	-2.301	-0.086	3.229	-0.121	-2.974	-1.590	0.967	-1.832	0.000000	0.000000
1684902863923	1684902863913	-10.556	-1.913	-0.141	2.591	-0.143	-2.899	-1.774	1.178	-2.267	0.000000	0.000000
1684902863933	1684902863923	-10.530	-1.544	-0.220	1.957	-0.158	-2.837	-2.064	1.712	-2.658	0.000000	0.000000
1684902863941	1684902863934	-10.350	-1.437	-0.117	1.330	-0.167	-2.770	-2.138	2.313	-2.856	0.000000	0.000000
1684902863953	1684902863942	-10.250	-1.568	0.014	0.732	-0.180	-2.704	-2.224	2.847	-3.021	0.000000	0.000000
1684902863964	1684902863953	-10.209	-1.437	0.026	0.224	-0.182	-2.641	-2.188	3.163	-3.000	0.000000	0.000000
1684902863976	1684902863965	-10.017	-1.365	0.034	-0.173	-0.176	-2.580	-2.205	3.211	-2.911	0.000000	0.000000
1684902863984	1684902863976	-9.850	-1.367	0.019	-0.490	-0.187	-2.525	-2.298	3.546	-2.926	0.000000	0.000000
1684902863993	1684902863984	-9.697	-1.132	0.012	-0.729	-0.178	-2.463	-2.241	3.824	-2.921	0.000000	0.000000
1684902864002	1684902863994	-9.618	-0.895	0.029	-0.893	-0.130	-2.402	-2.219	4.041	-2.916	0.000000	0.000000
1684902864018	1684902864004	-9.730	-0.725	0.136	-0.980	-0.066	-2.332	-2.176	4.451	-2.890	0.000000	0.000000
1684902864021	1684902864019	-9.500	-0.479	-0.060	-0.985	-0.007	-2.233	-2.217	4.870	-2.816	0.000000	0.000000
1684902864044	1684902864024	-9.002	-0.266	-0.184	-0.932	0.038	-2.112	-2.437	5.212	-2.638	0.000000	0.000000
1684902864044	1684902864044	-8.619	-0.163	-0.192	-0.822	0.071	-1.963	-2.308	5.612	-2.756	0.000000	0.000000
1684902864051	1684902864044	-8.557	0.462	0.101	-0.626	0.123	-1.767	-1.896	5.962	-2.799	0.000000	0.000000
1684902864064	1684902864054	-8.373	1.267	0.431	-0.352	0.183	-1.526	-1.607	6.206	-2.713	0.000000	0.000000
1684902864071	1684902864064	-8.097	1.889	1.063	-0.075	0.217	-1.246	-1.578	6.895	-2.361	0.000000	0.000000
1684902864082	1684902864071	-7.882	1.939	1.796	0.177	0.233	-0.926	-1.446	7.776	-1.978	0.000000	0.000000
1684902864093	1684902864082	-8.411	1.784	1.913	0.468	0.263	-0.567	-1.247	8.485	-1.326	0.000000	0.000000
1684902864102	1684902864093	-9.371	2.066	1.429	0.768	0.258	-0.180	-1.089	8.595	-0.589	0.000000	0.000000
1684902864112	1684902864102	-10.053	2.543	0.740	0.981	0.205	0.238	-1.650	8.466	-0.484	0.000000	0.000000
1684902864123	1684902864112	-10.039	2.557	0.192	0.982	0.189	0.662	-2.617	8.741	-1.006	0.000000	0.000000
1684902864135	1684902864124	-10.247	2.272	0.057	0.754	0.214	1.037	-3.280	9.182	-1.741	0.000000	0.000000
1684902864142	1684902864135	-11.001	1.695	0.496	0.393	0.277	1.384	-3.218	9.127	-2.342	0.000000	0.000000
1684902864155	1684902864144	-12.091	1.154	1.099	-0.012	0.402	1.762	-3.352	8.751	-2.512	0.000000	0.000000
1684902864163	1684902864155	-12.838	0.704	1.669	-0.400	0.551	2.166	-4.001	8.059	-2.078	0.000000	0.000000
1684902864174	1684902864163	-12.819	0.323	2.148	-0.767	0.673	2.523	-4.982	7.405	-1.448	0.000000	0.000000
1684902864183	1684902864174	-12.208	-0.115	2.643	-1.100	0.734	2.795	-5.567	6.795	-0.809	0.000000	0.000000
1684902864193	1684902864184	-11.538	-0.773	2.931	-1.370	0.767	3.016	-5.397	6.263	-0.244	0.000000	0.000000
1684902864204	1684902864193	-11.310	-0.970	3.165	-1.543	0.801	3.208	-4.604	5.641	0.369	0.000000	0.000000
1684902864218	1684902864204	-11.327	-0.869	3.390	-1.614	0.812	3.360	-3.747	4.779	0.795	0.000000	0.000000
1684902864222	1684902864219	-11.650	-1.302	3.656	-1.643	0.784	3.473	-3.328	4.362	1.176	0.000000	0.000000
1684902864245	1684902864224	-12.268	-1.961	3.699	-1.665	0.728	3.570	-3.153	4.223	1.551	0.000000	0.000000
1684902864245	1684902864245	-12.957	-2.579	3.788	-1.698	0.656	3.616	-3.273	3.505	1.978	0.000000	0.000000
1684902864252	1684902864246	-13.381	-2.880	3.876	-1.710	0.575	3.577	-3.730	2.598	2.145	0.000000	0.000000
1684902864263	1684902864252	-13.197	-2.969	3.828	-1.657	0.506	3.455	-4.233	1.664	2.380	0.000000	0.000000
1684902864276	1684902864264	-12.852	-2.746	3.850	-1.528	0.417	3.282	-4.518	1.099	2.576	0.000000	0.000000
1684902864284	1684902864276	-12.529	-2.600	4.010	-1.374	0.335	3.087	-4.195	0.723	2.638	0.000000	0.000000
1684902864293	1684902864284	-12.265	-2.495	4.290	-1.261	0.271	2.878	-3.728	0.666	2.751	0.000000	0.000000
1684902864301	1684902864293	-12.158	-2.583	4.547	-1.177	0.205	2.671	-3.290	0.517	2.995	0.000000	0.000000
1684902864312	1684902864304	-11.851	-2.717	4.434	-1.086	0.132	2.480	-2.947	0.393	3.333	0.000000	0.000000
1684902864322	1684902864312	-11.243	-2.567	4.228	-0.990	0.027	2.303	-2.763	0.065	3.639	0.000000	0.000000
1684902864336	1684902864322	-10.556	-2.658	3.989	-0.937	-0.109	2.129	-2.392	-0.292	3.567	0.000000	0.000000
1684902864342	1684902864337	-10.089	-2.626	3.737	-0.918	-0.248	1.991	-1.731	-0.350	3.388	0.000000	0.000000
1684902864353	1684902864343	-9.756	-2.653	3.551	-0.896	-0.373	1.892	-0.998	-0.637	3.158	0.000000	0.000000
1684902864364	1684902864353	-9.646	-2.555	3.598	-0.858	-0.492	1.822	-0.488	-0.826	2.897	0.000000	0.000000
1684902864375	1684902864364	-9.488	-2.535	3.191	-0.843	-0.597	1.774	-0.132	-0.991	2.696	0.000000	0.000000
1684902864384	1684902864375	-9.651	-2.485	2.962	-0.878	-0.687	1.735	0.000	-1.061	2.708	0.000000	0.000000
1684902864396	1684902864385	-9.984	-2.085	2.842	-0.922	-0.743	1.691	0.177	-1.207	2.255	0.000000	0.000000
1684902864404	1684902864396	-10.422	-1.966	2.665	-0.971	-0.782	1.648	0.031	-1.331	1.966	0.000000	0.000000
1684902864421	1684902864405	-10.913	-2.595	1.611	-1.014	-0.838	1.622	-0.290	-1.070	1.788	0.000000	0.000000
1684902864422	1684902864421	-10.633	-2.394	0.903	-1.024	-0.896	1.600	-0.718	-1.130	1.532	0.000000	0.000000
1684902864444	1684902864422	-10.369	-2.049	0.864	-1.117	-0.982	1.549	-1.209	-1.875	0.419	0.000000	0.000000
1684902864445	1684902864445	-10.649	-2.406	1.267	-1.428	-1.053	1.505	-0.929	-1.832	-0.376	0.000000	0.000000
1684902864454	1684902864448	-10.740	-3.254	0.721	-1.701	-1.076	1.472	-0.670	-1.609	-0.496	0.000000	0.000000
1684902864464	1684902864455	-10.793	-3.402	0.886	-1.776	-1.119	1.409	-0.962	-2.116	-0.208	0.000000	0.000000
1684902864472	1684902864464	-10.659	-3.014	1.097	-1.619	-1.208	1.374	-1.063	-3.069	-0.845	0.000000	0.000000
1684902864484	1684902864473	-10.463	-2.526	0.651	-1.371	-1.348	1.420	-1.135	-3.335	-0.797	0.000000	0.000000
1684902864492	1684902864485	-10.376	-2.602	0.263	-1.317	-1.520	1.434	-1.020	-3.041	-0.690	0.000000	0.000000
1684902864502	1684902864492	-10.274	-3.249	0.146	-1.506	-1.597	1.387	-0.850	-2.665	-1.267	0.000000	0.000000
1684902864512	1684902864502	-10.195	-3.847	-0.165	-1.861	-1.611	1.337	-0.795	-2.851	-1.803	0.000000	0.000000
1684902864522	1684902864512	-10.154	-4.511	-0.919	-2.280	-1.658	1.288	-0.733	-3.598	-2.078	0.000000	0.000000
1684902864534	1684902864522	-10.060	-4.559	-1.415	-2.684	-1.715	1.230	-0.694	-4.283	-2.550	0.000000	0.000000
1684902864542	1684902864534	-9.838	-5.009	-1.669	-3.172	-1.743	1.153	-0.706	-5.018	-3.488	0.000000	0.000000
1684902864553	1684902864543	-9.716	-5.631	-2.042	-3.697	-1.745	1.054	-0.658	-5.107	-4.142	0.000000	0.000000
1684902864562	1684902864553	-9.558	-6.311	-2.547	-4.217	-1.737	0.924	-0.498	-5.576	-4.597	0.000000	0.000000
1684902864576	1684902864563	-9.055	-6.699	-3.065	-4.665	-1.737	0.760	-0.429	-6.189	-5.136	0.000000	0.000000
1684902864584	1684902864577	-9.122	-7.084	-3.654	-5.009	-1.709	0.612	-0.330	-6.819	-5.823	0.000000	0.000000
1684902864594	1684902864585	-9.402	-7.475	-4.221	-5.230	-1.659	0.425	0.108	-7.120	-6.522	0.000000	0.000000
1684902864604	1684902864595	-10.149	-7.882	-5.200	-5.317	-1.558	0.241	-0.026	-7.372	-7.302	0.000000	0.000000
1684902864610	1684902864605	-11.028	-7.927	-5.990	-5.209	-1.367	0.088	-0.362	-7.621	-8.016	0.000000	0.000000
1684902864623	1684902864611	-11.442	-7.875	-5.871	-4.900	-1.129	-0.089	-1.171	-7.846	-9.139	0.000000	0.000000
1684902864640	1684902864623	-11.451	-7.566	-6.144	-4.420	-0.854	-0.250	-2.105	-7.690	-10.044	0.000000	0.000000
1684902864642	1684902864642	-11.114	-6.608	-6.223	-3.817	-0.575	-0.373	-2.564	-7.429	-10.008	0.000000	0.000000
1684902864653	1684902864646	-10.819	-5.964	-6.002	-3.227	-0.312	-0.485	-2.610	-6.914	-10.331	0.000000	0.000000
1684902864665	1684902864653	-10.599	-5.614	-5.401	-2.643	-0.020	-0.585	-2.306	-5.725	-10.436	0.000000	0.000000
1684902864672	1684902864665	-10.099	-5.782	-4.575	-2.088	0.325	-0.666	-2.025	-4.937	-10.214	0.000000	0.000000
1684902864683	1684902864672	-9.311	-5.796	-3.958	-1.564	0.674	-0.710	-1.812	-4.424	-9.584	0.000000	0.000000
1684902864695	1684902864684	-8.705	-5.593	-3.524	-1.018	0.974	-0.737	-1.307	-4.446	-8.703	0.000000	0.000000
1684902864703	1684902864695	-8.768	-5.368	-3.582	-0.445	1.229	-0.767	-0.500	-4.336	-8.004	0.000000	0.000000
1684902864713	1684902864703	-8.909	-4.896	-3.603	0.125	1.464	-0.798	0.129	-4.025	-7.470	0.000000	0.000000
1684902864723	1684902864713	-9.258	-4.757	-3.421	0.594	1.654	-0.847	0.108	-3.706	-7.400	0.000000	0.000000
1684902864735	1684902864723	-9.596	-4.788	-3.383	0.913	1.840	-0.889	0.002	-3.175	-7.305	0.000000	0.000000
1684902864743	1684902864735	-10.247	-4.645	-2.964	1.206	2.021	-0.911	-0.299	-2.983	-6.986	0.000000	0.000000
1684902864756	1684902864744	-11.030	-4.508	-2.559	1.508	2.199	-0.924	-0.589	-2.966	-6.800	0.000000	0.000000
1684902864764	1684902864756	-11.858	-4.477	-2.322	1.848	2.359	-0.944	-1.185	-2.775	-6.203	0.000000	0.000000
1684902864774	1684902864764	-12.328	-4.745	-1.832	2.216	2.496	-0.986	-1.920	-2.605	-5.646	0.000000	0.000000
1684902864785	1684902864774	-12.412	-4.887	-1.437	2.602	2.621	-1.053	-2.691	-2.540	-5.210	0.000000	0.000000
1684902864796	1684902864785	-12.335	-4.990	-0.962	2.999	2.738	-1.151	-3.115	-2.782	-4.551	0.000000	0.000000
1684902864804	1684902864796	-12.285	-4.994	-0.484	3.378	2.848	-1.288	-3.151	-2.895	-3.965	0.000000	0.000000
1684902864818	1684902864804	-12.234	-4.858	0.086	3.731	2.955	-1.470	-3.031	-2.964	-3.297	0.000000	0.000000
1684902864824	1684902864818	-12.368	-4.999	0.907	4.074	3.042	-1.680	-2.945	-2.926	-2.622	0.000000	0.000000
1684902864843	1684902864825	-12.524	-5.045	1.561	4.406	3.130	-1.888	-2.863	-2.727	-1.853	0.000000	0.000000
1684902864844	1684902864844	-12.708	-4.788	1.856	5.163	3.206	-2.337	-2.976	-2.777	-0.814	0.000000	0.000000
1684902864853	1684902864844	-12.864	-4.202	2.021	5.163	3.206	-2.337	-3.124	-2.727	0.012	0.000000	0.000000
1684902864863	1684902864854	-13.065	-3.565	1.853	5.583	3.109	-2.573	-3.321	-2.313	0.500	0.000000	0.000000
1684902864875	1684902864863	-13.288	-2.945	1.681	5.961	2.943	-2.793	-3.493	-1.587	0.819	0.000000	0.000000
1684902864883	1684902864875	-13.324	-2.365	1.815	6.212	2.732	-2.981	-3.733	-0.754	0.804	0.000000	0.000000
1684902864893	1684902864883	-13.317	-2.035	2.332	6.276	2.484	-3.140	-4.001	0.043	0.723	0.000000	0.000000
1684902864903	1684902864893	-13.211	-2.112	2.452	6.180	2.228	-3.277	-4.118	0.886	0.929	0.000000	0.000000
1684902864913	1684902864903	-12.831	-2.116	2.334	5.989	1.993	-3.378	-4.178	1.403	1.460	0.000000	0.000000
1684902864924	1684902864914	-12.591	-1.927	2.255	5.712	1.756	-3.432	-4.180	1.592	1.559	0.000000	0.000000
1684902864937	1684902864924	-12.337	-1.645	2.014	5.341	1.505	-3.436	-3.898	1.812	1.396	0.000000	0.000000
1684902864943	1684902864938	-11.935	-1.568	1.662	4.404	1.014	-3.316	-3.795	2.274	1.233	0.000000	0.000000
1684902864956	1684902864946	-11.511	-1.252	1.274	4.404	1.014	-3.316	-3.673	2.801	0.893	0.000000	0.000000
1684902864963	1684902864956	-11.159	-0.814	1.183	3.416	0.626	-3.063	-3.438	3.156	0.402	0.000000	0.000000
1684902864973	1684902864965	-10.714	-0.426	1.176	2.944	0.474	-2.911	-3.132	3.649	-0.084	0.000000	0.000000
1684902864982	1684902864974	-10.329	-0.170	1.427	2.501	0.320	-2.760	-2.923	4.293	-0.294	0.000000	0.000000
1684902864994	1684902864983	-10.010	0.067	1.501	2.064	0.161	-2.607	-2.622	4.875	-0.417	0.000000	0.000000
1684902865003	1684902864994	-9.668	0.177	1.413	1.633	0.011	-2.465	-2.380	5.310	-0.273	0.000000	0.000000
1684902865014	1684902865003	-9.297	0.261	1.355	1.225	-0.132	-2.329	-2.205	5.717	-0.302	0.000000	0.000000
1684902865021	1684902865014	-8.904	0.373	1.398	0.877	-0.255	-2.187	-2.016	6.005	-0.493	0.000000	0.000000
1684902865033	1684902865023	-8.408	0.237	1.326	0.601	-0.348	-2.034	-1.772	6.225	-0.625	0.000000	0.000000
1684902865042	1684902865033	-8.033	0.218	1.247	0.404	-0.424	-1.868	-1.516	6.483	-0.654	0.000000	0.000000
1684902865053	1684902865042	-7.764	0.251	1.025	0.274	-0.496	-1.691	-1.154	6.483	-0.788	0.000000	0.000000
1684902865061	1684902865053	-7.954	0.546	0.718	0.175	-0.557	-1.504	-0.917	6.603	-0.929	0.000000	0.000000
1684902865072	1684902865061	-8.957	0.795	0.168	0.086	-0.594	-1.294	-0.757	6.737	-1.199	0.000000	0.000000
1684902865082	1684902865072	-10.259	1.022	-0.124	-0.031	-0.580	-1.037	-1.068	7.142	-1.561	0.000000	0.000000
1684902865093	1684902865082	-11.334	1.056	-0.316	-0.173	-0.503	-0.742	-2.162	7.470	-2.152	0.000000	0.000000
1684902865103	1684902865093	-11.636	1.125	-0.215	-0.323	-0.428	-0.456	-3.546	7.769	-2.483	0.000000	0.000000
1684902865114	1684902865103	-11.179	1.757	0.113	-0.443	-0.364	-0.191	-4.685	7.855	-2.696	0.000000	0.000000
1684902865124	1684902865114	-10.283	2.095	0.412	-0.514	-0.320	0.064	-5.028	7.963	-2.602	0.000000	0.000000
1684902865135	1684902865124	-9.309	1.978	0.943	-0.523	-0.299	0.359	-4.592	8.619	-2.267	0.000000	0.000000
1684902865145	1684902865136	-8.940	1.551	1.475	-0.500	-0.246	0.722	-3.699	8.964	-1.951	0.000000	0.000000
1684902865156	1684902865145	-9.141	0.917	1.961	-0.506	-0.151	1.114	-2.708	8.837	-1.405	0.000000	0.000000
1684902865165	1684902865156	-9.321	0.373	2.236	-0.540	-0.032	1.505	-2.291	8.370	-0.855	0.000000	0.000000
1684902865177	1684902865165	-9.306	0.354	2.198	-0.639	0.097	1.858	-2.428	7.681	-0.347	0.000000	0.000000
1684902865187	1684902865177	-9.584	0.196	2.030	-0.800	0.203	2.156	-2.507	7.046	-0.036	0.000000	0.000000
1684902865196	1684902865187	-10.245	0.373	1.863	-1.010	0.277	2.404	-2.368	6.914	-0.026	0.000000	0.000000
1684902865207	1684902865196	-11.056	0.211	1.647	-1.294	0.360	2.616	-2.488	6.608	-0.122	0.000000	0.000000
1684902865224	1684902865207	-11.638	-0.158	1.197	-1.635	0.418	2.783	-3.005	6.651	-0.213	0.000000	0.000000
1684902865226	1684902865225	-11.981	-0.596	0.682	-1.987	0.390	2.897	-3.649	6.323	-0.321	0.000000	0.000000
1684902865238	1684902865226	-12.060	-1.049	0.275	-2.313	0.299	2.939	-4.053	5.775	-0.642	0.000000	0.000000
1684902865243	1684902865238	-12.098	-1.355	0.055	-2.529	0.191	2.937	-4.221	5.150	-1.010	0.000000	0.000000
1684902865253	1684902865244	-11.947	-1.322	0.069	-2.615	0.051	2.905	-4.130	4.503	-1.264	0.000000	0.000000
1684902865263	1684902865254	-11.861	-1.542	0.510	-2.590	-0.104	2.860	-3.972	3.958	-1.302	0.000000	0.000000
1684902865275	1684902865264	-11.875	-1.776	0.953	-2.469	-0.247	2.820	-3.699	3.828	-1.173	0.000000	0.000000
1684902865283	1684902865275	-11.966	-2.210	1.401	-2.298	-0.368	2.777	-3.469	3.402	-0.611	0.000000	0.000000
1684902865296	1684902865284	-11.969	-2.581	1.702	-2.112	-0.464	2.722	-3.349	2.954	-0.069	0.000000	0.000000
1684902865304	1684902865296	-11.636	-3.002	1.946	-1.918	-0.544	2.658	-3.316	2.306	0.450	0.000000	0.000000
1684902865315	1684902865305	-11.437	-3.086	2.184	-1.708	-0.597	2.596	-3.203	1.717	0.804	0.000000	0.000000
1684902865325	1684902865315	-11.219	-2.954	2.399	-1.505	-0.617	2.540	-2.753	1.056	1.085	0.000000	0.000000
1684902865337	1684902865325	-11.102	-2.684	2.545	-1.372	-0.611	2.491	-2.466	0.776	1.334	0.000000	0.000000
1684902865345	1684902865338	-11.021	-2.871	2.624	-1.333	-0.582	2.450	-2.150	0.670	1.551	0.000000	0.000000
1684902865357	1684902865346	-11.049	-2.983	2.579	-1.362	-0.542	2.417	-1.958	0.747	1.690	0.000000	0.000000
1684902865367	1684902865358	-11.181	-3.105	2.409	-1.437	-0.530	2.381	-1.786	0.304	1.757	0.000000	0.000000
1684902865376	1684902865367	-11.250	-3.029	2.337	-1.519	-0.540	2.352	-1.757	0.022	1.707	0.000000	0.000000
1684902865387	1684902865377	-11.310	-2.897	2.078	-1.615	-0.568	2.320	-1.812	-0.350	1.528	0.000000	0.000000
1684902865397	1684902865387	-11.325	-2.828	1.887	-1.737	-0.635	2.279	-1.832	-0.460	1.446	0.000000	0.000000
1684902865406	1684902865398	-11.327	-2.866	1.518	-1.892	-0.724	2.247	-1.839	-0.534	1.173	0.000000	0.000000
1684902865426	1684902865408	-11.229	-2.981	1.149	-2.085	-0.847	2.210	-1.808	-0.666	0.960	0.000000	0.000000
1684902865427	1684902865426	-11.116	-3.163	1.027	-2.270	-0.988	2.167	-1.769	-0.900	0.560	0.000000	0.000000
1684902865447	1684902865427	-11.169	-3.225	1.075	-2.409	-1.114	2.127	-1.638	-1.207	0.151	0.000000	0.000000
1684902865448	1684902865447	-10.970	-3.297	0.970	-2.480	-1.234	2.079	-1.496	-1.590	-0.031	0.000000	0.000000
1684902865456	1684902865448	-10.683	-3.383	0.790	-2.497	-1.373	2.024	-1.532	-1.815	-0.048	0.000000	0.000000
1684902865466	1684902865456	-10.331	-3.527	0.381	-2.507	-1.523	1.968	-1.319	-2.073	-0.249	0.000000	0.000000
1684902865476	1684902865466	-10.144	-3.699	0.069	-2.533	-1.665	1.911	-1.027	-2.308	-0.522	0.000000	0.000000
1684902865485	1684902865476	-10.183	-3.847	-0.175	-2.563	-1.779	1.864	-0.675	-2.607	-1.053	0.000000	0.000000
1684902865494	1684902865485	-10.506	-3.996	-0.534	-2.586	-1.859	1.834	-0.498	-2.926	-1.504	0.000000	0.000000
1684902865504	1684902865494	-10.956	-4.180	-0.958	-2.602	-1.925	1.817	-0.555	-3.225	-1.918	0.000000	0.000000
1684902865514	1684902865504	-11.444	-4.527	-1.353	-2.623	-1.987	1.812	-0.900	-3.491	-2.425	0.000000	0.000000
1684902865524	1684902865514	-11.990	-4.961	-1.803	-2.676	-2.034	1.819	-1.379	-3.797	-3.021	0.000000	0.000000
1684902865537	1684902865524	-12.268	-5.353	-2.322	-2.764	-2.071	1.822	-1.906	-4.262	-3.598	0.000000	0.000000
1684902865544	1684902865537	-12.141	-5.631	-2.832	-2.908	-2.106	1.794	-2.495	-4.805	-4.238	0.000000	0.000000
1684902865555	1684902865545	-11.909	-6.067	-3.440	-3.137	-2.150	1.729	-2.823	-5.301	-4.949	0.000000	0.000000
1684902865567	1684902865555	-11.902	-6.443	-4.233	-3.444	-2.183	1.640	-2.765	-5.686	-5.698	0.000000	0.000000
1684902865576	1684902865568	-12.481	-6.981	-4.810	-3.830	-2.181	1.523	-2.586	-6.177	-6.469	0.000000	0.000000
1684902865586	1684902865576	-13.120	-7.760	-5.538	-4.280	-2.132	1.381	-2.648	-6.598	-7.470	0.000000	0.000000
1684902865597	1684902865586	-12.955	-8.260	-6.088	-4.711	-2.026	1.197	-3.304	-7.149	-8.253	0.000000	0.000000
1684902865608	1684902865598	-12.019	-8.401	-6.155	-5.074	-1.890	0.953	-4.020	-7.901	-9.184	0.000000	0.000000
1684902865626	1684902865608	-10.891	-7.872	-6.577	-5.293	-1.736	0.681	-3.931	-8.334	-9.922	0.000000	0.000000
1684902865627	1684902865627	-10.060	-6.737	-6.565	-5.289	-1.522	0.418	-3.077	-8.351	-10.178	0.000000	0.000000
1684902865646	1684902865627	-9.663	-5.854	-6.227	-5.131	-1.224	0.184	-2.014	-7.681	-10.731	0.000000	0.000000
1684902865646	1684902865646	-9.512	-5.377	-5.598	-4.837	-0.875	0.004	-1.245	-6.361	-10.839	0.000000	0.000000
1684902865658	1684902865647	-9.218	-5.564	-5.064	-4.472	-0.469	-0.156	-0.898	-5.272	-10.585	0.000000	0.000000
1684902865665	1684902865658	-8.523	-5.964	-4.475	-3.980	-0.029	-0.287	-0.790	-4.563	-10.003	0.000000	0.000000
1684902865674	1684902865665	-7.743	-6.407	-3.996	-3.313	0.404	-0.342	-0.515	-4.559	-9.469	0.000000	0.000000
1684902865685	1684902865676	-7.130	-6.450	-3.783	-2.432	0.814	-0.329	0.172	-4.741	-8.832	0.000000	0.000000
1684902865695	1684902865685	-6.613	-6.148	-3.788	-1.409	1.155	-0.304	0.965	-5.028	-8.284	0.000000	0.000000
1684902865705	1684902865695	-6.900	-5.595	-3.800	-0.409	1.421	-0.304	1.607	-4.939	-7.963	0.000000	0.000000
1684902865716	1684902865705	-7.599	-5.660	-3.634	0.415	1.680	-0.329	2.167	-4.554	-7.846	0.000000	0.000000
1684902865725	1684902865716	-8.143	-5.813	-3.718	1.042	1.932	-0.356	1.932	-3.955	-7.726	0.000000	0.000000
1684902865737	1684902865726	-8.617	-5.823	-3.713	1.569	2.088	-0.370	1.293	-4.008	-7.420	0.000000	0.000000
1684902865747	1684902865737	-9.280	-5.772	-3.615	2.053	2.177	-0.401	0.826	-4.168	-7.317	0.000000	0.000000
1684902865758	1684902865747	-10.106	-5.667	-3.227	2.518	2.285	-0.441	0.407	-4.197	-7.180	0.000000	0.000000
1684902865767	1684902865758	-10.774	-5.590	-2.993	2.963	2.391	-0.483	-0.180	-4.183	-6.902	0.000000	0.000000
1684902865779	1684902865768	-11.334	-5.839	-2.418	3.376	2.470	-0.536	-0.948	-4.113	-6.361	0.000000	0.000000
1684902865787	1684902865779	-11.799	-6.009	-1.788	3.776	2.529	-0.613	-1.544	-4.087	-5.935	0.000000	0.000000
1684902865797	1684902865788	-11.964	-5.928	-1.183	4.186	2.582	-0.712	-2.047	-4.379	-5.200	0.000000	0.000000
1684902865808	1684902865798	-12.184	-5.657	-0.883	4.580	2.615	-0.854	-2.442	-4.602	-4.353	0.000000	0.000000
1684902865816	1684902865808	-12.500	-5.447	-0.436	4.925	2.625	-1.038	-2.564	-4.549	-3.598	0.000000	0.000000
1684902865830	1684902865816	-12.718	-5.215	-0.041	5.179	2.638	-1.268	-2.729	-4.307	-3.098	0.000000	0.000000
1684902865858	1684902865831	-12.831	-5.258	0.170	5.330	2.641	-1.539	-3.010	-4.101	-2.485	0.000000	0.000000
1684902865859	1684902865859	-12.936	-5.104	0.232	5.415	2.617	-1.813	-3.189	-3.847	-1.891	0.000000	0.000000
1684902865860	1684902865860	-12.912	-4.571	0.000	5.470	2.578	-2.079	-3.278	-3.845	-1.520	0.000000	0.000000
1684902865866	1684902865860	-12.967	-3.996	-0.204	5.550	2.514	-2.338	-3.364	-3.577	-1.235	0.000000	0.000000
1684902865879	1684902865866	-13.240	-3.469	-0.110	5.648	2.421	-2.560	-3.338	-2.945	-1.341	0.000000	0.000000
1684902865887	1684902865880	-13.458	-3.005	-0.057	5.726	2.305	-2.728	-3.400	-2.217	-1.398	0.000000	0.000000
1684902865898	1684902865887	-13.573	-2.655	0.302	5.741	2.169	-2.856	-3.694	-1.508	-1.178	0.000000	0.000000
1684902865906	1684902865900	-13.458	-2.464	0.663	5.671	1.993	-2.961	-3.946	-0.843	-1.025	0.000000	0.000000
1684902865916	1684902865907	-13.345	-2.203	0.986	5.528	1.791	-3.057	-4.104	-0.275	-0.589	0.000000	0.000000
1684902865925	1684902865916	-13.010	-1.803	1.109	5.282	1.592	-3.164	-4.053	0.168	-0.177	0.000000	0.000000
1684902865937	1684902865926	-12.704	-1.829	0.757	4.906	1.398	-3.272	-4.003	0.646	0.158	0.000000	0.000000
1684902865946	1684902865937	-12.127	-1.951	0.407	4.425	1.172	-3.346	-3.747	1.295	0.273	0.000000	0.000000
1684902865959	1684902865947	-11.722	-2.107	0.096	3.840	0.919	-3.376	-3.534	1.530	-0.108	0.000000	0.000000
1684902865968	1684902865959	-11.337	-2.284	-0.199	3.184	0.685	-3.378	-3.074	1.700	-0.510	0.000000	0.000000
1684902865977	1684902865969	-11.157	-2.025	-0.285	2.553	0.494	-3.361	-2.777	1.784	-0.876	0.000000	0.000000
1684902865988	1684902865977	-11.246	-1.585	-0.184	2.004	0.346	-3.321	-2.533	1.901	-1.247	0.000000	0.000000
1684902865998	1684902865988	-11.207	-1.104	-0.017	1.537	0.226	-3.255	-2.480	2.399	-1.393	0.000000	0.000000
1684902866007	1684902865999	-10.997	-0.816	0.180	1.129	0.099	-3.176	-2.715	3.103	-1.355	0.000000	0.000000
1684902866019	1684902866008	-10.673	-0.867	0.242	0.742	-0.034	-3.101	-2.832	3.843	-1.240	0.000000	0.000000
1684902866031	1684902866020	-10.297	-1.053	0.232	0.390	-0.143	-3.024	-2.782	4.379	-1.094	0.000000	0.000000
1684902866038	1684902866031	-10.087	-1.422	0.086	0.105	-0.206	-2.936	-2.624	4.571	-1.075	0.000000	0.000000
1684902866065	1684902866039	-9.931	-1.551	-0.101	-0.097	-0.235	-2.836	-2.435	4.642	-1.120	0.000000	0.000000
1684902866066	1684902866065	-9.737	-1.726	-0.093	-0.200	-0.221	-2.718	-2.380	4.480	-1.286	0.000000	0.000000
1684902866069	1684902866066	-9.462	-1.820	-0.120	-0.225	-0.183	-2.590	-2.416	4.587	-1.487	0.000000	0.000000
1684902866076	1684902866069	-9.122	-1.609	0.098	-0.195	-0.142	-2.458	-2.375	4.599	-1.482	0.000000	0.000000
1684902866084	1684902866076	-8.581	-1.204	0.311	-0.145	-0.100	-2.329	-2.270	4.697	-1.508	0.000000	0.000000
1684902866097	1684902866085	-8.325	-0.651	0.716	-0.088	-0.065	-2.209	-2.090	5.080	-1.286	0.000000	0.000000
1684902866105	1684902866098	-8.751	-0.359	0.721	-0.021	-0.037	-2.071	-1.724	5.665	-1.068	0.000000	0.000000
1684902866117	1684902866107	-9.653	-0.278	0.618	0.088	0.007	-1.877	-1.604	6.354	-0.663	0.000000	0.000000
1684902866126	1684902866117	-10.290	0.156	0.476	0.265	0.092	-1.604	-2.179	6.783	-0.658	0.000000	0.000000
1684902866138	1684902866127	-10.539	0.960	0.034	0.476	0.153	-1.316	-3.215	6.986	-0.769	0.000000	0.000000
1684902866146	1684902866138	-10.125	1.721	-0.316	0.670	0.132	-1.025	-3.912	7.470	-0.915	0.000000	0.000000
1684902866157	1684902866147	-9.318	2.102	-0.491	0.798	0.111	-0.699	-4.192	8.298	-1.374	0.000000	0.000000
1684902866167	1684902866158	-8.614	2.119	-0.297	0.830	0.097	-0.369	-3.864	9.127	-1.774	0.000000	0.000000
1684902866177	1684902866168	-8.294	1.556	0.436	0.755	0.093	-0.031	-3.098	9.531	-1.990	0.000000	0.000000
1684902866188	1684902866177	-8.250	0.735	1.630	0.623	0.142	0.343	-2.421	9.558	-1.853	0.000000	0.000000
1684902866200	1684902866189	-8.267	0.043	2.318	0.483	0.235	0.742	-2.100	8.985	-1.168	0.000000	0.000000
1684902866207	1684902866200	-8.100	-0.328	2.653	0.365	0.331	1.134	-2.030	8.133	-0.012	0.000000	0.000000
1684902866218	1684902866208	-7.918	0.259	2.662	0.254	0.398	1.504	-1.987	7.386	0.651	0.000000	0.000000
1684902866232	1684902866219	-7.846	0.596	2.497	0.088	0.421	1.807	-1.724	6.929	0.982	0.000000	0.000000
1684902866239	1684902866232	-8.277	0.565	2.140	-0.138	0.434	2.072	-1.437	7.424	0.998	0.000000	0.000000
1684902866270	1684902866240	-8.859	0.335	1.913	-0.440	0.452	2.338	-1.216	7.630	0.855	0.000000	0.000000
1684902866271	1684902866270	-9.627	-0.237	1.607	-0.787	0.474	2.596	-1.511	7.477	0.534	0.000000	0.000000
1684902866272	1684902866271	-10.441	-0.804	1.286	-1.106	0.472	2.820	-1.911	7.077	0.373	0.000000	0.000000
1684902866277	1684902866272	-11.238	-1.176	1.221	-1.352	0.447	3.003	-2.516	6.352	0.144	0.000000	0.000000
1684902866287	1684902866277	-11.686	-1.441	1.207	-1.534	0.403	3.136	-3.122	5.578	-0.057	0.000000	0.000000
1684902866297	1684902866288	-12.155	-1.654	1.147	-1.649	0.327	3.223	-3.745	5.023	-0.017	0.000000	0.000000
1684902866307	1684902866298	-12.584	-1.844	1.094	-1.690	0.263	3.284	-3.977	4.513	0.103	0.000000	0.000000
1684902866319	1684902866307	-13.324	-2.186	1.274	-1.660	0.233	3.339	-4.274	4.089	0.153	0.000000	0.000000
1684902866328	1684902866319	-13.771	-2.454	1.549	-1.541	0.225	3.403	-4.515	3.654	0.215	0.000000	0.000000
1684902866337	1684902866328	-13.755	-2.710	1.870	-1.337	0.200	3.447	-5.073	3.053	0.505	0.000000	0.000000
1684902866346	1684902866338	-13.305	-2.763	2.179	-1.085	0.165	3.457	-5.313	2.456	0.895	0.000000	0.000000
1684902866356	1684902866347	-12.503	-2.859	2.416	-0.803	0.136	3.432	-5.162	1.973	1.281	0.000000	0.000000
1684902866366	1684902866357	-11.844	-2.837	2.303	-0.529	0.108	3.378	-4.525	1.566	1.666	0.000000	0.000000
1684902866378	1684902866366	-11.581	-2.780	2.492	-0.298	0.076	3.310	-3.606	1.231	1.939	0.000000	0.000000
1684902866386	1684902866378	-11.293	-2.784	2.198	-0.119	0.046	3.233	-2.801	0.922	1.860	0.000000	0.000000
1684902866396	1684902866387	-11.135	-2.670	1.693	0.004	-0.004	3.151	-2.430	0.709	2.066	0.000000	0.000000
1684902866408	1684902866396	-11.217	-2.337	1.628	0.071	-0.062	3.067	-2.014	0.347	1.781	0.000000	0.000000
1684902866418	1684902866408	-11.523	-2.255	1.322	0.095	-0.095	3.008	-1.769	0.199	1.276	0.000000	0.000000
1684902866429	1684902866418	-11.808	-2.193	0.984	0.029	-0.151	2.965	-1.767	0.242	1.204	0.000000	0.000000
1684902866440	1684902866430	-12.038	-2.318	0.869	-0.166	-0.226	2.908	-2.002	0.038	0.886	0.000000	0.000000
1684902866448	1684902866441	-12.318	-2.473	0.879	-0.483	-0.299	2.845	-2.224	-0.182	0.534	0.000000	0.000000
1684902866470	1684902866449	-12.567	-2.844	0.690	-0.832	-0.386	2.789	-2.399	-0.584	0.400	0.000000	0.000000
1684902866471	1684902866471	-12.457	-3.057	0.522	-1.103	-0.491	2.735	-2.629	-1.068	0.383	0.000000	0.000000
1684902866481	1684902866471	-12.210	-2.962	0.546	-1.264	-0.606	2.685	-2.849	-1.652	0.172	0.000000	0.000000
1684902866488	1684902866481	-12.005	-3.026	0.687	-1.379	-0.728	2.627	-2.713	-2.126	-0.029	0.000000	0.000000
1684902866498	1684902866488	-11.878	-3.230	0.591	-1.481	-0.839	2.560	-2.449	-2.284	-0.053	0.000000	0.000000
1684902866506	1684902866499	-11.921	-3.407	0.649	-1.586	-0.913	2.485	-2.234	-2.598	0.022	0.000000	0.000000
1684902866516	1684902866506	-11.827	-3.656	0.661	-1.723	-0.969	2.409	-2.105	-3.041	-0.148	0.000000	0.000000
1684902866526	1684902866518	-11.803	-3.893	0.486	-1.866	-1.027	2.346	-2.152	-3.472	-0.189	0.000000	0.000000
1684902866538	1684902866527	-11.784	-4.123	0.297	-2.001	-1.090	2.283	-2.071	-3.919	-0.263	0.000000	0.000000
1684902866546	1684902866538	-11.815	-4.482	0.211	-2.272	-1.202	2.161	-2.066	-4.367	-0.546	0.000000	0.000000
1684902866557	1684902866546	-11.655	-4.855	-0.091	-2.272	-1.202	2.161	-2.071	-4.796	-0.852	0.000000	0.000000
1684902866566	1684902866558	-11.502	-5.358	-0.151	-2.410	-1.268	2.093	-2.138	-5.356	-1.087	0.000000	0.000000
1684902866577	1684902866566	-11.360	-5.923	-0.218	-2.542	-1.337	2.009	-2.011	-5.890	-1.513	0.000000	0.000000
1684902866588	1684902866577	-11.157	-6.495	-0.247	-2.651	-1.388	1.916	-1.903	-6.574	-1.736	0.000000	0.000000
1684902866598	1684902866588	-10.781	-6.795	-0.424	-2.728	-1.428	1.806	-1.805	-7.274	-1.949	0.000000	0.000000
1684902866606	1684902866598	-10.221	-6.821	-0.663	-2.790	-1.460	1.665	-1.654	-7.980	-2.148	0.000000	0.000000
1684902866619	1684902866607	-9.632	-6.709	-1.063	-2.882	-1.486	1.500	-1.334	-8.396	-2.502	0.000000	0.000000
1684902866632	1684902866620	-9.230	-6.613	-1.573	-3.030	-1.504	1.313	-0.833	-8.521	-2.926	0.000000	0.000000
1684902866639	1684902866632	-9.318	-6.680	-2.090	-3.231	-1.503	1.103	-0.304	-8.480	-3.515	0.000000	0.000000
1684902866649	1684902866640	-9.843	-7.087	-2.634	-3.746	-1.409	0.634	0.026	-8.432	-4.238	0.000000	0.000000
1684902866665	1684902866649	-10.453	-7.369	-3.036	-3.746	-1.409	0.634	-0.115	-8.511	-4.932	0.000000	0.000000
1684902866666	1684902866666	-10.915	-7.719	-3.266	-3.966	-1.295	0.380	-0.697	-8.861	-5.693	0.000000	0.000000
1684902866677	1684902866666	-11.061	-7.757	-3.543	-4.103	-1.163	0.112	-1.358	-9.091	-6.270	0.000000	0.000000
1684902866686	1684902866678	-11.222	-7.372	-4.080	-4.126	-1.036	-0.143	-1.870	-9.342	-6.682	0.000000	0.000000
1684902866698	1684902866686	-11.207	-6.227	-4.597	-4.028	-0.880	-0.373	-2.059	-9.246	-7.130	0.000000	0.000000
1684902866707	1684902866699	-10.786	-6.088	-4.398	-3.576	-0.401	-0.754	-2.258	-8.681	-7.831	0.000000	0.000000
1684902866716	1684902866707	-10.427	-5.988	-4.092	-3.272	-0.101	-0.902	-2.270	-7.367	-8.464	0.000000	0.000000
1684902866727	1684902866717	-9.778	-5.995	-3.558	-2.921	0.221	-1.013	-1.858	-7.022	-8.339	0.000000	0.000000
1684902866740	1684902866727	-9.072	-6.062	-2.806	-2.487	0.552	-1.093	-1.494	-6.711	-8.068	0.000000	0.000000
1684902866748	1684902866741	-8.322	-5.825	-2.354	-1.972	0.875	-1.146	-0.831	-6.512	-7.532	0.000000	0.000000
1684902866757	1684902866749	-7.999	-5.306	-2.033	-1.403	1.177	-1.181	-0.098	-6.383	-6.742	0.000000	0.000000
1684902866768	1684902866757	-8.066	-4.822	-2.002	-0.842	1.439	-1.216	0.694	-5.930	-6.199	0.000000	0.000000
1684902866778	1684902866769	-8.401	-4.695	-1.829	-0.349	1.664	-1.251	1.053	-5.282	-5.794	0.000000	0.000000
1684902866788	1684902866780	-8.722	-4.946	-2.014	0.062	1.855	-1.268	1.039	-4.657	-5.631	0.000000	0.000000
1684902866800	1684902866789	-9.191	-5.001	-1.889	0.445	2.023	-1.256	0.759	-4.403	-5.306	0.000000	0.000000
1684902866809	1684902866801	-9.740	-5.097	-1.920	0.838	2.154	-1.238	0.498	-4.539	-5.320	0.000000	0.000000
1684902866820	1684902866810	-10.259	-5.021	-1.841	1.249	2.250	-1.236	0.086	-4.492	-5.011	0.000000	0.000000
1684902866834	1684902866820	-10.740	-4.978	-1.896	1.682	2.324	-1.252	-0.390	-4.480	-4.805	0.000000	0.000000
1684902866840	1684902866834	-11.236	-4.946	-1.791	2.123	2.385	-1.274	-0.867	-4.338	-4.566	0.000000	0.000000
1684902866849	1684902866840	-11.736	-4.973	-1.664	2.573	2.428	-1.305	-1.290	-4.214	-4.393	0.000000	0.000000
1684902866881	1684902866849	-12.218	-5.073	-1.314	3.042	2.451	-1.350	-1.743	-4.120	-4.099	0.000000	0.000000
1684902866882	1684902866881	-12.376	-5.001	-0.934	3.534	2.453	-1.421	-2.193	-4.065	-3.721	0.000000	0.000000
1684902866883	1684902866882	-12.467	-4.791	-0.630	4.033	2.435	-1.531	-2.648	-4.111	-3.206	0.000000	0.000000
1684902866888	1684902866883	-12.493	-4.518	-0.373	4.542	2.415	-1.673	-2.770	-3.950	-2.586	0.000000	0.000000
1684902866899	1684902866888	-12.629	-4.032	-0.263	5.053	2.388	-1.829	-2.842	-3.663	-2.112	0.000000	0.000000
1684902866907	1684902866900	-12.704	-3.282	-0.271	5.523	2.332	-2.001	-2.854	-3.292	-1.676	0.000000	0.000000
1684902866922	1684902866907	-12.732	-2.696	-0.390	5.889	2.232	-2.183	-2.986	-2.691	-1.401	0.000000	0.000000
1684902866926	1684902866923	-12.740	-2.138	-0.481	6.082	2.100	-2.354	-3.062	-1.808	-1.259	0.000000	0.000000
1684902866939	1684902866927	-12.809	-2.021	-0.421	6.067	1.943	-2.501	-3.105	-1.065	-1.257	0.000000	0.000000
1684902866948	1684902866939	-12.955	-2.140	-0.050	5.890	1.767	-2.635	-3.136	-0.314	-1.240	0.000000	0.000000
1684902866957	1684902866948	-12.902	-2.342	0.311	5.651	1.598	-2.746	-3.237	-0.019	-1.118	0.000000	0.000000
1684902866967	1684902866957	-12.759	-2.318	0.378	5.393	1.428	-2.838	-3.431	0.091	-0.697	0.000000	0.000000
1684902866979	1684902866968	-12.469	-1.942	0.417	5.121	1.234	-2.916	-3.428	0.093	-0.318	0.000000	0.000000
1684902866988	1684902866979	-12.136	-1.489	0.397	4.810	1.027	-2.977	-3.347	0.352	-0.254	0.000000	0.000000
1684902866999	1684902866988	-11.662	-1.152	0.429	4.418	0.828	-3.016	-3.132	0.967	-0.242	0.000000	0.000000
1684902867009	1684902866999	-11.428	-0.989	0.373	3.916	0.649	-3.042	-2.890	1.688	-0.318	0.000000	0.000000
1684902867019	1684902867009	-11.229	-1.080	0.139	3.329	0.500	-3.049	-2.500	2.246	-0.350	0.000000	0.000000
1684902867032	1684902867019	-11.083	-1.123	0.136	2.695	0.376	-3.035	-2.365	2.653	-0.484	0.000000	0.000000
1684902867040	1684902867032	-10.982	-1.300	-0.062	2.043	0.274	-3.014	-2.277	2.808	-0.797	0.000000	0.000000
1684902867063	1684902867040	-10.738	-1.314	-0.103	1.445	0.181	-2.988	-2.251	3.007	-0.874	0.000000	0.000000
1684902867064	1684902867063	-10.616	-1.346	-0.067	0.913	0.090	-2.955	-2.274	3.074	-1.137	0.000000	0.000000
1684902867067	1684902867064	-10.544	-1.410	0.024	0.467	0.020	-2.908	-2.191	3.349	-1.238	0.000000	0.000000
1684902867077	1684902867067	-10.573	-1.401	0.275	0.169	-0.022	-2.823	-2.179	3.512	-1.228	0.000000	0.000000
1684902867087	1684902867078	-10.410	-1.231	0.263	-0.007	-0.059	-2.711	-2.253	3.685	-1.159	0.000000	0.000000
1684902867098	1684902867088	-10.159	-1.290	0.180	-0.097	-0.112	-2.586	-2.428	3.924	-0.919	0.000000	0.000000
1684902867107	1684902867098	-9.847	-1.223	0.189	-0.137	-0.167	-2.450	-2.413	4.314	-0.936	0.000000	0.000000
1684902867118	1684902867107	-9.694	-1.195	0.156	-0.159	-0.208	-2.302	-2.310	4.460	-1.022	0.000000	0.000000
1684902867128	1684902867118	-9.471	-1.233	-0.103	-0.182	-0.238	-2.153	-2.160	4.738	-1.018	0.000000	0.000000
1684902867140	1684902867128	-9.146	-1.374	-0.077	-0.231	-0.268	-2.004	-2.133	4.927	-1.058	0.000000	0.000000
1684902867148	1684902867140	-8.978	-1.525	0.134	-0.308	-0.285	-1.845	-2.040	5.045	-1.322	0.000000	0.000000
1684902867158	1684902867148	-9.170	-1.049	0.271	-0.373	-0.276	-1.687	-1.844	5.052	-1.300	0.000000	0.000000
1684902867168	1684902867159	-9.799	-0.618	0.292	-0.391	-0.254	-1.525	-1.784	5.021	-1.082	0.000000	0.000000
1684902867178	1684902867168	-10.274	-0.472	0.589	-0.367	-0.206	-1.313	-2.037	5.569	-0.931	0.000000	0.000000
1684902867189	1684902867179	-10.285	-0.165	0.690	-0.314	-0.122	-1.037	-2.732	6.074	-0.891	0.000000	0.000000
1684902867200	1684902867190	-10.099	0.333	0.795	-0.258	-0.090	-0.766	-3.237	6.254	-0.575	0.000000	0.000000
1684902867209	1684902867201	-9.967	0.611	0.833	-0.210	-0.093	-0.492	-3.270	6.589	-0.453	0.000000	0.000000
1684902867221	1684902867210	-9.804	0.656	0.795	-0.147	-0.040	-0.160	-3.091	7.096	-0.330	0.000000	0.000000
1684902867236	1684902867221	-9.311	0.546	0.931	-0.065	0.032	0.226	-2.947	7.365	-0.280	0.000000	0.000000
1684902867240	1684902867236	-8.736	0.065	1.135	0.007	0.083	0.643	-2.751	7.377	-0.306	0.000000	0.000000
1684902867260	1684902867241	-8.205	-0.261	1.468	0.068	0.108	1.069	-2.241	7.250	-0.163	0.000000	0.000000
1684902867261	1684902867260	-7.891	-0.666	1.911	0.088	0.137	1.484	-1.626	6.725	0.043	0.000000	0.000000
1684902867269	1684902867261	-7.724	-0.606	2.375	0.082	0.210	1.880	-1.015	6.316	0.381	0.000000	0.000000
1684902867280	1684902867270	-7.752	-0.553	2.825	0.065	0.280	2.238	-0.575	5.770	0.828	0.000000	0.000000
1684902867288	1684902867280	-7.982	-0.680	3.002	0.020	0.314	2.540	-0.285	5.691	1.302	0.000000	0.000000
1684902867298	1684902867288	-8.514	-0.769	2.715	-0.072	0.320	2.786	-0.172	5.574	1.769	0.000000	0.000000
1684902867308	1684902867298	-9.325	-0.879	2.399	-0.258	0.308	2.966	-0.213	5.212	1.975	0.000000	0.000000
1684902867318	1684902867308	-10.214	-1.264	1.879	-0.518	0.297	3.095	-0.613	4.951	1.709	0.000000	0.000000
1684902867328	1684902867320	-10.889	-1.506	1.281	-0.784	0.271	3.187	-1.240	4.583	1.437	0.000000	0.000000
1684902867339	1684902867328	-11.392	-1.511	0.785	-1.026	0.199	3.236	-1.978	3.974	0.965	0.000000	0.000000
1684902867346	1684902867339	-11.530	-1.511	0.541	-1.234	0.089	3.219	-2.471	3.448	0.433	0.000000	0.000000
1684902867356	1684902867346	-11.681	-1.470	0.333	-1.410	-0.049	3.145	-2.832	3.203	0.000	0.000000	0.000000
1684902867366	1684902867356	-11.727	-1.494	0.378	-1.547	-0.197	3.035	-2.780	2.851	-0.160	0.000000	0.000000
1684902867376	1684902867366	-12.012	-1.889	0.591	-1.662	-0.327	2.917	-2.837	2.705	-0.330	0.000000	0.000000
1684902867388	1684902867376	-12.304	-2.377	0.802	-1.768	-0.426	2.789	-2.749	2.394	-0.235	0.000000	0.000000
1684902867397	1684902867388	-12.304	-2.832	1.020	-1.852	-0.494	2.646	-2.926	1.745	0.010	0.000000	0.000000
1684902867406	1684902867397	-12.028	-3.297	1.176	-1.886	-0.545	2.491	-3.122	1.013	0.242	0.000000	0.000000
1684902867416	1684902867406	-11.636	-3.464	1.350	-1.848	-0.595	2.346	-3.038	0.323	0.476	0.000000	0.000000
1684902867428	1684902867416	-11.265	-3.395	1.429	-1.737	-0.641	2.219	-2.684	-0.383	0.639	0.000000	0.000000
1684902867437	1684902867428	-11.080	-3.280	1.671	-1.586	-0.657	2.127	-2.234	-0.740	0.809	0.000000	0.000000
1684902867449	1684902867437	-10.858	-3.177	1.686	-1.425	-0.644	2.066	-1.808	-0.869	0.874	0.000000	0.000000
1684902867457	1684902867449	-10.542	-3.045	1.674	-1.296	-0.629	2.015	-1.575	-0.946	1.092	0.000000	0.000000
1684902867466	1684902867458	-10.398	-2.890	1.748	-1.219	-0.627	1.962	-1.307	-1.051	1.075	0.000000	0.000000
1684902867478	1684902867466	-10.329	-3.005	1.767	-1.186	-0.634	1.914	-0.958	-1.085	1.032	0.000000	0.000000
1684902867486	1684902867479	-10.520	-2.780	1.662	-1.180	-0.638	1.877	-0.778	-1.128	1.065	0.000000	0.000000
1684902867499	1684902867486	-10.582	-2.720	1.614	-1.201	-0.649	1.842	-0.682	-1.401	1.046	0.000000	0.000000
1684902867507	1684902867499	-10.700	-2.705	1.391	-1.256	-0.684	1.807	-0.850	-1.348	0.898	0.000000	0.000000
1684902867519	1684902867507	-10.757	-2.792	1.082	-1.332	-0.739	1.778	-0.893	-1.458	0.802	0.000000	0.000000
1684902867529	1684902867519	-10.625	-2.919	0.886	-1.439	-0.808	1.742	-0.996	-1.609	0.529	0.000000	0.000000
1684902867540	1684902867529	-10.427	-3.017	0.802	-1.581	-0.899	1.704	-1.041	-1.856	0.163	0.000000	0.000000
1684902867549	1684902867540	-10.422	-3.112	0.587	-1.720	-1.005	1.671	-0.903	-2.155	-0.105	0.000000	0.000000
1684902867560	1684902867549	-10.264	-3.024	0.369	-1.822	-1.097	1.642	-0.702	-2.387	-0.259	0.000000	0.000000
1684902867569	1684902867560	-10.161	-3.050	0.316	-1.885	-1.184	1.618	-0.699	-2.641	-0.570	0.000000	0.000000
1684902867582	1684902867570	-10.130	-3.146	0.443	-1.932	-1.274	1.598	-0.546	-2.674	-0.879	0.000000	0.000000
1684902867591	1684902867582	-10.228	-3.232	0.330	-1.973	-1.349	1.577	-0.453	-2.835	-1.039	0.000000	0.000000
1684902867600	1684902867591	-10.235	-3.412	0.366	-2.016	-1.420	1.561	-0.438	-3.057	-1.034	0.000000	0.000000
1684902867610	1684902867601	-10.252	-3.788	0.192	-2.064	-1.475	1.558	-0.558	-3.278	-1.290	0.000000	0.000000
1684902867621	1684902867611	-10.360	-3.965	0.026	-2.117	-1.521	1.556	-0.589	-3.563	-1.379	0.000000	0.000000
1684902867629	1684902867621	-10.604	-4.266	-0.172	-2.177	-1.564	1.554	-0.637	-4.051	-1.700	0.000000	0.000000
1684902867643	1684902867629	-10.736	-4.633	-0.306	-2.239	-1.586	1.554	-0.778	-4.336	-2.018	0.000000	0.000000
1684902867665	1684902867644	-11.030	-4.925	-0.603	-2.297	-1.578	1.564	-1.063	-4.741	-2.375	0.000000	0.000000
1684902867669	1684902867665	-11.241	-5.138	-0.675	-2.341	-1.548	1.572	-1.238	-5.205	-2.672	0.000000	0.000000
1684902867671	1684902867669	-11.310	-5.471	-0.905	-2.381	-1.506	1.567	-1.592	-5.607	-3.165	0.000000	0.000000
1684902867680	1684902867671	-11.049	-5.727	-1.168	-2.424	-1.455	1.550	-1.844	-5.887	-3.369	0.000000	0.000000
1684902867688	1684902867680	-10.657	-6.029	-1.420	-2.483	-1.399	1.506	-1.968	-6.302	-3.759	0.000000	0.000000
1684902867702	1684902867689	-10.209	-6.065	-1.599	-2.568	-1.344	1.428	-1.762	-6.632	-4.178	0.000000	0.000000
1684902867709	1684902867702	-9.764	-6.242	-1.772	-2.673	-1.282	1.318	-1.427	-6.996	-4.583	0.000000	0.000000
1684902867719	1684902867709	-9.378	-6.354	-1.990	-2.783	-1.211	1.185	-1.037	-7.080	-4.911	0.000000	0.000000
1684902867729	1684902867719	-9.464	-6.373	-2.219	-2.883	-1.135	1.036	-0.654	-7.290	-5.243	0.000000	0.000000
1684902867740	1684902867729	-10.053	-6.610	-2.579	-2.961	-1.048	0.885	-0.318	-7.412	-5.586	0.000000	0.000000
1684902867750	1684902867740	-10.482	-6.809	-2.895	-3.019	-0.937	0.734	-0.457	-7.420	-5.950	0.000000	0.000000
1684902867761	1684902867750	-10.496	-7.135	-3.146	-3.015	-0.798	0.572	-1.094	-7.623	-6.433	0.000000	0.000000
